fire_id,hour,ignition_date_time,date_time,area_fract,flame_profile,smolder_profile,residual_profile,PM2.5_emitted,PM10_emitted,CO_emitted,CO2_emitted,CH4_emitted,NOx_emitted,NH3_emitted,SO2_emitted,VOC_emitted,PM2.5_flame,PM10_flame,CO_flame,CO2_flame,CH4_flame,NOx_flame,NH3_flame,SO2_flame,VOC_flame,PM2.5_smold,PM10_smold,CO_smold,CO2_smold,CH4_smold,NOx_smold,NH3_smold,SO2_smold,VOC_smold,PM2.5_resid,PM10_resid,CO_resid,CO2_resid,CH4_resid,NOx_resid,NH3_resid,SO2_resid,VOC_resid,smoldering_fraction,heat,height_0,height_1,height_2,height_3,height_4,height_5,height_6,height_7,height_8,height_9,height_10,height_11,height_12,height_13,height_14,height_15,height_16,height_17,height_18,height_19,height_20
SF11C46837212282050750,0,,2019-05-17T00:00:00-0900,0.005701,0.005699,0.004755,0.000329,0.16178370004,0.190904766808,1.7563497261919996,28.374757449011,0.088870813279,0.037663244743,0.029092312084000004,0.017387655368,0.41820199758800003,0.10377394585000001,0.122453256103,1.0234847948569998,23.515917364346002,0.054452810899,0.034496286358,0.017196823684000002,0.013969571168000001,0.24720436610300003,0.05800975419,0.068451510705,0.7328649313349999,4.858840084664999,0.03441800238,0.003166958385,0.0118954884,0.0034180842,0.170997631485,0.0,0.0,0.0,0.0,0.0,0.0,0.0,0.0,0.0,0.705869,83557620.54462399,30.841661,36.04978155,41.257902099999995,46.46602265,51.6741432,56.88226375,62.0903843,67.29850485,72.5066254,77.71474595000001,82.9228665,88.13098705,93.3391076,98.54722815000001,103.7553487,108.96346925,114.1715898,119.37971035000001,124.58783090000001,129.79595145,135.004072
SF11C46837212282050750,1,,2019-05-17T01:00:00-0900,0.005701,0.005701,0.004171,0.000595,0.15469547134800002,0.182540656858,1.66669983835,27.786256655447005,0.084662769697,0.037286391059,0.027637365996000002,0.016972755272,0.39728714933400006,0.10381036415000001,0.122496229697,1.023843975343,23.524170011254004,0.054471920501,0.034508392442,0.017202858716,0.013974473632000002,0.24729111969700004,0.050885107198000004,0.060044427161,0.642855863007,4.262086644193,0.030190849196,0.0027779986170000004,0.01043450728,0.0029982816400000003,0.149996029637,0.0,0.0,0.0,0.0,0.0,0.0,0.0,0.0,0.0,0.705869,83557620.54462399,30.841661,36.51145835,42.181255699999994,47.85105305,53.5208504,59.19064775,64.86044509999999,70.53024245,76.2000398,81.86983715,87.53963449999999,93.20943185,98.8792292,104.54902655,110.2188239,115.88862125,121.5584186,127.22821594999999,132.89801329999997,138.56781064999998,144.237608
SF11C46837212282050750,2,,2019-05-17T02:00:00-0900,0.005701,0.005701,0.003537,0.000798,0.14696083745600003,0.173413788764,1.568984514172,27.138411310825003,0.080073702713,0.036864129940999996,0.026051300876,0.016517010712000003,0.37448746513600006,0.10381036415000001,0.122496229697,1.023843975343,23.524170011254004,0.054471920501,0.034508392442,0.017202858716,0.013974473632000002,0.24729111969700004,0.043150473306000005,0.050917559067000004,0.545140538829,3.6142412995710003,0.025601782212,0.0023557374990000003,0.00884844216,0.00254253708,0.127196345439,0.0,0.0,0.0,0.0,0.0,0.0,0.0,0.0,0.0,0.803913,83557620.54462399,30.841661,34.9278182,39.0139754,43.1001326,47.1862898,51.272447,55.3586042,59.444761400000004,63.53091860000001,67.61707580000001,71.70323300000001,75.7893902,79.8755474,83.9617046,88.0478618,92.13401900000001,96.22017620000001,100.30633340000001,104.39249060000002,108.47864780000002,112.56480500000002
SF11C46837212282050750,3,,2019-05-17T03:00:00-0900,0.005701,0.005701,0.003006,0.000951,0.140482776578,0.16576967684299998,1.487144077045,26.595815288752004,0.076230178157,0.036510469604,0.024722908796,0.016135306672000003,0.35539183057900003,0.10381036415000001,0.122496229697,1.023843975343,23.524170011254004,0.054471920501,0.034508392442,0.017202858716,0.013974473632000002,0.24729111969700004,0.036672412428,0.043273447145999996,0.463300101702,3.071645277498,0.021758257656,0.002002077162,0.00752005008,0.0021608330400000003,0.108100710882,0.0,0.0,0.0,0.0,0.0,0.0,0.0,0.0,0.0,0.852934,83557620.54462399,30.841661,34.0172594,37.1928578,40.3684562,43.544054599999996,46.719652999999994,49.89525139999999,53.0708498,56.246448199999996,59.422046599999994,62.597645,65.7732434,68.9488418,72.1244402,75.3000386,78.47563699999999,81.65123539999999,84.82683379999999,88.00243219999999,91.1780306,94.353629
SF11C46837212282050750,4,,2019-05-17T04:00:00-0900,0.005701,0.005701,0.002683,0.00107,0.136542261204,0.16111986865,1.437361664254,26.265761587943004,0.073892215009,0.036295342883,0.023914866156,0.015903121352,0.34377621859800006,0.10381036415000001,0.122496229697,1.023843975343,23.524170011254004,0.054471920501,0.034508392442,0.017202858716,0.013974473632000002,0.24729111969700004,0.032731897054,0.038623638953,0.413517688911,2.741591576689,0.019420294508,0.0017869504410000002,0.00671200744,0.00192864772,0.096485098901,0.0,0.0,0.0,0.0,0.0,0.0,0.0,0.0,0.0,0.882348,83557620.54462399,30.841661,33.416441049999996,35.9912211,38.56600115,41.1407812,43.71556124999999,46.290341299999994,48.865121349999995,51.4399014,54.01468145,56.5894615,59.16424155,61.7390216,64.31380165,66.88858169999999,69.46336174999999,72.03814179999999,74.61292184999999,77.1877019,79.76248195,82.337262
SF11C46837212282050750,5,,2019-05-17T05:00:00-0900,0.005701,0.005701,0.002487,0.001168,0.134151112556,0.158298313214,1.407153141322,26.065481323675005,0.072473512913,0.036164801590999995,0.023424536876,0.015762228712000004,0.336727735786,0.10381036415000001,0.122496229697,1.023843975343,23.524170011254004,0.054471920501,0.034508392442,0.017202858716,0.013974473632000002,0.24729111969700004,0.030340748406,0.035802083517,0.383309165979,2.541311312421,0.018001592412,0.0016564091490000002,0.00622167816,0.0017877550800000001,0.089436616089,0.0,0.0,0.0,0.0,0.0,0.0,0.0,0.0,0.0,0.901956,83557620.54462399,30.841661,32.9846296,35.127598199999994,37.2705668,39.4135354,41.556504,43.69947259999999,45.842441199999996,47.9854098,50.128378399999995,52.27134699999999,54.414315599999995,56.5572842,58.700252799999994,60.84322139999999,62.98618999999999,65.1291586,67.2721272,69.41509579999999,71.55806439999999,73.701033
SF11C46837212282050750,6,,2019-05-17T06:00:00-0900,0.005701,0.005701,0.002369,0.001251,0.132711543472,0.156599621676,1.388966377516,25.944904429881003,0.071619396345,0.036086210405,0.023129338636000002,0.015677405592000003,0.33248426144000004,0.10381036415000001,0.122496229697,1.023843975343,23.524170011254004,0.054471920501,0.034508392442,0.017202858716,0.013974473632000002,0.24729111969700004,0.028901179322,0.034103391978999996,0.36512240217299996,2.420734418627,0.017147475844,0.001577817963,0.00592647992,0.00170293196,0.085193141743,0.0,0.0,0.0,0.0,0.0,0.0,0.0,0.0,0.0,0.915963,83557620.54462399,30.841661,32.65623345,34.4708059,36.28537835,38.0999508,39.91452325,41.7290957,43.54366815,45.3582406,47.17281305,48.9873855,50.80195795,52.6165304,54.43110285,56.2456753,58.06024775,59.8748202,61.68939265,63.5039651,65.31853755,67.13311
SF11C46837212282050750,7,,2019-05-17T07:00:00-0900,0.005701,0.005701,0.002297,0.001324,0.131833162336,0.155563131924,1.377869369092,25.871332087905003,0.071098240473,0.036038256461,0.022949217676,0.015625649112,0.32989502285600003,0.10381036415000001,0.122496229697,1.023843975343,23.524170011254004,0.054471920501,0.034508392442,0.017202858716,0.013974473632000002,0.24729111969700004,0.028022798185999998,0.033066902227,0.354025393749,2.3471620766509997,0.016626319972,0.001529864019,0.00574635896,0.00165117548,0.082603903159,0.0,0.0,0.0,0.0,0.0,0.0,0.0,0.0,0.0,0.926467,83557620.54462399,30.841661,32.396191349999995,33.950721699999995,35.505252049999996,37.059782399999996,38.614312749999996,40.1688431,41.72337345,43.2779038,44.83243415,46.3869645,47.94149485,49.4960252,51.05055555,52.6050859,54.15961625,55.7141466,57.26867695,58.8232073,60.37773765,61.932268
SF11C46837212282050750,8,,2019-05-17T08:00:00-0900,0.005701,0.005701,0.002186,0.001383,0.130478991418,0.153965210223,1.360761481105,25.757908060692003,0.07029479183699999,0.035964327463999995,0.022671531196,0.015545857872000001,0.32590328003900004,0.10381036415000001,0.122496229697,1.023843975343,23.524170011254004,0.054471920501,0.034508392442,0.017202858716,0.013974473632000002,0.24729111969700004,0.026668627268,0.031468980526,0.33691750576199997,2.233738049438,0.015822871336,0.0014559350220000001,0.00546867248,0.00157138424,0.078612160342,0.0,0.0,0.0,0.0,0.0,0.0,0.0,0.0,0.0,0.934638,83557620.54462399,30.841661,32.18261195,33.5235629,34.86451385,36.2054648,37.54641575,38.8873667,40.22831765,41.5692686,42.91021955,44.2511705,45.59212145,46.9330724,48.27402335,49.6149743,50.95592525,52.2968762,53.63782715,54.9787781,56.31972905,57.66068
SF11C46837212282050750,9,,2019-05-17T09:00:00-0900,0.005701,0.005701,0.00287,0.001486,0.13882361221,0.163811862867,1.466183061133,26.456845309464004,0.075245772621,0.036419889931999995,0.024382680316,0.016037544432000003,0.35050104658700004,0.10381036415000001,0.122496229697,1.023843975343,23.524170011254004,0.054471920501,0.034508392442,0.017202858716,0.013974473632000002,0.24729111969700004,0.03501324806,0.04131563317,0.44233908579,2.93267529821,0.020773852120000002,0.0019114974900000003,0.0071798216000000005,0.0020630708,0.10320992689,0.0,0.0,0.0,0.0,0.0,0.0,0.0,0.0,0.0,0.941174,83557620.54462399,30.841661,32.0193727,33.1970844,34.3747961,35.5525078,36.7302195,37.9079312,39.085642899999996,40.2633546,41.4410663,42.618778,43.7964897,44.9742014,46.1519131,47.329624800000005,48.5073365,49.6850482,50.8627599,52.040471600000004,53.2181833,54.395894999999996
SF11C46837212282050750,10,,2019-05-17T10:00:00-0900,0.020004,0.02,0.012408,0.002242,0.515557349104,0.608357673928,5.504189311736,95.20543601386402,0.280908548608,0.129324903016,0.09139116544,0.05794400672,1.3137480559760002,0.36418300000000003,0.42973594,3.59180486,82.52646908000001,0.19109602,0.12106083999999999,0.060350320000000006,0.04902464,0.8675359400000001,0.151374349104,0.178621733928,1.912384451736,12.678966933864,0.089812528608,0.008264063016,0.03104084544,0.00891936672,0.446212115976,0.0,0.0,0.0,0.0,0.0,0.0,0.0,0.0,0.0,0.753242,293191833.2528781,107.176355,115.5362153,123.8960756,132.2559359,140.6157962,148.9756565,157.3355168,165.6953771,174.0552374,182.4150977,190.774958,199.1348183,207.4946786,215.8545389,224.2143992,232.57425949999998,240.9341198,249.2939801,257.6538404,266.01370069999996,274.373561
SF11C46837212282050750,11,,2019-05-17T11:00:00-0900,0.040008,0.040002,0.029265,0.00411,1.08542775087,1.2808047507090001,11.694440449491,194.96528230590303,0.594039296742,0.261625066239,0.193918340232,0.11909103506400001,2.787576233049,0.7284024183000001,0.859514853594,7.183968900486,165.06119080690803,0.382211149602,0.242133786084,0.12070667503200001,0.09805418246400001,1.7351586335940004,0.35702533256999996,0.421289897115,4.510471549005,29.904091498994998,0.21182814714,0.019491280155000002,0.0732116652,0.0210368526,1.052417599455,0.0,0.0,0.0,0.0,0.0,0.0,0.0,0.0,0.0,0.67521,586383666.5057563,211.481017,225.54257775000002,239.6041385,253.66569925,267.72726,281.78882075,295.8503815,309.91194225,323.973503,338.03506375,352.09662449999996,366.15818525,380.219746,394.28130675,408.3428675,422.40442824999997,436.465989,450.52754975,464.58911049999995,478.65067124999996,492.712232
SF11C46837212282050750,12,,2019-05-17T12:00:00-0900,0.070014,0.070005,0.058397,0.007865,1.9871596457360001,2.344848391312,21.572659418663996,348.535551930221,1.091577447577,0.462637183929,0.35733181453999996,0.21357659564,5.136644973844,1.2747315457500001,1.504183223985,12.572214961214998,288.86327339727,0.6688838440049999,0.42374320521,0.21124120758,0.17159849616,3.036592673985,0.712428099986,0.8406651673269999,9.000444457449,59.672278532951,0.422693603572,0.038893978719,0.14609060695999998,0.04197809948,2.1000522998589997,0.0,0.0,0.0,0.0,0.0,0.0,0.0,0.0,0.0,0.644382,1026171416.3850734,362.721337,381.13599800000003,399.550659,417.96532,436.379981,454.794642,473.209303,491.623964,510.038625,528.4532859999999,546.867947,565.282608,583.697269,602.11193,620.526591,638.941252,657.355913,675.770574,694.1852349999999,712.599896,731.014557
SF11C46837212282050750,13,,2019-05-17T13:00:00-0900,0.10002,0.100011,0.092578,0.013723,2.950542645214,3.481640336165,32.229594874298996,507.27746100596806,1.625690318339,0.667030231068,0.533385323716,0.31169893307200003,7.667414200733,1.82111530065,2.148916054767,17.960999792673,412.67773495799406,0.955585202811,0.605370783462,0.301784792676,0.245150163552,4.338156844767,1.129427344564,1.3327242813979998,14.268595081625998,94.59972604797399,0.6701051155279999,0.061659447606,0.23160053103999997,0.06654876952,3.329257355966,0.0,0.0,0.0,0.0,0.0,0.0,0.0,0.0,0.0,0.587174,1465959166.2643905,507.924038,532.2326049,556.5411718,580.8497387,605.1583056,629.4668725,653.7754394,678.0840063,702.3925732,726.7011401,751.0097069999999,775.3182739,799.6268408,823.9354077,848.2439746,872.5525415,896.8611083999999,921.1696753,945.4782422,969.7868091,994.095376
SF11C46837212282050750,14,,2019-05-17T14:00:00-0900,0.130026,0.130017,0.130515,0.0218,3.9597478606200003,4.672502496413999,43.46542426938599,669.8573939214631,2.186990153757,0.8739248756189999,0.7188351429719999,0.412521233544,10.333255373754,2.36749905555,2.7936488855489996,23.349784624130997,536.4921965187181,1.2422865616169998,0.786998361714,0.39232837777199997,0.318701830944,5.639721015549,1.5922488050699999,1.8788536108649998,20.115639645254998,133.365197402745,0.9447035921399999,0.086926513905,0.3265067652,0.0938194026,4.6935343582049995,0.0,0.0,0.0,0.0,0.0,0.0,0.0,0.0,0.0,0.463326,1905746916.1437078,647.330146,683.2880173,719.2458886000001,755.2037599,791.1616312,827.1195025,863.0773738,899.0352451,934.9931164,970.9509877,1006.908859,1042.8667303,1078.8246016,1114.7824729,1150.7403442,1186.6982155,1222.6560868000001,1258.6139581,1294.5718294,1330.5297007,1366.487572
SF11C46837212282050750,15,,2019-05-17T15:00:00-0900,0.160032,0.160023,0.170697,0.032096,4.996341487836,5.895682982958,55.04726455213799,834.7313533332931,2.7645399187949997,1.082314750785,0.9099012338279999,0.514957329816,13.07983044429,2.91388281045,3.438381716331,28.738569455588998,660.3066580794421,1.528987920423,0.9686259399659999,0.482871962868,0.392253498336,6.941285186331,2.0824586773859997,2.4573012666269998,26.308695096548995,174.42469525385098,1.2355519983719998,0.113688810819,0.42702927095999993,0.12270383148,6.138545257959,0.0,0.0,0.0,0.0,0.0,0.0,0.0,0.0,0.0,0.339479,2345534666.023025,781.171065,830.0050923,878.8391196,927.6731469,976.5071742,1025.3412015,1074.1752288,1123.0092561000001,1171.8432834,1220.6773107,1269.511338,1318.3453653000001,1367.1793926,1416.0134199,1464.8474472,1513.6814745000001,1562.5155018,1611.3495291,1660.1835564,1709.0175837000002,1757.851611
SF11C46837212282050750,16,,2019-05-17T16:00:00-0900,0.170034,0.170031,0.189202,0.04296,5.404334812726001,6.377115109288999,59.69668899416699,894.9367121868399,2.994108664583,1.1552184247559998,0.986394122356,0.5527913938719999,14.179415706400999,3.09611998365,3.6534215807069996,30.535908607532996,701.602903207074,1.6246123688309997,1.0292047843019998,0.513071262996,0.416785428192,7.375400170707,2.3082148290760003,2.723693528582,29.160780386634,193.33380897976602,1.369496295752,0.12601364045400001,0.47332285936,0.13600596568,6.804015535694,0.0,0.0,0.0,0.0,0.0,0.0,0.0,0.0,0.0,0.298196,2492130582.6494637,824.586654,878.07011755,931.5535811,985.0370446499999,1038.5205082,1092.00397175,1145.4874353,1198.97089885,1252.4543623999998,1305.93782595,1359.4212895,1412.90475305,1466.3882165999999,1519.87168015,1573.3551436999999,1626.8386072499998,1680.3220708,1733.80553435,1787.2889979,1840.7724614499998,1894.255925
SF11C46837212282050750,17,,2019-05-17T17:00:00-0900,0.120024,0.120039,0.136941,0.049458,3.8564524783080003,4.550613946314,42.663880826574,635.251270018809,2.138165510955,0.817807512045,0.7048021640040001,0.39268210648800006,10.13153123691,2.1858081568500003,2.579253625083,21.557833179477,495.31974109470605,1.146948757239,0.726601108638,0.36221960312400003,0.294243438048,5.206907335083001,1.670644321458,1.971360321231,21.106047647097,139.931528924103,0.991216753716,0.09120640340700001,0.34258256088,0.09843866844000002,4.924623901827,0.0,0.0,0.0,0.0,0.0,0.0,0.0,0.0,0.0,0.504609,1759150999.5172687,601.491031,633.85375205,666.2164731,698.57919415,730.9419152,763.3046362499999,795.6673572999999,828.0300783499999,860.3927994,892.75552045,925.1182415,957.48096255,989.8436835999998,1022.20640465,1054.5691256999999,1086.9318467499997,1119.2945677999999,1151.65728885,1184.0200098999999,1216.3827309499998,1248.745452
SF11C46837212282050750,18,,2019-05-17T18:00:00-0900,0.070014,0.070029,0.080549,0.051607,2.257845261512,2.6642574214719996,24.991149176279997,371.270340907733,1.252149052753,0.47753628704099993,0.41282145028399997,0.229559168888,5.9343084213160004,1.27516856535,1.504698907113,12.576525127046999,288.962305160166,0.6691131592289999,0.4238884782179999,0.211313627964,0.171657325728,3.037633717113,0.9826766961619999,1.159558514359,12.414624049232998,82.30803574756699,0.583035893524,0.053647808823,0.20150782231999997,0.05790184316,2.896674704203,0.0,0.0,0.0,0.0,0.0,0.0,0.0,0.0,0.0,0.711022,1026171416.3850734,362.721337,377.2998813,391.8784256,406.4569699,421.0355142,435.6140585,450.19260280000003,464.7711471,479.3496914,493.9282357,508.50678000000005,523.0853243,537.6638686,552.2424129,566.8209572000001,581.3995015,595.9780458,610.5565901,625.1351344,639.7136787,654.292223
SF11C46837212282050750,19,,2019-05-17T19:00:00-0900,0.040008,0.040017,0.045651,0.051194,1.285605794988,1.5170148453899999,14.222628470297998,211.77101598575098,0.7127890092929998,0.272629380291,0.23495613145199998,0.13090671578399998,3.3774944327459995,0.72867555555,0.8598371555489999,7.186662754130999,165.123085658718,0.3823544716169999,0.24222458171399996,0.120751937772,0.098090950944,1.735809285549,0.556930239438,0.6571776898409999,7.035965716166999,46.647930327032995,0.33043453767599995,0.030404798577,0.11420419367999998,0.03281576484,1.6416851471969998,0.0,0.0,0.0,0.0,0.0,0.0,0.0,0.0,0.0,0.83487,586383666.5057563,211.481017,217.6149561,223.74889520000002,229.8828343,236.0167734,242.1507125,248.28465160000002,254.4185907,260.5525298,266.6864689,272.82040800000004,278.9543471,285.0882862,291.2222253,297.3561644,303.49010350000003,309.62404260000005,315.7579817,321.89192080000004,328.0258599,334.159799
SF11C46837212282050750,20,,2019-05-17T20:00:00-0900,0.005701,0.005711,0.006353,0.048093,0.18149739116400002,0.21416692258999998,2.0047967460739997,30.057170587093,0.10055223593899999,0.03880019239299999,0.033126206916,0.018565776472,0.47618923105800004,0.10399245565000001,0.12271109766699999,1.0256398777729998,23.565433245794,0.05456746851099999,0.034568922861999994,0.017233033876,0.013998985952,0.24772488766700002,0.077504935514,0.091455824923,0.9791568683009999,6.491737341299,0.045984767428,0.004231269531,0.01589317304,0.00456679052,0.228464343391,0.0,0.0,0.0,0.0,0.0,0.0,0.0,0.0,0.0,0.97647,83557620.54462399,30.841661,30.91156685,30.981472699999998,31.05137855,31.1212844,31.19119025,31.2610961,31.33100195,31.4009078,31.47081365,31.5407195,31.61062535,31.6805312,31.75043705,31.8203429,31.89024875,31.9601546,32.03006045,32.0999663,32.16987215,32.239778
SF11C46837212282050750,21,,2019-05-17T21:00:00-0900,0.005701,0.005701,0.006081,0.045188,0.17799697092800001,0.210036426668,1.9610788118199998,29.737967393977,0.098487876857,0.038558502629,0.032415574796,0.018345739672000004,0.465973895104,0.10381036415000001,0.122496229697,1.023843975343,23.524170011254004,0.054471920501,0.034508392442,0.017202858716,0.013974473632000002,0.24729111969700004,0.074186606778,0.08754019697099999,0.9372348364769999,6.2137973827229995,0.044015956355999995,0.004050110187,0.015212716079999999,0.00437126604,0.21868277540699999,0.0,0.0,0.0,0.0,0.0,0.0,0.0,0.0,0.0,0.985429,83557620.54462399,30.841661,32.38374405,33.9258271,35.467910149999994,37.0099932,38.55207625,40.0941593,41.636242349999996,43.1783254,44.72040845,46.262491499999996,47.80457455,49.3466576,50.88874065,52.4308237,53.97290675,55.514989799999995,57.05707285,58.5991559,60.14123895,61.683322000000004
SF11C46837212282050750,22,,2019-05-17T22:00:00-0900,0.005701,0.005701,0.005723,0.042459,0.173629464724,0.20488276929,1.905902019934,29.372149360263002,0.095896574049,0.038320064963,0.031519973356,0.018088394952,0.45309962547800003,0.10381036415000001,0.122496229697,1.023843975343,23.524170011254004,0.054471920501,0.034508392442,0.017202858716,0.013974473632000002,0.24729111969700004,0.069819100574,0.08238653959299999,0.8820580445909999,5.847979349009,0.041424653548,0.003811672521,0.01431711464,0.00411392132,0.205808505781,0.0,0.0,0.0,0.0,0.0,0.0,0.0,0.0,0.0,0.985429,83557620.54462399,30.841661,32.38374405,33.9258271,35.467910149999994,37.0099932,38.55207625,40.0941593,41.636242349999996,43.1783254,44.72040845,46.262491499999996,47.80457455,49.3466576,50.88874065,52.4308237,53.97290675,55.514989799999995,57.05707285,58.5991559,60.14123895,61.683322000000004
SF11C46837212282050750,23,,2019-05-17T23:00:00-0900,0.005701,0.005701,0.005278,0.039888,0.168200581314,0.198476686795,1.8373163428689998,28.917431413328003,0.09267554122899999,0.038023682948,0.030406725756,0.017768511152000004,0.437096692563,0.10381036415000001,0.122496229697,1.023843975343,23.524170011254004,0.054471920501,0.034508392442,0.017202858716,0.013974473632000002,0.24729111969700004,0.064390217164,0.075980457098,0.8134723675259999,5.393261402074,0.038203620727999994,0.003515290506,0.01320386704,0.0037940375199999998,0.18980557286599997,0.0,0.0,0.0,0.0,0.0,0.0,0.0,0.0,0.0,0.985429,83557620.54462399,30.841661,32.38374405,33.9258271,35.467910149999994,37.0099932,38.55207625,40.0941593,41.636242349999996,43.1783254,44.72040845,46.262491499999996,47.80457455,49.3466576,50.88874065,52.4308237,53.97290675,55.514989799999995,57.05707285,58.5991559,60.14123895,61.683322000000004
SF11C46842312282050750,0,,2019-05-17T00:00:00-0900,0.005701,0.005697,0.004755,0.000329,0.054081129023999995,0.06381573580199999,0.5662002502169999,10.563287687508,0.029190097154999997,0.014686991451,0.00942802182,0.0063836539949999995,0.135527869371,0.042237199089,0.049839896861999994,0.416570200272,9.571251566763,0.02216292516,0.014040387530999999,0.006999305715,0.00568577691,0.100615047426,0.011843929934999999,0.01397583894,0.14963004994499998,0.9920361207449999,0.0070271719949999995,0.0006466039199999999,0.0024287161049999996,0.0006978770849999999,0.034912821945,0.0,0.0,0.0,0.0,0.0,0.0,0.0,0.0,0.0,0.926851,14673889.735493971,7.692527,8.986537,10.280547,11.574557,12.868567,14.162577,15.456587,16.750597,18.044607,19.338617,20.632627,21.926637,23.220647,24.514657,25.808667,27.102677,28.396687,29.690697,30.984707,32.278717,33.572727
SF11C46842312282050750,1,,2019-05-17T01:00:00-0900,0.005701,0.005701,0.004171,0.000595,0.052656135964000005,0.062134243794,0.548115457745,10.448167914408002,0.028342594459000003,0.014617434887,0.009134645936000002,0.006301934187,0.131310587627,0.042266854837000004,0.049874890646,0.41686268417600003,9.577971771479001,0.022178486280000003,0.014050245623,0.007004220095000001,0.00568976903,0.10068569165800001,0.010389281127000001,0.012259353148000002,0.131252773569,0.870196142929,0.006164108179,0.000567189264,0.002130425841,0.000612165157,0.030624895969,0.0,0.0,0.0,0.0,0.0,0.0,0.0,0.0,0.0,0.926851,14673889.735493971,7.692527,9.10569925,10.5188715,11.93204375,13.345216,14.758388250000001,16.1715605,17.58473275,18.997905000000003,20.41107725,21.8242495,23.237421750000003,24.650593999999998,26.06376625,27.476938500000003,28.890110750000005,30.303283,31.716455250000003,33.129627500000005,34.54279975,35.955972
SF11C46842312282050750,2,,2019-05-17T02:00:00-0900,0.005701,0.005701,0.003537,0.000798,0.051076945306,0.060270798602000006,0.528164784419,10.315896431642,0.027405638193000004,0.014531221031,0.008810817122,0.0062088839089999995,0.12665554470100002,0.042266854837000004,0.049874890646,0.41686268417600003,9.577971771479001,0.022178486280000003,0.014050245623,0.007004220095000001,0.00568976903,0.10068569165800001,0.008810090469,0.010395907956,0.11130210024300001,0.7379246601630001,0.0052271519130000004,0.000480975408,0.001806597027,0.0005191148790000001,0.025969853043,0.0,0.0,0.0,0.0,0.0,0.0,0.0,0.0,0.0,0.951234,14673889.735493971,7.692527,8.71427825,9.7360295,10.75778075,11.779532,12.801283250000001,13.8230345,14.84478575,15.866537000000001,16.888288250000002,17.910039500000003,18.93179075,19.953542,20.97529325,21.9970445,23.018795750000002,24.040547000000004,25.062298250000005,26.0840495,27.10580075,28.127552
SF11C46842312282050750,3,,2019-05-17T03:00:00-0900,0.005701,0.005701,0.003005,0.000951,0.049751820022,0.058707150586,0.511423840871,10.204905218974002,0.026619422525000002,0.014458877543,0.00853908695,0.006130803864999999,0.12274942035300002,0.042266854837000004,0.049874890646,0.41686268417600003,9.577971771479001,0.022178486280000003,0.014050245623,0.007004220095000001,0.00568976903,0.10068569165800001,0.007484965184999999,0.00883225994,0.094561156695,0.626933447495,0.004440936245,0.00040863191999999997,0.0015348668549999998,0.000441034835,0.022063728695,0.0,0.0,0.0,0.0,0.0,0.0,0.0,0.0,0.0,0.963425,14673889.735493971,7.692527,8.48908515,9.2856433,10.08220145,10.8787596,11.67531775,12.4718759,13.26843405,14.064992199999999,14.86155035,15.6581085,16.45466665,17.2512248,18.04778295,18.8443411,19.64089925,20.4374574,21.23401555,22.030573699999998,22.82713185,23.62369
SF11C46842312282050750,4,,2019-05-17T04:00:00-0900,0.005701,0.005701,0.002683,0.00107,0.04894977050800001,0.05776073205,0.501291164513,10.137726327096,0.026143555147,0.014415090695,0.008374618688000001,0.006083544891,0.120385187195,0.042266854837000004,0.049874890646,0.41686268417600003,9.577971771479001,0.022178486280000003,0.014050245623,0.007004220095000001,0.00568976903,0.10068569165800001,0.006682915671,0.007885841404000001,0.08442848033700001,0.559754555617,0.003965068867,0.00036484507199999996,0.001370398593,0.00039377586100000005,0.019699495537,0.0,0.0,0.0,0.0,0.0,0.0,0.0,0.0,0.0,0.97074,14673889.735493971,7.692527,8.339894750000001,8.9872625,9.63463025,10.281998,10.92936575,11.5767335,12.22410125,12.871469000000001,13.51883675,14.1662045,14.81357225,15.46094,16.10830775,16.755675500000002,17.40304325,18.050411,18.69777875,19.3451465,19.99251425,20.639882
SF11C46842312282050750,5,,2019-05-17T05:00:00-0900,0.005701,0.005701,0.002487,0.001168,0.048461566456000006,0.057184651202,0.495123448469,10.096834827692001,0.025853896743000003,0.014388437831,0.008274507572000002,0.006054778559,0.11894608875100002,0.042266854837000004,0.049874890646,0.41686268417600003,9.577971771479001,0.022178486280000003,0.014050245623,0.007004220095000001,0.00568976903,0.10068569165800001,0.006194711619,0.007309760556000001,0.07826076429300001,0.518863056213,0.003675410463,0.000338192208,0.001270287477,0.000365009529,0.018260397093,0.0,0.0,0.0,0.0,0.0,0.0,0.0,0.0,0.0,0.975617,14673889.735493971,7.692527,8.2323186,8.7721102,9.3119018,9.8516934,10.391485,10.9312766,11.4710682,12.010859799999999,12.5506514,13.090443,13.6302346,14.170026199999999,14.7098178,15.249609399999999,15.789401,16.3291926,16.8689842,17.4087758,17.948567399999998,18.488359
SF11C46842312282050750,6,,2019-05-17T06:00:00-0900,0.005701,0.005701,0.002369,0.001251,0.04816764769,0.056837827018000005,0.49141023166700004,10.072216476010002,0.025679510561000003,0.014372391719,0.008214236594000002,0.006037460053,0.11807969274900001,0.042266854837000004,0.049874890646,0.41686268417600003,9.577971771479001,0.022178486280000003,0.014050245623,0.007004220095000001,0.00568976903,0.10068569165800001,0.005900792853,0.0069629363720000005,0.074547547491,0.494244704531,0.003501024281,0.000322146096,0.001210016499,0.00034769102300000003,0.017394001091,0.0,0.0,0.0,0.0,0.0,0.0,0.0,0.0,0.0,0.9791,14673889.735493971,7.692527,8.15030375,8.6080805,9.06585725,9.523634,9.98141075,10.4391875,10.89696425,11.354741,11.81251775,12.270294499999999,12.72807125,13.185848,13.64362475,14.1014015,14.559178249999999,15.016955,15.47473175,15.932508499999999,16.390285249999998,16.848062
SF11C46842312282050750,7,,2019-05-17T07:00:00-0900,0.005701,0.005701,0.002297,0.001324,0.04798830742600001,0.056626205482,0.48914454005900004,10.057195108882002,0.025573105433000003,0.014362600871,0.008177461082000001,0.0060268928289999996,0.11755104434100001,0.042266854837000004,0.049874890646,0.41686268417600003,9.577971771479001,0.022178486280000003,0.014050245623,0.007004220095000001,0.00568976903,0.10068569165800001,0.005721452589,0.006751314836000001,0.072281855883,0.479223337403,0.003394619153,0.000312355248,0.0011732409869999998,0.000337123799,0.016865352683,0.0,0.0,0.0,0.0,0.0,0.0,0.0,0.0,0.0,0.981713,14673889.735493971,7.692527,8.0852476,8.4779682,8.8706888,9.2634094,9.656130000000001,10.0488506,10.4415712,10.834291799999999,11.2270124,11.619733,12.0124536,12.4051742,12.7978948,13.190615399999999,13.583336,13.9760566,14.3687772,14.7614978,15.1542184,15.546939
SF11C46842312282050750,8,,2019-05-17T08:00:00-0900,0.005701,0.005701,0.002186,0.001383,0.047711824519,0.056299955614,0.48565159883000003,10.034037167893,0.025409064194000002,0.014347506647,0.008120765501,0.006010601692,0.11673604471200001,0.042266854837000004,0.049874890646,0.41686268417600003,9.577971771479001,0.022178486280000003,0.014050245623,0.007004220095000001,0.00568976903,0.10068569165800001,0.005444969682,0.006425064968,0.068788914654,0.456065396414,0.003230577914,0.000297261024,0.001116545406,0.000320832662,0.016050353054,0.0,0.0,0.0,0.0,0.0,0.0,0.0,0.0,0.0,0.983745,14673889.735493971,7.692527,8.0319266,8.3713262,8.7107258,9.0501254,9.389524999999999,9.7289246,10.0683242,10.4077238,10.7471234,11.086523,11.4259226,11.7653222,12.1047218,12.4441214,12.783521,13.1229206,13.4623202,13.8017198,14.1411194,14.480519
SF11C46842312282050750,9,,2019-05-17T09:00:00-0900,0.005701,0.005701,0.00287,0.001486,0.049415557027000005,0.058310360206,0.5071756691060001,10.176740155609002,0.026419912910000003,0.014440519703,0.008470132865,0.00611099032,0.12175820458800002,0.042266854837000004,0.049874890646,0.41686268417600003,9.577971771479001,0.022178486280000003,0.014050245623,0.007004220095000001,0.00568976903,0.10068569165800001,0.00714870219,0.00843546956,0.09031298493,0.59876838413,0.0042414266300000005,0.00039027408000000003,0.00146591277,0.00042122129000000003,0.021072512930000002,0.0,0.0,0.0,0.0,0.0,0.0,0.0,0.0,0.0,0.98537,14673889.735493971,7.692527,7.9892129,8.2858988,8.5825847,8.8792706,9.1759565,9.4726424,9.769328300000002,10.066014200000001,10.362700100000001,10.659386000000001,10.956071900000001,11.252757800000001,11.549443700000001,11.846129600000001,12.142815500000001,12.439501400000001,12.736187300000001,13.032873200000001,13.3295591,13.626245
SF11C46842312282050750,10,,2019-05-17T10:00:00-0900,0.020004,0.019993,0.01241,0.002242,0.179138129611,0.21138300395799997,1.852424796158,36.178362750337,0.09611847413,0.05096076977899999,0.030901967945000004,0.02177499226,0.444215959584,0.148226842441,0.174907680878,1.461907673168,33.589263221747004,0.07777836804,0.049273208338999994,0.024563299835000003,0.01995361379,0.353097532594,0.030911287169999996,0.03647532308,0.39051712298999997,2.58909952859,0.01834010609,0.0016875614399999997,0.006338668109999999,0.00182137847,0.09111842698999999,0.0,0.0,0.0,0.0,0.0,0.0,0.0,0.0,0.0,0.914331,51488596.78456786,26.926933,29.767401049999997,32.6078691,35.44833715,38.2888052,41.12927325,43.969741299999995,46.81020935,49.6506774,52.49114545,55.3316135,58.17208155,61.0125496,63.85301765,66.6934857,69.53395375,72.3744218,75.21488984999999,78.05535789999999,80.89582595,83.736294
SF11C46842312282050750,11,,2019-05-17T11:00:00-0900,0.040008,0.039993,0.029267,0.00411,0.36940490892,0.435897816074,3.8452993638810002,73.29626390918001,0.19883617472300003,0.10254351206699999,0.06408393469200001,0.044209643579,0.9212069281070001,0.296505582441,0.349876600878,2.924327193168,67.190286801747,0.15558396804000002,0.09856366833899999,0.049135199835000004,0.03991421379,0.706318692594,0.072899326479,0.086021215196,0.9209721707130001,6.1059771074330005,0.043252206683,0.003979843728,0.014948734857,0.004295429789000001,0.21488823551300001,0.0,0.0,0.0,0.0,0.0,0.0,0.0,0.0,0.0,0.736745,102977193.56913573,53.672601,63.46459285,73.25658469999999,83.04857654999999,92.8405684,102.63256025,112.4245521,122.21654394999999,132.0085358,141.80052765,151.59251949999998,161.38451134999997,171.17650319999998,180.96849505,190.7604869,200.55247874999998,210.34447059999997,220.13646244999995,229.9284543,239.72044615,249.51243799999997
SF11C46842312282050750,12,,2019-05-17T12:00:00-0900,0.070014,0.069991,0.058401,0.007865,0.6643762362039999,0.783964002374,6.9555693367549996,129.772668481088,0.358592446929,0.180436030877,0.115820129816,0.078424457297,1.664915050417,0.5189088645669999,0.6123124839859999,5.117810231216,117.588462069389,0.27228458748,0.172494429293,0.085990592645,0.06985311773,1.236115110478,0.145467371637,0.17165151838800002,1.8377591055390001,12.184206411699,0.086307859449,0.007941601584,0.029829537171,0.008571339567000002,0.428799939939,0.0,0.0,0.0,0.0,0.0,0.0,0.0,0.0,0.0,0.644382,180210088.74598753,93.453899,109.73074135,126.0075837,142.28442605,158.56126840000002,174.83811075,191.1149531,207.39179545000002,223.6686378,239.94548015,256.2223225,272.49916485,288.7760072,305.05284955,321.3296919,337.60653425,353.8833766,370.16021894999994,386.4370613,402.71390365,418.99074599999994
SF11C46842312282050750,13,,2019-05-17T13:00:00-0900,0.10002,0.099997,0.092583,0.013723,0.97198062016,1.1469371972659999,10.225274433509,187.31567820218,0.525840023127,0.25903471310299997,0.170144525708,0.113388135071,2.445828588463,0.741371458189,0.874818354662,7.311878237072,168.000077746463,0.38901632916,0.24644490643099998,0.12285581421500001,0.09980000591,1.7660528168260001,0.23060916197099998,0.272118842604,2.913396196437,19.315600455717,0.136823693967,0.012589806672,0.047288711493,0.013588129161,0.679775771637,0.0,0.0,0.0,0.0,0.0,0.0,0.0,0.0,0.0,0.668988,257442983.9228393,132.834177,151.09685240000002,169.35952780000002,187.6222032,205.8848786,224.147554,242.4102294,260.67290479999997,278.9355802,297.19825560000004,315.460931,333.7236064,351.98628180000003,370.2489572,388.5116326,406.774308,425.0369834,443.2996588,461.5623342,479.8250096,498.087685
SF11C46842312282050750,14,,2019-05-17T14:00:00-0900,0.130026,0.130003,0.13052,0.0218,1.288938097051,1.520947043098,13.613141641208001,245.64209394501702,0.6986369223200001,0.338144015249,0.22638686670500002,0.14890292293000001,3.2543126094540002,0.963834051811,1.137324225338,9.505946242928001,218.41169342353703,0.5057480708400001,0.320395383569,0.15972103578500002,0.12974689409,2.2959905231740003,0.32510404524,0.38362281776,4.10719539828,27.23040052148,0.19288885147999998,0.017748631679999998,0.06666583092,0.019156028840000002,0.9583220862799999,0.0,0.0,0.0,0.0,0.0,0.0,0.0,0.0,0.0,0.703836,334675879.0996911,171.81748,190.53967175,209.2618635,227.98405524999998,246.706247,265.42843875,284.1506305,302.87282225,321.595014,340.31720574999997,359.0393975,377.76158925,396.483781,415.20597275,433.9281645,452.65035625,471.372548,490.09473975,508.8169315,527.53912325,546.261315
SF11C46842312282050750,15,,2019-05-17T15:00:00-0900,0.160032,0.160009,0.170703,0.032096,1.611489993844,1.9015583051779998,17.071685839901,304.437092890208,0.8747530703670001,0.417558737459,0.28377639936800003,0.184747349471,4.0792875238390005,1.186296645433,1.399830096014,11.700014248784,268.823309100611,0.6224798125200001,0.394345860707,0.19658625735500004,0.15969378227,2.8259282295220003,0.425193348411,0.501728209164,5.371671591117,35.613783789597,0.252273257847,0.023212876751999997,0.08719014201299999,0.025053567201,1.253359294317,0.0,0.0,0.0,0.0,0.0,0.0,0.0,0.0,0.0,0.736568,411908774.2765429,210.407807,228.76316715,247.11852729999998,265.47388745,283.8292476,302.18460775,320.53996789999997,338.89532805,357.2506882,375.60604835,393.96140849999995,412.31676865,430.6721288,449.02748895,467.3828491,485.73820924999995,504.0935694,522.44892955,540.8042897,559.15964985,577.51501
SF11C46842312282050750,16,,2019-05-17T16:00:00-0900,0.170034,0.170026,0.189204,0.04296,1.73183837611,2.0435694059480003,18.386326995932002,325.12603101185,0.941063689476,0.44476170433400003,0.30553300975400005,0.197459952248,4.392038955664001,1.260562052362,1.487463279596,12.432467065376,285.652381760654,0.66144874728,0.419032987598,0.20889309347000004,0.16969104878,3.0028390475080005,0.47127632374800005,0.5561061263520001,5.953859930556001,39.473649251196,0.279614942196,0.025728716736,0.096639916284,0.027768903468000004,1.389199908156,0.0,0.0,0.0,0.0,0.0,0.0,0.0,0.0,0.0,0.783801,437653072.6688268,223.184608,238.6498623,254.1151166,269.5803709,285.0456252,300.5108795,315.97613379999996,331.4413881,346.9066424,362.3718967,377.83715099999995,393.3024053,408.7676596,424.23291389999997,439.69816819999994,455.16342249999997,470.6286768,486.09393109999996,501.55918539999993,517.0244397,532.489694
SF11C46842312282050750,17,,2019-05-17T17:00:00-0900,0.120024,0.120062,0.136934,0.049458,1.231212377852,1.452830693244,13.088081379538,230.278858629564,0.669442572326,0.31451639348199995,0.21744948900400002,0.139922870238,3.125837794222,0.890132104094,1.050355923652,8.779050620512,201.710304653098,0.46707479736,0.29589556042599996,0.14750757289000002,0.11982547786,2.120421945596,0.341080273758,0.402474769592,4.309030759026,28.568553976466,0.202367774966,0.018620833056,0.069941916114,0.020097392378,1.005415848626,0.0,0.0,0.0,0.0,0.0,0.0,0.0,0.0,0.0,0.868512,308931580.7074072,158.866906,166.96659005,175.0662741,183.16595815,191.2656422,199.36532625,207.46501030000002,215.56469435,223.6643784,231.76406245,239.8637465,247.96343055,256.0631146,264.16279865,272.2624827,280.36216675000003,288.4618508,296.56153485000004,304.6612189,312.76090295,320.860587
SF11C46842312282050750,18,,2019-05-17T18:00:00-0900,0.070014,0.070052,0.080541,0.051607,0.719975617541,0.8495712799,7.656729885751,134.49422199486702,0.391549330869,0.18359705254,0.127203544051,0.081734758507,1.8285517604150003,0.519361114724,0.612846139192,5.122270610752,117.690945191308,0.27252189456000003,0.172644765196,0.08606553694,0.06991399756,1.2371924350160002,0.200614502817,0.23672514070800002,2.534459274999,16.803276803559,0.119027436309,0.010952287344,0.041138007111,0.011820760947,0.591359325399,0.0,0.0,0.0,0.0,0.0,0.0,0.0,0.0,0.0,0.928132,180210088.74598753,93.453899,96.86410825,100.27431750000001,103.68452675,107.09473600000001,110.50494525,113.9151545,117.32536375000001,120.735573,124.14578225000001,127.5559915,130.96620075,134.37641000000002,137.78661925,141.1968285,144.60703775000002,148.017247,151.42745625,154.8376655,158.24787475,161.658084
SF11C46842312282050750,19,,2019-05-17T19:00:00-0900,0.040008,0.040031,0.045646,0.051194,0.410484057749,0.4843712172739999,4.36349133385,76.777258245503,0.223189694134,0.10486444587699999,0.072496539511,0.046651465412,1.042138218792,0.296787312047,0.35020904182599993,2.927105790256,67.254128746549,0.15573179868,0.09865732021299999,0.049181886445,0.03995213893,0.706989812798,0.113696745702,0.134162175448,1.436385543594,9.523129498954,0.067457895454,0.006207125664,0.023314653066,0.006699326482,0.335148405994,0.0,0.0,0.0,0.0,0.0,0.0,0.0,0.0,0.0,0.958933,102977193.56913573,53.672601,55.11796715,56.563333300000004,58.00869945,59.4540656,60.899431750000005,62.3447979,63.79016405,65.2355302,66.68089635,68.1262625,69.57162865000001,71.0169948,72.46236095,73.9077271,75.35309325,76.79845940000001,78.24382555000001,79.68919170000001,81.13455785000001,82.579924
SF11C46842312282050750,20,,2019-05-17T20:00:00-0900,0.005701,0.005727,0.006348,0.048093,0.058271450475,0.068760315666,0.6185223063240001,10.946036970585002,0.031661019012000004,0.014977549653,0.010278537873000001,0.006647394726,0.147754047138,0.042459617199,0.050102350242,0.41876382955200003,9.621653102133001,0.02227963356,0.014114323221,0.007036163565000001,0.00571571781,0.10114487916600001,0.015811833276,0.018657965424,0.199758476772,1.3243838684520002,0.009381385452,0.000863226432,0.003242374308,0.0009316769160000001,0.046609167972,0.0,0.0,0.0,0.0,0.0,0.0,0.0,0.0,0.0,0.996387,14673889.735493971,7.692527,8.07715335,8.461779700000001,8.84640605,9.2310324,9.61565875,10.0002851,10.38491145,10.7695378,11.15416415,11.538790500000001,11.92341685,12.3080432,12.69266955,13.0772959,13.46192225,13.8465486,14.23117495,14.615801300000001,15.00042765,15.385054
SF11C46842312282050750,21,,2019-05-17T21:00:00-0900,0.005701,0.005701,0.006081,0.045188,0.057413634634,0.067748092874,0.608219221235,10.846651403498,0.031165286049000002,0.014877164327,0.010110218546000001,0.006582259157,0.145334455117,0.042266854837000004,0.049874890646,0.41686268417600003,9.577971771479001,0.022178486280000003,0.014050245623,0.007004220095000001,0.00568976903,0.10068569165800001,0.015146779796999998,0.017873202228,0.191356537059,1.268679632019,0.008986799769,0.000826918704,0.0031059984509999995,0.0008924901269999999,0.044648763459,0.0,0.0,0.0,0.0,0.0,0.0,0.0,0.0,0.0,0.999099,14673889.735493971,7.692527,8.07715335,8.461779700000001,8.84640605,9.2310324,9.61565875,10.0002851,10.38491145,10.7695378,11.15416415,11.538790500000001,11.92341685,12.3080432,12.69266955,13.0772959,13.46192225,13.8465486,14.23117495,14.615801300000001,15.00042765,15.385054
SF11C46842312282050750,22,,2019-05-17T22:00:00-0900,0.005701,0.005701,0.005723,0.042459,0.056521914988,0.06669586357,0.596953699073,10.771961828056002,0.030636216107000003,0.014828482055,0.009927362528,0.0065297165709999995,0.142705897755,0.042266854837000004,0.049874890646,0.41686268417600003,9.577971771479001,0.022178486280000003,0.014050245623,0.007004220095000001,0.00568976903,0.10068569165800001,0.014255060150999999,0.016820972924,0.180091014897,1.1939900565769999,0.008457729827,0.000778236432,0.0029231424329999997,0.000839947541,0.042020206096999996,0.0,0.0,0.0,0.0,0.0,0.0,0.0,0.0,0.0,0.999099,14673889.735493971,7.692527,8.07715335,8.461779700000001,8.84640605,9.2310324,9.61565875,10.0002851,10.38491145,10.7695378,11.15416415,11.538790500000001,11.92341685,12.3080432,12.69266955,13.0772959,13.46192225,13.8465486,14.23117495,14.615801300000001,15.00042765,15.385054
SF11C46842312282050750,23,,2019-05-17T23:00:00-0900,0.005701,0.005701,0.005277,0.039888,0.055411001686,0.065384985722,0.582918998279,10.678912803902001,0.029977095453,0.014767833191,0.009699558662,0.006464258489,0.139431214561,0.042266854837000004,0.049874890646,0.41686268417600003,9.577971771479001,0.022178486280000003,0.014050245623,0.007004220095000001,0.00568976903,0.10068569165800001,0.013144146849,0.015510095076,0.16605631410299998,1.100941032423,0.0077986091729999995,0.0007175875679999999,0.0026953385669999997,0.000774489459,0.038745522903,0.0,0.0,0.0,0.0,0.0,0.0,0.0,0.0,0.0,0.999099,14673889.735493971,7.692527,8.07715335,8.461779700000001,8.84640605,9.2310324,9.61565875,10.0002851,10.38491145,10.7695378,11.15416415,11.538790500000001,11.92341685,12.3080432,12.69266955,13.0772959,13.46192225,13.8465486,14.23117495,14.615801300000001,15.00042765,15.385054
SF11C46880012282050980,0,,2019-05-18T00:00:00-0400,0.005701,0.0057,0.004756,0.000329,0.008180235300000002,0.0096526764,0.0806787006,1.853699907,0.0042923793,0.0027192534,0.0013555797,0.001101183,0.019486493100000002,0.008180235300000002,0.0096526764,0.0806787006,1.853699907,0.0042923793,0.0027192534,0.0013555797,0.001101183,0.019486493100000002,0.0,0.0,0.0,0.0,0.0,0.0,0.0,0.0,0.0,0.0,0.0,0.0,0.0,0.0,0.0,0.0,0.0,0.0,0.968651,2508262.3005797393,3.29849,3.50437165,3.7102533,3.91613495,4.1220166,4.3278982500000005,4.5337799,4.73966155,4.9455431999999995,5.15142485,5.3573065,5.56318815,5.7690698,5.97495145,6.180833099999999,6.386714749999999,6.5925964,6.79847805,7.0043597,7.2102413499999995,7.416123
SF11C46880012282050980,1,,2019-05-18T01:00:00-0400,0.005701,0.005701,0.003952,0.000579,0.008181670429,0.009654369852,0.080692854758,1.8540251175100002,0.004293132349,0.002719730462,0.0013558175210000001,0.0011013761900000002,0.019489911783,0.008181670429,0.009654369852,0.080692854758,1.8540251175100002,0.004293132349,0.002719730462,0.0013558175210000001,0.0011013761900000002,0.019489911783,0.0,0.0,0.0,0.0,0.0,0.0,0.0,0.0,0.0,0.0,0.0,0.0,0.0,0.0,0.0,0.0,0.0,0.0,0.968651,2508262.3005797393,3.29849,3.5314082,3.7643264000000003,3.9972446,4.2301628000000004,4.463081,4.6959992,4.9289174,5.1618356,5.3947538,5.6276720000000005,5.8605902,6.0935084,6.3264266,6.5593448,6.792263,7.0251812000000005,7.2580994,7.4910176,7.7239358,7.956854
SF11C46880012282050980,2,,2019-05-18T02:00:00-0400,0.005701,0.005701,0.0034,0.000774,0.008181670429,0.009654369852,0.080692854758,1.8540251175100002,0.004293132349,0.002719730462,0.0013558175210000001,0.0011013761900000002,0.019489911783,0.008181670429,0.009654369852,0.080692854758,1.8540251175100002,0.004293132349,0.002719730462,0.0013558175210000001,0.0011013761900000002,0.019489911783,0.0,0.0,0.0,0.0,0.0,0.0,0.0,0.0,0.0,0.0,0.0,0.0,0.0,0.0,0.0,0.0,0.0,0.0,0.979101,2508262.3005797393,3.29849,3.44549515,3.5925003,3.7395054500000002,3.8865106000000003,4.03351575,4.1805209,4.3275260499999995,4.4745311999999995,4.6215363499999995,4.7685414999999995,4.91554665,5.0625518,5.20955695,5.3565621,5.50356725,5.6505724,5.79757755,5.9445827,6.09158785,6.238593
SF11C46880012282050980,3,,2019-05-18T03:00:00-0400,0.005701,0.005701,0.00302,0.00093,0.008181670429,0.009654369852,0.080692854758,1.8540251175100002,0.004293132349,0.002719730462,0.0013558175210000001,0.0011013761900000002,0.019489911783,0.008181670429,0.009654369852,0.080692854758,1.8540251175100002,0.004293132349,0.002719730462,0.0013558175210000001,0.0011013761900000002,0.019489911783,0.0,0.0,0.0,0.0,0.0,0.0,0.0,0.0,0.0,0.0,0.0,0.0,0.0,0.0,0.0,0.0,0.0,0.0,0.984326,2508262.3005797393,3.29849,3.3960438,3.4935976,3.5911514,3.6887052000000002,3.7862590000000003,3.8838128000000003,3.9813666,4.0789204,4.1764742,4.2740279999999995,4.3715817999999995,4.4691355999999995,4.5666894,4.6642432,4.761797,4.8593508,4.9569046,5.0544584,5.1520122,5.249566
SF11C46880012282050980,4,,2019-05-18T04:00:00-0400,0.005701,0.005701,0.002759,0.001056,0.008181670429,0.009654369852,0.080692854758,1.8540251175100002,0.004293132349,0.002719730462,0.0013558175210000001,0.0011013761900000002,0.019489911783,0.008181670429,0.009654369852,0.080692854758,1.8540251175100002,0.004293132349,0.002719730462,0.0013558175210000001,0.0011013761900000002,0.019489911783,0.0,0.0,0.0,0.0,0.0,0.0,0.0,0.0,0.0,0.0,0.0,0.0,0.0,0.0,0.0,0.0,0.0,0.0,0.987461,2508262.3005797393,3.29849,3.36315255,3.4278151,3.49247765,3.5571402,3.62180275,3.6864653,3.75112785,3.8157904,3.88045295,3.9451155,4.0097780499999995,4.0744406,4.13910315,4.2037657,4.2684282499999995,4.3330908,4.39775335,4.4624159,4.527078449999999,4.591741
SF11C46880012282050980,5,,2019-05-18T05:00:00-0400,0.005701,0.005701,0.00258,0.001162,0.008181670429,0.009654369852,0.080692854758,1.8540251175100002,0.004293132349,0.002719730462,0.0013558175210000001,0.0011013761900000002,0.019489911783,0.008181670429,0.009654369852,0.080692854758,1.8540251175100002,0.004293132349,0.002719730462,0.0013558175210000001,0.0011013761900000002,0.019489911783,0.0,0.0,0.0,0.0,0.0,0.0,0.0,0.0,0.0,0.0,0.0,0.0,0.0,0.0,0.0,0.0,0.0,0.0,0.98955,2508262.3005797393,3.29849,3.3393623000000003,3.3802346,3.4211069,3.4619792,3.5028515000000002,3.5437238,3.5845960999999997,3.6254684,3.6663407,3.707213,3.7480852999999996,3.7889576,3.8298299,3.8707021999999998,3.9115744999999995,3.9524467999999997,3.9933191,4.034191399999999,4.075063699999999,4.115936
SF11C46880012282050980,6,,2019-05-18T06:00:00-0400,0.005701,0.005701,0.002457,0.001251,0.008181670429,0.009654369852,0.080692854758,1.8540251175100002,0.004293132349,0.002719730462,0.0013558175210000001,0.0011013761900000002,0.019489911783,0.008181670429,0.009654369852,0.080692854758,1.8540251175100002,0.004293132349,0.002719730462,0.0013558175210000001,0.0011013761900000002,0.019489911783,0.0,0.0,0.0,0.0,0.0,0.0,0.0,0.0,0.0,0.0,0.0,0.0,0.0,0.0,0.0,0.0,0.0,0.0,0.991043,2508262.3005797393,3.29849,3.3211818,3.3438736000000002,3.3665654000000003,3.3892572000000003,3.411949,3.4346408,3.4573326,3.4800244,3.5027162,3.525408,3.5480998,3.5707916,3.5934834,3.6161752000000003,3.6388670000000003,3.6615588,3.6842506,3.7069424,3.7296342,3.752326
SF11C46880012282050980,7,,2019-05-18T07:00:00-0400,0.005701,0.005701,0.002372,0.001329,0.008181670429,0.009654369852,0.080692854758,1.8540251175100002,0.004293132349,0.002719730462,0.0013558175210000001,0.0011013761900000002,0.019489911783,0.008181670429,0.009654369852,0.080692854758,1.8540251175100002,0.004293132349,0.002719730462,0.0013558175210000001,0.0011013761900000002,0.019489911783,0.0,0.0,0.0,0.0,0.0,0.0,0.0,0.0,0.0,0.0,0.0,0.0,0.0,0.0,0.0,0.0,0.0,0.0,0.992163,2508262.3005797393,3.29849,3.3067366000000002,3.3149832000000004,3.3232298,3.3314764,3.339723,3.3479696,3.3562162,3.3644628,3.3727094,3.3809560000000003,3.3892026,3.3974492,3.4056958,3.4139424,3.422189,3.4304356,3.4386822,3.4469288000000002,3.4551754,3.463422
SF11C46880012282050980,8,,2019-05-18T08:00:00-0400,0.005701,0.005701,0.002186,0.001388,0.008181670429,0.009654369852,0.080692854758,1.8540251175100002,0.004293132349,0.002719730462,0.0013558175210000001,0.0011013761900000002,0.019489911783,0.008181670429,0.009654369852,0.080692854758,1.8540251175100002,0.004293132349,0.002719730462,0.0013558175210000001,0.0011013761900000002,0.019489911783,0.0,0.0,0.0,0.0,0.0,0.0,0.0,0.0,0.0,0.0,0.0,0.0,0.0,0.0,0.0,0.0,0.0,0.0,0.993034,2508262.3005797393,3.29849,3.4634145000000003,3.628339,3.7932635,3.9581880000000003,4.1231125,4.288037,4.452961500000001,4.617886,4.7828105,4.947735,5.1126595,5.277584,5.442508500000001,5.607433,5.7723575,5.937282,6.1022065,6.267131,6.432055500000001,6.59698
SF11C46880012282050980,9,,2019-05-18T09:00:00-0400,0.005701,0.005701,0.00287,0.00149,0.008181670429,0.009654369852,0.080692854758,1.8540251175100002,0.004293132349,0.002719730462,0.0013558175210000001,0.0011013761900000002,0.019489911783,0.008181670429,0.009654369852,0.080692854758,1.8540251175100002,0.004293132349,0.002719730462,0.0013558175210000001,0.0011013761900000002,0.019489911783,0.0,0.0,0.0,0.0,0.0,0.0,0.0,0.0,0.0,0.0,0.0,0.0,0.0,0.0,0.0,0.0,0.0,0.0,0.99373,2508262.3005797393,3.29849,3.4634145000000003,3.628339,3.7932635,3.9581880000000003,4.1231125,4.288037,4.452961500000001,4.617886,4.7828105,4.947735,5.1126595,5.277584,5.442508500000001,5.607433,5.7723575,5.937282,6.1022065,6.267131,6.432055500000001,6.59698
SF11C46880012282050980,10,,2019-05-18T10:00:00-0400,0.020004,0.020002,0.012411,0.002246,0.028705450258,0.033872426904,0.283111468316,6.50486062102,0.015062486097999999,0.009542194124,0.004756895642,0.0038641863799999997,0.06838049736599999,0.028705450258,0.033872426904,0.283111468316,6.50486062102,0.015062486097999999,0.009542194124,0.004756895642,0.0038641863799999997,0.06838049736599999,0.0,0.0,0.0,0.0,0.0,0.0,0.0,0.0,0.0,0.0,0.0,0.0,0.0,0.0,0.0,0.0,0.0,0.0,0.963286,8801136.477950728,11.561966,11.9127337,12.263501399999999,12.6142691,12.9650368,13.3158045,13.666572200000001,14.0173399,14.3681076,14.7188753,15.069643,15.4204107,15.7711784,16.121946100000002,16.4727138,16.8234815,17.1742492,17.5250169,17.8757846,18.2265523,18.57732
SF11C46880012282050980,11,,2019-05-18T11:00:00-0400,0.040008,0.040005,0.029269,0.004114,0.057412335645,0.06774654726,0.5662370907900001,13.01004645255,0.030125725245,0.019084865309999997,0.009514029105,0.007728565949999999,0.136764413415,0.057412335645,0.06774654726,0.5662370907900001,13.01004645255,0.030125725245,0.019084865309999997,0.009514029105,0.007728565949999999,0.136764413415,0.0,0.0,0.0,0.0,0.0,0.0,0.0,0.0,0.0,0.0,0.0,0.0,0.0,0.0,0.0,0.0,0.0,0.0,0.88718,17602272.955901455,23.090512,24.6972583,26.3040046,27.9107509,29.5174972,31.1242435,32.7309898,34.3377361,35.9444824,37.551228699999996,39.15797499999999,40.7647213,42.3714676,43.9782139,45.5849602,47.191706499999995,48.79845279999999,50.4051991,52.011945399999995,53.6186917,55.225438
SF11C46880012282050980,12,,2019-05-18T12:00:00-0400,0.070014,0.070009,0.058404,0.007868,0.10047194616100001,0.118556881068,0.9909184474220001,22.76766259459,0.052720207441,0.033398633558,0.016649610389,0.013525038710000001,0.23933857814700002,0.10047194616100001,0.118556881068,0.9909184474220001,22.76766259459,0.052720207441,0.033398633558,0.016649610389,0.013525038710000001,0.23933857814700002,0.0,0.0,0.0,0.0,0.0,0.0,0.0,0.0,0.0,0.0,0.0,0.0,0.0,0.0,0.0,0.0,0.0,0.0,0.773532,30803977.67282755,40.320881,44.1730519,48.0252228,51.8773937,55.7295646,59.5817355,63.4339064,67.2860773,71.13824819999999,74.9904191,78.84259,82.6947609,86.5469318,90.3991027,94.25127359999999,98.1034445,101.9556154,105.8077863,109.6599572,113.5121281,117.364299
SF11C46880012282050980,13,,2019-05-18T13:00:00-0400,0.10002,0.100015,0.092587,0.013726,0.14353442693500001,0.16937060178000002,1.41562811237,32.525929157650005,0.07531619573500001,0.04771335593,0.023785667315,0.019321897850000002,0.341919580245,0.14353442693500001,0.16937060178000002,1.41562811237,32.525929157650005,0.07531619573500001,0.04771335593,0.023785667315,0.019321897850000002,0.341919580245,0.0,0.0,0.0,0.0,0.0,0.0,0.0,0.0,0.0,0.0,0.0,0.0,0.0,0.0,0.0,0.0,0.0,0.0,0.674221,44005682.38975364,57.476597,63.6434833,69.8103696,75.97725589999999,82.1441422,88.31102849999999,94.4779148,100.6448011,106.8116874,112.9785737,119.14546,125.3123463,131.4792326,137.64611889999998,143.8130052,149.9798915,156.1467778,162.31366409999998,168.4805504,174.64743670000001,180.814323
SF11C46880012282050980,14,,2019-05-18T14:00:00-0400,0.130026,0.130021,0.130525,0.021803,0.186596907709,0.22018432249199998,1.840337777318,42.28419572071,0.097912184029,0.062028078301999995,0.030921724241,0.02511875699,0.444500582343,0.186596907709,0.22018432249199998,1.840337777318,42.28419572071,0.097912184029,0.062028078301999995,0.030921724241,0.02511875699,0.444500582343,0.0,0.0,0.0,0.0,0.0,0.0,0.0,0.0,0.0,0.0,0.0,0.0,0.0,0.0,0.0,0.0,0.0,0.0,0.703836,57207387.10667973,74.557984,80.82404355,87.09010310000001,93.35616265,99.62222220000001,105.88828175,112.1543413,118.42040085,124.6864604,130.95251995,137.2185795,143.48463905,149.7506986,156.01675815,162.2828177,168.54887725,174.8149368,181.08099635,187.3470559,193.61311545,199.879175
SF11C46880012282050980,15,,2019-05-18T15:00:00-0400,0.160032,0.160027,0.170708,0.032099,0.22965938848300002,0.270998043204,2.2650474422660003,52.04246228377,0.120508172323,0.076342800674,0.038057781167,0.03091561613,0.5470815844410001,0.22965938848300002,0.270998043204,2.2650474422660003,52.04246228377,0.120508172323,0.076342800674,0.038057781167,0.03091561613,0.5470815844410001,0.0,0.0,0.0,0.0,0.0,0.0,0.0,0.0,0.0,0.0,0.0,0.0,0.0,0.0,0.0,0.0,0.0,0.0,0.736568,70409091.82360582,91.565365,97.5389147,103.5124644,109.4860141,115.4595638,121.4331135,127.4066632,133.3802129,139.3537626,145.32731230000002,151.300862,157.2744117,163.2479614,169.2215111,175.19506080000002,181.1686105,187.1421602,193.1157099,199.0892596,205.06280930000003,211.036359
SF11C46880012282050980,16,,2019-05-18T16:00:00-0400,0.170034,0.170032,0.189207,0.042963,0.244017854128,0.287941030464,2.406659793056,55.296193436319996,0.128042427568,0.08111580598399999,0.040437180271999995,0.03284848208,0.581285507856,0.244017854128,0.287941030464,2.406659793056,55.296193436319996,0.128042427568,0.08111580598399999,0.040437180271999995,0.03284848208,0.581285507856,0.0,0.0,0.0,0.0,0.0,0.0,0.0,0.0,0.0,0.0,0.0,0.0,0.0,0.0,0.0,0.0,0.0,0.0,0.783801,74809660.06258118,97.218101,102.07660985000001,106.9351187,111.79362755000001,116.6521364,121.51064525000001,126.3691541,131.22766295000002,136.08617180000002,140.94468065,145.8031895,150.66169835,155.52020720000002,160.37871605,165.2372249,170.09573375000002,174.95424260000001,179.81275145,184.67126030000003,189.52976915000002,194.388278
SF11C46880012282050980,17,,2019-05-18T17:00:00-0400,0.120024,0.120032,0.13693,0.049461,0.172261404128,0.203268430464,1.6989518930560001,39.03566793632,0.09038997756799999,0.057262705984,0.028546130272000002,0.02318898208,0.410351357856,0.172261404128,0.203268430464,1.6989518930560001,39.03566793632,0.09038997756799999,0.057262705984,0.028546130272000002,0.02318898208,0.410351357856,0.0,0.0,0.0,0.0,0.0,0.0,0.0,0.0,0.0,0.0,0.0,0.0,0.0,0.0,0.0,0.0,0.0,0.0,0.868512,52806818.86770437,68.872427,71.28101875,73.6896105,76.09820225,78.506794,80.91538575,83.3239775,85.73256925000001,88.14116100000001,90.54975275000001,92.95834450000001,95.36693625000001,97.77552800000001,100.18411975000001,102.59271150000001,105.00130325,107.409895,109.81848675,112.2270785,114.63567025,117.044262
SF11C46880012282050980,18,,2019-05-18T18:00:00-0400,0.070014,0.070022,0.080537,0.05161,0.10049060283800001,0.11857889594399999,0.9911024514760001,22.77189033122,0.052729997077999996,0.033404835364,0.016652702062,0.01352755018,0.239383021026,0.10049060283800001,0.11857889594399999,0.9911024514760001,22.77189033122,0.052729997077999996,0.033404835364,0.016652702062,0.01352755018,0.239383021026,0.0,0.0,0.0,0.0,0.0,0.0,0.0,0.0,0.0,0.0,0.0,0.0,0.0,0.0,0.0,0.0,0.0,0.0,0.929029,30803977.67282755,40.320881,41.2303387,42.1397964,43.0492541,43.9587118,44.8681695,45.7776272,46.6870849,47.5965426,48.506000300000004,49.415458,50.324915700000005,51.2343734,52.1438311,53.053288800000004,53.9627465,54.8722042,55.7816619,56.69111960000001,57.6005773,58.510035
SF11C46880012282050980,19,,2019-05-18T19:00:00-0400,0.040008,0.040013,0.045643,0.051197,0.05742381667700001,0.067760094876,0.566350324054,13.01264813663,0.030131749636999997,0.019088681806,0.009515931673,0.00773011147,0.136791762879,0.05742381667700001,0.067760094876,0.566350324054,13.01264813663,0.030131749636999997,0.019088681806,0.009515931673,0.00773011147,0.136791762879,0.0,0.0,0.0,0.0,0.0,0.0,0.0,0.0,0.0,0.0,0.0,0.0,0.0,0.0,0.0,0.0,0.0,0.0,0.975231,17602272.955901455,23.090512,24.2450376,25.3995632,26.5540888,27.708614400000002,28.86314,30.0176656,31.1721912,32.3267168,33.4812424,34.635768,35.7902936,36.9448192,38.0993448,39.2538704,40.408395999999996,41.562921599999996,42.717447199999995,43.871972799999995,45.026498399999994,46.181023999999994
SF11C46880012282050980,20,,2019-05-18T20:00:00-0400,0.005701,0.005707,0.006344,0.048096,0.008190281203000001,0.009664530564,0.080777779706,1.85597638057,0.004297650643,0.002722592834,0.001357244447,0.00110253533,0.019510423881,0.008190281203000001,0.009664530564,0.080777779706,1.85597638057,0.004297650643,0.002722592834,0.001357244447,0.00110253533,0.019510423881,0.0,0.0,0.0,0.0,0.0,0.0,0.0,0.0,0.0,0.0,0.0,0.0,0.0,0.0,0.0,0.0,0.0,0.0,0.998542,2508262.3005797393,3.29849,3.4634145000000003,3.628339,3.7932635,3.9581880000000003,4.1231125,4.288037,4.452961500000001,4.617886,4.7828105,4.947735,5.1126595,5.277584,5.442508500000001,5.607433,5.7723575,5.937282,6.1022065,6.267131,6.432055500000001,6.59698
SF11C46880012282050980,21,,2019-05-18T21:00:00-0400,0.005701,0.005701,0.006081,0.04519,0.008181670429,0.009654369852,0.080692854758,1.8540251175100002,0.004293132349,0.002719730462,0.0013558175210000001,0.0011013761900000002,0.019489911783,0.008181670429,0.009654369852,0.080692854758,1.8540251175100002,0.004293132349,0.002719730462,0.0013558175210000001,0.0011013761900000002,0.019489911783,0.0,0.0,0.0,0.0,0.0,0.0,0.0,0.0,0.0,0.0,0.0,0.0,0.0,0.0,0.0,0.0,0.0,0.0,0.999638,2508262.3005797393,3.29849,3.4634145000000003,3.628339,3.7932635,3.9581880000000003,4.1231125,4.288037,4.452961500000001,4.617886,4.7828105,4.947735,5.1126595,5.277584,5.442508500000001,5.607433,5.7723575,5.937282,6.1022065,6.267131,6.432055500000001,6.59698
SF11C46880012282050980,22,,2019-05-18T22:00:00-0400,0.005701,0.005701,0.005723,0.042461,0.008181670429,0.009654369852,0.080692854758,1.8540251175100002,0.004293132349,0.002719730462,0.0013558175210000001,0.0011013761900000002,0.019489911783,0.008181670429,0.009654369852,0.080692854758,1.8540251175100002,0.004293132349,0.002719730462,0.0013558175210000001,0.0011013761900000002,0.019489911783,0.0,0.0,0.0,0.0,0.0,0.0,0.0,0.0,0.0,0.0,0.0,0.0,0.0,0.0,0.0,0.0,0.0,0.0,0.999641,2508262.3005797393,3.29849,3.4634145000000003,3.628339,3.7932635,3.9581880000000003,4.1231125,4.288037,4.452961500000001,4.617886,4.7828105,4.947735,5.1126595,5.277584,5.442508500000001,5.607433,5.7723575,5.937282,6.1022065,6.267131,6.432055500000001,6.59698
SF11C46880012282050980,23,,2019-05-18T23:00:00-0400,0.005701,0.005701,0.005277,0.03989,0.008181670429,0.009654369852,0.080692854758,1.8540251175100002,0.004293132349,0.002719730462,0.0013558175210000001,0.0011013761900000002,0.019489911783,0.008181670429,0.009654369852,0.080692854758,1.8540251175100002,0.004293132349,0.002719730462,0.0013558175210000001,0.0011013761900000002,0.019489911783,0.0,0.0,0.0,0.0,0.0,0.0,0.0,0.0,0.0,0.0,0.0,0.0,0.0,0.0,0.0,0.0,0.0,0.0,0.999643,2508262.3005797393,3.29849,3.4634145000000003,3.628339,3.7932635,3.9581880000000003,4.1231125,4.288037,4.452961500000001,4.617886,4.7828105,4.947735,5.1126595,5.277584,5.442508500000001,5.607433,5.7723575,5.937282,6.1022065,6.267131,6.432055500000001,6.59698
SF11C46880112282050980,0,,2019-05-18T00:00:00-0400,0.005701,0.005701,0.004403,0.000304,0.017323231456000003,0.020441410771,0.173443813513,3.7919858626500003,0.009154078009,0.005498745953,0.002907499218,0.0022611866070000003,0.041795310472000004,0.016388100301000002,0.019337957329,0.161629877645,3.7136603496780003,0.008599251576,0.005447693168,0.002715739762,0.002206087465,0.039038794710000005,0.0009351311549999999,0.0011034534419999999,0.011813935868,0.078325512972,0.000554826433,5.105278499999999e-05,0.000191759456,5.5099142000000004e-05,0.0027565157619999997,0.0,0.0,0.0,0.0,0.0,0.0,0.0,0.0,0.0,0.882788,6260845.286060717,12.319086,12.94849625,13.577906500000001,14.20731675,14.836727,15.466137250000001,16.095547500000002,16.72495775,17.354368,17.98377825,18.6131885,19.24259875,19.872009000000002,20.50141925,21.1308295,21.760239750000004,22.389650000000003,23.019060250000003,23.648470500000002,24.27788075,24.907291
SF11C46880112282050980,1,,2019-05-18T01:00:00-0400,0.005701,0.005701,0.003775,0.000544,0.017189853676,0.020284025179,0.171758791545,3.7808142927780004,0.009074943101,0.005491464293,0.002880148562,0.002253327815,0.041402148560000004,0.016388100301000002,0.019337957329,0.161629877645,3.7136603496780003,0.008599251576,0.005447693168,0.002715739762,0.002206087465,0.039038794710000005,0.000801753375,0.00094606785,0.0101289139,0.0671539431,0.00047569152500000005,4.3771125e-05,0.0001644088,4.7240350000000006e-05,0.00236335385,0.0,0.0,0.0,0.0,0.0,0.0,0.0,0.0,0.0,0.882788,6260845.286060717,12.319086,13.0385231,13.7579602,14.4773973,15.1968344,15.9162715,16.6357086,17.3551457,18.0745828,18.794019900000002,19.513457,20.2328941,20.9523312,21.6717683,22.391205399999997,23.110642499999997,23.830079599999998,24.549516699999998,25.2689538,25.9883909,26.707828
SF11C46880112282050980,2,,2019-05-18T02:00:00-0400,0.005701,0.005701,0.003325,0.000737,0.017094280426000003,0.020171248879,0.170551371345,3.7728091869780003,0.009018238151,0.005486246543,0.002860550162,0.002247696515,0.04112042426,0.016388100301000002,0.019337957329,0.161629877645,3.7136603496780003,0.008599251576,0.005447693168,0.002715739762,0.002206087465,0.039038794710000005,0.000706180125,0.00083329155,0.0089214937,0.0591488373,0.000418986575,3.8553374999999994e-05,0.0001448104,4.160905e-05,0.0020816295499999997,0.0,0.0,0.0,0.0,0.0,0.0,0.0,0.0,0.0,0.921859,6260845.286060717,12.319086,12.74979255,13.1804991,13.61120565,14.0419122,14.47261875,14.903325299999999,15.334031849999999,15.764738399999999,16.19544495,16.6261515,17.05685805,17.4875646,17.91827115,18.3489777,18.77968425,19.2103908,19.64109735,20.0718039,20.50251045,20.933217
SF11C46880112282050980,3,,2019-05-18T03:00:00-0400,0.005701,0.005701,0.003003,0.000893,0.017025892456000002,0.020090551171,0.16968739511300002,3.7670810890500004,0.008977662609,0.005482512953,0.002846526418,0.002243667007,0.04091883487200001,0.016388100301000002,0.019337957329,0.161629877645,3.7136603496780003,0.008599251576,0.005447693168,0.002715739762,0.002206087465,0.039038794710000005,0.000637792155,0.000752593842,0.008057517468,0.053420739372,0.000378411033,3.4819785e-05,0.000130786656,3.7579542e-05,0.001880040162,0.0,0.0,0.0,0.0,0.0,0.0,0.0,0.0,0.0,0.941394,6260845.286060717,12.319086,12.5836474,12.8482088,13.1127702,13.3773316,13.641893,13.9064544,14.1710158,14.4355772,14.700138599999999,14.9647,15.2292614,15.4938228,15.7583842,16.0229456,16.287506999999998,16.5520684,16.8166298,17.0811912,17.345752599999997,17.610314
SF11C46880112282050980,4,,2019-05-18T04:00:00-0400,0.005701,0.005701,0.002771,0.001023,0.016976619136,0.020032408723,0.16906490292100002,3.7629540122820004,0.008948428057,0.005479822913,0.002836422354,0.0022407637590000002,0.04077359034400001,0.016388100301000002,0.019337957329,0.161629877645,3.7136603496780003,0.008599251576,0.005447693168,0.002715739762,0.002206087465,0.039038794710000005,0.000588518835,0.0006944513940000001,0.007435025275999999,0.049293662604000005,0.00034917648100000006,3.2129745e-05,0.000120682592,3.4676294e-05,0.001734795634,0.0,0.0,0.0,0.0,0.0,0.0,0.0,0.0,0.0,0.953115,6260845.286060717,12.319086,12.4731748,12.627263600000001,12.781352400000001,12.9354412,13.08953,13.2436188,13.3977076,13.5517964,13.7058852,13.859974000000001,14.0140628,14.1681516,14.3222404,14.4763292,14.630418,14.784506799999999,14.9385956,15.0926844,15.2467732,15.400862
SF11C46880112282050980,5,,2019-05-18T05:00:00-0400,0.005701,0.005701,0.002606,0.001133,0.016941575611,0.019991057413000002,0.168622182181,3.7600188068220004,0.008927636241999999,0.005477909738,0.002829236274,0.002238698949,0.04067029143400001,0.016388100301000002,0.019337957329,0.161629877645,3.7136603496780003,0.008599251576,0.005447693168,0.002715739762,0.002206087465,0.039038794710000005,0.00055347531,0.000653100084,0.006992304535999999,0.046358457144,0.00032838466600000003,3.0216569999999996e-05,0.000113496512,3.2611484e-05,0.0016314967239999998,0.0,0.0,0.0,0.0,0.0,0.0,0.0,0.0,0.0,0.960929,6260845.286060717,12.319086,12.3932956,12.4675052,12.541714800000001,12.6159244,12.690134,12.7643436,12.8385532,12.912762800000001,12.9869724,13.061182,13.1353916,13.2096012,13.283810800000001,13.358020400000001,13.43223,13.5064396,13.5806492,13.654858800000001,13.729068400000001,13.803278
SF11C46880112282050980,6,,2019-05-18T06:00:00-0400,0.005701,0.005701,0.002487,0.001226,0.016916301796000004,0.019961234347,0.168302886617,3.7579019010660004,0.008912640933,0.005476529933,0.002824053586,0.0022372097830000003,0.040595791008,0.016388100301000002,0.019337957329,0.161629877645,3.7136603496780003,0.008599251576,0.005447693168,0.002715739762,0.002206087465,0.039038794710000005,0.000528201495,0.000623277018,0.006673008972,0.044241551388000004,0.00031338935700000005,2.8836765e-05,0.000108313824,3.1122318e-05,0.001556996298,0.0,0.0,0.0,0.0,0.0,0.0,0.0,0.0,0.0,0.966511,6260845.286060717,12.319086,12.3322687,12.3454514,12.3586341,12.3718168,12.3849995,12.3981822,12.4113649,12.4245476,12.4377303,12.450913,12.4640957,12.4772784,12.4904611,12.503643799999999,12.5168265,12.5300092,12.5431919,12.5563746,12.5695573,12.58274
SF11C46880112282050980,7,,2019-05-18T07:00:00-0400,0.005701,0.005701,0.002402,0.001308,0.016898249071,0.019939932157,0.168074818357,3.7563898255260004,0.008901929998,0.005475544358,0.002820351666,0.002236146093,0.040542576418000006,0.016388100301000002,0.019337957329,0.161629877645,3.7136603496780003,0.008599251576,0.005447693168,0.002715739762,0.002206087465,0.039038794710000005,0.0005101487699999999,0.0006019748280000001,0.0064449407119999995,0.042729475848000006,0.000302678422,2.7851189999999998e-05,0.000104611904,3.0058628000000004e-05,0.001503781708,0.0,0.0,0.0,0.0,0.0,0.0,0.0,0.0,0.0,0.970697,6260845.286060717,12.319086,12.9350403,13.550994600000001,14.166948900000001,14.7829032,15.398857500000002,16.0148118,16.630766100000002,17.2467204,17.8626747,18.478629,19.0945833,19.710537600000002,20.3264919,20.9424462,21.5584005,22.174354800000003,22.7903091,23.4062634,24.022217700000002,24.638172000000004
SF11C46880112282050980,8,,2019-05-18T08:00:00-0400,0.005701,0.005701,0.002187,0.001368,0.016852586296,0.019886050147,0.167497939817,3.7525651638660005,0.008874837633,0.005473051433,0.002810987986,0.002233455583,0.040407974808000006,0.016388100301000002,0.019337957329,0.161629877645,3.7136603496780003,0.008599251576,0.005447693168,0.002715739762,0.002206087465,0.039038794710000005,0.00046448599500000003,0.000548092818,0.0058680621720000005,0.03890481418800001,0.00027558605700000007,2.5358265000000002e-05,9.5248224e-05,2.7368118000000002e-05,0.001369180098,0.0,0.0,0.0,0.0,0.0,0.0,0.0,0.0,0.0,0.973953,6260845.286060717,12.319086,12.9350403,13.550994600000001,14.166948900000001,14.7829032,15.398857500000002,16.0148118,16.630766100000002,17.2467204,17.8626747,18.478629,19.0945833,19.710537600000002,20.3264919,20.9424462,21.5584005,22.174354800000003,22.7903091,23.4062634,24.022217700000002,24.638172000000004
SF11C46880112282050980,9,,2019-05-18T09:00:00-0400,0.005701,0.005701,0.002871,0.001472,0.016997857636,0.020057470123,0.169333218521,3.7647329246820003,0.008961029157,0.005480982413,0.002840777554,0.002242015159,0.040836195744000006,0.016388100301000002,0.019337957329,0.161629877645,3.7136603496780003,0.008599251576,0.005447693168,0.002715739762,0.002206087465,0.039038794710000005,0.0006097573349999999,0.0007195127939999999,0.0077033408759999995,0.051072575004000004,0.00036177758100000004,3.3289244999999996e-05,0.000125037792,3.5927694e-05,0.001797401034,0.0,0.0,0.0,0.0,0.0,0.0,0.0,0.0,0.0,0.976558,6260845.286060717,12.319086,12.9350403,13.550994600000001,14.166948900000001,14.7829032,15.398857500000002,16.0148118,16.630766100000002,17.2467204,17.8626747,18.478629,19.0945833,19.710537600000002,20.3264919,20.9424462,21.5584005,22.174354800000003,22.7903091,23.4062634,24.022217700000002,24.638172000000004
SF11C46880112282050980,10,,2019-05-18T10:00:00-0400,0.020004,0.020003,0.012417,0.002229,0.060137828348,0.07096263012500001,0.600424701487,13.250943327942,0.031736723715,0.019258201819,0.01006945427,0.007895847233,0.14474845564799999,0.057500643803000004,0.067850756087,0.567107953435,13.030055775234,0.030172045127999998,0.019114226704,0.009528669086,0.007740460895,0.13697474313,0.002637184545,0.003111874038,0.033316748051999995,0.220887552708,0.001564678587,0.000143975115,0.0005407851839999999,0.000155386338,0.007773712517999999,0.0,0.0,0.0,0.0,0.0,0.0,0.0,0.0,0.0,0.862727,21968417.66398151,43.059185,44.02357665,44.9879683,45.95235995,46.9167516,47.88114325,48.8455349,49.80992655,50.774318199999996,51.73870985,52.7031015,53.66749315,54.631884799999995,55.59627645,56.5606681,57.52505975,58.4894514,59.45384305,60.4182347,61.382626349999995,62.347018
SF11C46880112282050980,11,,2019-05-18T11:00:00-0400,0.040008,0.040007,0.029285,0.0041,0.12122385693200001,0.143044135193,1.212820481475,26.581717451886,0.06403583076700001,0.038568968551000005,0.020333234854,0.015847781245,0.29229032536,0.11500416220700001,0.135704904203,1.134244258015,26.060762955546,0.060345598632,0.038229408976,0.019057814534,0.015481308755000001,0.27395633397,0.006219694725,0.00733923099,0.07857622346,0.52095449634,0.003690232135,0.00033955957499999994,0.00127542032,0.00036647249,0.01833399139,0.0,0.0,0.0,0.0,0.0,0.0,0.0,0.0,0.0,0.67521,43936835.32796302,85.654847,89.2976518,92.9404566,96.5832614,100.2260662,103.868871,107.5116758,111.1544806,114.79728539999999,118.4400902,122.08289500000001,125.7256998,129.3685046,133.0113094,136.65411419999998,140.296919,143.9397238,147.5825286,151.2253334,154.86813819999998,158.510943
SF11C46880112282050980,12,,2019-05-18T12:00:00-0400,0.070014,0.070013,0.058436,0.007857,0.21367036967300004,0.25213100608100003,2.141741618901,46.64634897607801,0.112969507684,0.067579747804,0.035896537378000005,0.027823848649,0.516012811774,0.20125943981300004,0.237486126377,1.984948714885,45.60682372601401,0.10560592888800001,0.066902182384,0.033351532706000005,0.027092580545,0.47942872023000005,0.01241092986,0.014644879704,0.156792904016,1.039525250064,0.007363578796000001,0.00067756542,0.002545004672,0.0007312681040000001,0.036584091544000004,0.0,0.0,0.0,0.0,0.0,0.0,0.0,0.0,0.0,0.644382,76889461.82393529,148.690134,152.9688373,157.2475406,161.5262439,165.8049472,170.0836505,174.3623538,178.64105709999998,182.9197604,187.1984637,191.477167,195.7558703,200.0345736,204.3132769,208.5919802,212.87068349999998,217.1493868,221.4280901,225.70679339999998,229.9854967,234.2642
SF11C46880112282050980,13,,2019-05-18T13:00:00-0400,0.10002,0.100019,0.092637,0.01372,0.307189426664,0.362483477669,3.084212694127,66.80081557647,0.16253954015099997,0.09664908180699999,0.051679777502,0.039863111752999995,0.742896870888,0.28751471741900003,0.339267348551,2.8356531717549998,65.152884496482,0.15086625914399998,0.095574955792,0.047645250878,0.038703852335,0.68490110649,0.019674709244999998,0.023216129118,0.248559522372,1.647931079988,0.011673281007,0.0010741260149999998,0.004034526624,0.001159259418,0.057995764398,0.0,0.0,0.0,0.0,0.0,0.0,0.0,0.0,0.0,0.668988,109842088.31990753,210.710322,214.07775225,217.4451825,220.81261275,224.18004299999998,227.54747325,230.91490349999998,234.28233375,237.64976399999998,241.01719425,244.38462449999997,247.75205474999999,251.119485,254.48691524999998,257.85434549999997,261.22177575,264.589206,267.95663625,271.32406649999996,274.69149675,278.058927
SF11C46880112282050980,14,,2019-05-18T14:00:00-0400,0.130026,0.130025,0.130595,0.021801,0.40150641410000004,0.47377750605499996,4.036764386444999,87.02211591573001,0.212582995945,0.12576197822500002,0.06762664249,0.051949389955,0.97213301488,0.373769995025,0.441048570725,3.6863576286249997,84.69894526695,0.1961265894,0.1242477292,0.06193896905,0.050315124125,0.89037349275,0.027736419074999998,0.03272893533,0.35040675781999997,2.32317064878,0.016456406545,0.0015142490249999997,0.00568767344,0.00163426583,0.08175952213,0.0,0.0,0.0,0.0,0.0,0.0,0.0,0.0,0.0,0.703836,142794714.8158798,271.731758,273.372858,275.013958,276.655058,278.296158,279.93725800000004,281.57835800000004,283.21945800000003,284.860558,286.501658,288.142758,289.783858,291.424958,293.066058,294.707158,296.348258,297.98935800000004,299.63045800000003,301.271558,302.912658,304.553758
SF11C46880112282050980,15,,2019-05-18T15:00:00-0400,0.160032,0.160031,0.1708,0.032104,0.49630063063100005,0.585634664099,4.995345130295,107.28338841661801,0.26290959845600004,0.154900928608,0.083671368822,0.064063787115,1.20277590221,0.46002527263100007,0.542829792899,4.537062085495,104.24500603741801,0.241386919656,0.152920502608,0.07623268722200001,0.061926395915,1.09584587901,0.036275358,0.042804871200000004,0.4582830448,3.0383823792,0.021522678800000004,0.001980426,0.0074386816,0.0021373912000000003,0.1069300232,0.0,0.0,0.0,0.0,0.0,0.0,0.0,0.0,0.0,0.736568,175747341.31185207,331.770526,348.35905230000003,364.94757860000004,381.53610490000005,398.1246312,414.7131575,431.30168380000003,447.89021010000005,464.4787364,481.0672627,497.655789,514.2443153,530.8328416,547.4213679000001,564.0098942000001,580.5984205,597.1869468,613.7754731,630.3639994,646.9525257,663.541052
SF11C46880112282050980,16,,2019-05-18T16:00:00-0400,0.170034,0.170034,0.189309,0.042975,0.528986298399,0.6242037447119999,5.3286041681339995,114.128652307968,0.280330221183,0.164674087167,0.089242521876,0.06816621963599999,1.282861178826,0.488779906434,0.5767602589859999,4.82065858893,110.761011032652,0.256475204784,0.162479049312,0.080997736308,0.06579720681,1.16434352214,0.040206391965,0.047443485726000004,0.507945579204,3.367641275316,0.023855016399000003,0.002195037855,0.008244785568,0.0023690128260000004,0.118517656686,0.0,0.0,0.0,0.0,0.0,0.0,0.0,0.0,0.0,0.72033,186731550.1438428,351.56782,369.146211,386.724602,404.302993,421.88138399999997,439.459775,457.038166,474.616557,492.19494799999995,509.77333899999996,527.35173,544.930121,562.508512,580.086903,597.665294,615.2436849999999,632.8220759999999,650.4004669999999,667.978858,685.557249,703.13564
SF11C46880112282050980,17,,2019-05-18T17:00:00-0400,0.120024,0.120026,0.137003,0.049477,0.374124241781,0.441466542596,3.7704749512379996,80.6227092474,0.19830822280899998,0.11628155455299999,0.063142580068,0.048160316631999996,0.9076745166219999,0.345026859626,0.407131672754,3.4028745297699996,78.185545892028,0.18104433777599999,0.11469300476799998,0.057175825411999996,0.04644586109,0.82190324046,0.029097382155,0.034334869842,0.36760042146800004,2.4371633553720002,0.017263885033,0.001588549785,0.005966754656,0.0017144555420000004,0.085771276162,0.0,0.0,0.0,0.0,0.0,0.0,0.0,0.0,0.0,0.802586,131810505.98388904,251.501254,264.0763167,276.6513794,289.2264421,301.8015048,314.37656749999996,326.95163019999995,339.5266929,352.1017556,364.6768183,377.251881,389.8269437,402.4020064,414.9770691,427.5521318,440.1271945,452.70225719999996,465.27731989999995,477.8523826,490.4274453,503.00250800000003
SF11C46880112282050980,18,,2019-05-18T18:00:00-0400,0.070014,0.070016,0.08058,0.051627,0.218382046916,0.25769077858399997,2.2012424788,47.042225553168,0.11576442039599999,0.06783937418799998,0.036862381952,0.02810211956,0.52989669468,0.201268063616,0.23749630246399997,1.98503376832,45.608777941248,0.10561045401599999,0.06690504908799999,0.033352961792,0.02709374144,0.47944926336,0.0171139833,0.02019447612,0.21620871047999998,1.4334476119200001,0.01015396638,0.0009343251,0.00350942016,0.00100837812,0.05044743132,0.0,0.0,0.0,0.0,0.0,0.0,0.0,0.0,0.0,0.884842,76889461.82393529,148.690134,156.1246407,163.5591474,170.99365410000001,178.4281608,185.8626675,193.2971742,200.73168090000001,208.1661876,215.6006943,223.035201,230.46970770000001,237.9042144,245.3387211,252.7732278,260.2077345,267.6422412,275.0767479,282.51125460000003,289.9457613,297.380268
SF11C46880112282050980,19,,2019-05-18T19:00:00-0400,0.040008,0.040009,0.045668,0.051215,0.12470910958900003,0.14715672841299998,1.256835328513,26.874459480534004,0.066103285732,0.038760840572,0.021047699994,0.016053572037000002,0.30256066346200006,0.11500991140900002,0.135711688261,1.134300960305,26.062065765702002,0.060348615384,0.038231320112,0.019058767258,0.015482082685,0.27397002939000004,0.00969919818,0.011445040152,0.122534368208,0.8123937148320001,0.005754670348,0.00052952046,0.001988932736,0.000571489352,0.028590634072,0.0,0.0,0.0,0.0,0.0,0.0,0.0,0.0,0.0,0.934195,43936835.32796302,85.654847,89.93758935000001,94.2203317,98.50307405000001,102.7858164,107.06855875000001,111.3513011,115.63404345000001,119.91678580000001,124.19952815,128.4822705,132.76501285,137.0477552,141.33049755000002,145.6132399,149.89598225,154.1787246,158.46146695000002,162.74420930000002,167.02695165,171.309694
SF11C46880112282050980,20,,2019-05-18T20:00:00-0400,0.005701,0.005702,0.006347,0.048113,0.017738982497,0.020931996416,0.17868821992199996,3.827219324784,0.009400551769,0.005522242200999999,0.002992640668,0.002285900788,0.043019207158,0.016390974902,0.019341349358,0.16165822878999997,3.714311754756,0.008600759952,0.005448648735999999,0.002716216124,0.00220647443,0.03904564242,0.001348007595,0.0015906470580000001,0.017029991132,0.112907570028,0.0007997918170000001,7.3593465e-05,0.000276424544,7.942635800000001e-05,0.003973564738,0.0,0.0,0.0,0.0,0.0,0.0,0.0,0.0,0.0,0.990724,6260845.286060717,12.319086,12.9350403,13.550994600000001,14.166948900000001,14.7829032,15.398857500000002,16.0148118,16.630766100000002,17.2467204,17.8626747,18.478629,19.0945833,19.710537600000002,20.3264919,20.9424462,21.5584005,22.174354800000003,22.7903091,23.4062634,24.022217700000002,24.638172000000004
SF11C46880112282050980,21,,2019-05-18T21:00:00-0400,0.005701,0.005701,0.006085,0.045207,0.017680463026,0.020862943519,0.177956881905,3.8219071692180004,0.009366028511,0.005518248743,0.002980753682,0.0022822351550000003,0.042848333300000006,0.016388100301000002,0.019337957329,0.161629877645,3.7136603496780003,0.008599251576,0.005447693168,0.002715739762,0.002206087465,0.039038794710000005,0.001292362725,0.00152498619,0.01632700426,0.10824681954000001,0.0007667769350000001,7.0555575e-05,0.00026501392,7.614769000000001e-05,0.00380953859,0.0,0.0,0.0,0.0,0.0,0.0,0.0,0.0,0.0,0.997686,6260845.286060717,12.319086,12.9350403,13.550994600000001,14.166948900000001,14.7829032,15.398857500000002,16.0148118,16.630766100000002,17.2467204,17.8626747,18.478629,19.0945833,19.710537600000002,20.3264919,20.9424462,21.5584005,22.174354800000003,22.7903091,23.4062634,24.022217700000002,24.638172000000004
SF11C46880112282050980,22,,2019-05-18T22:00:00-0400,0.005701,0.005701,0.005726,0.042477,0.017604216811000002,0.020772973093,0.176993628901,3.8155208737020003,0.009320790562,0.005514086138,0.0029651185139999998,0.0022777426290000002,0.042623579914,0.016388100301000002,0.019337957329,0.161629877645,3.7136603496780003,0.008599251576,0.005447693168,0.002715739762,0.002206087465,0.039038794710000005,0.00121611651,0.001435015764,0.015363751255999999,0.101860524024,0.000721538986,6.639297e-05,0.000249378752,7.165516400000001e-05,0.003584785204,0.0,0.0,0.0,0.0,0.0,0.0,0.0,0.0,0.0,0.997686,6260845.286060717,12.319086,12.9350403,13.550994600000001,14.166948900000001,14.7829032,15.398857500000002,16.0148118,16.630766100000002,17.2467204,17.8626747,18.478629,19.0945833,19.710537600000002,20.3264919,20.9424462,21.5584005,22.174354800000003,22.7903091,23.4062634,24.022217700000002,24.638172000000004
SF11C46880112282050980,23,,2019-05-18T23:00:00-0400,0.005701,0.005701,0.00528,0.039905,0.017509493101,0.020661199249,0.175796941325,3.8075869243980005,0.009264589656,0.005508914768000001,0.002945694322,0.002272161385,0.042344359830000004,0.016388100301000002,0.019337957329,0.161629877645,3.7136603496780003,0.008599251576,0.005447693168,0.002715739762,0.002206087465,0.039038794710000005,0.0011213928,0.00132324192,0.01416706368,0.09392657472,0.00066533808,6.122159999999999e-05,0.00022995456,6.607392e-05,0.00330556512,0.0,0.0,0.0,0.0,0.0,0.0,0.0,0.0,0.0,0.997686,6260845.286060717,12.319086,12.9350403,13.550994600000001,14.166948900000001,14.7829032,15.398857500000002,16.0148118,16.630766100000002,17.2467204,17.8626747,18.478629,19.0945833,19.710537600000002,20.3264919,20.9424462,21.5584005,22.174354800000003,22.7903091,23.4062634,24.022217700000002,24.638172000000004
SF11C46880212282050980,0,,2019-05-18T00:00:00-0500,0.005701,0.005701,0.004403,0.000304,0.006936717501,0.008185331185,0.086860197665,0.6209517970659999,0.004096477923,0.00045638023200000004,0.00141144255,0.00042989246599999995,0.020289509158000003,0.000279588442,0.00032991687,0.002757499587,0.063357162742,0.000146709534,9.294340300000001e-05,4.6332027000000003e-05,3.763800200000001e-05,0.000666025026,0.0066571290590000005,0.007855414315,0.084102698078,0.5575946343239999,0.003949768389,0.000363436829,0.001365110523,0.00039225446399999996,0.019623484132,0.0,0.0,0.0,0.0,0.0,0.0,0.0,0.0,0.0,0.808749,768551.2651903316,20.081134,21.0851907,22.089247399999998,23.093304099999997,24.097360799999997,25.101417499999997,26.1054742,27.1095309,28.1135876,29.1176443,30.121700999999998,31.1257577,32.1298144,33.1338711,34.1379278,35.1419845,36.1460412,37.1500979,38.1541546,39.1582113,40.162268
SF11C46880212282050980,1,,2019-05-18T01:00:00-0500,0.005701,0.005701,0.003775,0.000544,0.0059872110170000005,0.007064913245000001,0.074864627737,0.541422060442,0.0035331223590000004,0.00040454322800000006,0.001216736802,0.000373945202,0.017490611126000002,0.000279588442,0.00032991687,0.002757499587,0.063357162742,0.000146709534,9.294340300000001e-05,4.6332027000000003e-05,3.763800200000001e-05,0.000666025026,0.005707622575000001,0.006734996375000001,0.07210712815,0.4780648977,0.0033864128250000003,0.00031159982500000003,0.001170404775,0.0003363072,0.0168245861,0.0,0.0,0.0,0.0,0.0,0.0,0.0,0.0,0.0,0.808749,768551.2651903316,20.081134,21.0851907,22.089247399999998,23.093304099999997,24.097360799999997,25.101417499999997,26.1054742,27.1095309,28.1135876,29.1176443,30.121700999999998,31.1257577,32.1298144,33.1338711,34.1379278,35.1419845,36.1460412,37.1500979,38.1541546,39.1582113,40.162268
SF11C46880212282050980,2,,2019-05-18T02:00:00-0500,0.005701,0.005701,0.003325,0.000737,0.005306832167,0.006262065995000001,0.066269076037,0.484434191842,0.0031294440090000003,0.000367398878,0.001077218352,0.00033385560199999996,0.015485031326,0.000279588442,0.00032991687,0.002757499587,0.063357162742,0.000146709534,9.294340300000001e-05,4.6332027000000003e-05,3.763800200000001e-05,0.000666025026,0.005027243725,0.005932149125,0.06351157645,0.4210770291,0.002982734475,0.000274455475,0.001030886325,0.0002962176,0.0148190063,0.0,0.0,0.0,0.0,0.0,0.0,0.0,0.0,0.0,0.872499,768551.2651903316,20.081134,21.0851907,22.089247399999998,23.093304099999997,24.097360799999997,25.101417499999997,26.1054742,27.1095309,28.1135876,29.1176443,30.121700999999998,31.1257577,32.1298144,33.1338711,34.1379278,35.1419845,36.1460412,37.1500979,38.1541546,39.1582113,40.162268
SF11C46880212282050980,3,,2019-05-18T03:00:00-0500,0.005701,0.005701,0.003003,0.000893,0.004819983301,0.005687584185,0.060118481265,0.44365620586599996,0.0028405897230000003,0.00034082003200000007,0.00097738515,0.000305169266,0.014049927558,0.000279588442,0.00032991687,0.002757499587,0.063357162742,0.000146709534,9.294340300000001e-05,4.6332027000000003e-05,3.763800200000001e-05,0.000666025026,0.004540394859,0.005357667315,0.057360981678,0.380299043124,0.002693880189,0.00024787662900000004,0.000931053123,0.000267531264,0.013383902532000001,0.0,0.0,0.0,0.0,0.0,0.0,0.0,0.0,0.0,0.904374,768551.2651903316,20.081134,21.0851907,22.089247399999998,23.093304099999997,24.097360799999997,25.101417499999997,26.1054742,27.1095309,28.1135876,29.1176443,30.121700999999998,31.1257577,32.1298144,33.1338711,34.1379278,35.1419845,36.1460412,37.1500979,38.1541546,39.1582113,40.162268
SF11C46880212282050980,4,,2019-05-18T04:00:00-0500,0.005701,0.005701,0.002771,0.001023,0.004469210205,0.005273671825,0.055686996833000005,0.41427579361,0.0026324711070000004,0.000321670056,0.0009054556379999999,0.00028450085,0.01301593975,0.000279588442,0.00032991687,0.002757499587,0.063357162742,0.000146709534,9.294340300000001e-05,4.6332027000000003e-05,3.763800200000001e-05,0.000666025026,0.004189621763,0.004943754955,0.052929497246000004,0.350918630868,0.0024857615730000003,0.00022872665300000003,0.000859123611,0.000246862848,0.012349914724,0.0,0.0,0.0,0.0,0.0,0.0,0.0,0.0,0.0,0.9235,768551.2651903316,20.081134,21.0851907,22.089247399999998,23.093304099999997,24.097360799999997,25.101417499999997,26.1054742,27.1095309,28.1135876,29.1176443,30.121700999999998,31.1257577,32.1298144,33.1338711,34.1379278,35.1419845,36.1460412,37.1500979,38.1541546,39.1582113,40.162268
SF11C46880212282050980,5,,2019-05-18T05:00:00-0500,0.005701,0.005701,0.002606,0.001133,0.00421973796,0.0049792945,0.052535294542999995,0.39338024179,0.002484455712,0.00030805046100000003,0.0008542988730000001,0.00026980133,0.01228056049,0.000279588442,0.00032991687,0.002757499587,0.063357162742,0.000146709534,9.294340300000001e-05,4.6332027000000003e-05,3.763800200000001e-05,0.000666025026,0.003940149518,0.00464937763,0.049777794955999995,0.330023079048,0.002337746178,0.000215107058,0.000807966846,0.00023216332799999998,0.011614535464,0.0,0.0,0.0,0.0,0.0,0.0,0.0,0.0,0.0,0.93625,768551.2651903316,20.081134,21.0851907,22.089247399999998,23.093304099999997,24.097360799999997,25.101417499999997,26.1054742,27.1095309,28.1135876,29.1176443,30.121700999999998,31.1257577,32.1298144,33.1338711,34.1379278,35.1419845,36.1460412,37.1500979,38.1541546,39.1582113,40.162268
SF11C46880212282050980,6,,2019-05-18T06:00:00-0500,0.005701,0.005701,0.002487,0.001226,0.004039815553,0.004766986005,0.050262248649,0.378310116538,0.0023777052150000004,0.000298227844,0.0008174039940000001,0.000259199858,0.011750196054,0.000279588442,0.00032991687,0.002757499587,0.063357162742,0.000146709534,9.294340300000001e-05,4.6332027000000003e-05,3.763800200000001e-05,0.000666025026,0.0037602271110000005,0.004437069135,0.047504749062,0.314952953796,0.0022309956810000003,0.00020528444100000002,0.0007710719670000001,0.000221561856,0.011084171028,0.0,0.0,0.0,0.0,0.0,0.0,0.0,0.0,0.0,0.945357,768551.2651903316,20.081134,21.0851907,22.089247399999998,23.093304099999997,24.097360799999997,25.101417499999997,26.1054742,27.1095309,28.1135876,29.1176443,30.121700999999998,31.1257577,32.1298144,33.1338711,34.1379278,35.1419845,36.1460412,37.1500979,38.1541546,39.1582113,40.162268
SF11C46880212282050980,7,,2019-05-18T07:00:00-0500,0.005701,0.005701,0.002402,0.001308,0.0039112995480000004,0.00461533708,0.048638644439000005,0.367545741358,0.00230145486,0.00029121168900000005,0.0007910505090000001,0.000251627378,0.011371364314,0.000279588442,0.00032991687,0.002757499587,0.063357162742,0.000146709534,9.294340300000001e-05,4.6332027000000003e-05,3.763800200000001e-05,0.000666025026,0.003631711106,0.00428542021,0.045881144852000004,0.304188578616,0.002154745326,0.00019826828600000003,0.000744718482,0.000213989376,0.010705339288,0.0,0.0,0.0,0.0,0.0,0.0,0.0,0.0,0.0,0.952187,768551.2651903316,20.081134,21.0851907,22.089247399999998,23.093304099999997,24.097360799999997,25.101417499999997,26.1054742,27.1095309,28.1135876,29.1176443,30.121700999999998,31.1257577,32.1298144,33.1338711,34.1379278,35.1419845,36.1460412,37.1500979,38.1541546,39.1582113,40.162268
SF11C46880212282050980,8,,2019-05-18T08:00:00-0500,0.005701,0.005701,0.002187,0.001368,0.0035862296530000002,0.004231754505000001,0.044531880849000005,0.340318204138,0.0021085863150000004,0.00027346494400000003,0.0007243916940000001,0.00023247345800000004,0.010413142854000001,0.000279588442,0.00032991687,0.002757499587,0.063357162742,0.000146709534,9.294340300000001e-05,4.6332027000000003e-05,3.763800200000001e-05,0.000666025026,0.0033066412110000004,0.0039018376350000005,0.041774381262000004,0.27696104139600003,0.0019618767810000003,0.00018052154100000004,0.0006780596670000001,0.00019483545600000002,0.009747117828000001,0.0,0.0,0.0,0.0,0.0,0.0,0.0,0.0,0.0,0.9575,768551.2651903316,20.081134,21.0851907,22.089247399999998,23.093304099999997,24.097360799999997,25.101417499999997,26.1054742,27.1095309,28.1135876,29.1176443,30.121700999999998,31.1257577,32.1298144,33.1338711,34.1379278,35.1419845,36.1460412,37.1500979,38.1541546,39.1582113,40.162268
SF11C46880212282050980,9,,2019-05-18T09:00:00-0500,0.005701,0.005701,0.002871,0.001472,0.004620405505,0.0054520823250000005,0.057597119433,0.42693976441,0.002722177407,0.00032992435600000004,0.000936459738,0.00029340964999999996,0.01346162415,0.000279588442,0.00032991687,0.002757499587,0.063357162742,0.000146709534,9.294340300000001e-05,4.6332027000000003e-05,3.763800200000001e-05,0.000666025026,0.0043408170630000005,0.005122165455,0.054839619846,0.363582601668,0.002575467873,0.000236980953,0.000890127711,0.000255771648,0.012795599124,0.0,0.0,0.0,0.0,0.0,0.0,0.0,0.0,0.0,0.96175,768551.2651903316,20.081134,21.0851907,22.089247399999998,23.093304099999997,24.097360799999997,25.101417499999997,26.1054742,27.1095309,28.1135876,29.1176443,30.121700999999998,31.1257577,32.1298144,33.1338711,34.1379278,35.1419845,36.1460412,37.1500979,38.1541546,39.1582113,40.162268
SF11C46880212282050980,10,,2019-05-18T10:00:00-0500,0.020004,0.020004,0.012417,0.002229,0.019754956569,0.023310863265,0.24685559798999998,1.794796547604,0.011653614207,0.001351061643,0.004012351605,0.001238272104,0.057677619252,0.000981036168,0.00115763148,0.009675674748,0.22231129336799998,0.000514782936,0.00032612521200000005,0.00016257250800000002,0.00013206640800000002,0.002336987304,0.018773920401,0.022153231784999998,0.237179923242,1.572485254236,0.011138831271,0.001024936431,0.003849779097,0.001106205696,0.055340631948,0.0,0.0,0.0,0.0,0.0,0.0,0.0,0.0,0.0,0.776015,2696737.3283401844,70.01923,73.5201915,77.021153,80.52211449999999,84.02307599999999,87.52403749999999,91.024999,94.5259605,98.02692199999998,101.52788349999999,105.02884499999999,108.52980649999999,112.030768,115.53172949999998,119.032691,122.53365249999999,126.03461399999999,129.5355755,133.03653699999998,136.53749849999997,140.03846
SF11C46880212282050980,11,,2019-05-18T11:00:00-0500,0.040008,0.040008,0.029285,0.0041,0.046239615941000005,0.054562777885000004,0.5787307529060001,4.153266435516,0.027300055827,0.003069522179,0.009404695701,0.002873074896,0.135192651148,0.001962072336,0.00231526296,0.019351349496,0.44462258673599997,0.001029565872,0.0006522504240000001,0.00032514501600000004,0.00026413281600000003,0.004673974608,0.044277543605000004,0.052247514925,0.55937940341,3.70864384878,0.026270489955,0.002417271755,0.009079550685,0.00260894208,0.13051867654,0.0,0.0,0.0,0.0,0.0,0.0,0.0,0.0,0.0,0.67521,5393474.656680369,138.812788,145.75342740000002,152.6940668,159.6347062,166.57534560000002,173.515985,180.4566244,187.39726380000002,194.33790320000003,201.2785426,208.21918200000002,215.1598214,222.1004608,229.04110020000002,235.98173960000003,242.92237900000003,249.86301840000002,256.8036578,263.7442972,270.6849366,277.625576
SF11C46880212282050980,12,,2019-05-18T12:00:00-0500,0.070014,0.070014,0.058436,0.007857,0.09178611209600002,0.10830766996,1.150064104154,8.178407503476,0.054222513744,0.005964920990000001,0.018686559654000002,0.005668178796000001,0.268619591548,0.0034336265880000006,0.00405171018,0.033864861618,0.778089526788,0.0018017402760000002,0.0011414382420000002,0.0005690037780000001,0.00046223242800000005,0.008179455564,0.08835248550800001,0.10425595978,1.1161992425360001,7.400317976688,0.052420773468000004,0.004823482748,0.018117555876000002,0.005205946368000001,0.260440135984,0.0,0.0,0.0,0.0,0.0,0.0,0.0,0.0,0.0,0.644382,9438580.649190648,239.751817,251.73940785,263.72699869999997,275.71458954999997,287.7021804,299.68977125,311.6773621,323.66495295,335.6525438,347.64013465,359.6277255,371.61531635,383.6029072,395.59049804999995,407.5780889,419.56567974999996,431.5532706,443.54086144999997,455.5284523,467.51604315,479.50363400000003
SF11C46880212282050980,13,,2019-05-18T13:00:00-0500,0.10002,0.10002,0.092637,0.01372,0.144967970901,0.171062292285,1.8178586467020001,12.843079096836,0.085675139811,0.009277161951,0.029534130657,0.008913177096,0.42455359414800004,0.00490518084,0.0057881574,0.048378373739999994,1.11155646684,0.00257391468,0.00163062606,0.00081286254,0.00066033204,0.01168493652,0.140062790061,0.165274134885,1.769480272962,11.731522629996,0.083101225131,0.007646535891000001,0.028721268117,0.008252845056,0.412868657628,0.0,0.0,0.0,0.0,0.0,0.0,0.0,0.0,0.0,0.668988,13483686.641700922,338.052101,354.95470604999997,371.8573111,388.75991615,405.6625212,422.56512625,439.46773129999997,456.37033635,473.2729414,490.17554644999996,507.0781515,523.98075655,540.8833616,557.78596665,574.6885717,591.5911767499999,608.4937818,625.39638685,642.2989918999999,659.20159695,676.104202
SF11C46880212282050980,14,,2019-05-18T14:00:00-0500,0.130026,0.130026,0.130595,0.021801,0.20383023712700002,0.240519797095,2.5574164953319998,17.983536073151996,0.12049803156899999,0.012899516963,0.04154652569699999,0.012492879012,0.5972319596560001,0.006376735092,0.00752460462,0.062891885862,1.445023406892,0.003346089084,0.0021198138780000003,0.0010567213020000001,0.0008584316520000001,0.015190417476000001,0.197453502035,0.23299519247499997,2.49452460947,16.538512666259997,0.117151942485,0.010779703085,0.040489804394999995,0.01163444736,0.58204154218,0.0,0.0,0.0,0.0,0.0,0.0,0.0,0.0,0.0,0.651042,17528792.6342112,433.782623,455.47175415,477.1608853,498.85001645,520.5391476,542.2282787500001,563.9174098999999,585.60654105,607.2956722,628.98480335,650.6739345000001,672.36306565,694.0521968,715.74132795,737.4304591,759.1195902500001,780.8087214,802.4978525500001,824.1869837,845.87611485,867.5652460000001
SF11C46880212282050980,15,,2019-05-18T15:00:00-0500,0.160032,0.160032,0.1708,0.032104,0.266089861744,0.31398618584,3.3398947987840004,23.408552473344002,0.15733662388800002,0.016707346096000004,0.05425558286400001,0.016272761664,0.7799248536320001,0.007848289344,0.00926105184,0.077405397984,1.7784903469439999,0.004118263488,0.0026090016960000004,0.0013005800640000001,0.0010565312640000001,0.018695898432,0.2582415724,0.304725134,3.2624894008000003,21.630062126400002,0.1532183604,0.014098344400000002,0.052955002800000005,0.0152162304,0.7612289552000001,0.0,0.0,0.0,0.0,0.0,0.0,0.0,0.0,0.0,0.570513,21573898.626721475,527.01056,553.3610880000001,579.711616,606.0621440000001,632.412672,658.7632000000001,685.113728,711.4642560000001,737.8147840000001,764.1653120000001,790.51584,816.8663680000001,843.2168960000001,869.5674240000001,895.9179520000001,922.2684800000002,948.6190080000001,974.9695360000001,1001.3200640000001,1027.6705920000002,1054.02112
SF11C46880212282050980,16,,2019-05-18T16:00:00-0500,0.170034,0.170034,0.189309,0.042975,0.29456511790500006,0.347587001025,3.698277228192,25.8636824754,0.17419775442300003,0.018398197089,0.060075417987,0.01798772466,0.8635850728800001,0.008338807428,0.00983986758,0.08224323535799999,1.889645993628,0.004375654956,0.002772064302,0.001381866318,0.001122564468,0.019864392084,0.28622631047700003,0.337747133445,3.616033992834,23.974036481772,0.16982209946700003,0.015626132787,0.058693551669000005,0.016865160192,0.843720680796,0.0,0.0,0.0,0.0,0.0,0.0,0.0,0.0,0.0,0.54367,22922267.290891565,557.541767,585.4188553500001,613.2959437000001,641.1730320500001,669.0501204000001,696.9272087500001,724.8042971,752.6813854500001,780.5584738,808.4355621500001,836.3126505,864.1897388500001,892.0668272,919.94391555,947.8210039,975.6980922500001,1003.5751806000001,1031.45226895,1059.3293573,1087.2064456500002,1115.083534
SF11C46880212282050980,17,,2019-05-18T17:00:00-0500,0.120024,0.120024,0.137003,0.049477,0.21302831386700002,0.25137352619500003,2.6749793141660003,18.683887675332002,0.12598901980500002,0.013265389901000003,0.043451982171000006,0.012997721712000001,0.6246229223560001,0.005886217008000001,0.0069457888800000004,0.058054048488,1.333867760208,0.003088697616,0.0019567512720000003,0.0009754350480000001,0.0007923984480000001,0.014021923824,0.20714209685900004,0.24442773731500003,2.616925265678,17.350019915124,0.12290032218900002,0.011308638629000002,0.042476547123,0.012205323264000001,0.6106009985320001,0.0,0.0,0.0,0.0,0.0,0.0,0.0,0.0,0.0,0.677885,16180423.970041107,402.153795,422.26148475,442.3691745,462.47686425,482.584554,502.69224375,522.7999335,542.90762325,563.015313,583.12300275,603.2306925,623.33838225,643.446072,663.5537617499999,683.6614515,703.76914125,723.876831,743.98452075,764.0922105,784.1999002499999,804.3075899999999
SF11C46880212282050980,18,,2019-05-18T18:00:00-0500,0.070014,0.070014,0.08058,0.051627,0.125266799328,0.14781489108,1.573041652698,10.982717197427998,0.074087076816,0.007792753182,0.025552107558,0.007640943468,0.36731194508400006,0.0034336265880000006,0.00405171018,0.033864861618,0.778089526788,0.0018017402760000002,0.0011414382420000002,0.0005690037780000001,0.00046223242800000005,0.008179455564,0.12183317274000001,0.1437631809,1.53917679108,10.204627670639999,0.07228533654000001,0.00665131494,0.02498310378,0.00717871104,0.35913248952000004,0.0,0.0,0.0,0.0,0.0,0.0,0.0,0.0,0.0,0.812099,9438580.649190648,239.751817,251.73940785,263.72699869999997,275.71458954999997,287.7021804,299.68977125,311.6773621,323.66495295,335.6525438,347.64013465,359.6277255,371.61531635,383.6029072,395.59049804999995,407.5780889,419.56567974999996,431.5532706,443.54086144999997,455.5284523,467.51604315,479.50363400000003
SF11C46880212282050980,19,,2019-05-18T19:00:00-0500,0.040008,0.040008,0.045668,0.051215,0.07100994194,0.0837917701,0.8916661384640001,6.22800477168,0.041996638956000004,0.004421824148000001,0.014484097404000001,0.0043326036,0.20820912640000003,0.001962072336,0.00231526296,0.019351349496,0.44462258673599997,0.001029565872,0.0006522504240000001,0.00032514501600000004,0.00026413281600000003,0.004673974608,0.069047869604,0.08147650714,0.8723147889680001,5.783382184944,0.040967073084,0.003769573724,0.014158952388000001,0.004068470784,0.20353515179200002,0.0,0.0,0.0,0.0,0.0,0.0,0.0,0.0,0.0,0.892628,5393474.656680369,138.812788,145.75342740000002,152.6940668,159.6347062,166.57534560000002,173.515985,180.4566244,187.39726380000002,194.33790320000003,201.2785426,208.21918200000002,215.1598214,222.1004608,229.04110020000002,235.98173960000003,242.92237900000003,249.86301840000002,256.8036578,263.7442972,270.6849366,277.625576
SF11C46880212282050980,20,,2019-05-18T20:00:00-0500,0.005701,0.005701,0.006347,0.048113,0.009875954133000001,0.011653631305,0.12399298100900001,0.867139389418,0.005840368395,0.000616843824,0.002014162254,0.000603079538,0.028953613894000006,0.000279588442,0.00032991687,0.002757499587,0.063357162742,0.000146709534,9.294340300000001e-05,4.6332027000000003e-05,3.763800200000001e-05,0.000666025026,0.009596365691000001,0.011323714435,0.12123548142200001,0.803782226676,0.005693658861,0.000523900421,0.0019678302270000002,0.000565441536,0.028287588868000004,0.0,0.0,0.0,0.0,0.0,0.0,0.0,0.0,0.0,0.9847,768551.2651903316,20.081134,21.0851907,22.089247399999998,23.093304099999997,24.097360799999997,25.101417499999997,26.1054742,27.1095309,28.1135876,29.1176443,30.121700999999998,31.1257577,32.1298144,33.1338711,34.1379278,35.1419845,36.1460412,37.1500979,38.1541546,39.1582113,40.162268
SF11C46880212282050980,21,,2019-05-18T21:00:00-0500,0.005701,0.005701,0.006085,0.045207,0.009479822447,0.011186195795000001,0.11898845979700001,0.833959785922,0.0056053378890000005,0.000595217558,0.001932931512,0.000579738482,0.027785920766000005,0.000279588442,0.00032991687,0.002757499587,0.063357162742,0.000146709534,9.294340300000001e-05,4.6332027000000003e-05,3.763800200000001e-05,0.000666025026,0.009200234005,0.010856278925,0.11623096021000001,0.7706026231800001,0.005458628355000001,0.0005022741550000001,0.001886599485,0.00054210048,0.027119895740000004,0.0,0.0,0.0,0.0,0.0,0.0,0.0,0.0,0.0,0.99384,768551.2651903316,20.081134,21.0851907,22.089247399999998,23.093304099999997,24.097360799999997,25.101417499999997,26.1054742,27.1095309,28.1135876,29.1176443,30.121700999999998,31.1257577,32.1298144,33.1338711,34.1379278,35.1419845,36.1460412,37.1500979,38.1541546,39.1582113,40.162268
SF11C46880212282050980,22,,2019-05-18T22:00:00-0500,0.005701,0.005701,0.005726,0.042477,0.00893703132,0.010545702100000002,0.112131119663,0.78849613075,0.005283292272,0.0005655846210000001,0.001821626793,0.00054775589,0.026185913770000003,0.000279588442,0.00032991687,0.002757499587,0.063357162742,0.000146709534,9.294340300000001e-05,4.6332027000000003e-05,3.763800200000001e-05,0.000666025026,0.008657442878,0.010215785230000001,0.109373620076,0.725138968008,0.005136582738,0.00047264121800000004,0.0017752947660000002,0.0005101178880000001,0.025519888744,0.0,0.0,0.0,0.0,0.0,0.0,0.0,0.0,0.0,0.99384,768551.2651903316,20.081134,21.0851907,22.089247399999998,23.093304099999997,24.097360799999997,25.101417499999997,26.1054742,27.1095309,28.1135876,29.1176443,30.121700999999998,31.1257577,32.1298144,33.1338711,34.1379278,35.1419845,36.1460412,37.1500979,38.1541546,39.1582113,40.162268
SF11C46880212282050980,23,,2019-05-18T23:00:00-0500,0.005701,0.005701,0.00528,0.039905,0.008262700282000001,0.009749991270000001,0.103611972867,0.732014820982,0.004883202174,0.000528770443,0.001683348507,0.000508022642,0.024198161346000002,0.000279588442,0.00032991687,0.002757499587,0.063357162742,0.000146709534,9.294340300000001e-05,4.6332027000000003e-05,3.763800200000001e-05,0.000666025026,0.007983111840000001,0.0094200744,0.10085447328,0.66865765824,0.00473649264,0.00043582704,0.00163701648,0.00047038464,0.02353213632,0.0,0.0,0.0,0.0,0.0,0.0,0.0,0.0,0.0,0.99384,768551.2651903316,20.081134,21.0851907,22.089247399999998,23.093304099999997,24.097360799999997,25.101417499999997,26.1054742,27.1095309,28.1135876,29.1176443,30.121700999999998,31.1257577,32.1298144,33.1338711,34.1379278,35.1419845,36.1460412,37.1500979,38.1541546,39.1582113,40.162268
SF11C46880312282050980,0,,2019-05-18T00:00:00-0400,0.005701,0.005701,0.004756,0.000329,0.005845532444,0.0068977271619999996,0.073554668229,0.504808463127,0.0034609413849999997,0.000348672425,0.001194498747,0.000352481079,0.017170939064,0.000106357856,0.000125501814,0.001048944093,0.024100880583000004,5.5807089000000006e-05,3.5351901e-05,1.7621791e-05,1.4315211000000002e-05,0.00025335244,0.005739174588,0.006772225347999999,0.072505724136,0.480707582544,0.003405134296,0.000313320524,0.001176876956,0.00033816586799999997,0.016917586624,0.0,0.0,0.0,0.0,0.0,0.0,0.0,0.0,0.0,0.794692,591299.5961574991,21.553042,22.630694100000003,23.7083462,24.785998300000003,25.8636504,26.941302500000003,28.0189546,29.096606700000002,30.174258800000004,31.251910900000002,32.329563,33.4072151,34.484867200000004,35.562519300000005,36.6401714,37.7178235,38.7954756,39.873127700000005,40.95077980000001,42.0284319,43.106084
SF11C46880312282050980,1,,2019-05-18T01:00:00-0400,0.005701,0.005701,0.003952,0.000579,0.004875327151999999,0.00575288503,0.06129760300499999,0.42354502823100004,0.0028853047209999997,0.000295705709,0.000995548143,0.000295314267,0.014311027447999999,0.000106357856,0.000125501814,0.001048944093,0.024100880583000004,5.5807089000000006e-05,3.5351901e-05,1.7621791e-05,1.4315211000000002e-05,0.00025335244,0.004768969295999999,0.005627383216,0.06024865891199999,0.399444147648,0.002829497632,0.000260353808,0.000977926352,0.000280999056,0.014057675007999999,0.0,0.0,0.0,0.0,0.0,0.0,0.0,0.0,0.0,0.794692,591299.5961574991,21.553042,22.630694100000003,23.7083462,24.785998300000003,25.8636504,26.941302500000003,28.0189546,29.096606700000002,30.174258800000004,31.251910900000002,32.329563,33.4072151,34.484867200000004,35.562519300000005,36.6401714,37.7178235,38.7954756,39.873127700000005,40.95077980000001,42.0284319,43.106084
SF11C46880312282050980,2,,2019-05-18T02:00:00-0400,0.005701,0.005701,0.0034,0.000774,0.004209216056,0.0049668740139999995,0.05288230449299999,0.367752222183,0.0024900914889999996,0.00025934050099999994,0.000858955191,0.00025606541099999997,0.01234750604,0.000106357856,0.000125501814,0.001048944093,0.024100880583000004,5.5807089000000006e-05,3.5351901e-05,1.7621791e-05,1.4315211000000002e-05,0.00025335244,0.0041028582,0.004841372199999999,0.05183336039999999,0.3436513416,0.0024342844,0.00022398859999999996,0.0008413334,0.00024175019999999998,0.0120941536,0.0,0.0,0.0,0.0,0.0,0.0,0.0,0.0,0.0,0.863128,591299.5961574991,21.553042,22.630694100000003,23.7083462,24.785998300000003,25.8636504,26.941302500000003,28.0189546,29.096606700000002,30.174258800000004,31.251910900000002,32.329563,33.4072151,34.484867200000004,35.562519300000005,36.6401714,37.7178235,38.7954756,39.873127700000005,40.95077980000001,42.0284319,43.106084
SF11C46880312282050980,3,,2019-05-18T03:00:00-0400,0.005701,0.005701,0.00302,0.00093,0.0037506613160000002,0.004425779474,0.047089164213,0.32934413106300003,0.002218024409,0.00023430648099999996,0.000764923811,0.00022904627100000003,0.01099580652,0.000106357856,0.000125501814,0.001048944093,0.024100880583000004,5.5807089000000006e-05,3.5351901e-05,1.7621791e-05,1.4315211000000002e-05,0.00025335244,0.00364430346,0.00430027766,0.04604022012,0.30524325048,0.00216221732,0.00019895457999999998,0.0007473020200000001,0.00021473106000000002,0.01074245408,0.0,0.0,0.0,0.0,0.0,0.0,0.0,0.0,0.0,0.897346,591299.5961574991,21.553042,22.630694100000003,23.7083462,24.785998300000003,25.8636504,26.941302500000003,28.0189546,29.096606700000002,30.174258800000004,31.251910900000002,32.329563,33.4072151,34.484867200000004,35.562519300000005,36.6401714,37.7178235,38.7954756,39.873127700000005,40.95077980000001,42.0284319,43.106084
SF11C46880312282050980,4,,2019-05-18T04:00:00-0400,0.005701,0.005701,0.002759,0.001056,0.0034357066130000003,0.004054132961,0.043110191547,0.3029638368990001,0.0020311572829999998,0.00021711206200000001,0.0007003391,0.00021048838800000002,0.010067402376,0.000106357856,0.000125501814,0.001048944093,0.024100880583000004,5.5807089000000006e-05,3.5351901e-05,1.7621791e-05,1.4315211000000002e-05,0.00025335244,0.003329348757,0.003928631147,0.042061247454,0.27886295631600005,0.001975350194,0.000181760161,0.0006827173090000001,0.000196173177,0.009814049936,0.0,0.0,0.0,0.0,0.0,0.0,0.0,0.0,0.0,0.917877,591299.5961574991,21.553042,22.630694100000003,23.7083462,24.785998300000003,25.8636504,26.941302500000003,28.0189546,29.096606700000002,30.174258800000004,31.251910900000002,32.329563,33.4072151,34.484867200000004,35.562519300000005,36.6401714,37.7178235,38.7954756,39.873127700000005,40.95077980000001,42.0284319,43.106084
SF11C46880312282050980,5,,2019-05-18T05:00:00-0400,0.005701,0.005701,0.00258,0.001162,0.003219703196,0.0037992489539999995,0.040381317572999995,0.28487160450300003,0.0019029993689999999,0.00020531972099999997,0.000656045371,0.000197760951,0.009430680759999999,0.000106357856,0.000125501814,0.001048944093,0.024100880583000004,5.5807089000000006e-05,3.5351901e-05,1.7621791e-05,1.4315211000000002e-05,0.00025335244,0.00311334534,0.0036737471399999997,0.039332373479999995,0.26077072392,0.0018471922799999999,0.00016996781999999998,0.00063842358,0.00018344574,0.009177328319999999,0.0,0.0,0.0,0.0,0.0,0.0,0.0,0.0,0.0,0.931564,591299.5961574991,21.553042,22.630694100000003,23.7083462,24.785998300000003,25.8636504,26.941302500000003,28.0189546,29.096606700000002,30.174258800000004,31.251910900000002,32.329563,33.4072151,34.484867200000004,35.562519300000005,36.6401714,37.7178235,38.7954756,39.873127700000005,40.95077980000001,42.0284319,43.106084
SF11C46880312282050980,6,,2019-05-18T06:00:00-0400,0.005701,0.005701,0.002457,0.001251,0.003071276267,0.0036241051949999995,0.038506169534999996,0.272439511851,0.001814935551,0.00019721660399999998,0.000625608898,0.00018901528200000002,0.008993156968,0.000106357856,0.000125501814,0.001048944093,0.024100880583000004,5.5807089000000006e-05,3.5351901e-05,1.7621791e-05,1.4315211000000002e-05,0.00025335244,0.002964918411,0.0034986033809999996,0.037457225441999996,0.24833863126800002,0.0017591284619999999,0.000161864703,0.000607987107,0.000174700071,0.008739804528,0.0,0.0,0.0,0.0,0.0,0.0,0.0,0.0,0.0,0.941341,591299.5961574991,21.553042,22.630694100000003,23.7083462,24.785998300000003,25.8636504,26.941302500000003,28.0189546,29.096606700000002,30.174258800000004,31.251910900000002,32.329563,33.4072151,34.484867200000004,35.562519300000005,36.6401714,37.7178235,38.7954756,39.873127700000005,40.95077980000001,42.0284319,43.106084
SF11C46880312282050980,7,,2019-05-18T07:00:00-0400,0.005701,0.005701,0.002372,0.001329,0.002968704812,0.0035030708899999995,0.037210335525,0.263848228311,0.001754078441,0.000191616889,0.000604575563,0.00018297152700000002,0.008690803128,0.000106357856,0.000125501814,0.001048944093,0.024100880583000004,5.5807089000000006e-05,3.5351901e-05,1.7621791e-05,1.4315211000000002e-05,0.00025335244,0.002862346956,0.0033775690759999997,0.036161391432,0.23974734772800002,0.001698271352,0.000156264988,0.000586953772,0.000168656316,0.008437450688,0.0,0.0,0.0,0.0,0.0,0.0,0.0,0.0,0.0,0.948673,591299.5961574991,21.553042,22.630694100000003,23.7083462,24.785998300000003,25.8636504,26.941302500000003,28.0189546,29.096606700000002,30.174258800000004,31.251910900000002,32.329563,33.4072151,34.484867200000004,35.562519300000005,36.6401714,37.7178235,38.7954756,39.873127700000005,40.95077980000001,42.0284319,43.106084
SF11C46880312282050980,8,,2019-05-18T08:00:00-0400,0.005701,0.005701,0.002186,0.001388,0.002744254334,0.0032382193519999995,0.034374745809,0.245048478447,0.001620908765,0.00017936339499999998,0.000558549677,0.00016974636900000001,0.008029181783999998,0.000106357856,0.000125501814,0.001048944093,0.024100880583000004,5.5807089000000006e-05,3.5351901e-05,1.7621791e-05,1.4315211000000002e-05,0.00025335244,0.002637896478,0.0031127175379999997,0.033325801716,0.220947597864,0.001565101676,0.000144011494,0.000540927886,0.000155431158,0.007775829343999999,0.0,0.0,0.0,0.0,0.0,0.0,0.0,0.0,0.0,0.954376,591299.5961574991,21.553042,22.630694100000003,23.7083462,24.785998300000003,25.8636504,26.941302500000003,28.0189546,29.096606700000002,30.174258800000004,31.251910900000002,32.329563,33.4072151,34.484867200000004,35.562519300000005,36.6401714,37.7178235,38.7954756,39.873127700000005,40.95077980000001,42.0284319,43.106084
SF11C46880312282050980,9,,2019-05-18T09:00:00-0400,0.005701,0.005701,0.00287,0.00149,0.0035696528660000004,0.004212189524,0.044802398313,0.31418304246300005,0.002110629509,0.000224424631,0.000727806161,0.00021838082100000003,0.010462240920000001,0.000106357856,0.000125501814,0.001048944093,0.024100880583000004,5.5807089000000006e-05,3.5351901e-05,1.7621791e-05,1.4315211000000002e-05,0.00025335244,0.0034632950100000003,0.00408668771,0.04375345422,0.29008216188,0.00205482242,0.00018907273,0.00071018437,0.00020406561000000002,0.01020888848,0.0,0.0,0.0,0.0,0.0,0.0,0.0,0.0,0.0,0.958938,591299.5961574991,21.553042,22.630694100000003,23.7083462,24.785998300000003,25.8636504,26.941302500000003,28.0189546,29.096606700000002,30.174258800000004,31.251910900000002,32.329563,33.4072151,34.484867200000004,35.562519300000005,36.6401714,37.7178235,38.7954756,39.873127700000005,40.95077980000001,42.0284319,43.106084
SF11C46880312282050980,10,,2019-05-18T10:00:00-0400,0.020004,0.020004,0.012411,0.002246,0.015349833777,0.018112800518999998,0.192887606538,1.338995040696,0.009081673181999999,0.0009416690729999999,0.0031329467250000003,0.000932689377,0.045036195503999996,0.000373194624,0.000440368056,0.003680595972,0.08456656993200001,0.00019581915600000002,0.000124044804,6.183236400000001e-05,5.0230044000000006e-05,0.00088897776,0.014976639153,0.017672432462999998,0.189207010566,1.254428470764,0.008885854026,0.0008176242689999999,0.003071114361,0.000882459333,0.044147217743999996,0.0,0.0,0.0,0.0,0.0,0.0,0.0,0.0,0.0,0.759553,2074786.374589478,75.116775,78.87261375,82.62845250000001,86.38429125,90.14013,93.89596875000001,97.6518075,101.40764625,105.16348500000001,108.91932375,112.6751625,116.43100125000001,120.18684,123.94267875,127.69851750000001,131.45435625,135.210195,138.96603375,142.72187250000002,146.47771125000003,150.23355
SF11C46880312282050980,11,,2019-05-18T11:00:00-0400,0.040008,0.040008,0.029269,0.004114,0.036065964735000004,0.042557831089,0.453570199458,3.12746582142,0.021347247165999998,0.002176302059,0.007366308047,0.0021815737950000003,0.105890832496,0.000746389248,0.000880736112,0.007361191944,0.16913313986400003,0.00039163831200000003,0.000248089608,0.00012366472800000002,0.00010046008800000001,0.00177795552,0.035319575487,0.041677094977,0.446209007514,2.958332681556,0.020955608854,0.0019282124509999998,0.007242643319,0.002081113707,0.104112876976,0.0,0.0,0.0,0.0,0.0,0.0,0.0,0.0,0.0,0.67521,4149572.749178956,148.822918,156.2640639,163.70520979999998,171.1463557,178.5875016,186.02864749999998,193.4697934,200.9109393,208.35208519999998,215.79323109999999,223.234377,230.67552289999998,238.11666879999999,245.5578147,252.99896059999998,260.44010649999996,267.8812524,275.3223983,282.76354419999996,290.2046901,297.645836
SF11C46880312282050980,12,,2019-05-18T12:00:00-0400,0.070014,0.070014,0.058404,0.007868,0.071783631276,0.08470467112799998,0.903257256726,6.199104452058,0.04250064531,0.00428175393,0.014668541478,0.004328504765999999,0.21086052417599996,0.0013061811840000001,0.0015412881960000001,0.012882085902,0.2959829947620001,0.0006853670460000001,0.00043415681400000005,0.00021641327400000003,0.00017580515400000002,0.00311142216,0.070477450092,0.08316338293199999,0.890375170824,5.903121457296,0.041815278264,0.0038475971159999994,0.014452128203999999,0.0041526996119999994,0.20774910201599997,0.0,0.0,0.0,0.0,0.0,0.0,0.0,0.0,0.0,0.644382,7261752.311063173,256.795007,269.63475735,282.4745077,295.31425805,308.1540084,320.99375875,333.8335091,346.67325945,359.51300979999996,372.35276015,385.1925105,398.03226085,410.8720112,423.71176155,436.5515119,449.39126224999995,462.2310126,475.07076295,487.9105133,500.75026364999997,513.590014
SF11C46880312282050980,13,,2019-05-18T13:00:00-0400,0.10002,0.10002,0.092587,0.013726,0.11359283552100001,0.134039524951,1.429901609082,9.780964251048001,0.06726823982199999,0.006719762993,0.023219907557000003,0.006834363681000001,0.333786476848,0.0018659731199999999,0.00220184028,0.018402979859999998,0.42283284966,0.00097909578,0.00062022402,0.00030916182,0.00025115022,0.0044448887999999995,0.11172686240100001,0.131837684671,1.411498629222,9.358131401388,0.066289144042,0.006099538973,0.022910745737000002,0.006583213461,0.329341588048,0.0,0.0,0.0,0.0,0.0,0.0,0.0,0.0,0.0,0.668988,10373931.87294739,361.739978,379.82697690000003,397.9139758,416.00097470000003,434.0879736,452.1749725,470.2619714,488.3489703,506.43596920000005,524.5229681000001,542.609967,560.6969659,578.7839648,596.8709637000001,614.9579626,633.0449615,651.1319604,669.2189593,687.3059582000001,705.3929571000001,723.479956
SF11C46880312282050980,14,,2019-05-18T14:00:00-0400,0.130026,0.130026,0.130525,0.021803,0.159933284631,0.188721247189,2.013791334468,13.742356634658002,0.094724286664,0.009405147701,0.032700452141,0.009607214361,0.47006935503999997,0.002425765056,0.002862392364,0.023923873818,0.5496827045580001,0.0012728245140000002,0.000806291226,0.000401910366,0.00032649528600000005,0.00577835544,0.157507519575,0.185858854825,1.98986746065,13.192673930100002,0.09345146215,0.008598856475,0.032298541775,0.009280719075,0.4642909996,0.0,0.0,0.0,0.0,0.0,0.0,0.0,0.0,0.0,0.625395,13486111.434831606,463.742698,486.9298329,510.1169678,533.3041027,556.4912376,579.6783725,602.8655074000001,626.0526423,649.2397772,672.4269121,695.614047,718.8011819000001,741.9883168,765.1754516999999,788.3625866,811.5497215,834.7368564000001,857.9239913,881.1111262,904.2982611,927.485396
SF11C46880312282050980,15,,2019-05-18T15:00:00-0400,0.160032,0.160032,0.170708,0.032099,0.208982826876,0.246599699012,2.631906322824,17.930659977648002,0.12378767717599999,0.012238430763999998,0.042736524219999995,0.012539691276000001,0.614337931712,0.002985556992,0.003522944448,0.029444767776,0.6765325594560001,0.0015665532480000001,0.000992358432,0.0004946589120000001,0.00040184035200000005,0.00711182208,0.205997269884,0.243076754564,2.602461555048,17.254127418192002,0.122221123928,0.011246072331999998,0.042241865308,0.012137850924,0.607226109632,0.0,0.0,0.0,0.0,0.0,0.0,0.0,0.0,0.0,0.538947,16598290.996715823,562.885657,591.02993985,619.1742227000001,647.31850555,675.4627884,703.60707125,731.7513541000001,759.89563695,788.0399198,816.1842026500001,844.3284855,872.47276835,900.6170512000001,928.7613340500001,956.9056169,985.0498997500001,1013.1941826000001,1041.33846545,1069.4827483000001,1097.6270311500002,1125.771314
SF11C46880312282050980,16,,2019-05-18T16:00:00-0400,0.170034,0.170034,0.189207,0.042963,0.231492592965,0.27316121960699996,2.915765836704,19.84270978269,0.13713024178799998,0.013519148786999998,0.047345036451,0.013880140695,0.6805852874879998,0.0031721543039999996,0.0037431284759999995,0.031285065762,0.718815844422,0.001664462826,0.0010543808339999999,0.000525575094,0.000426955374,0.00755631096,0.228320438661,0.26941809113099996,2.884480770942,19.123893938268,0.135465778962,0.012464767952999998,0.046819461357,0.013453185320999999,0.6730289765279999,0.0,0.0,0.0,0.0,0.0,0.0,0.0,0.0,0.0,0.510131,17635684.18401056,595.31173,625.0773165,654.842903,684.6084895,714.3740760000001,744.1396625,773.905249,803.6708355000001,833.436422,863.2020085,892.9675950000001,922.7331815,952.498768,982.2643545000001,1012.029941,1041.7955275,1071.561114,1101.3267005,1131.092287,1160.8578735,1190.62346
SF11C46880312282050980,17,,2019-05-18T17:00:00-0400,0.120024,0.120024,0.13693,0.049461,0.16747574813399999,0.19762135402599998,2.109595940412,14.347451832912,0.099212139316,0.009765080293999999,0.034254459614000005,0.010037514054,0.49240811727999995,0.002239167744,0.002642208336,0.022083575832,0.5073994195920001,0.0011749149360000002,0.000744268824,0.000370994184,0.00030138026400000005,0.00533386656,0.16523658039,0.19497914568999997,2.08751236458,13.84005241332,0.09803722438,0.009020811469999999,0.03388346543,0.00973613379,0.48707425071999993,0.0,0.0,0.0,0.0,0.0,0.0,0.0,0.0,0.0,0.65421,12448718.247536868,430.063568,451.5667464,473.06992479999997,494.5731032,516.0762816,537.5794599999999,559.0826384,580.5858168,602.0889952,623.5921736,645.0953519999999,666.5985304,688.1017088,709.6048871999999,731.1080655999999,752.6112439999999,774.1144224,795.6176008,817.1207792,838.6239576,860.127136
SF11C46880312282050980,18,,2019-05-18T18:00:00-0400,0.070014,0.070014,0.080537,0.05161,0.098492031435,0.11622058021699998,1.240677187824,8.43617361195,0.058347120788,0.005739853836999999,0.020145374461,0.005902227465,0.28958990700799997,0.0013061811840000001,0.0015412881960000001,0.012882085902,0.2959829947620001,0.0006853670460000001,0.00043415681400000005,0.00021641327400000003,0.00017580515400000002,0.00311142216,0.097185850251,0.11467929202099998,1.227795101922,8.140190617188,0.057661753742,0.005305697022999999,0.019928961187,0.005726422311,0.286478484848,0.0,0.0,0.0,0.0,0.0,0.0,0.0,0.0,0.0,0.798289,7261752.311063173,256.795007,269.63475735,282.4745077,295.31425805,308.1540084,320.99375875,333.8335091,346.67325945,359.51300979999996,372.35276015,385.1925105,398.03226085,410.8720112,423.71176155,436.5515119,449.39126224999995,462.2310126,475.07076295,487.9105133,500.75026364999997,513.590014
SF11C46880312282050980,19,,2019-05-18T19:00:00-0400,0.040008,0.040008,0.045643,0.051197,0.055824847137000005,0.065873310031,0.703193565102,4.782450252996,0.033070474450000005,0.003255004805,0.011418070721,0.0033458143170000004,0.164134853392,0.000746389248,0.000880736112,0.007361191944,0.16913313986400003,0.00039163831200000003,0.000248089608,0.00012366472800000002,0.00010046008800000001,0.00177795552,0.055078457889,0.064992573919,0.6958323731580001,4.613317113132,0.032678836138,0.003006915197,0.011294405993,0.003245354229,0.162356897872,0.0,0.0,0.0,0.0,0.0,0.0,0.0,0.0,0.0,0.884737,4149572.749178956,148.822918,156.2640639,163.70520979999998,171.1463557,178.5875016,186.02864749999998,193.4697934,200.9109393,208.35208519999998,215.79323109999999,223.234377,230.67552289999998,238.11666879999999,245.5578147,252.99896059999998,260.44010649999996,267.8812524,275.3223983,282.76354419999996,290.2046901,297.645836
SF11C46880312282050980,20,,2019-05-18T20:00:00-0400,0.005701,0.005701,0.006344,0.048096,0.007761808568,0.009158932765999998,0.097763896557,0.665313854439,0.004597895393,0.00045328827699999996,0.001587450935,0.000465392643,0.022819620215999998,0.000106357856,0.000125501814,0.001048944093,0.024100880583000004,5.5807089000000006e-05,3.5351901e-05,1.7621791e-05,1.4315211000000002e-05,0.00025335244,0.007655450712,0.009033430951999998,0.096714952464,0.6412129738560001,0.004542088304,0.00041793637599999995,0.0015698291439999999,0.000451077432,0.022566267775999998,0.0,0.0,0.0,0.0,0.0,0.0,0.0,0.0,0.0,0.983575,591299.5961574991,21.553042,22.630694100000003,23.7083462,24.785998300000003,25.8636504,26.941302500000003,28.0189546,29.096606700000002,30.174258800000004,31.251910900000002,32.329563,33.4072151,34.484867200000004,35.562519300000005,36.6401714,37.7178235,38.7954756,39.873127700000005,40.95077980000001,42.0284319,43.106084
SF11C46880312282050980,21,,2019-05-18T21:00:00-0400,0.005701,0.005701,0.006081,0.04519,0.007444440418999999,0.008784438386999998,0.093754433679,0.6387314124269999,0.004409596334999999,0.00043596209999999995,0.001522371322,0.000446692554,0.021884101863999996,0.000106357856,0.000125501814,0.001048944093,0.024100880583000004,5.5807089000000006e-05,3.5351901e-05,1.7621791e-05,1.4315211000000002e-05,0.00025335244,0.007338082562999999,0.008658936572999999,0.09270548958599999,0.614630531844,0.004353789245999999,0.00040061019899999994,0.001504749531,0.000432377343,0.021630749423999996,0.0,0.0,0.0,0.0,0.0,0.0,0.0,0.0,0.0,0.992901,591299.5961574991,21.553042,22.630694100000003,23.7083462,24.785998300000003,25.8636504,26.941302500000003,28.0189546,29.096606700000002,30.174258800000004,31.251910900000002,32.329563,33.4072151,34.484867200000004,35.562519300000005,36.6401714,37.7178235,38.7954756,39.873127700000005,40.95077980000001,42.0284319,43.106084
SF11C46880312282050980,22,,2019-05-18T22:00:00-0400,0.005701,0.005701,0.005723,0.042461,0.007012433584999999,0.008274670372999999,0.088296685731,0.6025469476349999,0.004153280507,0.00041237741799999997,0.0014337838640000001,0.00042123767999999997,0.020610658631999998,0.000106357856,0.000125501814,0.001048944093,0.024100880583000004,5.5807089000000006e-05,3.5351901e-05,1.7621791e-05,1.4315211000000002e-05,0.00025335244,0.0069060757289999995,0.008149168558999999,0.08724774163799999,0.578446067052,0.004097473418,0.00037702551699999996,0.001416162073,0.00040692246899999996,0.020357306191999998,0.0,0.0,0.0,0.0,0.0,0.0,0.0,0.0,0.0,0.992901,591299.5961574991,21.553042,22.630694100000003,23.7083462,24.785998300000003,25.8636504,26.941302500000003,28.0189546,29.096606700000002,30.174258800000004,31.251910900000002,32.329563,33.4072151,34.484867200000004,35.562519300000005,36.6401714,37.7178235,38.7954756,39.873127700000005,40.95077980000001,42.0284319,43.106084
SF11C46880312282050980,23,,2019-05-18T23:00:00-0400,0.005701,0.005701,0.005277,0.03989,0.006474235126999999,0.007639596254999999,0.081497368455,0.557467977531,0.0038339596709999996,0.00038299538399999994,0.001323420718,0.00038952574199999996,0.019024190248,0.000106357856,0.000125501814,0.001048944093,0.024100880583000004,5.5807089000000006e-05,3.5351901e-05,1.7621791e-05,1.4315211000000002e-05,0.00025335244,0.0063678772709999994,0.0075140944409999985,0.08044842436199999,0.533367096948,0.0037781525819999997,0.00034764348299999993,0.001305798927,0.00037521053099999995,0.018770837808,0.0,0.0,0.0,0.0,0.0,0.0,0.0,0.0,0.0,0.992901,591299.5961574991,21.553042,22.630694100000003,23.7083462,24.785998300000003,25.8636504,26.941302500000003,28.0189546,29.096606700000002,30.174258800000004,31.251910900000002,32.329563,33.4072151,34.484867200000004,35.562519300000005,36.6401714,37.7178235,38.7954756,39.873127700000005,40.95077980000001,42.0284319,43.106084
SF11C46880412282050980,0,,2019-05-18T00:00:00-0700,0.005701,0.005699,0.004735,0.000329,9.458410399719,11.160924269216999,107.97405523064398,1386.056001209711,5.326680064834999,1.671300576499,1.775979640348,0.8719736848869999,25.529707294008,4.157064232714,4.9053357918669995,40.999617008299,942.020448213246,2.1813166702149998,1.381881244354,0.688884930188,0.5596048020919999,9.902720868603,5.301346167005,6.255588477349999,66.97443822234499,444.03555299646496,3.14536339462,0.289419332145,1.08709471016,0.31236888279499997,15.626986425404999,0.0,0.0,0.0,0.0,0.0,0.0,0.0,0.0,0.0,0.05,5879506131.041892,1039.983389,1118.6757499999999,1197.368111,1276.0604720000001,1354.752833,1433.445194,1512.137555,1590.8299160000001,1669.522277,1748.214638,1826.906999,1905.5993600000002,1984.291721,2062.984082,2141.6764430000003,2220.368804,2299.061165,2377.753526,2456.445887,2535.138248,2613.830609
SF11C46880412282050980,1,,2019-05-18T01:00:00-0700,0.005701,0.005701,0.004173,0.000594,8.830649307245,10.420166180063,100.039207200872,1333.683745648341,4.954120498901,1.637434177457,1.6471934713,0.835094821189,23.678406117876,4.158523107686,4.907057264333,41.014005363101,942.3510397023541,2.182082178785,1.382366200046,0.689126686612,0.559801189108,9.906196117197,4.672126199558999,5.513108915729999,59.02520183777099,391.33270594598696,2.7720383201159997,0.25506797741099996,0.9580667846879999,0.275293632081,13.772210000679,0.0,0.0,0.0,0.0,0.0,0.0,0.0,0.0,0.0,0.24,5879506131.041892,1039.983389,1109.4662582,1178.9491274,1248.4319966,1317.9148658,1387.397735,1456.8806042,1526.3634734000002,1595.8463426,1665.3292118,1734.812081,1804.2949502000001,1873.7778194000002,1943.2606886,2012.7435578000002,2082.226427,2151.7092962,2221.1921654000002,2290.6750346,2360.1579038,2429.640773
SF11C46880412282050980,2,,2019-05-18T02:00:00-0700,0.005701,0.005701,0.003481,0.000794,8.055880237009001,9.505938677143,90.251179481788,1268.7898485683932,4.494439090437,1.595136779813,1.488319228548,0.7894434448650001,21.39458888316,4.158523107686,4.907057264333,41.014005363101,942.3510397023541,2.182082178785,1.382366200046,0.689126686612,0.559801189108,9.906196117197,3.8973571293230003,4.59888141281,49.237174118687,326.438808866039,2.312356911652,0.212770579767,0.799192541936,0.229642255757,11.488392765963,0.0,0.0,0.0,0.0,0.0,0.0,0.0,0.0,0.0,0.24,5879506131.041892,1039.983389,1108.029943,1176.076497,1244.123051,1312.169605,1380.216159,1448.2627129999998,1516.3092669999999,1584.3558209999999,1652.402375,1720.448929,1788.4954829999997,1856.5420369999997,1924.5885909999997,1992.6351449999997,2060.6816989999998,2128.7282529999998,2196.774807,2264.821361,2332.867915,2400.914469
SF11C46880412282050980,3,,2019-05-18T03:00:00-0700,0.005701,0.005701,0.00303,0.000948,7.550936811176,8.910105434633,83.87198800591099,1226.496282696924,4.194849039545,1.567570123256,1.384775466292,0.7596908860180001,19.906147303887003,4.158523107686,4.907057264333,41.014005363101,942.3510397023541,2.182082178785,1.382366200046,0.689126686612,0.559801189108,9.906196117197,3.39241370349,4.0030481703,42.85798264281,284.14524299457,2.01276686076,0.18520392321,0.69564877968,0.19988969691,9.999951186690001,0.0,0.0,0.0,0.0,0.0,0.0,0.0,0.0,0.0,0.24,5879506131.041892,1039.983389,1107.10367465,1174.2239603,1241.34424595,1308.4645316,1375.58481725,1442.7051029,1509.8253885499998,1576.9456742,1644.0659598500001,1711.1862455,1778.30653115,1845.4268167999999,1912.54710245,1979.6673881,2046.78767375,2113.9079594,2181.02824505,2248.1485307000003,2315.2688163499997,2382.389102
SF11C46880412282050980,4,,2019-05-18T04:00:00-0700,0.005701,0.005701,0.002736,0.001072,7.221771917174,8.521690859692999,79.71349068017301,1198.9257541687382,3.999550868897,1.549599841598,1.3172768718280001,0.7402956481,18.935855010525003,4.158523107686,4.907057264333,41.014005363101,942.3510397023541,2.182082178785,1.382366200046,0.689126686612,0.559801189108,9.906196117197,3.063248809488,3.61463359536,38.699485317072,256.574714466384,1.817468690112,0.16723364155200002,0.628150185216,0.180494458992,9.029658893328001,0.0,0.0,0.0,0.0,0.0,0.0,0.0,0.0,0.0,0.24,5879506131.041892,1039.983389,1106.50496675,1173.0265445,1239.54812225,1306.0697,1372.59127775,1439.1128555,1505.63443325,1572.156011,1638.67758875,1705.1991665,1771.72074425,1838.242322,1904.76389975,1971.2854775,2037.80705525,2104.328633,2170.85021075,2237.3717885,2303.8933662500003,2370.414944
SF11C46880412282050980,5,,2019-05-18T05:00:00-0700,0.005701,0.005701,0.002544,0.001174,7.006807088438,8.268032361772999,76.997737324589,1180.92051104829,3.872009206433,1.537864147454,1.273196157076,0.727629370276,18.302194737309,4.158523107686,4.907057264333,41.014005363101,942.3510397023541,2.182082178785,1.382366200046,0.689126686612,0.559801189108,9.906196117197,2.848283980752,3.3609750974399994,35.983731961488,238.569471345936,1.6899270276479998,0.155497947408,0.5840694704639999,0.167828181168,8.395998620112,0.0,0.0,0.0,0.0,0.0,0.0,0.0,0.0,0.0,0.24,5879506131.041892,1039.983389,1106.1164528,1172.2495165999999,1238.3825803999998,1304.5156442,1370.648708,1436.7817718,1502.9148355999998,1569.0478994,1635.1809632,1701.314027,1767.4470907999998,1833.5801545999998,1899.7132183999997,1965.8462821999997,2031.9793459999999,2098.1124098,2164.2454736,2230.3785374,2296.5116012,2362.644665
SF11C46880412282050980,6,,2019-05-18T06:00:00-0700,0.005701,0.005701,0.002419,0.00126,6.866856028063,8.102890110523,75.22966873371399,1169.1983475584152,3.788974269933,1.530223721579,1.244497775076,0.719383095651,17.889655496934,4.158523107686,4.907057264333,41.014005363101,942.3510397023541,2.182082178785,1.382366200046,0.689126686612,0.559801189108,9.906196117197,2.708332920377,3.19583284619,34.215663370613,226.847307856061,1.606892091148,0.147857521533,0.555371088464,0.159581906543,7.983459379737001,0.0,0.0,0.0,0.0,0.0,0.0,0.0,0.0,0.0,0.24,5879506131.041892,1039.983389,1105.8646586,1171.7459282,1237.6271978,1303.5084674,1369.389737,1435.2710066,1501.1522762,1567.0335458,1632.9148154,1698.796085,1764.6773546,1830.5586242,1896.4398938,1962.3211634,2028.202433,2094.0837026,2159.9649722,2225.8462418,2291.7275114,2357.608781
SF11C46880412282050980,7,,2019-05-18T07:00:00-0700,0.005701,0.005701,0.002338,0.001334,6.77616774094,7.995877931712999,74.083960286827,1161.602385616976,3.7351676310809996,1.525272725612,1.22590122354,0.714039509694,17.622330069171,4.158523107686,4.907057264333,41.014005363101,942.3510397023541,2.182082178785,1.382366200046,0.689126686612,0.559801189108,9.906196117197,2.6176446332539998,3.0888206673799994,33.069954923725994,219.251345914622,1.5530854522959998,0.14290652556599998,0.5367745369279999,0.15423832058599998,7.716133951973999,0.0,0.0,0.0,0.0,0.0,0.0,0.0,0.0,0.0,0.24,5879506131.041892,1039.983389,1105.7020048,1171.4206206,1237.1392363999998,1302.8578522,1368.576468,1434.2950838,1500.0136995999999,1565.7323154,1631.4509312,1697.169547,1762.8881628,1828.6067785999999,1894.3253943999998,1960.0440101999998,2025.762626,2091.4812418,2157.1998575999996,2222.9184734,2288.6370892,2354.355705
SF11C46880412282050980,8,,2019-05-18T08:00:00-0700,0.005701,0.005701,0.002186,0.001393,6.605987251524001,7.795064954193,71.933988880323,1147.3482348132882,3.634197148297,1.515981967748,1.191003991028,0.70401203975,17.120682352875,4.158523107686,4.907057264333,41.014005363101,942.3510397023541,2.182082178785,1.382366200046,0.689126686612,0.559801189108,9.906196117197,2.447464143838,2.88800768986,30.919983517222,204.997195110934,1.452114969512,0.133615767702,0.501877304416,0.144210850642,7.214486235678001,0.0,0.0,0.0,0.0,0.0,0.0,0.0,0.0,0.0,0.24,5879506131.041892,1039.983389,1105.39791205,1170.8124351,1236.22695815,1301.6414812,1367.0560042500001,1432.4705273,1497.88505035,1563.2995734,1628.71409645,1694.1286195,1759.54314255,1824.9576656,1890.37218865,1955.7867117,2021.20123475,2086.6157578,2152.03028085,2217.4448039,2282.8593269499997,2348.27385
SF11C46880412282050980,9,,2019-05-18T09:00:00-0700,0.005701,0.005701,0.002867,0.001495,7.368440628447001,8.694759939003,81.56642656341,1211.2105815061273,4.086571482349,1.557607007915,1.347352776164,0.7489377439070001,19.368196134438,4.158523107686,4.907057264333,41.014005363101,942.3510397023541,2.182082178785,1.382366200046,0.689126686612,0.559801189108,9.906196117197,3.209917520761,3.7877026746699998,40.552421200309,268.859541803773,1.904489303564,0.175240807869,0.658226089552,0.18913655479900002,9.462000017241001,0.0,0.0,0.0,0.0,0.0,0.0,0.0,0.0,0.0,0.24,5879506131.041892,1039.983389,1106.7711958,1173.5590026,1240.3468094,1307.1346162,1373.922423,1440.7102298,1507.4980366,1574.2858434,1641.0736502,1707.861457,1774.6492638,1841.4370706,1908.2248774,1975.0126842,2041.800491,2108.5882978,2175.3761046,2242.1639114,2308.9517182,2375.739525
SF11C46880412282050980,10,,2019-05-18T10:00:00-0700,0.020004,0.019999,0.012368,0.00225,28.435338000258,33.553698831447,318.816132498135,4465.587339677638,15.870511702771001,5.60528873993,5.256976070396,2.779691362988,75.569030915367,14.588020282514,17.213863923767,143.876353842599,3305.749595335446,7.654702945714999,4.849314442154,2.417443361788,1.963771966492,34.750748315703,13.847317717744,16.33983490768,174.939778655536,1159.837744342192,8.215808757056001,0.755974297776,2.839532708608,0.815919396496,40.818282599664,0.0,0.0,0.0,0.0,0.0,0.0,0.0,0.0,0.0,0.24,20630352682.926155,2609.339228,2733.97465195,2858.6100758999996,2983.2454998499998,3107.8809238,3232.51634775,3357.1517716999997,3481.78719565,3606.4226196,3731.0580435499996,3855.6934674999998,3980.32889145,4104.9643154,4229.59973935,4354.2351633,4478.8705872499995,4603.506011199999,4728.14143515,4852.7768590999995,4977.41228305,5102.047707
SF11C46880412282050980,11,,2019-05-18T11:00:00-0700,0.040008,0.040002,0.029192,0.004118,61.862569150708,72.99783158038599,700.6891508333861,9349.707546420557,34.702583839034,11.483913292836,11.537475575176,5.85373869784,165.85121116881,29.178958314972004,34.431170792466,287.781484394802,6612.160373649109,15.31093690857,9.699598795692001,4.8353702364240005,3.927936707016,69.50844712859401,32.683610835736,38.56666078791999,412.907666438584,2737.547172771448,19.391646930464,1.784314497144,6.702105338751999,1.9258019908239998,96.342764040216,0.0,0.0,0.0,0.0,0.0,0.0,0.0,0.0,0.0,0.24,41260705365.85231,3516.515654,3731.6174744,3946.7192947999997,4161.8211152,4376.9229356,4592.024756,4807.1265764,5022.2283968,5237.3302172,5452.4320376,5667.533858,5882.6356784,6097.7374988,6312.8393192,6527.9411396,6743.04296,6958.1447804,7173.2466008,7388.3484212,7603.4502416,7818.552062
SF11C46880412282050980,12,,2019-05-18T12:00:00-0700,0.070014,0.070005,0.05827,0.007871,116.30385751184,137.238551833865,1327.831243279295,17035.932329942898,65.502279720265,20.53632253512,21.84011698418,10.71811990673,313.951681204695,51.064271207430004,60.255839991165,503.628388957005,11571.52859750277,26.794713721424998,16.97466160923,8.46207923106,6.8740365275399995,121.642388911485,65.23958630441,76.9827118427,824.20285432229,5464.40373244013,38.70756599884,3.56166092589,13.37803775312,3.84408337919,192.30929229321,0.0,0.0,0.0,0.0,0.0,0.0,0.0,0.0,0.0,0.24,72206234390.24155,3900.888457,4258.28130225,4615.6741475,4973.06699275,5330.459838,5687.85268325,6045.2455285,6402.63837375,6760.031219,7117.42406425,7474.816909499999,7832.20975475,8189.6026,8546.995445249999,8904.3882905,9261.78113575,9619.173981,9976.56682625,10333.9596715,10691.352516750001,11048.745362
SF11C46880412282050980,13,,2019-05-18T13:00:00-0700,0.10002,0.100011,0.092425,0.013728,176.43158645362098,208.18927197281297,2026.8067921443858,25198.760393003668,99.675670845235,29.899782748280998,33.308734511132,15.917726386313,478.813057900542,72.951772412346,86.083091398563,719.496876051411,16531.392708590094,38.279638797135,24.250451856306,12.089150860332001,9.820430928588,173.78154356726702,103.47981404127499,122.10618057424998,1307.3099160929748,8667.367684413573,61.3960320481,5.649330891975,21.219583650799997,6.097295457724999,305.03151433327497,0.0,0.0,0.0,0.0,0.0,0.0,0.0,0.0,0.0,0.24,103151763414.63075,3979.682697,4471.1266723,4962.5706476000005,5454.0146229,5945.4585982,6436.9025735,6928.3465488,7419.7905241,7911.2344994,8402.6784747,8894.122449999999,9385.5664253,9877.0104006,10368.4543759,10859.8983512,11351.3423265,11842.786301799999,12334.2302771,12825.6742524,13317.118227699999,13808.562203
SF11C46880412282050980,14,,2019-05-18T14:00:00-0700,0.130026,0.130017,0.13034,0.021803,240.769043291482,284.107471029361,2778.965844222997,33714.19113383988,136.346752860125,39.493066971762,45.640599368644004,21.365380806616002,656.083614946869,94.839273617262,111.910342805961,935.3653631458169,21491.25681967742,49.764563872844995,31.526242103382,15.716222489604,12.766825329636,225.920698223049,145.92976967422,172.1971282234,1843.6004810771801,12222.934314162461,86.58218898728,7.966824868380001,29.92437687904,8.598555476980001,430.16291672382005,0.0,0.0,0.0,0.0,0.0,0.0,0.0,0.0,0.0,0.24,134097292439.01999,3995.835068,4610.3550743,5224.8750806,5839.3950869,6453.915093199999,7068.4350995,7682.9551058,8297.475112099999,8911.9951184,9526.5151247,10141.035131,10755.5551373,11370.0751436,11984.5951499,12599.1151562,13213.6351625,13828.1551688,14442.6751751,15057.1951814,15671.7151877,16286.235194
SF11C46880412282050980,15,,2019-05-18T15:00:00-0700,0.160032,0.160023,0.170507,0.032097,307.627858433059,363.000872884429,3562.9784200348113,42440.80837210968,174.513792290999,49.224001107807,58.48949427626799,26.961600110562998,840.7864789477919,116.726774822178,137.737594213359,1151.2338502402229,26451.120930764744,61.249488948555,38.802032350458,19.343294118876,15.713219730684,278.059852878831,190.901083610881,225.26327867106997,2411.7445697945886,15989.687441344931,113.264303342444,10.421968757349,39.146200157391995,11.248380379878999,562.726626068961,0.0,0.0,0.0,0.0,0.0,0.0,0.0,0.0,0.0,0.24,165042821463.40924,3999.146213,4727.1813215,5455.21643,6183.2515385,6911.286647,7639.3217555,8367.356864,9095.3919725,9823.427081,10551.4621895,11279.497298,12007.532406499999,12735.567514999999,13463.602623499999,14191.637732,14919.6728405,15647.707949,16375.7430575,17103.778166,17831.8132745,18559.848383
SF11C46880412282050980,16,,2019-05-18T16:00:00-0700,0.170034,0.170031,0.189095,0.042959,335.739351274951,396.172434434173,3897.896619201496,45838.22078320448,190.69202437257502,52.786881279891,63.966807618892005,29.170574760462998,919.522858112892,124.026985182066,146.351842433223,1223.233177669431,28105.400742261172,65.08009383283499,41.228750633226,20.553043264572,16.695940358747997,295.449996843207,211.71236609288502,249.82059200095,2674.663441532065,17732.820040943305,125.61193053974002,11.558130646665001,43.41376435432,12.474634401715,624.0728612696851,0.0,0.0,0.0,0.0,0.0,0.0,0.0,0.0,0.0,0.24,175357997804.87228,3999.49658,4766.2395497,5532.9825194000005,6299.7254891,7066.4684588,7833.2114285,8599.9543982,9366.6973679,10133.440337600001,10900.1833073,11666.926276999999,12433.6692467,13200.4122164,13967.1551861,14733.898155800001,15500.641125499998,16267.3840952,17034.1270649,17800.8700346,18567.6130043,19334.355974
SF11C46880412282050980,17,,2019-05-18T17:00:00-0700,0.120024,0.12004,0.137129,0.049455,241.09246748474698,284.48911158261,2803.216877600823,32701.68963388671,137.03780682986798,37.48883231234299,45.993263970704,20.833575844732998,661.1531685589471,87.56167581944,103.32277740932,863.5890552160399,19842.10117626216,45.94582437139999,29.107040633839997,14.51022056848,11.78714870032,208.58442061188,153.530791665307,181.16633417328998,1939.627822384783,12859.588457624552,91.091982458468,8.381791678503,31.483043402224,9.046427144413,452.56874794706704,0.0,0.0,0.0,0.0,0.0,0.0,0.0,0.0,0.0,0.24,123782116097.55692,3992.936381,4580.04320405,5167.1500271,5754.25685015,6341.3636731999995,6928.47049625,7515.5773193,8102.684142349999,8689.7909654,9276.89778845,9864.0046115,10451.11143455,11038.2182576,11625.32508065,12212.431903699999,12799.53872675,13386.6455498,13973.75237285,14560.8591959,15147.96601895,15735.072842
SF11C46880412282050980,18,,2019-05-18T18:00:00-0700,0.070014,0.07003,0.080764,0.051603,141.506566665592,166.97774863663,1646.178576779458,19149.491487886735,80.454151470438,21.917294398328,27.007470177144,12.204508355747999,388.232383196082,51.08250714458,60.277358396989996,503.80824339202996,11575.66099111662,26.804282578549998,16.98072355538,8.46510118636,6.876491365239999,121.68582951891,90.424059521012,106.70039023964,1142.370333387428,7573.830496770116,53.649868891888005,4.936570842948,18.542368990784,5.328016990508,266.546553677172,0.0,0.0,0.0,0.0,0.0,0.0,0.0,0.0,0.0,0.24,72206234390.24155,3900.888457,4275.8348928,4650.7813286,5025.7277644,5400.6742002,5775.620636,6150.5670718,6525.5135076,6900.459943399999,7275.4063792,7650.352815,8025.2992508,8400.2456866,8775.1921224,9150.1385582,9525.084994,9900.0314298,10274.977865599998,10649.924301399999,11024.870737199999,11399.817173
SF11C46880412282050980,19,,2019-05-18T19:00:00-0700,0.040008,0.040017,0.045785,0.051191,80.45117427141699,94.93238562381099,935.4975605215119,10908.233852888832,45.730714764065,12.501771152877,15.348826768563999,6.949855079280999,220.639384457604,29.189899877262,34.44408183596099,287.88939705581697,6614.639809817418,15.316678222844999,9.703235963382,4.837183409604,3.9294096096359996,69.534511493049,51.261274394154995,60.48830378784999,647.6081634656949,4293.5940430714145,30.41403654122,2.798535189495,10.511643358959999,3.020445469645,151.104872964555,0.0,0.0,0.0,0.0,0.0,0.0,0.0,0.0,0.0,0.24,41260705365.85231,3516.515654,3747.7549926499996,3978.9943313,4210.233669949999,4441.4730086,4672.71234725,4903.9516859,5135.191024549999,5366.430363199999,5597.66970185,5828.9090405,6060.1483791499995,6291.387717799999,6522.627056449999,6753.8663951,6985.10573375,7216.3450723999995,7447.584411049999,7678.823749699999,7910.06308835,8141.302427
SF11C46880412282050980,20,,2019-05-18T20:00:00-0700,0.005701,0.005712,0.006511,0.048089,11.456317752844999,13.518454946005999,133.188298076009,1554.7533447530573,6.511416248332001,1.783007959329,2.18529766856,0.990413270363,31.413653937117,4.166546920032,4.9165253628959995,41.093141314512,944.1692928924481,2.1862924759199998,1.385033456352,0.690456346944,0.560881317696,9.925309984464,7.289770832813,8.60192958311,92.095156761497,610.5840518606091,4.325123772412001,0.39797450297700004,1.494841321616,0.429531952667,21.488343952653,0.0,0.0,0.0,0.0,0.0,0.0,0.0,0.0,0.0,0.24,5879506131.041892,1039.983389,1114.51985255,1189.0563161,1263.59277965,1338.1292432,1412.66570675,1487.2021703,1561.73863385,1636.2750974,1710.81156095,1785.3480245,1859.88448805,1934.4209516,2008.95741515,2083.4938787,2158.03034225,2232.5668058,2307.10326935,2381.6397329,2456.17619645,2530.71266
SF11C46880412282050980,21,,2019-05-18T21:00:00-0700,0.005701,0.005701,0.006082,0.045185,10.967981901292,12.942218641153,127.041150720715,1512.704626465712,6.222230049128999,1.75411876142,2.085475161204,0.961031927262,29.978705396883,4.158523107686,4.907057264333,41.014005363101,942.3510397023541,2.182082178785,1.382366200046,0.689126686612,0.559801189108,9.906196117197,6.809458793606,8.03516137682,86.02714535761399,570.353586763358,4.040147870344,0.371752561374,1.3963484745919998,0.40123073815399996,20.072509279686,0.0,0.0,0.0,0.0,0.0,0.0,0.0,0.0,0.0,0.24,5879506131.041892,1039.983389,1113.48911,1186.994831,1260.500552,1334.006273,1407.511994,1481.017715,1554.523436,1628.029157,1701.534878,1775.040599,1848.54632,1922.052041,1995.557762,2069.063483,2142.569204,2216.074925,2289.580646,2363.086367,2436.592088,2510.097809
SF11C46880412282050980,22,,2019-05-18T22:00:00-0700,0.005701,0.005701,0.005724,0.042456,10.567162064378,12.469251233572999,121.977402276449,1479.13235023071,5.984417990993,1.732236581714,2.003282995156,0.937414596736,28.797193012449,4.158523107686,4.907057264333,41.014005363101,942.3510397023541,2.182082178785,1.382366200046,0.689126686612,0.559801189108,9.906196117197,6.408638956692,7.562193969239999,80.96339691334799,536.781310528356,3.8023358122079998,0.349870381668,1.314156308544,0.377613407628,18.890996895252,0.0,0.0,0.0,0.0,0.0,0.0,0.0,0.0,0.0,0.24,5879506131.041892,1039.983389,1112.73015605,1185.4769231,1258.22369015,1330.9704572,1403.71722425,1476.4639912999999,1549.2107583499999,1621.9575254,1694.70429245,1767.4510595,1840.1978265499997,1912.9445935999997,1985.6913606499998,2058.4381276999998,2131.18489475,2203.9316618,2276.67842885,2349.4251959,2422.17196295,2494.91873
SF11C46880412282050980,23,,2019-05-18T23:00:00-0700,0.005701,0.005701,0.005278,0.039885,10.06781668096,11.880023681112998,115.668933544207,1437.307670898836,5.688149337561,1.7049755421919999,1.90088716818,0.907991888874,27.325253002791,4.158523107686,4.907057264333,41.014005363101,942.3510397023541,2.182082178785,1.382366200046,0.689126686612,0.559801189108,9.906196117197,5.909293573274,6.972966416779999,74.65492818110599,494.95663119648196,3.5060671587759997,0.322609342146,1.2117604815679999,0.348190699766,17.419056885594,0.0,0.0,0.0,0.0,0.0,0.0,0.0,0.0,0.0,0.24,5879506131.041892,1039.983389,1111.7869655499999,1183.5905421,1255.39411865,1327.1976952,1399.00127175,1470.8048483,1542.6084248500001,1614.4120014,1686.21557795,1758.0191545,1829.8227310500001,1901.6263076,1973.42988415,2045.2334607,2117.03703725,2188.8406138,2260.64419035,2332.4477669,2404.25134345,2476.05492
SF11C46880512282050980,0,,2019-05-18T00:00:00-0700,0.005701,0.005696,0.004738,0.000329,1.1645414072,1.3741588622099998,12.819298863394,195.12802835436,0.644082147484,0.25337288787999995,0.211921761064,0.12032757170799999,3.0463753392179997,0.68315340544,0.806121022976,6.737694316991999,154.807441720704,0.35846786035199996,0.22709220633599997,0.113208279104,0.09196295667199998,1.627369009984,0.48138800175999996,0.568037839234,6.0816045464020005,40.320586633656,0.285614287132,0.026280681544,0.09871348196,0.028364615035999997,1.419006329234,0.0,0.0,0.0,0.0,0.0,0.0,0.0,0.0,0.0,0.05,824432502.8169148,113.849078,150.8034799,187.7578818,224.7122837,261.6666856,298.6210875,335.57548940000004,372.52989130000003,409.4842932,446.4386951,483.393097,520.3474989,557.3019008,594.2563027,631.2107046,668.1651065,705.1195084,742.0739103,779.0283122,815.9827141,852.937116
SF11C46880512282050980,1,,2019-05-18T01:00:00-0700,0.005701,0.005701,0.004172,0.000594,1.1076346250800002,1.307008859652,12.098706692615,190.447235033838,0.6102774202700001,0.250432749452,0.20022885458900003,0.117019869566,2.878289805525,0.6837530836400001,0.806828643256,6.743608725627,154.94333308457402,0.358782526662,0.227291549916,0.11330765434900002,0.09204368258199999,1.628797529129,0.42388154144,0.5001802163960001,5.355097966988001,35.503901949264,0.25149489360800004,0.023141199536000003,0.08692120024000001,0.024976186984,1.2494922763960001,0.0,0.0,0.0,0.0,0.0,0.0,0.0,0.0,0.0,0.525,824432502.8169148,113.849078,138.1955453,162.5420126,186.8884799,211.2349472,235.5814145,259.92788179999997,284.2743491,308.62081639999997,332.9672837,357.31375099999997,381.6602183,406.00668559999997,430.3531529,454.69962019999997,479.0460875,503.39255479999997,527.7390220999999,552.0854893999999,576.4319566999999,600.778424
SF11C46880512282050980,2,,2019-05-18T02:00:00-0700,0.005701,0.005701,0.003481,0.000794,1.0374279747600001,1.224165012689,11.211752547076001,184.566794897946,0.568622824996,0.24659991894400002,0.18583227036900002,0.112883113764,2.671338903562,0.6837530836400001,0.806828643256,6.743608725627,154.94333308457402,0.358782526662,0.227291549916,0.11330765434900002,0.09204368258199999,1.628797529129,0.35367489112,0.417336369433,4.468143821449001,29.623461813372,0.209840298334,0.019308369028,0.07252461602,0.020839431182,1.042541374433,0.0,0.0,0.0,0.0,0.0,0.0,0.0,0.0,0.0,0.683333,824432502.8169148,113.849078,131.55676115,149.2644443,166.97212745000002,184.6798106,202.38749375000003,220.0951769,237.80286005,255.51054320000003,273.21822635,290.92590950000005,308.63359265,326.3412758,344.04895895000004,361.7566421,379.46432525000006,397.17200840000004,414.87969155,432.58737470000005,450.29505785000003,468.00274100000007
SF11C46880512282050980,3,,2019-05-18T03:00:00-0700,0.005701,0.005701,0.003029,0.000948,0.9915040877200001,1.169974826253,10.631574147968001,180.72025518532203,0.541375535468,0.244092770768,0.17641511252900002,0.11017716061999999,2.535967257126,0.6837530836400001,0.806828643256,6.743608725627,154.94333308457402,0.358782526662,0.227291549916,0.11330765434900002,0.09204368258199999,1.628797529129,0.30775100408,0.36314618299699997,3.8879654223410003,25.776922100748,0.182593008806,0.016801220852,0.06310745818,0.018133478038,0.907169727997,0.0,0.0,0.0,0.0,0.0,0.0,0.0,0.0,0.0,0.7625,824432502.8169148,113.849078,127.7643898,141.6797016,155.5950134,169.5103252,183.425637,197.34094879999998,211.2562606,225.1715724,239.0868842,253.00219599999997,266.9175078,280.8328196,294.7481314,308.66344319999996,322.578755,336.4940668,350.40937859999997,364.32469039999995,378.2400022,392.155314
SF11C46880512282050980,4,,2019-05-18T04:00:00-0700,0.005701,0.005701,0.002735,0.001072,0.9616332408400001,1.134727227111,10.254201472442,178.21830236339403,0.523652740952,0.24246201509600002,0.17028979304900002,0.10841709375199998,2.447915787984,0.6837530836400001,0.806828643256,6.743608725627,154.94333308457402,0.358782526662,0.227291549916,0.11330765434900002,0.09204368258199999,1.628797529129,0.2778801572,0.327898583855,3.510592746815,23.27496927882,0.16487021428999998,0.01517046518,0.056982138700000004,0.016373411169999998,0.819118258855,0.0,0.0,0.0,0.0,0.0,0.0,0.0,0.0,0.0,0.81,824432502.8169148,113.849078,125.2607091,136.6723402,148.0839713,159.4956024,170.90723350000002,182.31886459999998,193.7304957,205.1421268,216.5537579,227.96538900000002,239.37702009999998,250.7886512,262.20028229999997,273.6119134,285.0235445,296.4351756,307.8468067,319.25843779999997,330.6700689,342.0817
SF11C46880512282050980,5,,2019-05-18T05:00:00-0700,0.005701,0.005701,0.002544,0.001174,0.9422273505200001,1.111828276648,10.009037591403,176.59288403350203,0.512138952678,0.24140257858800002,0.16631041882900002,0.10727364895,2.390712282521,0.6837530836400001,0.806828643256,6.743608725627,154.94333308457402,0.358782526662,0.227291549916,0.11330765434900002,0.09204368258199999,1.628797529129,0.25847426687999997,0.304999633392,3.265428865776,21.649550948928,0.15335642601599997,0.014111028672,0.05300276448,0.015229966367999998,0.761914753392,0.0,0.0,0.0,0.0,0.0,0.0,0.0,0.0,0.0,0.841667,824432502.8169148,113.849078,123.46136455,133.0736511,142.68593765,152.2982242,161.91051075000001,171.52279729999998,181.13508385,190.7473704,200.35965695,209.9719435,219.58423004999997,229.1965166,238.80880315,248.42108969999998,258.03337625,267.64566279999997,277.25794935,286.87023589999995,296.48252245,306.094809
SF11C46880512282050980,6,,2019-05-18T06:00:00-0700,0.005701,0.005701,0.002419,0.00126,0.9295271605200001,1.096842052523,9.848590025278,175.52912858200202,0.504603750928,0.24070923008800002,0.163706116329,0.1065253212,2.353275433396,0.6837530836400001,0.806828643256,6.743608725627,154.94333308457402,0.358782526662,0.227291549916,0.11330765434900002,0.09204368258199999,1.628797529129,0.24577407688,0.29001340926700003,3.1049812996510004,20.585795497428,0.145821224266,0.013417680172000002,0.05039846198,0.014481638618,0.7244779042670001,0.0,0.0,0.0,0.0,0.0,0.0,0.0,0.0,0.0,0.864286,824432502.8169148,113.849078,122.0932777,130.3374774,138.5816771,146.8258768,155.0700765,163.3142762,171.55847590000002,179.8026756,188.0468753,196.29107499999998,204.5352747,212.7794744,221.0236741,229.26787380000002,237.51207349999999,245.7562732,254.00047289999998,262.2446726,270.48887229999997,278.733072
SF11C46880512282050980,7,,2019-05-18T07:00:00-0700,0.005701,0.005701,0.002338,0.001334,0.9212974374,1.08713097929,9.744620002429,174.83981504943003,0.499720940194,0.24025994026,0.16201852830900002,0.10604040481799999,2.329016355163,0.6837530836400001,0.806828643256,6.743608725627,154.94333308457402,0.358782526662,0.227291549916,0.11330765434900002,0.09204368258199999,1.628797529129,0.23754435375999997,0.28030233603399995,3.001011276802,19.896481964855997,0.14093841353199998,0.012968390344,0.04871087396,0.013996722235999999,0.700218826034,0.0,0.0,0.0,0.0,0.0,0.0,0.0,0.0,0.0,0.88125,824432502.8169148,113.849078,121.01068445,128.1722909,135.33389735,142.4955038,149.65711025000002,156.81871669999998,163.98032315,171.1419296,178.30353605,185.4651425,192.62674894999998,199.7883554,206.94996185,214.1115683,221.27317475,228.43478119999997,235.59638765,242.75799409999996,249.91960054999998,257.081207
SF11C46880512282050980,8,,2019-05-18T08:00:00-0700,0.005701,0.005701,0.002186,0.001393,0.90585400636,1.068907730754,9.549515762021,173.54628842040603,0.490558134866,0.239416828484,0.15885169646900002,0.105130438274,2.283493146627,0.6837530836400001,0.806828643256,6.743608725627,154.94333308457402,0.358782526662,0.227291549916,0.11330765434900002,0.09204368258199999,1.628797529129,0.22210092271999998,0.262079087498,2.805907036394,18.602955335832,0.131775608204,0.012125278568000001,0.04554404212,0.013086755692,0.654695617498,0.0,0.0,0.0,0.0,0.0,0.0,0.0,0.0,0.0,0.894444,824432502.8169148,113.849078,120.1169777,126.38487740000001,132.6527771,138.9206768,145.1885765,151.4564762,157.7243759,163.9922756,170.26017530000001,176.528075,182.7959747,189.0638744,195.33177410000002,201.5996738,207.8675735,214.1354732,220.40337290000002,226.6712726,232.9391723,239.207072
SF11C46880512282050980,9,,2019-05-18T09:00:00-0700,0.005701,0.005701,0.002867,0.001495,0.97504464148,1.150552679787,10.42363410227,179.34162812017803,0.531609914,0.24319419111200002,0.173039936489,0.10920732785599999,2.48744910066,0.6837530836400001,0.806828643256,6.743608725627,154.94333308457402,0.358782526662,0.227291549916,0.11330765434900002,0.09204368258199999,1.628797529129,0.29129155784,0.34372403653100003,3.6800253766430004,24.398295035604,0.17282738733800002,0.015902641196000003,0.05973228214000001,0.017163645274,0.8586515715310001,0.0,0.0,0.0,0.0,0.0,0.0,0.0,0.0,0.0,0.905,824432502.8169148,113.849078,119.45489565000001,125.0607133,130.66653095,136.27234860000002,141.87816625,147.4839839,153.08980155,158.6956192,164.30143685000002,169.9072545,175.51307215,181.1188898,186.72470744999998,192.3305251,197.93634275,203.5421604,209.14797805,214.7537957,220.35961335000002,225.965431
SF11C46880512282050980,10,,2019-05-18T10:00:00-0700,0.020004,0.019992,0.012374,0.00225,3.6549705233600003,4.312865226134,39.53119695203,648.651308952696,2.00408646554,0.8656913249839999,0.6551470926880001,0.39685293917199993,9.41773951795,2.39775331488,2.829348927552,23.648171486183998,543.348029297808,1.2581617739039999,0.7970553702719999,0.397341979608,0.32277447854399993,5.711790949368,1.25721720848,1.4835162985819998,15.883025465846,105.30327965488799,0.745924691636,0.068635954712,0.25780511308000004,0.074078460628,3.705948568582,0.0,0.0,0.0,0.0,0.0,0.0,0.0,0.0,0.0,0.691991,2892816661.3488092,385.420694,415.02970365000004,444.6387133,474.24772295,503.8567326,533.46574225,563.0747519,592.68376155,622.2927712000001,651.90178085,681.5107905,711.11980015,740.7288098,770.33781945,799.9468291000001,829.55583875,859.1648484,888.77385805,918.3828677,947.99187735,977.600887
SF11C46880512282050980,11,,2019-05-18T11:00:00-0700,0.040008,0.039991,0.029202,0.004118,7.76331376628,9.160710258681998,84.787741752315,1335.396600062658,4.27710777267,1.7563671247319999,1.403229817399,0.820483309006,20.171428770725,4.79634617924,5.6596885234959995,47.304623144457,1086.886306505034,2.516764080642,1.594389821556,0.794823084559,0.6456619733619999,11.425581825538998,2.9669675870399996,3.501021735186,37.483118607858,248.51029355762398,1.7603436920279998,0.161977303176,0.60840673284,0.174821335644,8.745846945186,0.0,0.0,0.0,0.0,0.0,0.0,0.0,0.0,0.0,0.383981,5785633322.6976185,733.704109,809.9970288,886.2899486,962.5828684,1038.8757882,1115.168708,1191.4616277999999,1267.7545476,1344.0474674,1420.3403872,1496.633307,1572.9262268,1649.2191466,1725.5120663999999,1801.8049862,1878.097906,1954.3908258,2030.6837455999998,2106.9766653999995,2183.2695851999997,2259.562505
SF11C46880512282050980,12,,2019-05-18T12:00:00-0700,0.070014,0.069988,0.058288,0.007871,14.316204970079998,16.893121885712,157.604868183628,2398.186376962968,7.918267857687999,3.1136428743519997,2.605411602372,1.4789172209519998,37.452792078436,8.39405557232,9.904985631328,82.78752630927599,1902.152954906712,4.404573140856,2.7903316954079997,1.391014929412,1.129968997816,19.995839584051996,5.922149397759999,6.988136254384,74.81734187435201,496.033422056256,3.5136947168319996,0.323311178944,1.21439667296,0.348948223136,17.456952494384,0.0,0.0,0.0,0.0,0.0,0.0,0.0,0.0,0.0,0.24,10124858314.720833,1194.229308,1314.80122185,1435.3731357,1555.94504955,1676.5169634,1797.08887725,1917.6607911,2038.23270495,2158.8046188,2279.37653265,2399.9484465,2520.5203603500004,2641.0922742000002,2761.66418805,2882.2361019,3002.80801575,3123.3799296,3243.95184345,3364.5237573000004,3485.0956711500003,3605.667585
SF11C46880512282050980,13,,2019-05-18T13:00:00-0700,0.10002,0.099994,0.092446,0.013728,21.385498504079997,25.234888259342,236.942960993572,3504.383699518308,11.865742688272,4.499410751151999,3.9134444410260003,2.16786058632,56.255764310703995,11.99284438616,14.151556455664,118.28107540963799,2717.664207763356,6.292948600428,3.9866323877039997,1.987385649706,1.6144213289079998,28.568668677025997,9.39265411792,11.083331803678,118.66188558393401,786.719491754952,5.572794087844,0.512778363448,1.9260587913200002,0.553439257412,27.687095633678002,0.0,0.0,0.0,0.0,0.0,0.0,0.0,0.0,0.0,0.24,14464083306.744047,1589.82363,1734.7573714,1879.6911128000002,2024.6248542,2169.5585956,2314.492337,2459.4260784,2604.3598198,2749.2935612,2894.2273026000003,3039.1610440000004,3184.0947854,3329.0285268,3473.9622682,3618.8960096,3763.829751,3908.7634924000004,4053.6972338000005,4198.6309752,4343.5647166,4488.498458
SF11C46880512282050980,14,,2019-05-18T14:00:00-0700,0.130026,0.13,0.130363,0.021803,28.836712151760004,34.027320364859,321.106033012027,4642.570276011156,16.039816105882,5.906029004044,5.299793864460001,2.879307663786,76.18453746985901,15.591633200000002,18.39812728,153.77462451,3533.17546062,8.18132406,5.18293308,2.58375637,2.0988736599999998,37.14149777,13.24507895176,15.629193084859,167.33140850202702,1109.394815391156,7.8584920458820005,0.723095924044,2.7160374944600005,0.780434003786,39.043039699859,0.0,0.0,0.0,0.0,0.0,0.0,0.0,0.0,0.0,0.24,18803308298.76726,1929.641879,2096.9677459,2264.2936128,2431.6194797,2598.9453466,2766.2712135,2933.5970804,3100.9229473000005,3268.2488142,3435.5746811,3602.9005480000005,3770.2264149000002,3937.5522818,4104.878148700001,4272.2040156,4439.5298825,4606.855749400001,4774.1816163,4941.5074832,5108.833350100001,5276.159217
SF11C46880512282050980,15,,2019-05-18T15:00:00-0700,0.160032,0.160006,0.170531,0.032097,36.51663082096,43.089624394419,408.158444801261,5799.912960674616,20.349583436605997,7.325133076724001,6.733041567314,3.6042306273739997,96.787473408057,19.190422013840003,22.644698104336,189.268173610362,4348.686713476644,10.069699519572,6.379233772296001,3.1801270902940004,2.583325991092,45.714326862974,17.326208807119997,20.444926290082996,218.890271190899,1451.2262471979718,10.279883917033999,0.945899304428,3.55291447702,1.0209046362819998,51.073146545083,0.0,0.0,0.0,0.0,0.0,0.0,0.0,0.0,0.0,0.24,23142533290.790474,2221.548099,2410.30546585,2599.0628327,2787.8201995500003,2976.5775664000003,3165.33493325,3354.0923001,3542.84966695,3731.6070338,3920.36440065,4109.1217675,4297.87913435,4486.636501200001,4675.39386805,4864.1512349,5052.908601749999,5241.6659686,5430.423335449999,5619.1807023,5807.938069149999,5996.695436
SF11C46880512282050980,16,,2019-05-18T16:00:00-0700,0.170034,0.170025,0.189107,0.042959,39.60561583364,46.734626706251,443.853528730778,6230.294645733835,22.099903050248,7.827614876216,7.319189869165001,3.877196696104,105.213355345576,20.392057191000003,24.0626276214,201.119465633175,4620.985828399351,10.70022787155,6.7786784379,3.3792552062250003,2.74508456955,48.576793525725,19.21355864264,22.671999084851,242.734063097603,1609.3088173344838,11.399675178697999,1.048936438316,3.9399346629400003,1.132112126554,56.636561819851,0.0,0.0,0.0,0.0,0.0,0.0,0.0,0.0,0.0,0.24,24588941621.464878,2309.399445,2505.67394765,2701.9484503,2898.22295295,3094.4974555999997,3290.77195825,3487.0464609,3683.3209635499998,3879.5954662,4075.86996885,4272.1444715,4468.4189741499995,4664.6934768,4860.96797945,5057.2424821,5253.51698475,5449.7914874,5646.0659900499995,5842.340492699999,6038.61499535,6234.889498
SF11C46880512282050980,17,,2019-05-18T17:00:00-0700,0.120024,0.120068,0.137097,0.049455,28.32969601096,33.429041306729005,318.001282981749,4429.942304502996,15.820699336373998,5.547404987124,5.2426938620720005,2.7592676287099995,75.36372497629299,14.40043242352,16.992510355808,142.02624319743597,3263.240855428632,7.556270901815999,4.786956992687999,2.3863573833319998,1.9385197123759996,34.30388734037199,13.92926358744,16.436530950921,175.975039784313,1166.7014490743638,8.264428434557999,0.760447994436,2.8563364787400003,0.8207479163339999,41.059837635921,0.0,0.0,0.0,0.0,0.0,0.0,0.0,0.0,0.0,0.24,17356899968.092857,1822.056592,1984.3748045999998,2146.6930171999998,2309.0112298,2471.3294424,2633.6476549999998,2795.9658676,2958.2840802,3120.6022928,3282.9205054,3445.238718,3607.5569305999998,3769.8751432,3932.1933558,4094.5115684,4256.829781,4419.1479936,4581.466206200001,4743.7844188,4906.1026314,5068.420844
SF11C46880512282050980,18,,2019-05-18T18:00:00-0700,0.070014,0.070058,0.08073,0.051603,16.604741776719997,19.593595304138,186.493784136336,2591.071254797652,9.275513167416,3.2409147007679997,3.074368909442,1.614399154616,44.194053490971996,8.40245106712,9.914892315248,82.870328030166,1904.0554340008919,4.408978469196,2.793122505528,1.392406182842,1.131099160556,20.015838852082,8.2022907096,9.678702988889999,103.62345610617,687.01582079676,4.86653469822,0.44779219524,1.6819627266000001,0.48329999405999996,24.17821463889,0.0,0.0,0.0,0.0,0.0,0.0,0.0,0.0,0.0,0.24,10124858314.720833,1194.229308,1318.0480976,1441.8668872,1565.6856768,1689.5044664,1813.3232560000001,1937.1420456,2060.9608352,2184.7796248,2308.5984144000004,2432.4172040000003,2556.2359936000003,2680.0547832,2803.8735728,2927.6923624,3051.511152,3175.3299416,3299.1487312000004,3422.9675208000003,3546.7863104000003,3670.6051
SF11C46880512282050980,19,,2019-05-18T19:00:00-0700,0.040008,0.040034,0.045764,0.051191,9.451195373040001,11.152410544755998,106.097266387874,1477.508608093884,5.278197994004,1.849947382376,1.749144108546,0.920327985396,25.143946797037998,4.801503411760001,5.665774057904,47.355487058718,1088.054972234316,2.519470210908,1.596104176344,0.795677711666,0.646356216188,11.437867090186,4.649691961279999,5.4866364868519995,58.741779329156,389.45363585956795,2.758727783096,0.253843206032,0.95346639688,0.273971769208,13.706079706852,0.0,0.0,0.0,0.0,0.0,0.0,0.0,0.0,0.0,0.383981,5785633322.6976185,733.704109,812.6148171,891.5255252,970.4362333,1049.3469414,1128.2576494999998,1207.1683576,1286.0790657,1364.9897738,1443.9004819,1522.81119,1601.7218981,1680.6326061999998,1759.5433143,1838.4540224,1917.3647305,1996.2754386,2075.1861467,2154.0968548,2233.0075629,2311.9182709999995
SF11C46880512282050980,20,,2019-05-18T20:00:00-0700,0.005701,0.005731,0.006487,0.048089,1.34644021308,1.5887994521270001,15.10568206906,210.963334178838,0.75171735454,0.264469625152,0.249056788359,0.131363254956,3.58019136619,0.68735115284,0.811074364936,6.779095177437,155.758681267794,0.360670524522,0.228487611396,0.113903905819,0.092528038042,1.6373686439989998,0.6590890602399999,0.777725087191,8.326586891623,55.20465291104399,0.39104683001799995,0.035982013756,0.13515288254,0.038835216914,1.942822722191,0.0,0.0,0.0,0.0,0.0,0.0,0.0,0.0,0.0,0.912219,824432502.8169148,113.849078,119.33664035000001,124.8242027,130.31176505000002,135.7993274,141.28688975,146.77445210000002,152.26201445,157.7495768,163.23713915,168.72470149999998,174.21226385,179.69982620000002,185.18738854999998,190.6749509,196.16251325,201.65007559999998,207.13763795,212.6252003,218.11276264999998,223.600325
SF11C46880512282050980,21,,2019-05-18T21:00:00-0700,0.005701,0.005701,0.006082,0.045185,1.30169352828,1.5359983642819999,14.550345503005001,206.701418332758,0.7254153030099999,0.261027114532,0.240022596789,0.12845431758599998,3.450324860155,0.6837530836400001,0.806828643256,6.743608725627,154.94333308457402,0.358782526662,0.227291549916,0.11330765434900002,0.09204368258199999,1.628797529129,0.61794044464,0.729169721026,7.806736777378,51.758085248183995,0.36663277634799996,0.033735564616000004,0.12671494244,0.036410635004,1.821527331026,0.0,0.0,0.0,0.0,0.0,0.0,0.0,0.0,0.0,0.912219,824432502.8169148,113.849078,119.2623336,124.6755892,130.0888448,135.50210040000002,140.915356,146.32861160000002,151.7418672,157.15512280000002,162.5683784,167.981634,173.3948896,178.8081452,184.22140080000003,189.6346564,195.047912,200.4611676,205.87442320000002,211.2876788,216.7009344,222.11419
SF11C46880512282050980,22,,2019-05-18T22:00:00-0700,0.005701,0.005701,0.005723,0.042456,1.2652185826000002,1.492957928595,14.089540093094001,203.64631267605,0.703774203584,0.25903581764,0.232543040009,0.126305120288,3.342806229468,0.6837530836400001,0.806828643256,6.743608725627,154.94333308457402,0.358782526662,0.227291549916,0.11330765434900002,0.09204368258199999,1.628797529129,0.58146549896,0.686129285339,7.345931367467,48.702979591475994,0.34499167692199995,0.031744267724,0.11923538566,0.034261437706,1.714008700339,0.0,0.0,0.0,0.0,0.0,0.0,0.0,0.0,0.0,0.912219,824432502.8169148,113.849078,119.22460225,124.6001265,129.97565075,135.351175,140.72669925,146.1022235,151.47774775,156.853272,162.22879625000002,167.6043205,172.97984475,178.355369,183.73089325,189.10641750000002,194.48194175,199.857466,205.23299025,210.6085145,215.98403875,221.35956299999998
SF11C46880512282050980,23,,2019-05-18T23:00:00-0700,0.005701,0.005701,0.005278,0.039885,1.2200059062,1.4396069707099999,13.518346757689,199.85934326871,0.676948885354,0.25656749698000003,0.223271723109,0.12364107349799999,3.209531046583,0.6837530836400001,0.806828643256,6.743608725627,154.94333308457402,0.358782526662,0.227291549916,0.11330765434900002,0.09204368258199999,1.628797529129,0.53625282256,0.632778327454,6.774738032062,44.91601018413599,0.318166358692,0.029275947064,0.10996406876,0.031597390915999994,1.580733517454,0.0,0.0,0.0,0.0,0.0,0.0,0.0,0.0,0.0,0.912219,824432502.8169148,113.849078,119.17806185,124.5070457,129.83602955,135.1650134,140.49399725,145.8229811,151.15196495,156.4809488,161.80993265,167.1389165,172.46790035,177.7968842,183.12586805,188.4548519,193.78383574999998,199.1128196,204.44180345,209.7707873,215.09977114999998,220.428755
SF11C46880612282050980,0,,2019-05-18T00:00:00-0700,0.005701,0.005693,0.004747,0.000329,0.382407010653,0.45124027277900003,4.074245580974001,71.050538889907,0.208151694627,0.09676758138199999,0.06766868988,0.043208708884,0.97273741882,0.273160763138,0.322329701186,2.6940855693640002,61.900180495441006,0.143334357514,0.090803441088,0.045266642733,0.036771639221,0.65070796438,0.109246247515,0.128910571593,1.3801600116100001,9.150358394466,0.064817337113,0.005964140294,0.022402047147,0.0064370696630000005,0.32202945444000003,0.0,0.0,0.0,0.0,0.0,0.0,0.0,0.0,0.0,0.6753,234907633.24811968,34.033288,45.0068196,55.9803512,66.9538828,77.9274144,88.900946,99.87447759999999,110.84800919999999,121.8215408,132.79507239999998,143.76860399999998,154.74213559999998,165.71566719999998,176.68919879999999,187.6627304,198.636262,209.6097936,220.5833252,231.5568568,242.5303884,253.50392
SF11C46880612282050980,1,,2019-05-18T01:00:00-0700,0.005701,0.005701,0.004171,0.000594,0.369534948461,0.436051239451,3.9105630720780002,70.027220560475,0.20048819070700002,0.096171493958,0.06501404035200001,0.042479308956,0.9345768285800001,0.273544618066,0.322782650002,2.6978713913480004,61.987164764537006,0.143535775898,0.090931041216,0.045330252981000005,0.036823311997,0.6516223616600001,0.095990330395,0.113268589449,1.21269168073,8.040055795938,0.056952414809000006,0.005240452742,0.019683787371,0.005655996959,0.28295446692000004,0.0,0.0,0.0,0.0,0.0,0.0,0.0,0.0,0.0,0.6753,234907633.24811968,34.033288,45.899765349999996,57.7662427,69.63272005,81.4991974,93.36567475,105.23215210000001,117.09862945,128.9651068,140.83158415,152.6980615,164.56453885,176.43101620000002,188.29749355,200.1639709,212.03044825,223.8969256,235.76340295,247.6298803,259.49635765,271.362835
SF11C46880612282050980,2,,2019-05-18T02:00:00-0700,0.005701,0.005701,0.00348,0.000794,0.353632450666,0.417286292122,3.7096592237480004,68.69524296397701,0.19105301481800002,0.095303320176,0.06175307246100001,0.041542292917,0.8877004112600001,0.273544618066,0.322782650002,2.6978713913480004,61.987164764537006,0.143535775898,0.090931041216,0.045330252981000005,0.036823311997,0.6516223616600001,0.0800878326,0.09450364212,1.0117878324,6.70807819944,0.04751723892,0.00437227896,0.01642281948,0.00471898092,0.2360780496,0.0,0.0,0.0,0.0,0.0,0.0,0.0,0.0,0.0,0.783534,234907633.24811968,34.033288,42.931771,51.830254,60.728737,69.62722,78.525703,87.424186,96.322669,105.221152,114.119635,123.018118,131.916601,140.815084,149.713567,158.61205,167.510533,176.409016,185.307499,194.205982,203.104465,212.002948
SF11C46880612282050980,3,,2019-05-18T03:00:00-0700,0.005701,0.005701,0.003029,0.000948,0.343253251671,0.405038837353,3.5785338466180003,67.82589145019901,0.18489488988900002,0.094736682874,0.05962471281000001,0.040930723838,0.8571052387400001,0.273544618066,0.322782650002,2.6978713913480004,61.987164764537006,0.143535775898,0.090931041216,0.045330252981000005,0.036823311997,0.6516223616600001,0.069708633605,0.082256187351,0.88066245527,5.838726685662,0.041359113991,0.003805641658,0.014294459829,0.004107411841,0.20548287708000001,0.0,0.0,0.0,0.0,0.0,0.0,0.0,0.0,0.0,0.83765,234907633.24811968,34.033288,41.230629549999996,48.4279711,55.62531265,62.8226542,70.01999574999999,77.2173373,84.41467885,91.6120204,98.80936195,106.0067035,113.20404505,120.4013866,127.59872815,134.7960697,141.99341125,149.19075279999998,156.38809435000002,163.5854359,170.78277745,177.980119
SF11C46880612282050980,4,,2019-05-18T04:00:00-0700,0.005701,0.005701,0.002735,0.001072,0.336487210641,0.397054908967,3.4930552193980002,67.25917449886701,0.18088050246300003,0.094367300686,0.058237267716000005,0.040532051312,0.8371607138600001,0.273544618066,0.322782650002,2.6978713913480004,61.987164764537006,0.143535775898,0.090931041216,0.045330252981000005,0.036823311997,0.6516223616600001,0.062942592575,0.074272258965,0.79518382805,5.27200973433,0.037344726565,0.00343625947,0.012907014735,0.003708739315,0.1855383522,0.0,0.0,0.0,0.0,0.0,0.0,0.0,0.0,0.0,0.87012,234907633.24811968,34.033288,40.1037913,46.174294599999996,52.2447979,58.3153012,64.3858045,70.4563078,76.5268111,82.5973144,88.6678177,94.738321,100.8088243,106.87932760000001,112.94983090000001,119.02033420000001,125.0908375,131.1613408,137.2318441,143.3023474,149.37285070000001,155.443354
SF11C46880612282050980,5,,2019-05-18T05:00:00-0700,0.005701,0.005701,0.002543,0.001174,0.332068571601,0.391840914919,3.4372324424380003,66.88907363269101,0.17825886169500002,0.094126071502,0.05733118112400001,0.040271693744,0.8241357180200001,0.273544618066,0.322782650002,2.6978713913480004,61.987164764537006,0.143535775898,0.090931041216,0.045330252981000005,0.036823311997,0.6516223616600001,0.058523953535000006,0.069058264917,0.73936105109,4.901908868154,0.034723085797,0.0031950302860000003,0.012000928143,0.003448381747,0.17251335636,0.0,0.0,0.0,0.0,0.0,0.0,0.0,0.0,0.0,0.891767,234907633.24811968,34.033288,39.2916071,44.5499262,49.808245299999996,55.0665644,60.3248835,65.58320259999999,70.84152169999999,76.0998408,81.3581599,86.616479,91.87479809999999,97.13311719999999,102.3914363,107.64975539999999,112.9080745,118.16639359999999,123.42471269999999,128.68303179999998,133.94135089999997,139.19967
SF11C46880612282050980,6,,2019-05-18T06:00:00-0700,0.005701,0.005701,0.002419,0.00126,0.329214867221,0.38847354376300003,3.4011802323180005,66.650050156619,0.176565718699,0.093970277654,0.05674600020000001,0.040103546148,0.81572374154,0.273544618066,0.322782650002,2.6978713913480004,61.987164764537006,0.143535775898,0.090931041216,0.045330252981000005,0.036823311997,0.6516223616600001,0.055670249155000004,0.065690893761,0.70330884097,4.662885392082001,0.033029942801,0.0030392364380000003,0.011415747219,0.003280234151,0.16410137988,0.0,0.0,0.0,0.0,0.0,0.0,0.0,0.0,0.0,0.907229,234907633.24811968,34.033288,38.6727464,43.3122048,47.9516632,52.5911216,57.23058,61.8700384,66.5094968,71.1489552,75.78841360000001,80.42787200000001,85.0673304,89.7067888,94.34624720000001,98.9857056,103.62516400000001,108.26462240000001,112.9040808,117.54353920000001,122.18299760000001,126.82245600000002
SF11C46880612282050980,7,,2019-05-18T07:00:00-0700,0.005701,0.005701,0.002337,0.001334,0.327327740131,0.386246733805,3.3773392546580006,66.491986245023,0.17544605962100002,0.09386725269,0.05635902571800001,0.039992351770000004,0.8101609829,0.273544618066,0.322782650002,2.6978713913480004,61.987164764537006,0.143535775898,0.090931041216,0.045330252981000005,0.036823311997,0.6516223616600001,0.053783122065,0.063464083803,0.67946786331,4.504821480486,0.031910283723000005,0.002936211474,0.011028772737,0.003169039773,0.15853862124,0.0,0.0,0.0,0.0,0.0,0.0,0.0,0.0,0.0,0.918825,234907633.24811968,34.033288,38.18208475,42.330881500000004,46.47967825,50.628475,54.777271750000004,58.9260685,63.07486525,67.223662,71.37245875,75.52125550000001,79.67005225,83.818849,87.96764575,92.1164425,96.26523925000001,100.41403600000001,104.56283275000001,108.71162950000002,112.86042625000002,117.00922300000002
SF11C46880612282050980,8,,2019-05-18T08:00:00-0700,0.005701,0.005701,0.002186,0.001393,0.323852664636,0.382146144736,3.3334369665280006,66.20091733464501,0.173384248392,0.093677535988,0.055646426367000006,0.039787591391,0.7999173663800001,0.273544618066,0.322782650002,2.6978713913480004,61.987164764537006,0.143535775898,0.090931041216,0.045330252981000005,0.036823311997,0.6516223616600001,0.05030804657,0.059363494734,0.63556557518,4.213752570108,0.029848472494,0.002746494772,0.010316173386,0.002964279394,0.14829500472,0.0,0.0,0.0,0.0,0.0,0.0,0.0,0.0,0.0,0.927845,234907633.24811968,34.033288,37.778732749999996,41.5241775,45.26962225,49.015067,52.76051175,56.505956499999996,60.25140125,63.996846,67.74229075,71.4877355,75.23318025,78.978625,82.72406975,86.4695145,90.21495924999999,93.960404,97.70584875,101.45129349999999,105.19673825,108.942183
SF11C46880612282050980,9,,2019-05-18T09:00:00-0700,0.005701,0.005701,0.002868,0.001495,0.339548038726,0.400666686094,3.5317241221880002,67.51554645304101,0.18269653487,0.094534402152,0.058864921449000004,0.040712403169,0.8461832370200001,0.273544618066,0.322782650002,2.6978713913480004,61.987164764537006,0.143535775898,0.090931041216,0.045330252981000005,0.036823311997,0.6516223616600001,0.06600342065999999,0.077884036092,0.83385273084,5.528381688504,0.039160758972,0.003603360936,0.013534668468,0.0038890911719999996,0.19456087536,0.0,0.0,0.0,0.0,0.0,0.0,0.0,0.0,0.0,0.93506,234907633.24811968,34.033288,37.4628289,40.8923698,44.321910700000004,47.751451599999996,51.1809925,54.6105334,58.0400743,61.4696152,64.8991561,68.328697,71.7582379,75.1877788,78.6173197,82.0468606,85.47640150000001,88.9059424,92.33548329999999,95.7650242,99.1945651,102.624106
SF11C46880612282050980,10,,2019-05-18T10:00:00-0700,0.020004,0.019983,0.012393,0.00225,1.2440309700630001,1.467956545833,13.059695894874,241.164685514625,0.6723366648810001,0.33429975971400006,0.217375506216,0.145877402748,3.12477288414,0.958821628278,1.131409523766,9.456510088284,217.275831168171,0.503117945934,0.31872916972800003,0.158890448223,0.129072135351,2.28405010578,0.285209341785,0.336547022067,3.60318580659,23.888854346454,0.169218718947,0.015570589986,0.058485057992999995,0.016805267396999998,0.84072277836,0.0,0.0,0.0,0.0,0.0,0.0,0.0,0.0,0.0,0.753242,824257550.5166438,118.148868,136.5853463,155.0218246,173.45830289999998,191.8947812,210.3312595,228.7677378,247.2042161,265.64069440000003,284.0771727,302.513651,320.9501293,339.3866076,357.8230859,376.2595642,394.69604250000003,413.1325208,431.5689991,450.0054774,468.4419557,486.878434
SF11C46880612282050980,11,,2019-05-18T11:00:00-0700,0.040008,0.039979,0.029236,0.004118,2.5910968696339998,3.0574943080420005,27.419352903972,491.048579083631,1.4057626211860001,0.674397858536,0.45585482353499995,0.297873102807,6.55291307786,1.9182670208139998,2.2635550893580003,18.919172137292,434.693011773623,1.0065631967420001,0.637665689664,0.317884263099,0.258228238963,4.56958610714,0.6728298488200001,0.7939392186840001,8.50018076668,56.355567310008006,0.39919942444400003,0.036732168872,0.137970560436,0.039644863844,1.98332697072,0.0,0.0,0.0,0.0,0.0,0.0,0.0,0.0,0.0,0.67521,1648515101.0332875,232.807948,264.830922,296.853896,328.87687,360.89984400000003,392.922818,424.945792,456.96876599999996,488.99174,521.0147139999999,553.037688,585.060662,617.083636,649.10661,681.129584,713.152558,745.175532,777.198506,809.2214799999999,841.244454,873.267428
SF11C46880612282050980,12,,2019-05-18T12:00:00-0700,0.070014,0.06997,0.058347,0.007871,4.700074143535,5.546087491933001,50.07576410717,873.256347116156,2.558347592573,1.189329907014,0.8317023523170001,0.531063241153,11.95572133664,3.35729116402,3.9616035819400004,33.111745527560004,760.78616358089,1.76165554106,1.11602261952,0.55635113157,0.45194301709,7.9975472102000005,1.3427829795150001,1.5844839099930002,16.964018579610002,112.470183535266,0.796692051513,0.073307287494,0.275351220747,0.079120224063,3.9581741264400003,0.0,0.0,0.0,0.0,0.0,0.0,0.0,0.0,0.0,0.644382,2884901426.8082533,398.477863,443.255947,488.034031,532.812115,577.590199,622.368283,667.146367,711.9244510000001,756.702535,801.4806189999999,846.258703,891.036787,935.814871,980.5929550000001,1025.371039,1070.149123,1114.927207,1159.705291,1204.483375,1249.261459,1294.039543
SF11C46880612282050980,13,,2019-05-18T13:00:00-0700,0.10002,0.099976,0.092515,0.013728,6.926151653890999,8.172858954337,74.20956426349801,1265.375127737882,3.780360418033,1.7108548306459999,1.231534149771,0.771207704607,17.70330348596,4.797035035215999,5.660501353552,47.311417334048,1087.042410892712,2.517125544848,1.594618799616,0.794937269256,0.645754681672,11.42722280816,2.129116618675,2.512357600785,26.89814692945,178.33271684517,1.263234873185,0.11623603103,0.436596880515,0.125453022935,6.2760806778000005,0.0,0.0,0.0,0.0,0.0,0.0,0.0,0.0,0.0,0.54427,4121287752.583218,556.862107,622.286235,687.710363,753.134491,818.558619,883.982747,949.406875,1014.831003,1080.255131,1145.679259,1211.103387,1276.527515,1341.9516429999999,1407.375771,1472.799899,1538.224027,1603.6481549999999,1669.072283,1734.496411,1799.9205389999997,1865.3446669999998
SF11C46880612282050980,14,,2019-05-18T14:00:00-0700,0.130026,0.129982,0.13044,0.021803,9.238691804212,10.901656331524,99.435688237736,1664.735934162854,5.053672745396,2.237100056592,1.649095985382,1.0164467690139998,23.70575495492,6.236778906411999,7.359399125164,61.511089140535994,1413.298658204534,3.2725955486359997,2.0732149797119996,1.0335234069419998,0.8395663462539998,14.85689840612,3.0019128978,3.54225720636,37.9245990972,251.43727595832001,1.78107719676,0.16388507688,0.61557257844,0.17688042276,8.8488565488,0.0,0.0,0.0,0.0,0.0,0.0,0.0,0.0,0.0,0.407551,5357674078.358184,708.281083,800.9541193499999,893.6271557,986.30019205,1078.9732284,1171.64626475,1264.3193010999998,1356.99233745,1449.6653738,1542.33841015,1635.0114465000001,1727.68448285,1820.3575191999998,1913.03055555,2005.7035919,2098.37662825,2191.0496646,2283.72270095,2376.3957373,2469.06877365,2561.74181
SF11C46880612282050980,15,,2019-05-18T15:00:00-0700,0.160032,0.159988,0.170613,0.032097,11.602966853292997,13.691500889023,125.315403892214,2068.43000489597,6.357680116751,2.766169674234,2.077266584841,1.264734186613,29.86070741684,7.676522777607999,9.058296896776,75.710760947024,1739.554905516356,4.028065552424,2.551811159808,1.272109544628,1.033378010836,18.28657400408,3.9264440756849996,4.633203992247,49.604642945189994,328.87509937961397,2.329614564327,0.21435851442599999,0.8051570402129999,0.23135617577699996,11.57413341276,0.0,0.0,0.0,0.0,0.0,0.0,0.0,0.0,0.0,0.270832,6594060404.13315,853.041102,975.03660355,1097.0321051,1219.02760665,1341.0231082,1463.01860975,1585.0141113,1707.00961285,1829.0051144,1951.0006159499999,2072.9961175,2194.99161905,2316.9871206000003,2438.98262215,2560.9781237,2682.97362525,2804.9691268,2926.96462835,3048.9601299,3170.95563145,3292.951133
SF11C46880612282050980,16,,2019-05-18T16:00:00-0700,0.170034,0.170019,0.189144,0.042959,12.510740659734,14.762673979974,135.450121639932,2213.217921720735,6.863262890238001,2.949446670192,2.244477398283,1.3546539620190001,32.26436292042,8.157828875454,9.626238093438001,80.457708487212,1848.622305929103,4.2806190286620005,2.711805770304,1.351868844339,1.098169212843,19.43311389354,4.35291178428,5.136435886536,54.992413152720005,364.59561579163204,2.5826438615760003,0.23764089988800002,0.8926085539440001,0.256484749176,12.83124902688,0.0,0.0,0.0,0.0,0.0,0.0,0.0,0.0,0.0,0.24,7006189179.391471,899.865664,1030.17811555,1160.4905671000001,1290.80301865,1421.1154702000001,1551.4279217500002,1681.7403733,1812.0528248500002,1942.3652764000003,2072.67772795,2202.9901795,2333.3026310500004,2463.6150826000003,2593.92753415,2724.2399857000005,2854.5524372500004,2984.8648888000002,3115.17734035,3245.4897919000005,3375.8022434500003,3506.114695
SF11C46880612282050980,17,,2019-05-18T17:00:00-0700,0.120024,0.120097,0.136992,0.049455,8.915177116041999,10.519908997642,96.662784212516,1569.8856887193651,4.894258645874,2.087666094336,1.601417777649,0.961483297177,23.020380798860003,5.762478161001999,6.7997242443940005,56.833232851556,1305.818720702789,3.023717957906,1.9155490715519998,0.954924994257,0.775718172409,13.72704626702,3.15269895504,3.720184753248,39.829551360960004,264.066968016576,1.870540687968,0.172117022784,0.646492783392,0.185765124768,9.293334531840001,0.0,0.0,0.0,0.0,0.0,0.0,0.0,0.0,0.0,0.453124,4945545303.099862,658.562818,742.53925035,826.5156827000001,910.49211505,994.4685474,1078.4449797500001,1162.4214121,1246.39784445,1330.3742768000002,1414.35070915,1498.3271415,1582.3035738500002,1666.2800062000001,1750.25643855,1834.2328709000003,1918.2093032500002,2002.1857356,2086.1621679500004,2170.1386003000002,2254.11503265,2338.091465
SF11C46880612282050980,18,,2019-05-18T18:00:00-0700,0.070014,0.070087,0.080616,0.051603,5.218181109262,6.157453709278,56.60570165015599,917.4544097020669,2.8653627023899997,1.219174875024,0.9377245392629999,0.5620163653029999,13.47979039874,3.3629050423419997,3.968227958374,33.167113174076,762.058308516419,1.764601284926,1.1178887713919998,0.5572814314469999,0.45269873143899997,8.01092027042,1.85527606692,2.189225750904,23.438588476079996,155.39610118564798,1.100761417464,0.101286103632,0.380443107816,0.10931763386399998,5.46887012832,0.0,0.0,0.0,0.0,0.0,0.0,0.0,0.0,0.0,0.680989,2884901426.8082533,398.477863,439.81298535,481.14810769999997,522.48323005,563.8183524,605.15347475,646.4885971,687.82371945,729.1588417999999,770.49396415,811.8290864999999,853.1642088499999,894.4993311999999,935.8344535499998,977.1695758999999,1018.5046982499998,1059.8398206,1101.1749429499998,1142.5100653,1183.8451876499998,1225.18031
SF11C46880612282050980,19,,2019-05-18T19:00:00-0700,0.040008,0.040052,0.045693,0.051191,2.9733367473169996,3.5085373620710003,32.238666448486,523.564966552978,1.632310679143,0.6962388174179999,0.534099157905,0.320660786141,7.677675476679999,1.9217696970319997,2.267688247304,18.953717762895998,435.486743229124,1.008401139496,0.6388300408319999,0.318464706612,0.258699753044,4.57792998232,1.0515670502849999,1.240849114767,13.284948685589999,88.078223323854,0.623909539647,0.057408776586,0.215634451293,0.06196103309699999,3.09974549436,0.0,0.0,0.0,0.0,0.0,0.0,0.0,0.0,0.0,0.817708,1648515101.0332875,232.807948,252.45831175,272.1086755,291.75903925,311.409403,331.05976675,350.7101305,370.36049425,390.010858,409.66122175,429.3115855,448.96194925,468.612313,488.26267674999997,507.91304049999997,527.56340425,547.213768,566.86413175,586.5144955,606.16485925,625.815223
SF11C46880612282050980,20,,2019-05-18T20:00:00-0700,0.005701,0.005751,0.006407,0.048089,0.42339277558099997,0.49960347523500004,4.584327216158,74.881005246333,0.232278247051,0.09977830963,0.075963737838,0.045834344650000004,1.0919787423,0.275943711366,0.32561358010200003,2.721532778748,62.530816446387,0.144794640798,0.091728542016,0.045727817031,0.037146266847,0.65733734466,0.147449064215,0.173989895133,1.86279443741,12.350188799946,0.087483606253,0.008049767614000001,0.030235920807,0.008688077803,0.43464139764000004,0.0,0.0,0.0,0.0,0.0,0.0,0.0,0.0,0.0,0.974024,234907633.24811968,34.033288,35.36285575,36.6924235,38.02199125,39.351559,40.68112675,42.0106945,43.340262249999995,44.66983,45.99939775,47.328965499999995,48.65853325,49.988101,51.317668749999996,52.6472365,53.97680425,55.306371999999996,56.63593975,57.9655075,59.29507525,60.624643
SF11C46880612282050980,21,,2019-05-18T21:00:00-0700,0.005701,0.005701,0.006081,0.045185,0.413491201411,0.487919617741,4.465883405378,73.708953135455,0.22656805459700002,0.098571221778,0.074027714262,0.045069324346,1.06414840178,0.273544618066,0.322782650002,2.6978713913480004,61.987164764537006,0.143535775898,0.090931041216,0.045330252981000005,0.036823311997,0.6516223616600001,0.139946583345,0.165136967739,1.76801201403,11.721788370918,0.083032278699,0.007640180561999999,0.028697461280999998,0.008246012349,0.41252604012,0.0,0.0,0.0,0.0,0.0,0.0,0.0,0.0,0.0,0.982243,234907633.24811968,34.033288,34.7282261,35.4231642,36.1181023,36.8130404,37.5079785,38.202916599999995,38.897854699999996,39.5927928,40.2877309,40.982669,41.677607099999996,42.3725452,43.0674833,43.762421399999994,44.457359499999995,45.1522976,45.8472357,46.5421738,47.237111899999995,47.93205
SF11C46880612282050980,22,,2019-05-18T22:00:00-0700,0.005701,0.005701,0.005723,0.042456,0.405252280701,0.47819769133900003,4.361797185838,73.018869228731,0.221679786915,0.098121429862,0.072338240304,0.044583865964,1.03986221162,0.273544618066,0.322782650002,2.6978713913480004,61.987164764537006,0.143535775898,0.090931041216,0.045330252981000005,0.036823311997,0.6516223616600001,0.131707662635,0.155415041337,1.6639257944899999,11.031704464194,0.078144011017,0.007190388646,0.027007987323,0.007760553966999999,0.38823984996,0.0,0.0,0.0,0.0,0.0,0.0,0.0,0.0,0.0,0.982243,234907633.24811968,34.033288,34.72370395,35.4141199,36.10453585,36.7949518,37.48536775,38.1757837,38.86619965,39.5566156,40.24703155,40.937447500000005,41.62786345,42.3182794,43.00869535,43.6991113,44.38952725,45.0799432,45.770359150000004,46.460775100000006,47.15119105,47.841607
SF11C46880612282050980,23,,2019-05-18T23:00:00-0700,0.005701,0.005701,0.005277,0.039885,0.394988150431,0.466086017665,4.232125526858001,72.159155758343,0.215589933881,0.09756107457,0.070233476658,0.04397907703,1.0096062317,0.273544618066,0.322782650002,2.6978713913480004,61.987164764537006,0.143535775898,0.090931041216,0.045330252981000005,0.036823311997,0.6516223616600001,0.121443532365,0.14330336766299998,1.53425413551,10.171990993806,0.072054157983,0.006630033354,0.024903223676999996,0.007155765032999999,0.35798387004,0.0,0.0,0.0,0.0,0.0,0.0,0.0,0.0,0.0,0.982243,234907633.24811968,34.033288,34.7180988,35.4029096,36.087720399999995,36.772531199999996,37.457342,38.1421528,38.8269636,39.5117744,40.1965852,40.881395999999995,41.566206799999996,42.2510176,42.9358284,43.6206392,44.30545,44.9902608,45.675071599999995,46.3598824,47.0446932,47.729504
SF11C46880712282050980,0,,2019-05-18T00:00:00-0700,0.005701,0.005698,0.004729,0.000329,0.12881271748099998,0.151999000459,1.44633943463,20.121191864373,0.07194563795999999,0.025181998283000002,0.023843969988,0.012534830373000001,0.34275708571499997,0.06532788339,0.07708689727200001,0.64430519615,14.803764404198,0.034279190791999994,0.021716137828000002,0.010825761254,0.008794139354,0.155620345804,0.06348483409099999,0.07491210318699999,0.80203423848,5.317427460175,0.037666447167999995,0.0034658604549999998,0.013018208734,0.003740691019,0.187136739911,0.0,0.0,0.0,0.0,0.0,0.0,0.0,0.0,0.0,0.874405,29104584.856439315,13.198711,15.6892655,18.17982,20.6703745,23.160929000000003,25.6514835,28.142038000000003,30.6325925,33.123147,35.613701500000005,38.10425600000001,40.59481050000001,43.08536500000001,45.57591950000001,48.066474,50.5570285,53.047583,55.538137500000005,58.02869200000001,60.51924650000001,63.00980100000001
SF11C46880712282050980,1,,2019-05-18T01:00:00-0700,0.005701,0.005701,0.004173,0.000594,0.121383046722,0.143231989083,1.3523815509350001,19.503803210426003,0.06753515042,0.024785942221000005,0.022319087380999997,0.012099658376000001,0.320836899505,0.065362278555,0.07712748356400001,0.644644423175,14.811558593951002,0.034297238804,0.021727571386000004,0.010831461023,0.008798769473000002,0.15570227999800001,0.056020768166999996,0.06610450551899999,0.70773712776,4.6922446164750005,0.033237911615999996,0.0030583708349999996,0.011487626357999998,0.003300888903,0.16513461950699998,0.0,0.0,0.0,0.0,0.0,0.0,0.0,0.0,0.0,0.874405,29104584.856439315,13.198711,15.895028049999999,18.591345099999998,21.28766215,23.9839792,26.680296249999998,29.3766133,32.07293034999999,34.7692474,37.46556445,40.16188149999999,42.85819855,45.5545156,48.25083264999999,50.9471497,53.64346675,56.33978379999999,59.03610085,61.7324179,64.42873494999999,67.125052
SF11C46880712282050980,2,,2019-05-18T02:00:00-0700,0.005701,0.005701,0.003482,0.000794,0.112106662633,0.13228585601,1.235188559015,18.726822374101,0.062031340947999995,0.024279511776000004,0.020416870795,0.011553069775,0.29349253763600003,0.065362278555,0.07712748356400001,0.644644423175,14.811558593951002,0.034297238804,0.021727571386000004,0.010831461023,0.008798769473000002,0.15570227999800001,0.046744384077999995,0.055158372446,0.59054413584,3.91526378015,0.027734102143999996,0.0025519403899999997,0.009585409772,0.002754300302,0.13779025763799999,0.0,0.0,0.0,0.0,0.0,0.0,0.0,0.0,0.0,0.91627,29104584.856439315,13.198711,15.1465828,17.0944546,19.0423264,20.990198200000002,22.93807,24.8859418,26.8338136,28.7816854,30.729557200000002,32.677429000000004,34.625300800000005,36.57317260000001,38.5210444,40.4689162,42.416788,44.3646598,46.3125316,48.2604034,50.2082752,52.156147000000004
SF11C46880712282050980,3,,2019-05-18T03:00:00-0700,0.005701,0.005701,0.00303,0.000948,0.10603875292500001,0.12512572265400002,1.1585297567750001,18.218580206201004,0.058431164564,0.023948243236000005,0.019172584403,0.011195532803000001,0.27560592176800003,0.065362278555,0.07712748356400001,0.644644423175,14.811558593951002,0.034297238804,0.021727571386000004,0.010831461023,0.008798769473000002,0.15570227999800001,0.04067647437,0.047998239090000006,0.5138853336,3.4070216122500003,0.02413392576,0.00222067185,0.00834112338,0.00239676333,0.11990364177,0.0,0.0,0.0,0.0,0.0,0.0,0.0,0.0,0.0,0.937202,29104584.856439315,13.198711,14.7202799,16.2418488,17.763417699999998,19.2849866,20.806555499999998,22.3281244,23.8496933,25.371262199999997,26.8928311,28.4144,29.9359689,31.457537799999997,32.9791067,34.500675599999994,36.0222445,37.5438134,39.065382299999996,40.5869512,42.10852009999999,43.630089
SF11C46880712282050980,4,,2019-05-18T04:00:00-0700,0.005701,0.005701,0.002736,0.001072,0.102091926699,0.12046846777200002,1.108667615495,17.887997911151004,0.056089456916,0.023732772106000003,0.018363247679,0.010962975569000001,0.263971707022,0.065362278555,0.07712748356400001,0.644644423175,14.811558593951002,0.034297238804,0.021727571386000004,0.010831461023,0.008798769473000002,0.15570227999800001,0.036729648144,0.043340984208000005,0.46402319232,3.0764393172000006,0.021792218112,0.00200520072,0.007531786656,0.002164206096,0.108269427024,0.0,0.0,0.0,0.0,0.0,0.0,0.0,0.0,0.0,0.949762,29104584.856439315,13.198711,14.4396536,15.6805962,16.9215388,18.1624814,19.403424,20.644366599999998,21.885309200000002,23.1262518,24.367194400000002,25.608137,26.849079600000003,28.0900222,29.3309648,30.5719074,31.81285,33.0537926,34.294735200000005,35.5356778,36.7766204,38.017563
SF11C46880712282050980,5,,2019-05-18T05:00:00-0700,0.005701,0.005701,0.002544,0.001174,0.099514407531,0.117426995196,1.076104584455,17.672107432751,0.054560178451999994,0.023592056266000003,0.017834701246999998,0.010811101457000002,0.256373852494,0.065362278555,0.07712748356400001,0.644644423175,14.811558593951002,0.034297238804,0.021727571386000004,0.010831461023,0.008798769473000002,0.15570227999800001,0.034152128976,0.040299511632,0.43146016128,2.8605488388,0.020262939647999998,0.0018644848799999998,0.007003240223999999,0.002012331984,0.10067157249599999,0.0,0.0,0.0,0.0,0.0,0.0,0.0,0.0,0.0,0.958135,29104584.856439315,13.198711,14.23845785,15.2782047,16.31795155,17.3576984,18.39744525,19.437192099999997,20.476938949999997,21.516685799999998,22.556432649999998,23.596179499999998,24.63592635,25.6756732,26.71542005,27.7551669,28.79491375,29.8346606,30.87440745,31.9141543,32.95390115,33.993648
SF11C46880712282050980,6,,2019-05-18T06:00:00-0700,0.005701,0.005701,0.002419,0.00126,0.097836335156,0.11544686982100001,1.054904694455,17.531553735876003,0.053564554452,0.023500444391000005,0.017490595497,0.010712225082000001,0.251427332619,0.065362278555,0.07712748356400001,0.644644423175,14.811558593951002,0.034297238804,0.021727571386000004,0.010831461023,0.008798769473000002,0.15570227999800001,0.032474056601,0.038319386257,0.41026027128000003,2.7199951419250006,0.019267315648,0.001772873005,0.006659134474,0.001913455609,0.095725052621,0.0,0.0,0.0,0.0,0.0,0.0,0.0,0.0,0.0,0.964116,29104584.856439315,13.198711,14.08580915,14.9729073,15.86000545,16.7471036,17.63420175,18.521299900000002,19.408398050000002,20.295496200000002,21.182594350000002,22.069692500000002,22.956790650000002,23.843888800000002,24.730986950000002,25.618085100000002,26.50518325,27.3922814,28.27937955,29.1664777,30.05357585,30.940674
SF11C46880712282050980,7,,2019-05-18T07:00:00-0700,0.005701,0.005701,0.002338,0.001334,0.096748944257,0.11416374857800002,1.0411671657350001,17.440474940301,0.0529193901,0.023441079896000003,0.017267614971,0.010648153191000001,0.24822198774,0.065362278555,0.07712748356400001,0.644644423175,14.811558593951002,0.034297238804,0.021727571386000004,0.010831461023,0.008798769473000002,0.15570227999800001,0.031386665701999994,0.037036265014,0.39652274256,2.62891634635,0.018622151296,0.0017135085099999998,0.006436153947999999,0.001849383718,0.092519707742,0.0,0.0,0.0,0.0,0.0,0.0,0.0,0.0,0.0,0.968601,29104584.856439315,13.198711,13.96520995,14.7317089,15.49820785,16.2647068,17.031205749999998,17.7977047,18.56420365,19.330702600000002,20.09720155,20.8637005,21.63019945,22.396698400000002,23.16319735,23.929696300000003,24.696195250000002,25.4626942,26.22919315,26.9956921,27.762191050000002,28.52869
SF11C46880712282050980,8,,2019-05-18T08:00:00-0700,0.005701,0.005701,0.002186,0.001393,0.094708408249,0.111755916122,1.015388099495,17.269561644901003,0.051708711315999994,0.023329679856000003,0.016849182379,0.010527919519000001,0.24220701957200003,0.065362278555,0.07712748356400001,0.644644423175,14.811558593951002,0.034297238804,0.021727571386000004,0.010831461023,0.008798769473000002,0.15570227999800001,0.029346129694,0.034628432558,0.37074367632,2.4580030509500004,0.017411472512,0.00160210847,0.006017721356,0.001729150046,0.086504739574,0.0,0.0,0.0,0.0,0.0,0.0,0.0,0.0,0.0,0.97209,29104584.856439315,13.198711,13.8652915,14.531872,15.1984525,15.865033,16.5316135,17.198194,17.8647745,18.531354999999998,19.1979355,19.864516000000002,20.5310965,21.197677,21.8642575,22.530838,23.197418499999998,23.863999,24.5305795,25.19716,25.8637405,26.530321
SF11C46880712282050980,9,,2019-05-18T09:00:00-0700,0.005701,0.005701,0.002866,0.001495,0.103837121969,0.12252779816200002,1.130715501095,18.034173755901,0.057124905876,0.023828048456000003,0.018721117659,0.011065806999000002,0.269116087692,0.065362278555,0.07712748356400001,0.644644423175,14.811558593951002,0.034297238804,0.021727571386000004,0.010831461023,0.008798769473000002,0.15570227999800001,0.038474843414,0.045400314598,0.48607107792,3.2226151619500003,0.022827667072,0.00210047707,0.007889656636,0.002267037526,0.113413807694,0.0,0.0,0.0,0.0,0.0,0.0,0.0,0.0,0.0,0.974881,29104584.856439315,13.198711,13.79500115,14.391291299999999,14.98758145,15.5838716,16.18016175,16.776451899999998,17.37274205,17.9690322,18.56532235,19.1616125,19.75790265,20.3541928,20.95048295,21.546773100000003,22.14306325,22.7393534,23.33564355,23.931933700000002,24.528223850000003,25.124514
SF11C46880712282050980,10,,2019-05-18T10:00:00-0700,0.020004,0.019995,0.012357,0.00225,0.395131297428,0.466254910251,4.356684447465,65.84285096202001,0.21871340612399998,0.085261047585,0.072005878407,0.040634266062,1.035084571773,0.229243774725,0.27050763618,2.260948121625,51.948274703745,0.12028999997999999,0.07620466407,0.037988960385,0.030859743135,0.54609140301,0.165887522703,0.195747274071,2.09573632584,13.894576258275002,0.098423406144,0.009056383514999999,0.034016918022,0.009774522927,0.488993168763,0.0,0.0,0.0,0.0,0.0,0.0,0.0,0.0,0.0,0.852909,102123858.1771991,46.121024,51.5830669,57.0451098,62.5071527,67.9691956,73.4312385,78.8932814,84.3553243,89.8173672,95.2794101,100.741453,106.20349590000001,111.66553880000001,117.12758170000001,122.58962460000001,128.0516675,133.5137104,138.9757533,144.4377962,149.8998391,155.361882
SF11C46880712282050980,11,,2019-05-18T11:00:00-0700,0.040008,0.039995,0.029173,0.004118,0.850180117892,1.0032124966990001,9.470176749385,136.71252371522002,0.47297279159600003,0.173809129905,0.156296196743,0.08480336703800001,2.246757957517,0.458544874725,0.54108291618,4.522461621625,103.90953972374501,0.24061007998,0.15242838407,0.075987420385,0.061727203135000006,1.09231936301,0.391635243167,0.46212958051900005,4.94771512776,32.802983991475,0.232362711616,0.021380745835,0.080308776358,0.023076163903,1.154438594507,0.0,0.0,0.0,0.0,0.0,0.0,0.0,0.0,0.0,0.67521,204247716.3543982,91.71026,106.22251335,120.73476670000001,135.24702005,149.7592734,164.27152675000002,178.7837801,193.29603345,207.80828680000002,222.32054015,236.8327935,251.34504685000002,265.8573002,280.36955355,294.8818069,309.39406025,323.9063136,338.41856695,352.9308203,367.44307365000003,381.955327
SF11C46880712282050980,12,,2019-05-18T12:00:00-0700,0.070014,0.069995,0.058237,0.007871,1.5843037319479998,1.869478327891,17.791675823065,247.33484241302003,0.884947439084,0.309445570185,0.29330260288699994,0.154094500742,4.216225126693,0.802496524725,0.9469458361800001,7.914731871625,181.85143725374502,0.42109019997999997,0.26676396407,0.132985110385,0.10802839313500001,1.91166130301,0.7818072072229999,0.9225324917109999,9.87694395144,65.48340515927501,0.46385723910399995,0.04268160611499999,0.16031749250199998,0.046066107607,2.304563823683,0.0,0.0,0.0,0.0,0.0,0.0,0.0,0.0,0.0,0.644382,357433503.6201969,159.110408,179.58492560000002,200.0594432,220.53396080000002,241.0084784,261.482996,281.9575136,302.4320312,322.9065488,343.3810664,363.855584,384.33010160000003,404.80461920000005,425.27913680000006,445.7536544,466.22817200000003,486.70268960000004,507.17720720000005,527.6517248,548.1262424,568.60076
SF11C46880712282050980,13,,2019-05-18T13:00:00-0700,0.10002,0.100001,0.092386,0.013728,2.386760120549,2.816376831922,26.976264875995,363.690473879201,1.3374601669159998,0.448831648656,0.444318630479,0.22741718561900004,6.387080592772,1.146516965055,1.3528899287640002,11.307680575675,259.808923163251,0.601606416004,0.38112241118600004,0.189994199923,0.15433884337300002,2.7311671113980003,1.2402431554939999,1.463486903158,15.66858430032,103.88155071595001,0.7358537509119999,0.06770923746999999,0.25432443055599996,0.073078342246,3.6559134813739997,0.0,0.0,0.0,0.0,0.0,0.0,0.0,0.0,0.0,0.668988,510619290.88599545,225.348211,248.046278,270.744345,293.442412,316.140479,338.838546,361.536613,384.23468,406.932747,429.630814,452.328881,475.026948,497.725015,520.423082,543.1211490000001,565.8192160000001,588.517283,611.21535,633.913417,656.611484,679.309551
SF11C46880712282050980,14,,2019-05-18T14:00:00-0700,0.130026,0.130007,0.130297,0.021803,3.239719775348,3.8228691892390003,36.798885818365,484.2762094065321,1.8199371946519998,0.5909748781170001,0.6056908647229999,0.30371565387800004,8.706806521009,1.490537405385,1.7588340213480003,14.700629279725002,337.766409072757,0.782122632028,0.49548085830200006,0.24700328946100003,0.20064929361100003,3.5506729197860003,1.7491823699629998,2.064035167891,22.098256538639998,146.50980033377502,1.0378145626239998,0.095494019815,0.35868757526199996,0.103066360267,5.156133601223,0.0,0.0,0.0,0.0,0.0,0.0,0.0,0.0,0.0,0.703836,663805078.1517942,290.443714,313.33009125,336.2164685,359.10284575000003,381.989223,404.87560025,427.7619775,450.64835474999995,473.53473199999996,496.42110925,519.3074865,542.19386375,565.080241,587.96661825,610.8529954999999,633.73937275,656.6257499999999,679.51212725,702.3985045,725.28488175,748.171259
SF11C46880712282050980,15,,2019-05-18T15:00:00-0700,0.160032,0.160013,0.170461,0.032097,4.1229250066339995,4.865051326315,47.003613578095,607.3952847663379,2.320359349364,0.734769320013,0.7732652610049999,0.38179626992,11.115688523473,1.8345578457149998,2.164778113932,18.093577983775,415.72389498226295,0.9626388480519998,0.609839305418,0.30401237899899997,0.246959743849,4.370178728173999,2.288367160919,2.700273212383,28.91003559432,191.67138978407502,1.357720501312,0.124930014595,0.46925288200599996,0.134836526071,6.745509795299,0.0,0.0,0.0,0.0,0.0,0.0,0.0,0.0,0.0,0.717955,816990865.4175928,354.416617,378.0384923,401.6603676,425.28224289999997,448.90411819999997,472.52599349999997,496.14786879999997,519.7697441,543.3916194,567.0134946999999,590.63537,614.2572453,637.8791206,661.5009958999999,685.1228712,708.7447465,732.3666218,755.9884970999999,779.6103724,803.2322477,826.854123
SF11C46880712282050980,16,,2019-05-18T16:00:00-0700,0.170034,0.170028,0.189074,0.042959,4.487619221386,5.295390486614,51.29281488378,654.3438959045781,2.5288620255199996,0.7865797224380001,0.843531712448,0.411976238258,12.12576876991,1.94938037154,2.3002686853920005,19.2260308689,441.74349844102807,1.022889128112,0.6480083332080001,0.323040107844,0.26241662444400005,4.643702379144001,2.538238849846,2.995121801222,32.06678401488,212.60039746355002,1.5059728974079998,0.13857138922999998,0.520491604604,0.149559613814,7.482066390766,0.0,0.0,0.0,0.0,0.0,0.0,0.0,0.0,0.0,0.700327,868052794.5061923,375.494807,401.3397943,427.1847816,453.0297689,478.8747562,504.7197435,530.5647308,556.4097181,582.2547054,608.0996927,633.9446800000001,659.7896673,685.6346546,711.4796419,737.3246292,763.1696165000001,789.0146038,814.8595911,840.7045784000001,866.5495657,892.3945530000001
SF11C46880712282050980,17,,2019-05-18T17:00:00-0700,0.120024,0.120056,0.137188,0.049455,3.218139786932,3.797404810348,36.84237731236,466.1713261971561,1.81495869872,0.558100145676,0.605754592736,0.293808405956,8.707722547180001,1.3764486430799998,1.624209290784,13.5754132378,311.913081662056,0.722257376224,0.457555746416,0.228097155688,0.185291188888,3.278897198288,1.841691143852,2.173195519564,23.26696407456,154.25824453510003,1.092701322496,0.10054439926,0.377657437048,0.10851721706800001,5.428825348892,0.0,0.0,0.0,0.0,0.0,0.0,0.0,0.0,0.0,0.788466,612743149.0631946,268.870912,284.8767253,300.8825386,316.8883519,332.8941652,348.8999785,364.9057918,380.9116051,396.9174184,412.9232317,428.929045,444.9348583,460.9406716,476.9464849,492.9522982,508.9581115,524.9639248,540.9697381,556.9755514,572.9813647,588.987178
SF11C46880712282050980,18,,2019-05-18T18:00:00-0700,0.070014,0.070046,0.080829,0.051603,1.8881765385209999,2.228048234631,21.62902600153,272.870456597221,1.065199354552,0.326197504511,0.35559179579199995,0.172043733277,5.111632224119,0.8030812425299999,0.947635803144,7.92049873105,181.983938479546,0.42139701618399994,0.266958334556,0.133082006458,0.108107105158,1.913054184308,1.0850952959909999,1.280412431487,13.70852727048,90.88651811767501,0.6438023383679999,0.059239169955,0.22250978933399998,0.063936628119,3.1985780398109998,0.0,0.0,0.0,0.0,0.0,0.0,0.0,0.0,0.0,0.876605,357433503.6201969,159.110408,166.59280115,174.0751943,181.55758745,189.0399806,196.52237374999999,204.0047669,211.48716005,218.9695532,226.45194635,233.9343395,241.41673264999997,248.89912579999998,256.38151895,263.8639121,271.34630525,278.8286984,286.31109154999996,293.79348469999996,301.27587785,308.758271
SF11C46880712282050980,19,,2019-05-18T19:00:00-0700,0.040008,0.040027,0.045825,0.051191,1.07409308916,1.2674297991030001,12.297959717224998,155.519663022152,0.605798350508,0.18613525539700002,0.202197385871,0.098024670146,2.906587513921,0.458911756485,0.5415158366280001,4.526080043225,103.992677747777,0.24080259210799998,0.15255034202200002,0.076048217921,0.061776591071,1.093193327746,0.615181332675,0.725913962475,7.771879673999999,51.526985274375,0.3649957584,0.033584913375,0.12614916795,0.036248079075,1.8133941861749998,0.0,0.0,0.0,0.0,0.0,0.0,0.0,0.0,0.0,0.929489,204247716.3543982,91.71026,95.00706770000001,98.30387540000001,101.6006831,104.8974908,108.1942985,111.4911062,114.7879139,118.0847216,121.3815293,124.678337,127.9751447,131.2719524,134.5687601,137.8655678,141.1623755,144.45918319999998,147.7559909,151.0527986,154.3496063,157.646414
SF11C46880712282050980,20,,2019-05-18T20:00:00-0700,0.005701,0.005723,0.006556,0.048089,0.153626049689,0.18127873204,1.759023918745,22.240476279173002,0.08664807844399999,0.026616277098,0.028920917705,0.014018591795,0.415738205158,0.065614509765,0.077425116372,0.647132088025,14.868715985472999,0.034429590892,0.021811417478,0.010873259329,0.008832723679000001,0.15630313075399999,0.088011539924,0.10385361566800001,1.11189183072,7.371760293700001,0.052218487552,0.00480485962,0.018047658376,0.005185868116,0.259435074404,0.0,0.0,0.0,0.0,0.0,0.0,0.0,0.0,0.0,0.989952,29104584.856439315,13.198711,13.301067999999999,13.403424999999999,13.505782,13.608139,13.710496,13.812853,13.91521,14.017567,14.119924,14.222280999999999,14.324638,14.426995,14.529352,14.631709,14.734066,14.836423,14.93878,15.041136999999999,15.143494,15.245851
SF11C46880712282050980,21,,2019-05-18T21:00:00-0700,0.005701,0.005701,0.006083,0.045185,0.147023992612,0.173488304813,1.6763158701349998,21.651463698676004,0.08274828513999999,0.026185771671000002,0.027577023240999997,0.013610489386000003,0.396419723195,0.065362278555,0.07712748356400001,0.644644423175,14.811558593951002,0.034297238804,0.021727571386000004,0.010831461023,0.008798769473000002,0.15570227999800001,0.081661714057,0.096360821249,1.03167144696,6.839905104725,0.048451046335999996,0.004458200285,0.016745562218,0.004811719913,0.240717443197,0.0,0.0,0.0,0.0,0.0,0.0,0.0,0.0,0.0,0.997343,29104584.856439315,13.198711,13.85864655,14.5185821,15.17851765,15.8384532,16.49838875,17.1583243,17.818259849999997,18.478195399999997,19.138130949999997,19.798066499999997,20.458002049999997,21.117937599999998,21.777873149999998,22.437808699999998,23.097744249999998,23.7576798,24.41761535,25.0775509,25.73748645,26.397422
SF11C46880712282050980,22,,2019-05-18T22:00:00-0700,0.005701,0.005701,0.005724,0.042456,0.14220456875100002,0.167801384736,1.615429786055,21.247793481251,0.079888853012,0.025922662366000004,0.026588751527,0.013326516437000002,0.382213318114,0.065362278555,0.07712748356400001,0.644644423175,14.811558593951002,0.034297238804,0.021727571386000004,0.010831461023,0.008798769473000002,0.15570227999800001,0.076842290196,0.090673901172,0.97078536288,6.4362348873,0.045591614207999995,0.00419509098,0.015757290503999998,0.004527746964,0.22651103811599999,0.0,0.0,0.0,0.0,0.0,0.0,0.0,0.0,0.0,0.997343,29104584.856439315,13.198711,13.85864655,14.5185821,15.17851765,15.8384532,16.49838875,17.1583243,17.818259849999997,18.478195399999997,19.138130949999997,19.798066499999997,20.458002049999997,21.117937599999998,21.777873149999998,22.437808699999998,23.097744249999998,23.7576798,24.41761535,25.0775509,25.73748645,26.397422
SF11C46880712282050980,23,,2019-05-18T23:00:00-0700,0.005701,0.005701,0.005279,0.039885,0.13623063109599998,0.160752138401,1.539958177655,20.747422320376003,0.076344431572,0.025596524091,0.025363735057,0.012974516542000002,0.364603707359,0.065362278555,0.07712748356400001,0.644644423175,14.811558593951002,0.034297238804,0.021727571386000004,0.010831461023,0.008798769473000002,0.15570227999800001,0.07086835254099999,0.083624654837,0.89531375448,5.9358637264250005,0.042047192767999994,0.0038689527049999995,0.014532274033999999,0.004175747069,0.20890142736099998,0.0,0.0,0.0,0.0,0.0,0.0,0.0,0.0,0.0,0.997343,29104584.856439315,13.198711,13.85864655,14.5185821,15.17851765,15.8384532,16.49838875,17.1583243,17.818259849999997,18.478195399999997,19.138130949999997,19.798066499999997,20.458002049999997,21.117937599999998,21.777873149999998,22.437808699999998,23.097744249999998,23.7576798,24.41761535,25.0775509,25.73748645,26.397422
SF11C46880812282050980,0,,2019-05-18T00:00:00-0500,0.005701,0.005701,0.004756,0.000329,3.8635677000000004e-05,4.559089700000001e-05,0.000381066242,0.00875548178,2.0272756000000003e-05,1.2844353e-05,6.402223000000001e-06,5.199312000000001e-06,9.2036944e-05,3.8635677000000004e-05,4.559089700000001e-05,0.000381066242,0.00875548178,2.0272756000000003e-05,1.2844353e-05,6.402223000000001e-06,5.199312000000001e-06,9.2036944e-05,0.0,0.0,0.0,0.0,0.0,0.0,0.0,0.0,0.0,0.0,0.0,0.0,0.0,0.0,0.0,0.0,0.0,0.0,0.999431,310.39698926291095,0.059871,0.06286455,0.0658581,0.06885165,0.0718452,0.07483875000000001,0.0778323,0.08082585,0.0838194,0.08681295,0.08980650000000001,0.09280005,0.0957936,0.09878715,0.1017807,0.10477425000000001,0.1077678,0.11076135000000001,0.1137549,0.11674845,0.11974200000000002
SF11C46880812282050980,1,,2019-05-18T01:00:00-0500,0.005701,0.005701,0.003952,0.000579,3.8635677000000004e-05,4.559089700000001e-05,0.000381066242,0.00875548178,2.0272756000000003e-05,1.2844353e-05,6.402223000000001e-06,5.199312000000001e-06,9.2036944e-05,3.8635677000000004e-05,4.559089700000001e-05,0.000381066242,0.00875548178,2.0272756000000003e-05,1.2844353e-05,6.402223000000001e-06,5.199312000000001e-06,9.2036944e-05,0.0,0.0,0.0,0.0,0.0,0.0,0.0,0.0,0.0,0.0,0.0,0.0,0.0,0.0,0.0,0.0,0.0,0.0,0.999431,310.39698926291095,0.059871,0.06286455,0.0658581,0.06885165,0.0718452,0.07483875000000001,0.0778323,0.08082585,0.0838194,0.08681295,0.08980650000000001,0.09280005,0.0957936,0.09878715,0.1017807,0.10477425000000001,0.1077678,0.11076135000000001,0.1137549,0.11674845,0.11974200000000002
SF11C46880812282050980,2,,2019-05-18T02:00:00-0500,0.005701,0.005701,0.0034,0.000774,3.8635677000000004e-05,4.559089700000001e-05,0.000381066242,0.00875548178,2.0272756000000003e-05,1.2844353e-05,6.402223000000001e-06,5.199312000000001e-06,9.2036944e-05,3.8635677000000004e-05,4.559089700000001e-05,0.000381066242,0.00875548178,2.0272756000000003e-05,1.2844353e-05,6.402223000000001e-06,5.199312000000001e-06,9.2036944e-05,0.0,0.0,0.0,0.0,0.0,0.0,0.0,0.0,0.0,0.0,0.0,0.0,0.0,0.0,0.0,0.0,0.0,0.0,0.999621,310.39698926291095,0.059871,0.06286455,0.0658581,0.06885165,0.0718452,0.07483875000000001,0.0778323,0.08082585,0.0838194,0.08681295,0.08980650000000001,0.09280005,0.0957936,0.09878715,0.1017807,0.10477425000000001,0.1077678,0.11076135000000001,0.1137549,0.11674845,0.11974200000000002
SF11C46880812282050980,3,,2019-05-18T03:00:00-0500,0.005702,0.005702,0.003021,0.00093,3.8642453999999996e-05,4.5598894e-05,0.00038113308399999996,0.008757017559999998,2.0276312e-05,1.2846605999999998e-05,6.403346e-06,5.200224e-06,9.205308799999998e-05,3.8642453999999996e-05,4.5598894e-05,0.00038113308399999996,0.008757017559999998,2.0276312e-05,1.2846605999999998e-05,6.403346e-06,5.200224e-06,9.205308799999998e-05,0.0,0.0,0.0,0.0,0.0,0.0,0.0,0.0,0.0,0.0,0.0,0.0,0.0,0.0,0.0,0.0,0.0,0.0,0.999716,310.4514353231219,0.059882,0.0628761,0.0658702,0.0688643,0.0718584,0.0748525,0.0778466,0.0808407,0.0838348,0.0868289,0.089823,0.0928171,0.0958112,0.0988053,0.1017994,0.1047935,0.1077876,0.1107817,0.1137758,0.1167699,0.119764
SF11C46880812282050980,4,,2019-05-18T04:00:00-0500,0.005701,0.005701,0.002759,0.001056,3.8635677000000004e-05,4.559089700000001e-05,0.000381066242,0.00875548178,2.0272756000000003e-05,1.2844353e-05,6.402223000000001e-06,5.199312000000001e-06,9.2036944e-05,3.8635677000000004e-05,4.559089700000001e-05,0.000381066242,0.00875548178,2.0272756000000003e-05,1.2844353e-05,6.402223000000001e-06,5.199312000000001e-06,9.2036944e-05,0.0,0.0,0.0,0.0,0.0,0.0,0.0,0.0,0.0,0.0,0.0,0.0,0.0,0.0,0.0,0.0,0.0,0.0,0.999772,310.39698926291095,0.059871,0.06286455,0.0658581,0.06885165,0.0718452,0.07483875000000001,0.0778323,0.08082585,0.0838194,0.08681295,0.08980650000000001,0.09280005,0.0957936,0.09878715,0.1017807,0.10477425000000001,0.1077678,0.11076135000000001,0.1137549,0.11674845,0.11974200000000002
SF11C46880812282050980,5,,2019-05-18T05:00:00-0500,0.005701,0.005701,0.00258,0.001162,3.8635677000000004e-05,4.559089700000001e-05,0.000381066242,0.00875548178,2.0272756000000003e-05,1.2844353e-05,6.402223000000001e-06,5.199312000000001e-06,9.2036944e-05,3.8635677000000004e-05,4.559089700000001e-05,0.000381066242,0.00875548178,2.0272756000000003e-05,1.2844353e-05,6.402223000000001e-06,5.199312000000001e-06,9.2036944e-05,0.0,0.0,0.0,0.0,0.0,0.0,0.0,0.0,0.0,0.0,0.0,0.0,0.0,0.0,0.0,0.0,0.0,0.0,0.99981,310.39698926291095,0.059871,0.06286455,0.0658581,0.06885165,0.0718452,0.07483875000000001,0.0778323,0.08082585,0.0838194,0.08681295,0.08980650000000001,0.09280005,0.0957936,0.09878715,0.1017807,0.10477425000000001,0.1077678,0.11076135000000001,0.1137549,0.11674845,0.11974200000000002
SF11C46880812282050980,6,,2019-05-18T06:00:00-0500,0.005701,0.005701,0.002457,0.001251,3.8635677000000004e-05,4.559089700000001e-05,0.000381066242,0.00875548178,2.0272756000000003e-05,1.2844353e-05,6.402223000000001e-06,5.199312000000001e-06,9.2036944e-05,3.8635677000000004e-05,4.559089700000001e-05,0.000381066242,0.00875548178,2.0272756000000003e-05,1.2844353e-05,6.402223000000001e-06,5.199312000000001e-06,9.2036944e-05,0.0,0.0,0.0,0.0,0.0,0.0,0.0,0.0,0.0,0.0,0.0,0.0,0.0,0.0,0.0,0.0,0.0,0.0,0.999837,310.39698926291095,0.059871,0.06286455,0.0658581,0.06885165,0.0718452,0.07483875000000001,0.0778323,0.08082585,0.0838194,0.08681295,0.08980650000000001,0.09280005,0.0957936,0.09878715,0.1017807,0.10477425000000001,0.1077678,0.11076135000000001,0.1137549,0.11674845,0.11974200000000002
SF11C46880812282050980,7,,2019-05-18T07:00:00-0500,0.005701,0.005701,0.002372,0.001329,3.8635677000000004e-05,4.559089700000001e-05,0.000381066242,0.00875548178,2.0272756000000003e-05,1.2844353e-05,6.402223000000001e-06,5.199312000000001e-06,9.2036944e-05,3.8635677000000004e-05,4.559089700000001e-05,0.000381066242,0.00875548178,2.0272756000000003e-05,1.2844353e-05,6.402223000000001e-06,5.199312000000001e-06,9.2036944e-05,0.0,0.0,0.0,0.0,0.0,0.0,0.0,0.0,0.0,0.0,0.0,0.0,0.0,0.0,0.0,0.0,0.0,0.0,0.999858,310.39698926291095,0.059871,0.06286455,0.0658581,0.06885165,0.0718452,0.07483875000000001,0.0778323,0.08082585,0.0838194,0.08681295,0.08980650000000001,0.09280005,0.0957936,0.09878715,0.1017807,0.10477425000000001,0.1077678,0.11076135000000001,0.1137549,0.11674845,0.11974200000000002
SF11C46880812282050980,8,,2019-05-18T08:00:00-0500,0.005701,0.005701,0.002186,0.001388,3.8635677000000004e-05,4.559089700000001e-05,0.000381066242,0.00875548178,2.0272756000000003e-05,1.2844353e-05,6.402223000000001e-06,5.199312000000001e-06,9.2036944e-05,3.8635677000000004e-05,4.559089700000001e-05,0.000381066242,0.00875548178,2.0272756000000003e-05,1.2844353e-05,6.402223000000001e-06,5.199312000000001e-06,9.2036944e-05,0.0,0.0,0.0,0.0,0.0,0.0,0.0,0.0,0.0,0.0,0.0,0.0,0.0,0.0,0.0,0.0,0.0,0.0,0.999874,310.39698926291095,0.059871,0.06286455,0.0658581,0.06885165,0.0718452,0.07483875000000001,0.0778323,0.08082585,0.0838194,0.08681295,0.08980650000000001,0.09280005,0.0957936,0.09878715,0.1017807,0.10477425000000001,0.1077678,0.11076135000000001,0.1137549,0.11674845,0.11974200000000002
SF11C46880812282050980,9,,2019-05-18T09:00:00-0500,0.005701,0.005701,0.00287,0.00149,3.8635677000000004e-05,4.559089700000001e-05,0.000381066242,0.00875548178,2.0272756000000003e-05,1.2844353e-05,6.402223000000001e-06,5.199312000000001e-06,9.2036944e-05,3.8635677000000004e-05,4.559089700000001e-05,0.000381066242,0.00875548178,2.0272756000000003e-05,1.2844353e-05,6.402223000000001e-06,5.199312000000001e-06,9.2036944e-05,0.0,0.0,0.0,0.0,0.0,0.0,0.0,0.0,0.0,0.0,0.0,0.0,0.0,0.0,0.0,0.0,0.0,0.0,0.999886,310.39698926291095,0.059871,0.06286455,0.0658581,0.06885165,0.0718452,0.07483875000000001,0.0778323,0.08082585,0.0838194,0.08681295,0.08980650000000001,0.09280005,0.0957936,0.09878715,0.1017807,0.10477425000000001,0.1077678,0.11076135000000001,0.1137549,0.11674845,0.11974200000000002
SF11C46880812282050980,10,,2019-05-18T10:00:00-0500,0.020004,0.020004,0.012411,0.002246,0.00013556710800000001,0.00015997198800000003,0.001337107368,0.03072174312,7.1134224e-05,4.5069012e-05,2.2464492000000003e-05,1.8243648e-05,0.000322944576,0.00013556710800000001,0.00015997198800000003,0.001337107368,0.03072174312,7.1134224e-05,4.5069012e-05,2.2464492000000003e-05,1.8243648e-05,0.000322944576,0.0,0.0,0.0,0.0,0.0,0.0,0.0,0.0,0.0,0.0,0.0,0.0,0.0,0.0,0.0,0.0,0.0,0.0,0.999334,1089.1389884608438,0.210076,0.22057980000000002,0.2310836,0.2415874,0.2520912,0.262595,0.27309880000000003,0.28360260000000004,0.2941064,0.30461020000000005,0.315114,0.3256178,0.3361216,0.34662540000000003,0.35712920000000004,0.367633,0.37813680000000005,0.3886406,0.39914440000000007,0.4096482,0.420152
SF11C46880812282050980,11,,2019-05-18T11:00:00-0500,0.040008,0.040008,0.029269,0.004114,0.00027113421600000003,0.00031994397600000005,0.002674214736,0.06144348624,0.000142268448,9.0138024e-05,4.4928984000000006e-05,3.6487296e-05,0.000645889152,0.00027113421600000003,0.00031994397600000005,0.002674214736,0.06144348624,0.000142268448,9.0138024e-05,4.4928984000000006e-05,3.6487296e-05,0.000645889152,0.0,0.0,0.0,0.0,0.0,0.0,0.0,0.0,0.0,0.0,0.0,0.0,0.0,0.0,0.0,0.0,0.0,0.0,0.997953,2178.2779769216877,0.420141,0.44114805,0.4621551,0.48316214999999996,0.5041692,0.52517625,0.5461833,0.56719035,0.5881974,0.60920445,0.6302114999999999,0.65121855,0.6722256,0.69323265,0.7142397,0.73524675,0.7562538,0.77726085,0.7982678999999999,0.81927495,0.840282
SF11C46880812282050980,12,,2019-05-18T12:00:00-0500,0.070014,0.070014,0.058405,0.007868,0.0004744848780000001,0.0005599019580000001,0.004679875788,0.10752610092,0.00024896978400000005,0.000157741542,7.862572200000002e-05,6.3852768e-05,0.001130306016,0.0004744848780000001,0.0005599019580000001,0.004679875788,0.10752610092,0.00024896978400000005,0.000157741542,7.862572200000002e-05,6.3852768e-05,0.001130306016,0.0,0.0,0.0,0.0,0.0,0.0,0.0,0.0,0.0,0.0,0.0,0.0,0.0,0.0,0.0,0.0,0.0,0.0,0.995891,3811.9864596129537,0.735218,0.7719789,0.8087398,0.8455007,0.8822616000000001,0.9190225000000001,0.9557834000000001,0.9925443,1.0293052,1.0660661,1.102827,1.1395879,1.1763488,1.2131097,1.2498706,1.2866315,1.3233924,1.3601533,1.3969141999999999,1.4336750999999999,1.4704359999999999
SF11C46880812282050980,13,,2019-05-18T13:00:00-0500,0.10002,0.10002,0.092587,0.013726,0.00067783554,0.00079985994,0.00668553684,0.1536087156,0.00035567112,0.00022534505999999998,0.00011232246,9.121824000000001e-05,0.0016147228799999998,0.00067783554,0.00079985994,0.00668553684,0.1536087156,0.00035567112,0.00022534505999999998,0.00011232246,9.121824000000001e-05,0.0016147228799999998,0.0,0.0,0.0,0.0,0.0,0.0,0.0,0.0,0.0,0.0,0.0,0.0,0.0,0.0,0.0,0.0,0.0,0.0,0.994089,5445.694942304219,1.05027,1.1027835000000001,1.155297,1.2078105000000001,1.260324,1.3128375,1.365351,1.4178645,1.4703780000000002,1.5228915,1.575405,1.6279185,1.6804320000000001,1.7329455,1.7854590000000001,1.8379725000000002,1.890486,1.9429995,1.995513,2.0480265,2.10054
SF11C46880812282050980,14,,2019-05-18T14:00:00-0500,0.130026,0.130026,0.130525,0.021803,0.000881186202,0.0010398179220000002,0.008691197892,0.19969133028,0.00046237245600000003,0.000292948578,0.00014601919800000002,0.00011858371200000001,0.002099139744,0.000881186202,0.0010398179220000002,0.008691197892,0.19969133028,0.00046237245600000003,0.000292948578,0.00014601919800000002,0.00011858371200000001,0.002099139744,0.0,0.0,0.0,0.0,0.0,0.0,0.0,0.0,0.0,0.0,0.0,0.0,0.0,0.0,0.0,0.0,0.0,0.0,0.992845,7079.403424995485,1.365297,1.43356185,1.5018267,1.57009155,1.6383564,1.70662125,1.7748861,1.84315095,1.9114157999999999,1.9796806500000002,2.0479455,2.1162103500000002,2.1844752,2.25274005,2.3210049,2.38926975,2.4575346,2.52579945,2.5940643000000003,2.6623291499999997,2.730594
SF11C46880812282050980,15,,2019-05-18T15:00:00-0500,0.160031,0.160031,0.170707,0.032099,0.001084530087,0.001279767907,0.010696792102,0.24577240917999998,0.000569070236,0.000360549843,0.000179714813,0.00014594827200000002,0.002583540464,0.001084530087,0.001279767907,0.010696792102,0.24577240917999998,0.000569070236,0.000360549843,0.000179714813,0.00014594827200000002,0.002583540464,0.0,0.0,0.0,0.0,0.0,0.0,0.0,0.0,0.0,0.0,0.0,0.0,0.0,0.0,0.0,0.0,0.0,0.0,0.991975,8713.05746162654,1.680289,1.7643034499999999,1.8483178999999998,1.9323323499999998,2.0163468,2.1003612499999997,2.1843757,2.26839015,2.3524046,2.4364190499999996,2.5204334999999998,2.60444795,2.6884623999999997,2.77247685,2.8564913,2.94050575,3.0245201999999995,3.1085346499999997,3.1925491,3.2765635499999997,3.3605779999999994
SF11C46880812282050980,16,,2019-05-18T16:00:00-0500,0.170034,0.170034,0.189208,0.042963,0.001152320418,0.001359761898,0.011365412628,0.26113481652,0.000604640904,0.00038308660199999996,0.000190948182,0.000155071008,0.0027450288959999995,0.001152320418,0.001359761898,0.011365412628,0.26113481652,0.000604640904,0.00038308660199999996,0.000190948182,0.000155071008,0.0027450288959999995,0.0,0.0,0.0,0.0,0.0,0.0,0.0,0.0,0.0,0.0,0.0,0.0,0.0,0.0,0.0,0.0,0.0,0.0,0.992506,9257.681401917172,1.785295,1.87455975,1.9638245,2.05308925,2.142354,2.23161875,2.3208835,2.41014825,2.499413,2.58867775,2.6779425000000003,2.7672072500000002,2.856472,2.94573675,3.0350015,3.1242662500000002,3.213531,3.30279575,3.3920605000000004,3.4813252500000003,3.57059
SF11C46880812282050980,17,,2019-05-18T17:00:00-0500,0.120024,0.120024,0.13693,0.049461,0.0008134026480000001,0.0009598319280000002,0.008022644208,0.18433045872,0.000426805344,0.000270414072,0.000134786952,0.00010946188800000002,0.001937667456,0.0008134026480000001,0.0009598319280000002,0.008022644208,0.18433045872,0.000426805344,0.000270414072,0.000134786952,0.00010946188800000002,0.001937667456,0.0,0.0,0.0,0.0,0.0,0.0,0.0,0.0,0.0,0.0,0.0,0.0,0.0,0.0,0.0,0.0,0.0,0.0,0.995995,6534.833930765063,1.260291,1.3233055500000002,1.3863201,1.44933465,1.5123492,1.5753637500000002,1.6383783,1.70139285,1.7644074,1.8274219500000002,1.8904365,1.95345105,2.0164656,2.07948015,2.1424947000000003,2.20550925,2.2685238,2.33153835,2.3945529,2.45756745,2.520582
SF11C46880812282050980,18,,2019-05-18T18:00:00-0500,0.070013,0.070013,0.080536,0.05161,0.00047447810100000005,0.0005598939610000001,0.004679808946,0.10752456514,0.00024896622800000005,0.00015773928899999999,7.862459900000002e-05,6.3851856e-05,0.001130289872,0.00047447810100000005,0.0005598939610000001,0.004679808946,0.10752456514,0.00024896622800000005,0.00015773928899999999,7.862459900000002e-05,6.3851856e-05,0.001130289872,0.0,0.0,0.0,0.0,0.0,0.0,0.0,0.0,0.0,0.0,0.0,0.0,0.0,0.0,0.0,0.0,0.0,0.0,0.998584,3811.932013552743,0.735207,0.77196735,0.8087277,0.84548805,0.8822484,0.91900875,0.9557691000000001,0.9925294500000001,1.0292898000000001,1.0660501500000001,1.1028105000000001,1.1395708500000001,1.1763312000000001,1.2130915500000001,1.2498519000000001,1.2866122500000001,1.3233726000000001,1.3601329500000001,1.3968933000000001,1.4336536500000001,1.470414
SF11C46880812282050980,19,,2019-05-18T19:00:00-0500,0.040008,0.040008,0.045643,0.051197,0.00027113421600000003,0.00031994397600000005,0.002674214736,0.06144348624,0.000142268448,9.0138024e-05,4.4928984000000006e-05,3.6487296e-05,0.000645889152,0.00027113421600000003,0.00031994397600000005,0.002674214736,0.06144348624,0.000142268448,9.0138024e-05,4.4928984000000006e-05,3.6487296e-05,0.000645889152,0.0,0.0,0.0,0.0,0.0,0.0,0.0,0.0,0.0,0.0,0.0,0.0,0.0,0.0,0.0,0.0,0.0,0.0,0.999551,2178.2779769216877,0.420141,0.44114805,0.4621551,0.48316214999999996,0.5041692,0.52517625,0.5461833,0.56719035,0.5881974,0.60920445,0.6302114999999999,0.65121855,0.6722256,0.69323265,0.7142397,0.73524675,0.7562538,0.77726085,0.7982678999999999,0.81927495,0.840282
SF11C46880812282050980,20,,2019-05-18T20:00:00-0500,0.005701,0.005701,0.006344,0.048095,3.8635677000000004e-05,4.559089700000001e-05,0.000381066242,0.00875548178,2.0272756000000003e-05,1.2844353e-05,6.402223000000001e-06,5.199312000000001e-06,9.2036944e-05,3.8635677000000004e-05,4.559089700000001e-05,0.000381066242,0.00875548178,2.0272756000000003e-05,1.2844353e-05,6.402223000000001e-06,5.199312000000001e-06,9.2036944e-05,0.0,0.0,0.0,0.0,0.0,0.0,0.0,0.0,0.0,0.0,0.0,0.0,0.0,0.0,0.0,0.0,0.0,0.0,0.999974,310.39698926291095,0.059871,0.06286455,0.0658581,0.06885165,0.0718452,0.07483875000000001,0.0778323,0.08082585,0.0838194,0.08681295,0.08980650000000001,0.09280005,0.0957936,0.09878715,0.1017807,0.10477425000000001,0.1077678,0.11076135000000001,0.1137549,0.11674845,0.11974200000000002
SF11C46880812282050980,21,,2019-05-18T21:00:00-0500,0.005702,0.005702,0.006082,0.04519,3.8642453999999996e-05,4.5598894e-05,0.00038113308399999996,0.008757017559999998,2.0276312e-05,1.2846605999999998e-05,6.403346e-06,5.200224e-06,9.205308799999998e-05,3.8642453999999996e-05,4.5598894e-05,0.00038113308399999996,0.008757017559999998,2.0276312e-05,1.2846605999999998e-05,6.403346e-06,5.200224e-06,9.205308799999998e-05,0.0,0.0,0.0,0.0,0.0,0.0,0.0,0.0,0.0,0.0,0.0,0.0,0.0,0.0,0.0,0.0,0.0,0.0,0.999993,310.4514353231219,0.059882,0.0628761,0.0658702,0.0688643,0.0718584,0.0748525,0.0778466,0.0808407,0.0838348,0.0868289,0.089823,0.0928171,0.0958112,0.0988053,0.1017994,0.1047935,0.1077876,0.1107817,0.1137758,0.1167699,0.119764
SF11C46880812282050980,22,,2019-05-18T22:00:00-0500,0.005701,0.005701,0.005723,0.042461,3.8635677000000004e-05,4.559089700000001e-05,0.000381066242,0.00875548178,2.0272756000000003e-05,1.2844353e-05,6.402223000000001e-06,5.199312000000001e-06,9.2036944e-05,3.8635677000000004e-05,4.559089700000001e-05,0.000381066242,0.00875548178,2.0272756000000003e-05,1.2844353e-05,6.402223000000001e-06,5.199312000000001e-06,9.2036944e-05,0.0,0.0,0.0,0.0,0.0,0.0,0.0,0.0,0.0,0.0,0.0,0.0,0.0,0.0,0.0,0.0,0.0,0.0,0.999993,310.39698926291095,0.059871,0.06286455,0.0658581,0.06885165,0.0718452,0.07483875000000001,0.0778323,0.08082585,0.0838194,0.08681295,0.08980650000000001,0.09280005,0.0957936,0.09878715,0.1017807,0.10477425000000001,0.1077678,0.11076135000000001,0.1137549,0.11674845,0.11974200000000002
SF11C46880812282050980,23,,2019-05-18T23:00:00-0500,0.005701,0.005701,0.005277,0.03989,3.8635677000000004e-05,4.559089700000001e-05,0.000381066242,0.00875548178,2.0272756000000003e-05,1.2844353e-05,6.402223000000001e-06,5.199312000000001e-06,9.2036944e-05,3.8635677000000004e-05,4.559089700000001e-05,0.000381066242,0.00875548178,2.0272756000000003e-05,1.2844353e-05,6.402223000000001e-06,5.199312000000001e-06,9.2036944e-05,0.0,0.0,0.0,0.0,0.0,0.0,0.0,0.0,0.0,0.0,0.0,0.0,0.0,0.0,0.0,0.0,0.0,0.0,0.999994,310.39698926291095,0.059871,0.06286455,0.0658581,0.06885165,0.0718452,0.07483875000000001,0.0778323,0.08082585,0.0838194,0.08681295,0.08980650000000001,0.09280005,0.0957936,0.09878715,0.1017807,0.10477425000000001,0.1077678,0.11076135000000001,0.1137549,0.11674845,0.11974200000000002
SF11C46880912282050980,0,,2019-05-18T00:00:00-0500,0.005701,0.005695,0.004403,0.000304,2.856527688041,3.370702673552,28.552536678972,627.737586618219,1.508289805461,0.911494641314,0.478758319326,0.37416170369400004,6.882150855794001,2.71951510322,3.209027820205,26.821591237425,616.26154686376,1.4269983084050002,0.9040146355850001,0.45066250334,0.36608856983500004,6.478273471275001,0.13701258482099998,0.161674853347,1.7309454415469998,11.476039754458998,0.08129149705599999,0.007480005729,0.028095815986,0.008073133859,0.40387738451899996,0.0,0.0,0.0,0.0,0.0,0.0,0.0,0.0,0.0,0.05,3161123375.997871,395.579175,469.6332351,543.6872952,617.7413553,691.7954153999999,765.8494754999999,839.9035355999999,913.9575957,988.0116558,1062.0657159,1136.119776,1210.1738360999998,1284.2278961999998,1358.2819562999998,1432.3360163999998,1506.3900764999999,1580.4441365999999,1654.4981966999999,1728.5522568,1802.6063169,1876.660377
SF11C46880912282050980,1,,2019-05-18T01:00:00-0500,0.005701,0.005701,0.003775,0.000544,2.839850740421,3.3510238748940004,28.333909929089998,626.750024677943,1.498198619479,0.911380197728,0.47522581046199996,0.373395927128,6.831371036620001,2.722380263996,3.2124087099190004,26.849849279115,616.910812760368,1.428501730679,0.9049670654030001,0.451137301412,0.36647426455300003,6.485098693545001,0.117470476425,0.138615164975,1.484060649975,9.839211917575,0.0696968888,0.006413132325,0.02408850905,0.006921662575,0.346272343075,0.0,0.0,0.0,0.0,0.0,0.0,0.0,0.0,0.0,0.525,3161123375.997871,395.579175,442.22765315000004,488.8761313,535.5246094500001,582.1730876,628.82156575,675.4700439000001,722.1185220499999,768.7670002,815.4154783500001,862.0639564999999,908.71243465,955.3609128,1002.0093909499999,1048.6578691,1095.30634725,1141.9548254,1188.60330355,1235.2517817,1281.9002598499999,1328.548738
SF11C46880912282050980,2,,2019-05-18T02:00:00-0500,0.005701,0.005701,0.003325,0.000737,2.825847637271,3.3345002128440004,28.157002037039998,625.577138489093,1.489890381079,0.910615718378,0.472354332562,0.37257082827800003,6.790093538770001,2.722380263996,3.2124087099190004,26.849849279115,616.910812760368,1.428501730679,0.9049670654030001,0.451137301412,0.36647426455300003,6.485098693545001,0.103467373275,0.12209150292499998,1.307152757925,8.666325728724999,0.061388650399999994,0.005648652975,0.02121703115,0.006096563724999999,0.304994845225,0.0,0.0,0.0,0.0,0.0,0.0,0.0,0.0,0.0,0.683333,3161123375.997871,395.579175,427.8672139,460.15525279999997,492.4432917,524.7313306,557.0193695,589.3074084,621.5954472999999,653.8834861999999,686.1715250999999,718.459564,750.7476029,783.0356417999999,815.3236806999998,847.6117195999998,879.8997584999998,912.1877973999999,944.4758362999999,976.7638751999998,1009.0519140999997,1041.339953
SF11C46880912282050980,3,,2019-05-18T03:00:00-0500,0.005701,0.005701,0.003003,0.000893,2.815827639017,3.3226766146660003,28.030414612062,624.737873260627,1.483945374935,0.910068690932,0.47029963059799995,0.371980424212,6.760557195864001,2.722380263996,3.2124087099190004,26.849849279115,616.910812760368,1.428501730679,0.9049670654030001,0.451137301412,0.36647426455300003,6.485098693545001,0.09344737502099999,0.11026790474699999,1.180565332947,7.827060500259,0.05544364425599999,0.005101625529,0.019162329186,0.005506159659,0.275458502319,0.0,0.0,0.0,0.0,0.0,0.0,0.0,0.0,0.0,0.683435,3161123375.997871,395.579175,427.84604165,460.1129083,492.37977495,524.6466416000001,556.91350825,589.1803749000001,621.44724155,653.7141082,685.9809748499999,718.2478415,750.5147081499999,782.7815748,815.0484414499999,847.3153081,879.5821747499999,911.8490414,944.1159080499999,976.3827747,1008.6496413499999,1040.916508
SF11C46880912282050980,4,,2019-05-18T04:00:00-0500,0.005701,0.005701,0.002771,0.001023,2.808608261393,3.3141577488980003,27.939208765493998,624.133185269931,1.479662016471,0.9096745593560001,0.46881922421399996,0.37155503991600003,6.739276352528001,2.722380263996,3.2124087099190004,26.849849279115,616.910812760368,1.428501730679,0.9049670654030001,0.451137301412,0.36647426455300003,6.485098693545001,0.086227997397,0.10174903897899999,1.089359486379,7.222372509563,0.05116028579199999,0.004707493953,0.017681922802,0.005080775363,0.254177658983,0.0,0.0,0.0,0.0,0.0,0.0,0.0,0.0,0.0,0.683435,3161123375.997871,395.579175,427.83801395,460.09685290000004,492.35569185,524.6145308,556.8733697499999,589.1322087,621.39104765,653.6498866,685.90872555,718.1675645,750.42640345,782.6852424,814.94408135,847.2029203,879.46175925,911.7205982,943.97943715,976.2382760999999,1008.49711505,1040.755954
SF11C46880912282050980,5,,2019-05-18T05:00:00-0500,0.005701,0.005701,0.002606,0.001133,2.803473790238,3.3080990728130004,27.874342538409,623.703127000686,1.476615662391,0.9093942502610001,0.467766348984,0.37125250367100004,6.724141269983001,2.722380263996,3.2124087099190004,26.849849279115,616.910812760368,1.428501730679,0.9049670654030001,0.451137301412,0.36647426455300003,6.485098693545001,0.08109352624199999,0.09569036289399999,1.024493259294,6.7923142403179995,0.04811393171199999,0.004427184858,0.016629047572,0.004778239118,0.23904257643799998,0.0,0.0,0.0,0.0,0.0,0.0,0.0,0.0,0.0,0.683435,3161123375.997871,395.579175,427.83230890000004,460.0854428,492.33857670000003,524.5917106,556.8448445,589.0979784000001,621.3511123000001,653.6042462,685.8573801,718.110514,750.3636479,782.6167818000001,814.8699157000001,847.1230496000001,879.3761835,911.6293174,943.8824513,976.1355852000002,1008.3887191000001,1040.641853
SF11C46880912282050980,6,,2019-05-18T06:00:00-0500,0.005701,0.005701,0.002487,0.001226,2.7997707474049998,3.3037294821820002,27.827560229177998,623.392963764079,1.474418594903,0.9091920879440001,0.467007002606,0.371034310864,6.713225664996001,2.722380263996,3.2124087099190004,26.849849279115,616.910812760368,1.428501730679,0.9049670654030001,0.451137301412,0.36647426455300003,6.485098693545001,0.077390483409,0.09132077226299999,0.977710950063,6.4821510037109995,0.045916864223999994,0.004225022541,0.015869701194,0.004560046311,0.228126971451,0.0,0.0,0.0,0.0,0.0,0.0,0.0,0.0,0.0,0.683435,3161123375.997871,395.579175,427.82819655000003,460.0772181,492.32623965,524.5752612,556.8242827500001,589.0733043,621.32232585,653.5713473999999,685.82036895,718.0693905,750.31841205,782.5674336,814.8164551499999,847.0654766999999,879.3144982499999,911.5635198,943.81254135,976.0615628999999,1008.3105844499999,1040.559606
SF11C46880912282050980,7,,2019-05-18T07:00:00-0500,0.005701,0.005701,0.002402,0.001308,2.79712571681,3.3006083460170004,27.794144294012998,623.171418595074,1.472849260983,0.9090476862890001,0.466464612336,0.370878458859,6.705428804291,2.722380263996,3.2124087099190004,26.849849279115,616.910812760368,1.428501730679,0.9049670654030001,0.451137301412,0.36647426455300003,6.485098693545001,0.074745452814,0.088199636098,0.944295014898,6.260605834705999,0.044347530303999995,0.004080620886,0.015327310924,0.004404194306,0.220330110746,0.0,0.0,0.0,0.0,0.0,0.0,0.0,0.0,0.0,0.683435,3161123375.997871,395.579175,427.82526025000004,460.0713455,492.31743075,524.563516,556.80960125,589.0556865000001,621.3017717500001,653.547857,685.7939422500001,718.0400275,750.28611275,782.5321980000001,814.77828325,847.0243685,879.27045375,911.516539,943.76262425,976.0087095000001,1008.25479475,1040.50088
SF11C46880912282050980,8,,2019-05-18T08:00:00-0500,0.005701,0.005701,0.002187,0.001368,2.790435345305,3.2927137074820005,27.709621634477998,622.611039638179,1.468879769303,0.9086824350440001,0.46509268400599996,0.370484244964,6.685707333096,2.722380263996,3.2124087099190004,26.849849279115,616.910812760368,1.428501730679,0.9049670654030001,0.451137301412,0.36647426455300003,6.485098693545001,0.068055081309,0.080304997563,0.859772355363,5.700226877811,0.040378038623999996,0.0037153696410000005,0.013955382594,0.004009980411,0.200608639551,0.0,0.0,0.0,0.0,0.0,0.0,0.0,0.0,0.0,0.683435,3161123375.997871,395.579175,427.81783745,460.0564999,492.29516235,524.5338248,556.77248725,589.0111497,621.24981215,653.4884746,685.72713705,717.9657995,750.20446195,782.4431244,814.68178685,846.9204493,879.15911175,911.3977742,943.63643665,975.8750990999999,1008.1137615499999,1040.352424
SF11C46880912282050980,9,,2019-05-18T09:00:00-0500,0.005701,0.005701,0.002871,0.001472,2.811720062093,3.317829673798,27.978521630394,624.393826645231,1.481508291671,0.9098444436560001,0.46945733041399995,0.37173839521600005,6.748449129828001,2.722380263996,3.2124087099190004,26.849849279115,616.910812760368,1.428501730679,0.9049670654030001,0.451137301412,0.36647426455300003,6.485098693545001,0.08933979809699999,0.10542096387899999,1.128672351279,7.4830138848629995,0.05300656099199999,0.004877378253,0.018320029002,0.005264130663,0.263350436283,0.0,0.0,0.0,0.0,0.0,0.0,0.0,0.0,0.0,0.683435,3161123375.997871,395.579175,427.8414733,460.1037716,492.3660699,524.6283682000001,556.8906665,589.1529648000001,621.4152631,653.6775614000001,685.9398596999999,718.202158,750.4644562999999,782.7267546,814.9890528999999,847.2513512,879.5136494999999,911.7759478,944.0382460999999,976.3005444,1008.5628426999999,1040.825141
SF11C46880912282050980,10,,2019-05-18T10:00:00-0500,0.020004,0.019989,0.012417,0.002229,9.931675418163,11.719376997024002,99.02314432486799,2195.393174120553,5.237903297415,3.194114472198,1.6610234237219998,1.3077091806180001,23.877211749845998,9.545283125244,11.263434082191,94.14166589023499,2163.029334549552,5.008651305831,3.173019938667,1.5817897768679998,1.284941953017,22.738227992505,0.38639229291899996,0.4559429148329999,4.881478434632999,32.363839571000995,0.22925199158399998,0.021094533531,0.079233646854,0.022767227600999997,1.138983757341,0.0,0.0,0.0,0.0,0.0,0.0,0.0,0.0,0.0,0.24,11091933347.388426,1224.292912,1349.9983180999998,1475.7037242,1601.4091303,1727.1145364,1852.8199424999998,1978.5253486,2104.2307547,2229.9361608,2355.6415669,2481.3469729999997,2607.0523791,2732.7577852,2858.4631913,2984.1685974,3109.8740035,3235.5794096,3361.2848157,3486.9902217999997,3612.6956279,3738.401034
SF11C46880912282050980,11,,2019-05-18T11:00:00-0500,0.040008,0.039987,0.029285,0.0041,20.006154826647002,23.607262705918,199.83849132897,4403.3613947006215,10.560239437393001,6.397219139316001,3.351161151514,2.6241580477160005,48.172941650720006,19.094863991652,22.531939498953,188.325718843005,4327.032567944017,10.019557745073001,6.347468522061001,3.164291750844,2.5704624481110003,45.486693818415006,0.911290834995,1.0753232069649998,11.512772485965,76.328826756605,0.54068169232,0.049750617255,0.18686940067,0.053695599605,2.686247832305,0.0,0.0,0.0,0.0,0.0,0.0,0.0,0.0,0.0,0.24,22183866694.77685,2073.86254,2253.64528405,2433.4280281,2613.2107721499997,2792.9935162,2972.7762602499997,3152.5590042999997,3332.3417483499998,3512.1244924,3691.90723645,3871.6899805,4051.47272455,4231.255468599999,4411.038212649999,4590.820956699999,4770.60370075,4950.3864447999995,5130.169188849999,5309.9519328999995,5489.73467695,5669.517421
SF11C46880912282050980,12,,2019-05-18T12:00:00-0500,0.070014,0.069983,0.058436,0.007857,35.237169621519996,41.579860177041006,352.569954331509,7725.237601123253,18.614556209429,11.208256248397001,5.910849317828,4.605824411407,84.968459163263,33.418757764468,39.434134142477006,329.597088598545,7572.929207052945,17.535666833557002,11.108982658849001,5.537965578796,4.498678908299,79.608255020235,1.818411857052,2.145726034564,22.972865732964,152.308394070308,1.078889375872,0.09927358954800002,0.372883739032,0.107145503108,5.3602041430280005,0.0,0.0,0.0,0.0,0.0,0.0,0.0,0.0,0.0,0.24,38821766715.85949,2886.583271,3139.01614625,3391.4490215,3643.88189675,3896.3147719999997,4148.74764725,4401.1805225,4653.613397749999,4906.046273,5158.4791482499995,5410.912023499999,5663.34489875,5915.777774,6168.21064925,6420.643524499999,6673.07639975,6925.509274999999,7177.942150249999,7430.3750254999995,7682.80790075,7935.240775999999
SF11C46880912282050980,13,,2019-05-18T13:00:00-0500,0.10002,0.099989,0.092637,0.01372,50.630105619702995,59.743524671804,507.3338137476479,11061.358306826212,26.764615582854997,16.029459897657997,8.503553177361999,6.597393042278,122.238577299906,47.747426805244,56.341963602191,470.91555509023493,10819.90795598955,25.054281625831,15.872084178666999,7.912430736867999,6.427538193017,113.741191592505,2.8826788144589996,3.401561069613,36.418258657413,241.450350836661,1.7103339570239997,0.157375718991,0.591122440494,0.169854849261,8.497385707401,0.0,0.0,0.0,0.0,0.0,0.0,0.0,0.0,0.0,0.24,55459666736.94212,3356.381962,3680.2144659,4004.0469697999997,4327.8794737,4651.7119776,4975.5444815,5299.3769854,5623.209489299999,5947.0419932,6270.8744971,6594.707001000001,6918.5395049,7242.3720088,7566.2045127,7890.037016599999,8213.8695205,8537.7020244,8861.5345283,9185.3670322,9509.1995361,9833.03204
SF11C46880912282050980,14,,2019-05-18T14:00:00-0500,0.130026,0.129995,0.130595,0.021801,66.139951970185,78.04514338506002,663.5746574980799,14407.271308999196,34.984039515545,20.85704610007,11.120230686829998,8.59585033177,159.85331667971002,62.076095846019996,73.24979306190501,612.2340215819249,14066.88670492616,32.572896418105,20.635185698485,10.286895894939999,8.356397477735001,147.87412816477502,4.0638561241649995,4.795350323155,51.340635916154994,340.38460407303495,2.4111430974399997,0.221860401585,0.8333347918899999,0.23945285403499997,11.979188514934998,0.0,0.0,0.0,0.0,0.0,0.0,0.0,0.0,0.0,0.24,72097566758.02477,3627.952259,4022.22221085,4416.4921627,4810.76211455,5205.0320664,5599.30201825,5993.5719701,6387.841921950001,6782.1118738000005,7176.38182565,7570.651777500001,7964.9217293500005,8359.1916812,8753.461633050001,9147.7315849,9542.00153675,9936.271488600001,10330.54144045,10724.8113923,11119.081344150001,11513.351296
SF11C46880912282050980,15,,2019-05-18T15:00:00-0500,0.160032,0.160001,0.1708,0.032104,81.719720482396,96.429270250819,820.698861322815,17759.040922875167,43.244949251979,25.688449602703,13.751246442612,10.598427614853001,197.674168365445,76.404764886796,90.157622521619,753.552488073615,17313.865453862767,40.091511210379004,25.398287218303,12.661361053012,10.285256762453,182.007064737045,5.3149555956,6.2716477292,67.1463732492,445.1754690124,3.1534380416,0.29016238440000003,1.0898853896,0.31317085240000003,15.667103628400001,0.0,0.0,0.0,0.0,0.0,0.0,0.0,0.0,0.0,0.24,88735466779.1074,3784.935298,4247.9081092999995,4710.8809206,5173.8537319,5636.8265432,6099.7993545,6562.772165799999,7025.744977099999,7488.717788399999,7951.690599699999,8414.663411,8877.6362223,9340.6090336,9803.5818449,10266.5546562,10729.5274675,11192.5002788,11655.4730901,12118.4459014,12581.4187127,13044.391524
SF11C46880912282050980,16,,2019-05-18T16:00:00-0500,0.170034,0.170024,0.189309,0.042975,87.08193475026701,102.75668309779701,875.1803381303009,18891.88171531311,46.098143237464,27.310927498759,14.662503698445999,11.276667873749002,210.773491517937,81.19101596310401,95.80539878885601,800.75754671676,18398.464134146434,42.602978119096,26.989321229272,13.454511232287999,10.929559788872002,193.40859853908,5.890918787163,6.951284308941,74.422791413541,493.417581166677,3.495165118368,0.32160626948700005,1.207992466158,0.347108084877,17.364892978857,0.0,0.0,0.0,0.0,0.0,0.0,0.0,0.0,0.0,0.24,94281433452.8016,3820.846227,4306.3582946,4791.8703622,5277.3824298,5762.8944974,6248.406564999999,6733.9186326,7219.4307002,7704.942767799999,8190.4548354,8675.966903,9161.4789706,9646.9910382,10132.503105799999,10618.0151734,11103.527241,11589.0393086,12074.5513762,12560.0634438,13045.575511399999,13531.087579
SF11C46880912282050980,17,,2019-05-18T17:00:00-0500,0.120024,0.120076,0.137003,0.049477,61.602767869517,72.691266153791,619.3785732936869,13350.628470252628,32.616941241060005,19.293407058557,10.376200186098,7.969982088087001,149.157878299739,57.339507556496,67.66061888304401,565.51876899474,12993.54196685037,30.087488828804002,19.060660471028,9.501975548912,7.718779826428,136.59089821542,4.263260313021,5.030647270747,53.859804298947004,357.086503402259,2.529452412256,0.23274658752900004,0.8742246371860001,0.251202261659,12.566980084319,0.0,0.0,0.0,0.0,0.0,0.0,0.0,0.0,0.0,0.24,66551600084.33055,3553.376213,3924.8891779,4296.4021428,4667.915107700001,5039.4280726,5410.941037500001,5782.4540024,6153.966967300001,6525.4799322,6896.992897100001,7268.505862,7640.018826900001,8011.5317918,8383.044756700001,8754.5577216,9126.070686500001,9497.5836514,9869.096616300001,10240.6095812,10612.122546100001,10983.635511
SF11C46880912282050980,18,,2019-05-18T18:00:00-0500,0.070014,0.070066,0.08058,0.051627,35.965881492596,42.439740201274,361.66629804500997,7791.935538839429,19.044192731174,11.259050706938,6.0587195947520005,4.651762052638,87.09409454331,33.458392488536,39.480903116854,329.98799150858997,7581.910718622688,17.556464175014,11.122157937998,5.544533618792,4.504014351898,79.70267059497,2.50748900406,2.95883708442,31.67830653642,210.02482021673998,1.4877285561599998,0.13689276894,0.51418597596,0.14774770074,7.39142394834,0.0,0.0,0.0,0.0,0.0,0.0,0.0,0.0,0.0,0.24,38821766715.85949,2886.583271,3139.7767847,3392.9702984,3646.1638121,3899.3573258,4152.5508395,4405.7443532,4658.9378669,4912.1313806,5165.3248943,5418.518408,5671.7119217,5924.9054354,6178.0989491,6431.2924628,6684.4859765,6937.6794902,7190.8730039,7444.0665176,7697.2600313,7950.453545
SF11C46880912282050980,19,,2019-05-18T19:00:00-0500,0.040008,0.040039,0.045668,0.051215,20.54079252872,24.238135206473,206.52402101351697,4451.689242319955,10.875744363116999,6.433305675941,3.4598170068839997,2.657539834071,49.734869682119,19.119695385044,22.561240543141,188.57062187098498,4332.6595390479515,10.032587404781,6.355722913817,3.1684066674679996,2.573805135667,45.545845744755,1.421097143676,1.6768946633319999,17.953399142532,119.02970327200399,0.8431569583359999,0.077582762124,0.291410339416,0.083734698404,4.189023937364,0.0,0.0,0.0,0.0,0.0,0.0,0.0,0.0,0.0,0.24,22183866694.77685,2073.86254,2254.30896325,2434.7553865,2615.2018097500004,2795.648233,2976.0946562500003,3156.5410795000003,3336.98750275,3517.433926,3697.88034925,3878.3267725,4058.77319575,4239.219619,4419.666042250001,4600.1124655,4780.55888875,4961.005312,5141.451735250001,5321.8981585,5502.34458175,5682.791005
SF11C46880912282050980,20,,2019-05-18T20:00:00-0500,0.005701,0.005737,0.006347,0.048113,2.937077219081,3.4657511216060004,29.514585064458,637.349316230307,1.554705351267,0.921464200832,0.49448669035799997,0.380425993752,7.108246202396,2.7395712286519998,3.232694048203,27.019397529255,620.806408140016,1.437522264323,0.910681644311,0.45398608984399996,0.368788432861,6.526050027165,0.197505990429,0.233057073403,2.495187535203,16.542908090291,0.117183086944,0.010782556521,0.040500600514,0.011637560891000001,0.582196175231,0.0,0.0,0.0,0.0,0.0,0.0,0.0,0.0,0.0,0.683435,3161123375.997871,395.579175,428.15849455,460.73781410000004,493.31713365,525.8964532,558.47577275,591.0550923,623.63441185,656.2137313999999,688.79305095,721.3723705,753.95169005,786.5310096,819.1103291499999,851.6896486999999,884.26896825,916.8482878,949.42760735,982.0069268999998,1014.5862464499999,1047.165566
SF11C46880912282050980,21,,2019-05-18T21:00:00-0500,0.005701,0.005701,0.006085,0.045207,2.911733336591,3.4358453400840006,29.242037108279998,632.770840447373,1.540847576599,0.9153045250580001,0.48996606368199996,0.377631434558,7.043262192250001,2.722380263996,3.2124087099190004,26.849849279115,616.910812760368,1.428501730679,0.9049670654030001,0.451137301412,0.36647426455300003,6.485098693545001,0.189353072595,0.22343663016499998,2.392187829165,15.860027687005,0.11234584591999999,0.010337459655,0.038828762270000004,0.011157170005,0.558163498705,0.0,0.0,0.0,0.0,0.0,0.0,0.0,0.0,0.0,0.683435,3161123375.997871,395.579175,427.95333545,460.32749590000003,492.70165635,525.0758168,557.4499772500001,589.8241376999999,622.19829815,654.5724586,686.94661905,719.3207795000001,751.6949399499999,784.0691004,816.44326085,848.8174213,881.1915817500001,913.5657421999999,945.93990265,978.3140630999999,1010.68822355,1043.062384
SF11C46880912282050980,22,,2019-05-18T22:00:00-0500,0.005701,0.005701,0.005726,0.042477,2.900561972078,3.4226631296930004,29.100903923289,631.835137910046,1.534219448631,0.9146946404210001,0.487675262424,0.376973189031,7.010331921743001,2.722380263996,3.2124087099190004,26.849849279115,616.910812760368,1.428501730679,0.9049670654030001,0.451137301412,0.36647426455300003,6.485098693545001,0.17818170808199998,0.210254419774,2.2510546441740003,14.924325149678,0.105717717952,0.009727575018000001,0.036537961012,0.010498924478,0.525233228198,0.0,0.0,0.0,0.0,0.0,0.0,0.0,0.0,0.0,0.683435,3161123375.997871,395.579175,427.9407764,460.30237780000004,492.6639792,525.0255806,557.3871819999999,589.7487834,622.1103848,654.4719862,686.8335876,719.195189,751.5567904,783.9183918,816.2799932,848.6415946,881.003196,913.3647974,945.7263988,978.0880001999999,1010.4496016,1042.811203
SF11C46880912282050980,23,,2019-05-18T23:00:00-0500,0.005701,0.005701,0.00528,0.039905,2.886683340956,3.4062863446390006,28.925568545835,630.672677376208,1.525985061239,0.9139369564430001,0.484829308772,0.37615542439300004,6.969421334985001,2.722380263996,3.2124087099190004,26.849849279115,616.910812760368,1.428501730679,0.9049670654030001,0.451137301412,0.36647426455300003,6.485098693545001,0.16430307696,0.19387763472,2.07571926672,13.761864615839999,0.09748333055999998,0.00896989104,0.03369200736,0.00968115984,0.48432264144,0.0,0.0,0.0,0.0,0.0,0.0,0.0,0.0,0.0,0.683435,3161123375.997871,395.579175,427.92519595,460.2712169,492.61723785,524.9632588,557.30927975,589.6553007,622.0013216499999,654.3473425999999,686.69336355,719.0393844999999,751.3854054499999,783.7314263999999,816.0774473499998,848.4234682999999,880.7694892499999,913.1155101999998,945.4615311499999,977.8075520999998,1010.1535730499997,1042.499594
SF11C46881012282050980,0,,2019-05-18T00:00:00-0400,0.005701,0.005701,0.004404,0.000304,0.0,0.0,0.0,0.0,0.0,0.0,0.0,0.0,0.0,0.0,0.0,0.0,0.0,0.0,0.0,0.0,0.0,0.0,0.0,0.0,0.0,0.0,0.0,0.0,0.0,0.0,0.0,0.0,0.0,0.0,0.0,0.0,0.0,0.0,0.0,0.0,0.979901,,0.0,0.0,0.0,0.0,0.0,0.0,0.0,0.0,0.0,0.0,0.0,0.0,0.0,0.0,0.0,0.0,0.0,0.0,0.0,0.0,0.0
SF11C46881012282050980,1,,2019-05-18T01:00:00-0400,0.005701,0.005701,0.003775,0.000544,0.0,0.0,0.0,0.0,0.0,0.0,0.0,0.0,0.0,0.0,0.0,0.0,0.0,0.0,0.0,0.0,0.0,0.0,0.0,0.0,0.0,0.0,0.0,0.0,0.0,0.0,0.0,0.0,0.0,0.0,0.0,0.0,0.0,0.0,0.0,0.0,0.979901,,0.0,0.0,0.0,0.0,0.0,0.0,0.0,0.0,0.0,0.0,0.0,0.0,0.0,0.0,0.0,0.0,0.0,0.0,0.0,0.0,0.0
SF11C46881012282050980,2,,2019-05-18T02:00:00-0400,0.005701,0.005701,0.003325,0.000737,0.0,0.0,0.0,0.0,0.0,0.0,0.0,0.0,0.0,0.0,0.0,0.0,0.0,0.0,0.0,0.0,0.0,0.0,0.0,0.0,0.0,0.0,0.0,0.0,0.0,0.0,0.0,0.0,0.0,0.0,0.0,0.0,0.0,0.0,0.0,0.0,0.986601,,0.0,0.0,0.0,0.0,0.0,0.0,0.0,0.0,0.0,0.0,0.0,0.0,0.0,0.0,0.0,0.0,0.0,0.0,0.0,0.0,0.0
SF11C46881012282050980,3,,2019-05-18T03:00:00-0400,0.005701,0.005701,0.003003,0.000893,0.0,0.0,0.0,0.0,0.0,0.0,0.0,0.0,0.0,0.0,0.0,0.0,0.0,0.0,0.0,0.0,0.0,0.0,0.0,0.0,0.0,0.0,0.0,0.0,0.0,0.0,0.0,0.0,0.0,0.0,0.0,0.0,0.0,0.0,0.0,0.0,0.989951,,0.0,0.0,0.0,0.0,0.0,0.0,0.0,0.0,0.0,0.0,0.0,0.0,0.0,0.0,0.0,0.0,0.0,0.0,0.0,0.0,0.0
SF11C46881012282050980,4,,2019-05-18T04:00:00-0400,0.005701,0.005701,0.002771,0.001023,0.0,0.0,0.0,0.0,0.0,0.0,0.0,0.0,0.0,0.0,0.0,0.0,0.0,0.0,0.0,0.0,0.0,0.0,0.0,0.0,0.0,0.0,0.0,0.0,0.0,0.0,0.0,0.0,0.0,0.0,0.0,0.0,0.0,0.0,0.0,0.0,0.991961,,0.0,0.0,0.0,0.0,0.0,0.0,0.0,0.0,0.0,0.0,0.0,0.0,0.0,0.0,0.0,0.0,0.0,0.0,0.0,0.0,0.0
SF11C46881012282050980,5,,2019-05-18T05:00:00-0400,0.005701,0.005701,0.002606,0.001133,0.0,0.0,0.0,0.0,0.0,0.0,0.0,0.0,0.0,0.0,0.0,0.0,0.0,0.0,0.0,0.0,0.0,0.0,0.0,0.0,0.0,0.0,0.0,0.0,0.0,0.0,0.0,0.0,0.0,0.0,0.0,0.0,0.0,0.0,0.0,0.0,0.9933,,0.0,0.0,0.0,0.0,0.0,0.0,0.0,0.0,0.0,0.0,0.0,0.0,0.0,0.0,0.0,0.0,0.0,0.0,0.0,0.0,0.0
SF11C46881012282050980,6,,2019-05-18T06:00:00-0400,0.005701,0.005701,0.002487,0.001226,0.0,0.0,0.0,0.0,0.0,0.0,0.0,0.0,0.0,0.0,0.0,0.0,0.0,0.0,0.0,0.0,0.0,0.0,0.0,0.0,0.0,0.0,0.0,0.0,0.0,0.0,0.0,0.0,0.0,0.0,0.0,0.0,0.0,0.0,0.0,0.0,0.994258,,0.0,0.0,0.0,0.0,0.0,0.0,0.0,0.0,0.0,0.0,0.0,0.0,0.0,0.0,0.0,0.0,0.0,0.0,0.0,0.0,0.0
SF11C46881012282050980,7,,2019-05-18T07:00:00-0400,0.005701,0.005701,0.002402,0.001308,0.0,0.0,0.0,0.0,0.0,0.0,0.0,0.0,0.0,0.0,0.0,0.0,0.0,0.0,0.0,0.0,0.0,0.0,0.0,0.0,0.0,0.0,0.0,0.0,0.0,0.0,0.0,0.0,0.0,0.0,0.0,0.0,0.0,0.0,0.0,0.0,0.994975,,0.0,0.0,0.0,0.0,0.0,0.0,0.0,0.0,0.0,0.0,0.0,0.0,0.0,0.0,0.0,0.0,0.0,0.0,0.0,0.0,0.0
SF11C46881012282050980,8,,2019-05-18T08:00:00-0400,0.005701,0.005701,0.002187,0.001368,0.0,0.0,0.0,0.0,0.0,0.0,0.0,0.0,0.0,0.0,0.0,0.0,0.0,0.0,0.0,0.0,0.0,0.0,0.0,0.0,0.0,0.0,0.0,0.0,0.0,0.0,0.0,0.0,0.0,0.0,0.0,0.0,0.0,0.0,0.0,0.0,0.995534,,0.0,0.0,0.0,0.0,0.0,0.0,0.0,0.0,0.0,0.0,0.0,0.0,0.0,0.0,0.0,0.0,0.0,0.0,0.0,0.0,0.0
SF11C46881012282050980,9,,2019-05-18T09:00:00-0400,0.005701,0.005701,0.002871,0.001472,0.0,0.0,0.0,0.0,0.0,0.0,0.0,0.0,0.0,0.0,0.0,0.0,0.0,0.0,0.0,0.0,0.0,0.0,0.0,0.0,0.0,0.0,0.0,0.0,0.0,0.0,0.0,0.0,0.0,0.0,0.0,0.0,0.0,0.0,0.0,0.0,0.99598,,0.0,0.0,0.0,0.0,0.0,0.0,0.0,0.0,0.0,0.0,0.0,0.0,0.0,0.0,0.0,0.0,0.0,0.0,0.0,0.0,0.0
SF11C46881012282050980,10,,2019-05-18T10:00:00-0400,0.020004,0.020004,0.012417,0.002229,0.0,0.0,0.0,0.0,0.0,0.0,0.0,0.0,0.0,0.0,0.0,0.0,0.0,0.0,0.0,0.0,0.0,0.0,0.0,0.0,0.0,0.0,0.0,0.0,0.0,0.0,0.0,0.0,0.0,0.0,0.0,0.0,0.0,0.0,0.0,0.0,0.976461,,0.0,0.0,0.0,0.0,0.0,0.0,0.0,0.0,0.0,0.0,0.0,0.0,0.0,0.0,0.0,0.0,0.0,0.0,0.0,0.0,0.0
SF11C46881012282050980,11,,2019-05-18T11:00:00-0400,0.040008,0.040008,0.029285,0.0041,0.0,0.0,0.0,0.0,0.0,0.0,0.0,0.0,0.0,0.0,0.0,0.0,0.0,0.0,0.0,0.0,0.0,0.0,0.0,0.0,0.0,0.0,0.0,0.0,0.0,0.0,0.0,0.0,0.0,0.0,0.0,0.0,0.0,0.0,0.0,0.0,0.927667,,0.0,0.0,0.0,0.0,0.0,0.0,0.0,0.0,0.0,0.0,0.0,0.0,0.0,0.0,0.0,0.0,0.0,0.0,0.0,0.0,0.0
SF11C46881012282050980,12,,2019-05-18T12:00:00-0400,0.070014,0.070014,0.058436,0.007857,0.0,0.0,0.0,0.0,0.0,0.0,0.0,0.0,0.0,0.0,0.0,0.0,0.0,0.0,0.0,0.0,0.0,0.0,0.0,0.0,0.0,0.0,0.0,0.0,0.0,0.0,0.0,0.0,0.0,0.0,0.0,0.0,0.0,0.0,0.0,0.0,0.854803,,0.0,0.0,0.0,0.0,0.0,0.0,0.0,0.0,0.0,0.0,0.0,0.0,0.0,0.0,0.0,0.0,0.0,0.0,0.0,0.0,0.0
SF11C46881012282050980,13,,2019-05-18T13:00:00-0400,0.10002,0.10002,0.092637,0.01372,0.0,0.0,0.0,0.0,0.0,0.0,0.0,0.0,0.0,0.0,0.0,0.0,0.0,0.0,0.0,0.0,0.0,0.0,0.0,0.0,0.0,0.0,0.0,0.0,0.0,0.0,0.0,0.0,0.0,0.0,0.0,0.0,0.0,0.0,0.0,0.0,0.791131,,0.0,0.0,0.0,0.0,0.0,0.0,0.0,0.0,0.0,0.0,0.0,0.0,0.0,0.0,0.0,0.0,0.0,0.0,0.0,0.0,0.0
SF11C46881012282050980,14,,2019-05-18T14:00:00-0400,0.130026,0.130026,0.130595,0.021801,0.0,0.0,0.0,0.0,0.0,0.0,0.0,0.0,0.0,0.0,0.0,0.0,0.0,0.0,0.0,0.0,0.0,0.0,0.0,0.0,0.0,0.0,0.0,0.0,0.0,0.0,0.0,0.0,0.0,0.0,0.0,0.0,0.0,0.0,0.0,0.0,0.747163,,0.0,0.0,0.0,0.0,0.0,0.0,0.0,0.0,0.0,0.0,0.0,0.0,0.0,0.0,0.0,0.0,0.0,0.0,0.0,0.0,0.0
SF11C46881012282050980,15,,2019-05-18T15:00:00-0400,0.160032,0.160032,0.1708,0.032104,0.0,0.0,0.0,0.0,0.0,0.0,0.0,0.0,0.0,0.0,0.0,0.0,0.0,0.0,0.0,0.0,0.0,0.0,0.0,0.0,0.0,0.0,0.0,0.0,0.0,0.0,0.0,0.0,0.0,0.0,0.0,0.0,0.0,0.0,0.0,0.0,0.736568,,0.0,0.0,0.0,0.0,0.0,0.0,0.0,0.0,0.0,0.0,0.0,0.0,0.0,0.0,0.0,0.0,0.0,0.0,0.0,0.0,0.0
SF11C46881012282050980,16,,2019-05-18T16:00:00-0400,0.170034,0.170034,0.189309,0.042975,0.0,0.0,0.0,0.0,0.0,0.0,0.0,0.0,0.0,0.0,0.0,0.0,0.0,0.0,0.0,0.0,0.0,0.0,0.0,0.0,0.0,0.0,0.0,0.0,0.0,0.0,0.0,0.0,0.0,0.0,0.0,0.0,0.0,0.0,0.0,0.0,0.783801,,0.0,0.0,0.0,0.0,0.0,0.0,0.0,0.0,0.0,0.0,0.0,0.0,0.0,0.0,0.0,0.0,0.0,0.0,0.0,0.0,0.0
SF11C46881012282050980,17,,2019-05-18T17:00:00-0400,0.120024,0.120024,0.137003,0.049477,0.0,0.0,0.0,0.0,0.0,0.0,0.0,0.0,0.0,0.0,0.0,0.0,0.0,0.0,0.0,0.0,0.0,0.0,0.0,0.0,0.0,0.0,0.0,0.0,0.0,0.0,0.0,0.0,0.0,0.0,0.0,0.0,0.0,0.0,0.0,0.0,0.868512,,0.0,0.0,0.0,0.0,0.0,0.0,0.0,0.0,0.0,0.0,0.0,0.0,0.0,0.0,0.0,0.0,0.0,0.0,0.0,0.0,0.0
SF11C46881012282050980,18,,2019-05-18T18:00:00-0400,0.070014,0.070014,0.08058,0.051627,0.0,0.0,0.0,0.0,0.0,0.0,0.0,0.0,0.0,0.0,0.0,0.0,0.0,0.0,0.0,0.0,0.0,0.0,0.0,0.0,0.0,0.0,0.0,0.0,0.0,0.0,0.0,0.0,0.0,0.0,0.0,0.0,0.0,0.0,0.0,0.0,0.949948,,0.0,0.0,0.0,0.0,0.0,0.0,0.0,0.0,0.0,0.0,0.0,0.0,0.0,0.0,0.0,0.0,0.0,0.0,0.0,0.0,0.0
SF11C46881012282050980,19,,2019-05-18T19:00:00-0400,0.040008,0.040008,0.045668,0.051215,0.0,0.0,0.0,0.0,0.0,0.0,0.0,0.0,0.0,0.0,0.0,0.0,0.0,0.0,0.0,0.0,0.0,0.0,0.0,0.0,0.0,0.0,0.0,0.0,0.0,0.0,0.0,0.0,0.0,0.0,0.0,0.0,0.0,0.0,0.0,0.0,0.98412,,0.0,0.0,0.0,0.0,0.0,0.0,0.0,0.0,0.0,0.0,0.0,0.0,0.0,0.0,0.0,0.0,0.0,0.0,0.0,0.0,0.0
SF11C46881012282050980,20,,2019-05-18T20:00:00-0400,0.005701,0.005701,0.006347,0.048113,0.0,0.0,0.0,0.0,0.0,0.0,0.0,0.0,0.0,0.0,0.0,0.0,0.0,0.0,0.0,0.0,0.0,0.0,0.0,0.0,0.0,0.0,0.0,0.0,0.0,0.0,0.0,0.0,0.0,0.0,0.0,0.0,0.0,0.0,0.0,0.0,0.999065,,0.0,0.0,0.0,0.0,0.0,0.0,0.0,0.0,0.0,0.0,0.0,0.0,0.0,0.0,0.0,0.0,0.0,0.0,0.0,0.0,0.0
SF11C46881012282050980,21,,2019-05-18T21:00:00-0400,0.005701,0.005701,0.006085,0.045207,0.0,0.0,0.0,0.0,0.0,0.0,0.0,0.0,0.0,0.0,0.0,0.0,0.0,0.0,0.0,0.0,0.0,0.0,0.0,0.0,0.0,0.0,0.0,0.0,0.0,0.0,0.0,0.0,0.0,0.0,0.0,0.0,0.0,0.0,0.0,0.0,0.999768,,0.0,0.0,0.0,0.0,0.0,0.0,0.0,0.0,0.0,0.0,0.0,0.0,0.0,0.0,0.0,0.0,0.0,0.0,0.0,0.0,0.0
SF11C46881012282050980,22,,2019-05-18T22:00:00-0400,0.005701,0.005701,0.005726,0.042477,0.0,0.0,0.0,0.0,0.0,0.0,0.0,0.0,0.0,0.0,0.0,0.0,0.0,0.0,0.0,0.0,0.0,0.0,0.0,0.0,0.0,0.0,0.0,0.0,0.0,0.0,0.0,0.0,0.0,0.0,0.0,0.0,0.0,0.0,0.0,0.0,0.99977,,0.0,0.0,0.0,0.0,0.0,0.0,0.0,0.0,0.0,0.0,0.0,0.0,0.0,0.0,0.0,0.0,0.0,0.0,0.0,0.0,0.0
SF11C46881012282050980,23,,2019-05-18T23:00:00-0400,0.005701,0.005701,0.00528,0.039905,0.0,0.0,0.0,0.0,0.0,0.0,0.0,0.0,0.0,0.0,0.0,0.0,0.0,0.0,0.0,0.0,0.0,0.0,0.0,0.0,0.0,0.0,0.0,0.0,0.0,0.0,0.0,0.0,0.0,0.0,0.0,0.0,0.0,0.0,0.0,0.0,0.999771,,0.0,0.0,0.0,0.0,0.0,0.0,0.0,0.0,0.0,0.0,0.0,0.0,0.0,0.0,0.0,0.0,0.0,0.0,0.0,0.0,0.0
SF11C46881112282050980,0,,2019-05-18T00:00:00-0700,0.005701,0.0057,0.004731,0.000329,0.066411360972,0.07836541020599999,0.767247640725,9.262011476883,0.037626493383000004,0.010820679417000002,0.012599346234,0.005873409618,0.181115647386,0.025897858800000003,0.0305594784,0.2554212123,5.868640257,0.0135892617,0.008608903800000001,0.004291644000000001,0.0034862511,0.0616924053,0.040513502172,0.047805931806,0.511826428425,3.3933712198830004,0.024037231683,0.002211775617,0.008307702234,0.002387158518,0.119423242086,0.0,0.0,0.0,0.0,0.0,0.0,0.0,0.0,0.0,0.917655,10753770.557926862,8.658499,9.6831574,10.7078158,11.7324742,12.7571326,13.781791,14.8064494,15.8311078,16.855766199999998,17.880424599999998,18.905082999999998,19.929741399999997,20.954399799999997,21.979058199999997,23.003716599999997,24.028374999999997,25.053033399999997,26.077691799999997,27.102350199999997,28.127008599999996,29.151666999999996
SF11C46881112282050980,1,,2019-05-18T01:00:00-0700,0.005701,0.005701,0.004173,0.000594,0.06163752056,0.07273227860999999,0.706924844814,8.862808312799,0.03479379497,0.010561320845,0.011620243342,0.005592466717,0.16704104066699998,0.025902402284000002,0.030564839712,0.255466023039,5.8696698430100005,0.013591645781000002,0.008610414134,0.00429239692,0.0034868627230000004,0.061703228529,0.035735118276,0.042167438897999995,0.45145882177499996,2.993138469789,0.021202149188999996,0.0019509067109999998,0.007327846421999999,0.0021056039939999997,0.10533781213799999,0.0,0.0,0.0,0.0,0.0,0.0,0.0,0.0,0.0,0.917655,10753770.557926862,8.658499,9.771273200000001,10.8840474,11.9968216,13.109595800000001,14.222370000000002,15.335144200000002,16.4479184,17.560692600000003,18.6734668,19.786241000000004,20.8990152,22.0117894,23.124563600000002,24.2373378,25.350112000000003,26.4628862,27.575660400000004,28.6884346,29.801208800000005,30.913983
SF11C46881112282050980,2,,2019-05-18T02:00:00-0700,0.005701,0.005701,0.003482,0.000794,0.055720202868,0.065749843844,0.6321685433890001,8.367179584636,0.031282967007,0.010238273508,0.010406837668,0.005243803319,0.149598330821,0.025902402284000002,0.030564839712,0.255466023039,5.8696698430100005,0.013591645781000002,0.008610414134,0.00429239692,0.0034868627230000004,0.061703228529,0.029817800583999996,0.03518500413199999,0.37670252035,2.497509741626,0.017691321226,0.001627859374,0.006114440747999999,0.0017569405959999998,0.087895102292,0.0,0.0,0.0,0.0,0.0,0.0,0.0,0.0,0.0,0.945103,10753770.557926862,8.658499,9.4199962,10.1814934,10.9429906,11.7044878,12.465985,13.2274822,13.9889794,14.750476599999999,15.5119738,16.273471,17.0349682,17.7964654,18.5579626,19.319459799999997,20.080956999999998,20.8424542,21.6039514,22.3654486,23.126945799999998,23.888443
SF11C46881112282050980,3,,2019-05-18T03:00:00-0700,0.005701,0.005701,0.00303,0.000948,0.051849540644000006,0.061182462492,0.5832686182890001,8.042976711800002,0.028986448571000002,0.010026960344,0.00961311934,0.005015734063,0.138188627709,0.025902402284000002,0.030564839712,0.255466023039,5.8696698430100005,0.013591645781000002,0.008610414134,0.00429239692,0.0034868627230000004,0.061703228529,0.02594713836,0.03061762278,0.32780259525000005,2.17330686879,0.01539480279,0.0014165462100000001,0.00532072242,0.00152887134,0.07648539918,0.0,0.0,0.0,0.0,0.0,0.0,0.0,0.0,0.0,0.958828,10753770.557926862,8.658499,9.221099700000002,9.7837004,10.346301100000002,10.9089018,11.471502500000001,12.0341032,12.596703900000001,13.159304600000002,13.721905300000001,14.284506,14.847106700000001,15.409707400000002,15.972308100000003,16.534908800000004,17.0975095,17.660110200000002,18.222710900000003,18.7853116,19.347912300000004,19.910513
SF11C46881112282050980,4,,2019-05-18T04:00:00-0700,0.005701,0.005701,0.002736,0.001072,0.049331897516000006,0.058211643648,0.5514620298390001,7.832101391858001,0.027492695429000003,0.009889513286,0.009096851224,0.004867388131,0.130767272145,0.025902402284000002,0.030564839712,0.255466023039,5.8696698430100005,0.013591645781000002,0.008610414134,0.00429239692,0.0034868627230000004,0.061703228529,0.023429495232,0.027646803936,0.29599600680000004,1.9624315488480002,0.013901049648000001,0.0012790991520000002,0.004804454304,0.001380525408,0.06906404361599999,0.0,0.0,0.0,0.0,0.0,0.0,0.0,0.0,0.0,0.967062,10753770.557926862,8.658499,9.090963400000001,9.5234278,9.955892200000001,10.388356600000002,10.820821,11.253285400000001,11.6857498,12.1182142,12.550678600000001,12.983143000000002,13.4156074,13.848071800000001,14.2805362,14.7130006,15.145465000000002,15.577929400000002,16.010393800000003,16.442858200000003,16.8753226,17.307787
SF11C46881112282050980,5,,2019-05-18T05:00:00-0700,0.005701,0.005701,0.002544,0.001174,0.047687722412,0.056271517055999996,0.530690380239,7.694386897202,0.026517183173000003,0.009799751942000001,0.008759696535999999,0.004770509155,0.125920672593,0.025902402284000002,0.030564839712,0.255466023039,5.8696698430100005,0.013591645781000002,0.008610414134,0.00429239692,0.0034868627230000004,0.061703228529,0.021785320127999996,0.025706677343999996,0.2752243572,1.824717054192,0.012925537392,0.001189337808,0.004467299615999999,0.0012836464319999998,0.06421744406399998,0.0,0.0,0.0,0.0,0.0,0.0,0.0,0.0,0.0,0.972552,10753770.557926862,8.658499,8.998155400000002,9.3378118,9.6774682,10.0171246,10.356781000000002,10.6964374,11.0360938,11.3757502,11.715406600000001,12.055063,12.3947194,12.7343758,13.074032200000001,13.4136886,13.753345,14.0930014,14.432657800000001,14.7723142,15.1119706,15.451627
SF11C46881112282050980,6,,2019-05-18T06:00:00-0700,0.005701,0.005701,0.002419,0.00126,0.046617295912000006,0.055008413805999995,0.517167170864,7.604729023077001,0.025882084048000003,0.009741313567,0.008540194786,0.004707436905000001,0.122765334343,0.025902402284000002,0.030564839712,0.255466023039,5.8696698430100005,0.013591645781000002,0.008610414134,0.00429239692,0.0034868627230000004,0.061703228529,0.020714893628,0.024443574093999998,0.26170114782500004,1.7350591800670003,0.012290438267000001,0.001130899433,0.004247797866,0.001220574182,0.061062105814,0.0,0.0,0.0,0.0,0.0,0.0,0.0,0.0,0.0,0.976473,10753770.557926862,8.658499,8.928051450000002,9.1976039,9.46715635,9.7367088,10.006261250000001,10.2758137,10.54536615,10.8149186,11.084471050000001,11.3540235,11.62357595,11.8931284,12.162680850000001,12.4322333,12.701785749999999,12.9713382,13.24089065,13.5104431,13.779995549999999,14.049548
SF11C46881112282050980,7,,2019-05-18T07:00:00-0700,0.005701,0.005701,0.002338,0.001334,0.045923659539999995,0.05418992289999999,0.508404131189,7.546630720644,0.025470539815,0.009703445500000001,0.008397957652,0.0046665660870000005,0.120720675157,0.025902402284000002,0.030564839712,0.255466023039,5.8696698430100005,0.013591645781000002,0.008610414134,0.00429239692,0.0034868627230000004,0.061703228529,0.020021257255999996,0.023625083187999996,0.25293810815,1.676960877634,0.011878894033999998,0.001093031366,0.004105560732,0.0011797033639999999,0.05901744662799999,0.0,0.0,0.0,0.0,0.0,0.0,0.0,0.0,0.0,0.979414,10753770.557926862,8.658499,8.872860650000002,9.0872223,9.301583950000001,9.5159456,9.730307250000001,9.9446689,10.15903055,10.3733922,10.58775385,10.8021155,11.01647715,11.2308388,11.44520045,11.6595621,11.87392375,12.0882854,12.30264705,12.5170087,12.731370349999999,12.945732
SF11C46881112282050980,8,,2019-05-18T08:00:00-0700,0.005701,0.005701,0.002186,0.001393,0.044622020915999996,0.052653989348,0.491959908589,7.437606745708001,0.024698259279000004,0.009632384436,0.008131043524,0.004589870231000001,0.116883783845,0.025902402284000002,0.030564839712,0.255466023039,5.8696698430100005,0.013591645781000002,0.008610414134,0.00429239692,0.0034868627230000004,0.061703228529,0.018719618631999998,0.022089149635999998,0.23649388555,1.5679369026980001,0.011106613498,0.001021970302,0.003838646604,0.001103007508,0.055180555315999996,0.0,0.0,0.0,0.0,0.0,0.0,0.0,0.0,0.0,0.981701,10753770.557926862,8.658499,8.826771350000001,8.9950437,9.16331605,9.331588400000001,9.49986075,9.6681331,9.83640545,10.004677800000001,10.17295015,10.3412225,10.509494850000001,10.677767200000002,10.84603955,11.014311900000001,11.182584250000001,11.3508566,11.51912895,11.687401300000001,11.85567365,12.023946
SF11C46881112282050980,9,,2019-05-18T09:00:00-0700,0.005701,0.005701,0.002866,0.001495,0.050445141076,0.059525271027999996,0.565526167589,7.925345580948001,0.028153198519,0.009950289196,0.009325133044000001,0.004932983271,0.134048823925,0.025902402284000002,0.030564839712,0.255466023039,5.8696698430100005,0.013591645781000002,0.008610414134,0.00429239692,0.0034868627230000004,0.061703228529,0.024542738792,0.028960431316,0.31006014455,2.0556757379380004,0.014561552738,0.001339875062,0.005032736124,0.001446120548,0.072345595396,0.0,0.0,0.0,0.0,0.0,0.0,0.0,0.0,0.0,0.983531,10753770.557926862,8.658499,8.798086600000001,8.9376742,9.0772618,9.216849400000001,9.356437,9.4960246,9.6356122,9.775199800000001,9.9147874,10.054375,10.1939626,10.333550200000001,10.4731378,10.6127254,10.752313000000001,10.8919006,11.0314882,11.1710758,11.3106634,11.450251
SF11C46881112282050980,10,,2019-05-18T10:00:00-0700,0.020004,0.020001,0.012361,0.00225,0.19672655921600002,0.23213735549800002,2.2335427194140003,29.458837642483,0.110487686354,0.035987044361000003,0.036765241974,0.018470160281,0.528500492095,0.09087422348400001,0.107231601312,0.8962595907390001,20.59274978601,0.04768400408100001,0.030208190334000004,0.015059152920000003,0.012233071623000002,0.216475403229,0.105852335732,0.124905754186,1.337283128675,8.866087856473001,0.062803682273,0.005778854027,0.021706089054,0.006237088658,0.312025088866,0.0,0.0,0.0,0.0,0.0,0.0,0.0,0.0,0.0,0.903562,37733454.874718286,30.299039,32.34383815,34.3886373,36.43343645,38.4782356,40.52303475,42.5678339,44.61263305,46.6574322,48.70223135,50.747030499999994,52.79182965,54.8366288,56.88142795,58.9262271,60.971026249999994,63.0158254,65.06062455,67.10542369999999,69.15022285,71.195022
SF11C46881112282050980,11,,2019-05-18T11:00:00-0700,0.040008,0.040003,0.029179,0.004118,0.4316247892,0.5093172817899999,4.949313803042,62.115546030777,0.24362285119,0.074059277755,0.081357791266,0.039189836331,1.169518548061,0.181752990452,0.21446856393599997,1.7925639922169998,41.18652915803,0.095370392243,0.060417891002,0.030119058759999998,0.024466754869,0.43296162968699997,0.249871798748,0.29484871785399996,3.156749810825,20.929016872747003,0.148252458947,0.013641386753000001,0.051238732506,0.014723081462,0.736556918374,0.0,0.0,0.0,0.0,0.0,0.0,0.0,0.0,0.0,0.703651,75466909.74943657,60.36857,68.0746392,75.7807084,83.4867776,91.1928468,98.898916,106.60498519999999,114.31105439999999,122.01712359999999,129.7231928,137.429262,145.1353312,152.8414004,160.5474696,168.2535388,175.959608,183.6656772,191.3717464,199.0778156,206.7838848,214.489954
SF11C46881112282050980,12,,2019-05-18T12:00:00-0700,0.070014,0.070007,0.058248,0.007871,0.816877306564,0.9639152740320001,9.438664602573,113.85736261833401,0.462848389231,0.132965300074,0.154993973912,0.072208550705,2.228038931691,0.31807568438800005,0.375329369184,3.137065405173,72.07822780207,0.166902358567,0.10573395233800001,0.05270967044,0.042817891361000004,0.757701792603,0.498801622176,0.588585904848,6.301599197400001,41.779134816264005,0.295946030664,0.027231347736,0.102284303472,0.029390659343999998,1.470337139088,0.0,0.0,0.0,0.0,0.0,0.0,0.0,0.0,0.0,0.644382,132067092.061514,105.046338,116.73836695,128.4303959,140.12242485000002,151.8144538,163.50648275,175.19851169999998,186.89054065,198.5825696,210.27459855,221.96662750000002,233.65865645000002,245.35068539999997,257.04271435,268.7347433,280.42677225,292.1188012,303.81083015,315.50285909999997,327.19488805,338.886917
SF11C46881112282050980,13,,2019-05-18T13:00:00-0700,0.10002,0.100013,0.092399,0.013728,1.24565817068,1.4698767146299998,14.477904623931998,169.246368908337,0.70789928546,0.194250213635,0.237555725546,0.107792753721,3.4148643936709995,0.45440746529200005,0.536200897056,4.481656439607,102.97198561813,0.238439093053,0.15105303434200001,0.07530178796,0.061170251099000005,1.082463601977,0.7912507053879999,0.9336758175739999,9.996248184325,66.274383290207,0.469460192407,0.043197179293,0.16225393758599999,0.046622502621999996,2.3324007916939995,0.0,0.0,0.0,0.0,0.0,0.0,0.0,0.0,0.0,0.668988,188667274.37359142,149.217434,162.0804552,174.9434764,187.8064976,200.6695188,213.53254,226.3955612,239.25858240000002,252.12160360000001,264.9846248,277.84764600000005,290.7106672,303.57368840000004,316.43670960000003,329.2997308,342.16275200000007,355.0257732,367.88879440000005,380.75181560000004,393.61483680000003,406.4778580000001
SF11C46881112282050980,14,,2019-05-18T14:00:00-0700,0.130026,0.130019,0.130311,0.021803,1.706646027328,2.013842405814,19.924030968966,227.333001315013,0.9720590441620001,0.257293421023,0.326721845834,0.145274674595,4.696627672917,0.590739246196,0.6970724249279999,5.826247474041,133.86574343419,0.309975827539,0.196372116346,0.09789390548,0.079522610837,1.4072254113509999,1.115906781132,1.316769980886,14.097783494925002,93.46725788082301,0.6620832166230001,0.06092130467700001,0.228827940354,0.065752063758,3.289402261566,0.0,0.0,0.0,0.0,0.0,0.0,0.0,0.0,0.0,0.703836,245267456.68566886,192.887603,205.70188715,218.51617130000002,231.33045545000002,244.1447396,256.95902375000003,269.7733079,282.58759205,295.4018762,308.21616035,321.03044450000004,333.84472865,346.6590128,359.47329695,372.2875811,385.10186525000006,397.9161494,410.73043355000004,423.54471770000004,436.35900185,449.173286
SF11C46881112282050980,15,,2019-05-18T15:00:00-0700,0.160032,0.160025,0.170476,0.032097,2.186927251212,2.5805742699759997,25.613899639775,287.03562724491803,1.2476658294929999,0.32138992168200003,0.41984426566399996,0.183893409703,6.035262768780999,0.7270710271,0.8579439528,7.170838508475,164.75950125025,0.381512562025,0.24169119835000002,0.12048602300000001,0.09787497057500001,1.731987220725,1.459856224112,1.7226303171759998,18.4430611313,122.276125994668,0.8661532674679999,0.079698723332,0.29935824266399996,0.08601843912799999,4.303275548055999,0.0,0.0,0.0,0.0,0.0,0.0,0.0,0.0,0.0,0.736568,301867638.9977463,236.062527,248.14656395,260.2306009,272.31463785,284.3986748,296.48271175,308.5667487,320.65078565,332.73482260000003,344.81885955,356.9028965,368.98693345000004,381.0709704,393.15500735,405.23904430000005,417.32308125,429.4071182,441.49115515000005,453.5751921,465.65922905,477.743266
SF11C46881112282050980,16,,2019-05-18T16:00:00-0700,0.170034,0.170032,0.189081,0.042959,2.39171617586,2.82222520689,28.075115188323,310.683372431753,1.366051481825,0.345201801755,0.46004937657399997,0.199401594754,6.613211366513999,0.772537671488,0.9115946019839999,7.619259573647999,175.06256845232,0.405370060592,0.256805110688,0.12802049344,0.103995481936,1.8402952733279998,1.619178504372,1.9106306049059998,20.455855614675002,135.62080397943302,0.9606814212329999,0.088396691067,0.332028883134,0.09540611281799999,4.772916093186,0.0,0.0,0.0,0.0,0.0,0.0,0.0,0.0,0.0,0.783801,320734366.4351054,250.345086,259.95012205,269.5551581,279.16019415,288.7652302,298.37026625,307.9753023,317.58033835000003,327.1853744,336.79041044999997,346.3954465,356.00048255,365.6055186,375.21055465,384.81559070000003,394.42062675,404.02566279999996,413.63069885,423.2357349,432.84077095,442.44580699999995
SF11C46881112282050980,17,,2019-05-18T17:00:00-0700,0.120024,0.120036,0.137168,0.049455,1.72000774264,2.02960922,20.218514535004,221.97291652018401,0.98309776114,0.24542145220000003,0.331246433472,0.142628733532,4.7616686128520005,0.545381645424,0.6435504472320001,5.378901866604,123.58738629636001,0.286175546916,0.18129445202400002,0.09037750512,0.07341677842800001,1.299177116244,1.174626097216,1.386058772768,14.839612668400001,98.38553022382402,0.696922214224,0.06412700017600001,0.24086892835200002,0.06921195510400001,3.462491496608,0.0,0.0,0.0,0.0,0.0,0.0,0.0,0.0,0.0,0.86131,226400729.2483097,178.386187,183.2691239,188.15206080000002,193.0349977,197.9179346,202.8008715,207.6838084,212.5667453,217.44968219999998,222.3326191,227.215556,232.0984929,236.9814298,241.8643667,246.7473036,251.63024049999999,256.5131774,261.3961143,266.27905119999997,271.1619881,276.044925
SF11C46881112282050980,18,,2019-05-18T18:00:00-0700,0.070014,0.070026,0.080807,0.051603,1.0101456440680001,1.191971908694,11.880076648939001,130.057660611611,0.577511296057,0.14354048683300002,0.194622199218,0.083602946644,2.797694777696,0.31816201058400007,0.375431234112,3.137916809214,72.09778993626,0.16694765610600001,0.10576264868400001,0.052723975920000006,0.042829512198000005,0.7579074339540001,0.691983633484,0.816540674582,8.742159839725002,57.959870675351006,0.41056363995100004,0.037777838149,0.141898223298,0.040773434446,2.0397873437419998,0.0,0.0,0.0,0.0,0.0,0.0,0.0,0.0,0.0,0.919098,132067092.061514,105.046338,107.0322039,109.0180698,111.0039357,112.9898016,114.9756675,116.96153340000001,118.9473993,120.93326520000001,122.9191311,124.90499700000001,126.8908629,128.8767288,130.8625947,132.8484606,134.8343265,136.8201924,138.8060583,140.79192419999998,142.7777901,144.763656
SF11C46881112282050980,19,,2019-05-18T19:00:00-0700,0.040008,0.040015,0.045812,0.051191,0.574114542804,0.6774551883919999,6.749303864184999,74.058136425466,0.328160290131,0.08185344569400001,0.11057460716800001,0.047589821681,1.5895103557069998,0.18180751226000003,0.21453289968,1.793101721085,41.198884190150004,0.09539900121500001,0.060436015010000003,0.030128093800000002,0.024474094345000003,0.433091508435,0.39230703054399996,0.462922288712,4.9562021431,32.859252235316,0.23276128891599998,0.021417430684,0.080446513368,0.023115727335999998,1.1564188472719998,0.0,0.0,0.0,0.0,0.0,0.0,0.0,0.0,0.0,0.95377,75466909.74943657,60.36857,61.0444323,61.7202946,62.3961569,63.0720192,63.7478815,64.4237438,65.0996061,65.7754684,66.4513307,67.127193,67.8030553,68.4789176,69.15477990000001,69.8306422,70.5065045,71.18236680000001,71.8582291,72.53409140000001,73.2099537,73.885816
SF11C46881112282050980,20,,2019-05-18T20:00:00-0700,0.005701,0.005709,0.006541,0.048089,0.081952028048,0.096703397074,0.9634670091259999,10.569523768303,0.046844185442,0.011680460093,0.015784507854,0.006792200405,0.22690235430699995,0.025938750156,0.030607730208,0.25582450895099995,5.87790653109,0.013610718429,0.008622496806,0.00429842028,0.003491755707,0.06178981436099999,0.056013277891999995,0.06609566686599999,0.707642500175,4.691617237213,0.033233467013,0.003057963287,0.011486087574,0.003300444698,0.16511253994599998,0.0,0.0,0.0,0.0,0.0,0.0,0.0,0.0,0.0,0.995422,10753770.557926862,8.658499,9.091423950000001,9.524348900000001,9.95727385,10.3901988,10.82312375,11.256048700000001,11.688973650000001,12.121898600000002,12.554823550000002,12.987748500000002,13.420673450000002,13.853598400000001,14.286523350000001,14.719448300000002,15.15237325,15.5852982,16.01822315,16.4511481,16.88407305,17.316998
SF11C46881112282050980,21,,2019-05-18T21:00:00-0700,0.005701,0.005701,0.006083,0.045185,0.07799363747999999,0.09203249627,0.913559484064,10.232780629429001,0.0444981096,0.011454259215,0.014974230082,0.006556210697,0.215254609127,0.025902402284000002,0.030564839712,0.255466023039,5.8696698430100005,0.013591645781000002,0.008610414134,0.00429239692,0.0034868627230000004,0.061703228529,0.052091235195999994,0.061467656557999996,0.658093461025,4.363110786419,0.030906463819,0.002843845081,0.010681833162,0.0030693479739999996,0.153551380598,0.0,0.0,0.0,0.0,0.0,0.0,0.0,0.0,0.0,0.998858,10753770.557926862,8.658499,9.091423950000001,9.524348900000001,9.95727385,10.3901988,10.82312375,11.256048700000001,11.688973650000001,12.121898600000002,12.554823550000002,12.987748500000002,13.420673450000002,13.853598400000001,14.286523350000001,14.719448300000002,15.15237325,15.5852982,16.01822315,16.4511481,16.88407305,17.316998
SF11C46881112282050980,22,,2019-05-18T22:00:00-0700,0.005701,0.005701,0.005724,0.042456,0.074919372572,0.088404863736,0.874720826739,9.975283214942,0.042674104913,0.011286424202,0.014343821056,0.006375067195,0.206192477673,0.025902402284000002,0.030564839712,0.255466023039,5.8696698430100005,0.013591645781000002,0.008610414134,0.00429239692,0.0034868627230000004,0.061703228529,0.049016970288,0.05784002402399999,0.6192548037,4.105613371932,0.029082459132,0.002676010068,0.010051424136,0.002888204472,0.144489249144,0.0,0.0,0.0,0.0,0.0,0.0,0.0,0.0,0.0,0.998858,10753770.557926862,8.658499,9.091423950000001,9.524348900000001,9.95727385,10.3901988,10.82312375,11.256048700000001,11.688973650000001,12.121898600000002,12.554823550000002,12.987748500000002,13.420673450000002,13.853598400000001,14.286523350000001,14.719448300000002,15.15237325,15.5852982,16.01822315,16.4511481,16.88407305,17.316998
SF11C46881112282050980,23,,2019-05-18T23:00:00-0700,0.005701,0.005701,0.005279,0.039885,0.071108654232,0.083908216166,0.8265782013640001,9.656101183057,0.040413152028,0.011078383587000001,0.013562394826,0.006150529985,0.194959473503,0.025902402284000002,0.030564839712,0.255466023039,5.8696698430100005,0.013591645781000002,0.008610414134,0.00429239692,0.0034868627230000004,0.061703228529,0.045206251947999994,0.053343376453999995,0.571112178325,3.786431340047,0.026821506247,0.002467969453,0.009269997906,0.0026636672619999996,0.133256244974,0.0,0.0,0.0,0.0,0.0,0.0,0.0,0.0,0.0,0.998858,10753770.557926862,8.658499,9.091423950000001,9.524348900000001,9.95727385,10.3901988,10.82312375,11.256048700000001,11.688973650000001,12.121898600000002,12.554823550000002,12.987748500000002,13.420673450000002,13.853598400000001,14.286523350000001,14.719448300000002,15.15237325,15.5852982,16.01822315,16.4511481,16.88407305,17.316998
SF11C46881212282050980,0,,2019-05-18T00:00:00-0700,0.005701,0.00569,0.004755,0.000329,0.38135371889999997,0.44999738620499996,3.8971442001099996,79.40659701036999,0.203472224835,0.11313328522499999,0.065126825035,0.047621131889999994,0.9361980909549998,0.33227446335,0.39208386846,3.27710253748,75.29576683635999,0.1743528093,0.11045387601,0.05506262503,0.044729255009999996,0.7915252426299999,0.04907925554999999,0.057913517745,0.62004166263,4.11083017401,0.029119415535,0.002679409215,0.010064200005,0.00289187688,0.144672848325,0.0,0.0,0.0,0.0,0.0,0.0,0.0,0.0,0.0,0.668972,280392530.3641257,34.693762,47.1608636,59.627965200000006,72.09506680000001,84.5621684,97.02927,109.4963716,121.96347320000001,134.43057480000002,146.89767640000002,159.364778,171.8318796,184.29898120000001,196.76608280000002,209.2331844,221.700286,234.1673876,246.63448920000002,259.10159080000005,271.56869240000003,284.035794
SF11C46881212282050980,1,,2019-05-18T01:00:00-0700,0.005701,0.005701,0.00417,0.000594,0.37595793541500006,0.44363036216400004,3.8271968195120003,79.046411181584,0.20022677166000002,0.11301717303900001,0.063995090657,0.047351820249000004,0.919929412577,0.33291682171500003,0.392841851334,3.2834378850920003,75.441329830244,0.17468987097000002,0.11066740722900001,0.055169072987,0.044815726329,0.793055432027,0.0430411137,0.05078851083,0.54375893442,3.6050813513400004,0.02553690069,0.00234976581,0.00882601767,0.0025360939200000003,0.12687398055000002,0.0,0.0,0.0,0.0,0.0,0.0,0.0,0.0,0.0,0.668972,280392530.3641257,34.693762,48.1956661,61.6975702,75.19947429999999,88.70137840000001,102.2032825,115.70518659999999,129.2070907,142.7089948,156.21089890000002,169.712803,183.2147071,196.7166112,210.2185153,223.7204194,237.22232350000002,250.7242276,264.2261317,277.72803580000004,291.22993990000003,304.731844
SF11C46881212282050980,2,,2019-05-18T02:00:00-0700,0.005701,0.005701,0.003478,0.000794,0.368815381295,0.435202148856,3.7369615239200002,78.4481578734,0.195988993416,0.11262723588300001,0.062530437365,0.046930962457,0.898875025397,0.33291682171500003,0.392841851334,3.2834378850920003,75.441329830244,0.17468987097000002,0.11066740722900001,0.055169072987,0.044815726329,0.793055432027,0.03589855958,0.042360297522000004,0.45352363882800006,3.006828043156,0.021299122446,0.0019598286540000003,0.007361364378,0.0021152361280000003,0.10581959337,0.0,0.0,0.0,0.0,0.0,0.0,0.0,0.0,0.0,0.779314,280392530.3641257,34.693762,44.890151,55.08654,65.282929,75.479318,85.67570699999999,95.872096,106.06848500000001,116.26487399999999,126.461263,136.65765199999998,146.854041,157.05043,167.246819,177.443208,187.63959699999998,197.835986,208.032375,218.22876399999998,228.425153,238.62154199999998
SF11C46881212282050980,3,,2019-05-18T03:00:00-0700,0.005701,0.005701,0.003028,0.000948,0.36417065679500005,0.429721374306,3.67828250222,78.0591203175,0.19323321276600003,0.112373664033,0.061577989415,0.046657283257,0.885183588647,0.33291682171500003,0.392841851334,3.2834378850920003,75.441329830244,0.17468987097000002,0.11066740722900001,0.055169072987,0.044815726329,0.793055432027,0.03125383508,0.036879522972,0.394844617128,2.617790487256,0.018543341796,0.001706256804,0.006408916427999999,0.001841556928,0.09212815662,0.0,0.0,0.0,0.0,0.0,0.0,0.0,0.0,0.0,0.834486,280392530.3641257,34.693762,42.9903907,51.287019400000005,59.583648100000005,67.8802768,76.1769055,84.47353420000002,92.7701629,101.06679160000002,109.3634203,117.66004900000001,125.9566777,134.2533064,142.54993510000003,150.8465638,159.14319250000003,167.4398212,175.73644990000003,184.0330786,192.32970730000002,200.626336
SF11C46881212282050980,4,,2019-05-18T04:00:00-0700,0.005701,0.005701,0.002734,0.001072,0.361136103455,0.4261406016,3.6399455413760005,77.804949114312,0.19143276940800003,0.112207997091,0.060955723421,0.046478479513,0.876238516637,0.33291682171500003,0.392841851334,3.2834378850920003,75.441329830244,0.17468987097000002,0.11066740722900001,0.055169072987,0.044815726329,0.793055432027,0.028219281739999998,0.033298750265999995,0.356507656284,2.363619284068,0.016742898438,0.001540589862,0.005786650433999999,0.001662753184,0.08318308461,0.0,0.0,0.0,0.0,0.0,0.0,0.0,0.0,0.0,0.867589,280392530.3641257,34.693762,41.72864535,48.763528699999995,55.798412049999996,62.8332954,69.86817875,76.9030621,83.93794545,90.9728288,98.00771215,105.0425955,112.07747885,119.11236219999998,126.14724554999998,133.18212889999998,140.21701224999998,147.25189559999998,154.28677894999998,161.32166229999999,168.35654565,175.391429
SF11C46881212282050980,5,,2019-05-18T05:00:00-0700,0.005701,0.005701,0.002543,0.001174,0.359164675945,0.423814317291,3.61503955661,77.63982428503,0.19026309362100002,0.11210036992800002,0.06055146218,0.046362317897,0.870427262372,0.33291682171500003,0.392841851334,3.2834378850920003,75.441329830244,0.17468987097000002,0.11066740722900001,0.055169072987,0.044815726329,0.793055432027,0.02624785423,0.030972465957,0.331601671518,2.198494454786,0.015573222651,0.001432962699,0.005382389193,0.0015465915680000003,0.077371830345,0.0,0.0,0.0,0.0,0.0,0.0,0.0,0.0,0.0,0.889657,280392530.3641257,34.693762,40.8171848,46.9406076,53.0640304,59.1874532,65.31087600000001,71.4342988,77.55772160000001,83.6811444,89.80456720000001,95.92799,102.05141280000001,108.1748356,114.29825840000001,120.4216812,126.54510400000001,132.6685268,138.7919496,144.9153724,151.0387952,157.162218
SF11C46881212282050980,6,,2019-05-18T06:00:00-0700,0.005701,0.005701,0.002418,0.00126,0.35787447469500006,0.42229187991600003,3.5987398283600003,77.53175829728,0.18949759899600002,0.11202993330300001,0.060286893305000006,0.046286295897,0.866624085497,0.33291682171500003,0.392841851334,3.2834378850920003,75.441329830244,0.17468987097000002,0.11066740722900001,0.055169072987,0.044815726329,0.793055432027,0.024957652979999998,0.029450028582,0.31530194326800004,2.0904284670360003,0.014807728026,0.0013625260740000001,0.005117820318,0.001470569568,0.07356865347000001,0.0,0.0,0.0,0.0,0.0,0.0,0.0,0.0,0.0,0.90542,280392530.3641257,34.693762,40.1213502,45.5489384,50.9765266,56.4041148,61.831703000000005,67.2592912,72.68687940000001,78.11446760000001,83.54205580000001,88.96964400000002,94.3972322,99.8248204,105.2524086,110.6799968,116.107585,121.5351732,126.9627614,132.3903496,137.8179378,143.245526
SF11C46881212282050980,7,,2019-05-18T07:00:00-0700,0.005701,0.005701,0.002337,0.001334,0.35703842428500004,0.421305340497,3.5881776044540006,77.461731537218,0.18900155847900002,0.11198429037,0.060115452674,0.046237033641,0.864159626882,0.33291682171500003,0.392841851334,3.2834378850920003,75.441329830244,0.17468987097000002,0.11066740722900001,0.055169072987,0.044815726329,0.793055432027,0.02412160257,0.028463489163,0.30473971936200006,2.0204017069740003,0.014311687509,0.0013168831410000001,0.004946379687,0.0014213073120000002,0.07110419485500001,0.0,0.0,0.0,0.0,0.0,0.0,0.0,0.0,0.0,0.917243,280392530.3641257,34.693762,39.5689268,44.4440916,49.3192564,54.1944212,59.069586,63.9447508,68.8199156,73.6950804,78.5702452,83.44541000000001,88.3205748,93.1957396,98.0709044,102.94606920000001,107.821234,112.6963988,117.57156359999999,122.44672840000001,127.3218932,132.197058
SF11C46881212282050980,8,,2019-05-18T08:00:00-0700,0.005701,0.005701,0.002186,0.001393,0.355479861175,0.419466236148,3.5684875327280006,77.331187824016,0.18807684097200003,0.11189920292700001,0.059795853473,0.046145199065,0.859565389217,0.33291682171500003,0.392841851334,3.2834378850920003,75.441329830244,0.17468987097000002,0.11066740722900001,0.055169072987,0.044815726329,0.793055432027,0.02256303946,0.026624384814,0.28504964763600005,1.8898579937720001,0.013386970002,0.001231795698,0.004626780485999999,0.001329472736,0.06650995719,0.0,0.0,0.0,0.0,0.0,0.0,0.0,0.0,0.0,0.926438,280392530.3641257,34.693762,39.11624005,43.5387181,47.96119615,52.3836742,56.80615225,61.2286303,65.65110835,70.0735864,74.49606445,78.9185425,83.34102055,87.76349859999999,92.18597664999999,96.6084547,101.03093275,105.4534108,109.87588885,114.29836689999999,118.72084494999999,123.14332299999998
SF11C46881212282050980,9,,2019-05-18T09:00:00-0700,0.005701,0.005701,0.002869,0.001495,0.362529520805,0.427784833965,3.657549247886,77.921660381082,0.19225950360300004,0.112284068646,0.061241457806,0.046560583273,0.880345947662,0.33291682171500003,0.392841851334,3.2834378850920003,75.441329830244,0.17468987097000002,0.11066740722900001,0.055169072987,0.044815726329,0.793055432027,0.02961269909,0.034942982631,0.37411136279400004,2.480330550838,0.017569632633,0.001616661417,0.006072384819,0.001744856944,0.08729051563500001,0.0,0.0,0.0,0.0,0.0,0.0,0.0,0.0,0.0,0.933794,280392530.3641257,34.693762,38.7462615,42.798761,46.8512605,50.903760000000005,54.9562595,59.008759000000005,63.06125850000001,67.113758,71.1662575,75.21875700000001,79.2712565,83.323756,87.37625550000001,91.42875500000001,95.4812545,99.53375400000002,103.5862535,107.63875300000001,111.69125250000002,115.743752
SF11C46881212282050980,10,,2019-05-18T10:00:00-0700,0.020004,0.019976,0.012408,0.00225,1.29459332772,1.527620122776,13.1229674884,275.06945910136,0.6880900511760001,0.394764514848,0.21957165472,0.16457816311200002,3.1563424942719998,1.16652279084,1.376496899184,11.504991263392,264.342396893344,0.61210399272,0.387772693704,0.193309489912,0.157031915304,2.778823944952,0.12807053688,0.151123223592,1.617976225008,10.727062208016001,0.075986058456,0.006991821144000001,0.026262164807999998,0.007546247808000001,0.37751854932,0.0,0.0,0.0,0.0,0.0,0.0,0.0,0.0,0.0,0.753242,983857599.9656149,120.41675,141.47054724999998,162.52434449999998,183.57814175,204.631939,225.68573625,246.7395335,267.79333075,288.847128,309.90092525,330.9547225,352.00851975,373.062317,394.11611425,415.1699115,436.22370875,457.277506,478.33130325,499.3851005,520.43889775,541.492695
SF11C46881212282050980,11,,2019-05-18T11:00:00-0700,0.040008,0.039969,0.029263,0.004118,2.6360795907649996,3.1105739056829997,26.835605100786,554.2084347734619,1.4039342526210001,0.79236488586,0.44872012221599994,0.33199452238899996,6.450351647208,2.3340383173349997,2.7541652264459997,23.019773518548,528.9097547772359,1.22472889893,0.7758753902009999,0.38678349030299997,0.31419746810099997,5.560012728063,0.30204127343,0.356408679237,3.8158315822380002,25.298679996226003,0.179205353691,0.016489495659,0.061936631912999994,0.017797054288000002,0.8903389191450001,0.0,0.0,0.0,0.0,0.0,0.0,0.0,0.0,0.0,0.67521,1967715199.9312298,237.208451,273.80954025,310.4106295,347.01171875,383.612808,420.21389725,456.81498650000003,493.41607575,530.017165,566.61825425,603.2193435,639.82043275,676.421522,713.02261125,749.6237005,786.22478975,822.825879,859.42696825,896.0280574999999,932.62914675,969.230236
SF11C46881212282050980,12,,2019-05-18T12:00:00-0700,0.070014,0.069956,0.058393,0.007871,4.68787538927,5.531692933611001,47.90482730317001,976.21008688595,2.501185874421,1.3908849518730002,0.800562060715,0.5854393658920001,11.508079390507,4.08516561654,4.820495448504,40.290507049552005,925.727709104464,2.1435896533200003,1.3579809051240002,0.676970298172,0.549926144724,9.731448132412,0.60270977273,0.711197485107,7.614320253618001,50.482377781486,0.357596221101,0.032904046749,0.12359176254299999,0.035513221168,1.776631258095,0.0,0.0,0.0,0.0,0.0,0.0,0.0,0.0,0.0,0.644382,3443501599.8796525,405.836856,457.21805770000003,508.5992594,559.9804611,611.3616628,662.7428645,714.1240662,765.5052679,816.8864696,868.2676713000001,919.648873,971.0300747,1022.4112764,1073.7924781000002,1125.1736798,1176.5548815,1227.9360832,1279.3172849,1330.6984866,1382.0796882999998,1433.4608899999998
SF11C46881212282050980,13,,2019-05-18T13:00:00-0700,0.10002,0.099962,0.092569,0.013728,6.792863559919999,8.015578956639,69.642979808698,1402.8255737813658,3.629921180673,1.992617230215,1.163267980213,0.842102425042,16.721976832309,5.837402443829999,6.888134913708,57.572183453704,1322.797090421128,3.06303260514,1.940455246698,0.9673409706939999,0.785804180898,13.905526591173999,0.95546111609,1.127444042931,12.070796354994,80.028483360238,0.566888575533,0.052161983517,0.195927009519,0.056298244144000004,2.816450241135,0.0,0.0,0.0,0.0,0.0,0.0,0.0,0.0,0.0,0.535387,4919287999.828074,566.908229,642.9017007,718.8951724,794.8886441,870.8821158,946.8755874999999,1022.8690591999999,1098.8625309,1174.8560026,1250.8494742999999,1326.8429459999998,1402.8364176999999,1478.8298894,1554.8233610999998,1630.8168327999997,1706.8103044999998,1782.8037762,1858.7972479,1934.7907195999996,2010.7841912999997,2086.777663
SF11C46881212282050980,14,,2019-05-18T14:00:00-0700,0.130026,0.129968,0.1305,0.021803,8.93660937612,10.545198998412001,91.87077615085602,1832.6873629487918,4.78165194546,2.596465424772,1.533921548716,1.1010491850720001,22.050121707436,7.589639271119999,8.955774378912,74.85385985785601,1719.866471737792,3.98247555696,2.522929588272,1.257711643216,1.0216822170720001,18.079605049936,1.346970105,1.5894246195000001,17.016916293,112.820891211,0.7991763885000001,0.0735358365,0.27620990549999996,0.07936696800000001,3.9705166575,0.0,0.0,0.0,0.0,0.0,0.0,0.0,0.0,0.0,0.396004,6395074399.776497,720.761235,827.8011635500001,934.8410921000001,1041.8810206500002,1148.9209492,1255.9608777500002,1363.0008063,1470.0407348500003,1577.0806634,1684.1205919500003,1791.1605205,1898.2004490500003,2005.2403776,2112.2803061500003,2219.3202347,2326.3601632500004,2433.4000918,2540.4400203500004,2647.4799489,2754.5198774500004,2861.559806
SF11C46881212282050980,15,,2019-05-18T15:00:00-0700,0.160032,0.159974,0.170676,0.032097,11.10352720677,13.10216201544,114.391315612384,2264.490017256208,5.947130993712,3.201578661114,1.909326774214,1.3613613002220002,27.446571639238,9.34187609841,11.023413844116,92.135536262008,2116.935853054456,4.901918508780001,3.105403929846,1.5480823157380001,1.2575602532460002,22.253683508698,1.76165110836,2.078748171324,22.255779350376002,147.554164201752,1.045212484932,0.096174731268,0.36124445847599995,0.10380104697600001,5.19288813054,0.0,0.0,0.0,0.0,0.0,0.0,0.0,0.0,0.0,0.25662,7870860799.724919,867.719363,1008.0281474000001,1148.3369318,1288.6457162,1428.9545005999998,1569.263285,1709.5720694,1849.8808537999998,1990.1896382,2130.4984225999997,2270.807207,2411.1159914,2551.4247757999997,2691.7335602,2832.0423446,2972.3511289999997,3112.6599134,3252.9686978,3393.2774821999997,3533.5862666,3673.8950509999995
SF11C46881212282050980,16,,2019-05-18T16:00:00-0700,0.170034,0.170015,0.189174,0.042959,11.880812743365,14.019358936836,122.586435086104,2413.3546018046077,6.368087971068,3.4069173337170002,2.045646365179,1.451543932059,29.406165669115,9.928232493225,11.715314393009999,97.91855675038,2249.8084004716598,5.20959452955,3.300319108935,1.645249946305,1.336492845435,23.650468211905,1.95258025014,2.304044543826,24.667878335724,163.54620133294802,1.158493441518,0.10659822478200001,0.400396418874,0.11505108662400002,5.75569745721,0.0,0.0,0.0,0.0,0.0,0.0,0.0,0.0,0.0,0.24,8362789599.707726,915.227022,1062.6326672,1210.0383124,1357.4439576,1504.8496028,1652.255248,1799.6608932000001,1947.0665384000001,2094.4721836,2241.8778288000003,2389.283474,2536.6891192000003,2684.0947644000003,2831.5004096000002,2978.9060548,3126.3117,3273.7173452,3421.1229904,3568.5286356,3715.9342808,3863.339926
SF11C46881212282050980,17,,2019-05-18T17:00:00-0700,0.120024,0.120121,0.13691,0.049455,8.427743367115,9.944737099704,87.03533822139201,1707.923641275544,4.51917503124,2.4089281500390003,1.452198364937,1.027540040669,20.875350891017,7.014611742015,8.277241891614,69.18257186373201,1589.561126212724,3.68074407837,2.331780323409,1.162421367527,0.9442746645090001,16.709807323367,1.4131316251,1.66749520809,17.852766357660002,118.36251506282001,0.83843095287,0.07714782663,0.28977699741,0.08326537616000002,4.16554356765,0.0,0.0,0.0,0.0,0.0,0.0,0.0,0.0,0.0,0.442465,5903145599.79369,670.258667,767.0062028,863.7537385999999,960.5012743999999,1057.2488102,1153.996346,1250.7438818,1347.4914175999997,1444.2389534,1540.9864892,1637.7340249999997,1734.4815608,1831.2290966,1927.9766323999997,2024.7241682,2121.471704,2218.2192397999997,2314.9667756,2411.7143114,2508.4618471999997,2605.209383
SF11C46881212282050980,18,,2019-05-18T18:00:00-0700,0.070014,0.070111,0.080526,0.051603,4.925374996725001,5.811942452748,50.88019319328801,997.395797854736,2.6414769200520003,1.4063655914370001,0.848907632483,0.600118584795,12.203046860387001,4.094217029865001,4.831176116274,40.379777856812005,927.778824018284,2.1483391586700002,1.3609897541190001,0.6784702466570001,0.551144604219,9.753009892097001,0.83115796686,0.980766336474,10.500415336476001,69.616973836452,0.493137761382,0.045375837318000004,0.170437385826,0.048973980576000005,2.45003696829,0.0,0.0,0.0,0.0,0.0,0.0,0.0,0.0,0.0,0.674771,3443501599.8796525,405.836856,453.7951881,501.7535202,549.7118523,597.6701844,645.6285165,693.5868485999999,741.5451807,789.5035128,837.4618449,885.420177,933.3785091,981.3368412,1029.2951733,1077.2535054,1125.2118375,1173.1701696,1221.1285017,1269.0868338,1317.0451659,1365.003498
SF11C46881212282050980,19,,2019-05-18T19:00:00-0700,0.040008,0.040066,0.045638,0.051191,2.81076038737,3.316697232606,29.02673574866,569.64868011478,1.507186319586,0.8034750408479999,0.48431732227999996,0.342715924202,6.962061306152,2.33970275019,2.7608492572439998,23.075639765671998,530.193355723304,1.22770117002,0.777758347314,0.38772216774199997,0.314959987914,5.5735062163819995,0.47105763718,0.5558479753619999,5.951095982988,39.455324391476,0.27948514956599996,0.025716693534,0.096595154538,0.027755936288,1.38855508977,0.0,0.0,0.0,0.0,0.0,0.0,0.0,0.0,0.0,0.814155,1967715199.9312298,237.208451,260.21633725,283.2242235,306.23210975,329.239996,352.24788225,375.25576850000004,398.26365475,421.271541,444.27942725,467.2873135,490.29519975000005,513.303086,536.3109722500001,559.3188585,582.32674475,605.3346310000001,628.34251725,651.3504035000001,674.35828975,697.366176
SF11C46881212282050980,20,,2019-05-18T20:00:00-0700,0.005701,0.005767,0.006345,0.048089,0.402261587355,0.47466866973300004,4.148824176734,81.800137331738,0.21556874815500002,0.11552395762800002,0.06923727682400001,0.04919343096300001,0.9952858265840001,0.336770971905,0.397389748578,3.321449970764,76.314707793548,0.17671224099000002,0.11194859454300002,0.055807760729000004,0.04533455424300001,0.802236568409,0.06549061545,0.077278921155,0.82737420597,5.48542953819,0.038856507165,0.003575363085,0.013429516094999998,0.0038588767200000004,0.19304925817500002,0.0,0.0,0.0,0.0,0.0,0.0,0.0,0.0,0.0,0.973518,280392530.3641257,34.693762,36.34313205,37.992502099999996,39.64187215,41.2912422,42.94061225,44.5899823,46.23935235,47.8887224,49.53809245,51.187462499999995,52.83683255,54.4862026,56.13557265,57.7849427,59.43431275,61.0836828,62.73305285,64.3824229,66.03179295,67.681163
SF11C46881212282050980,21,,2019-05-18T21:00:00-0700,0.005701,0.005701,0.00608,0.045185,0.395672210515,0.466893205254,4.076256667172,80.697659474404,0.21192352953000002,0.11409344466900001,0.06803770306700001,0.048513436409,0.978041955227,0.33291682171500003,0.392841851334,3.2834378850920003,75.441329830244,0.17468987097000002,0.11066740722900001,0.055169072987,0.044815726329,0.793055432027,0.0627553888,0.07405135392000001,0.7928187820800001,5.256329644160001,0.03723365856,0.0034260374400000002,0.01286863008,0.0036977100800000004,0.1849865232,0.0,0.0,0.0,0.0,0.0,0.0,0.0,0.0,0.0,0.981544,280392530.3641257,34.693762,35.66418625,36.6346105,37.60503475,38.575459,39.54588325,40.516307499999996,41.48673175,42.457156,43.42758025,44.3980045,45.36842875,46.338853,47.30927725,48.2797015,49.250125749999995,50.22055,51.19097425,52.161398500000004,53.13182275,54.102247
SF11C46881212282050980,22,,2019-05-18T22:00:00-0700,0.005701,0.005701,0.005722,0.042456,0.39197707413500005,0.462532944612,4.0295742454640004,80.388158485488,0.20973115292400002,0.113891714175,0.067279977809,0.048295709401,0.967149656657,0.33291682171500003,0.392841851334,3.2834378850920003,75.441329830244,0.17468987097000002,0.11066740722900001,0.055169072987,0.044815726329,0.793055432027,0.059060252419999994,0.069691093278,0.746136360372,4.9468286552439995,0.035041281954,0.003224306946,0.012110904821999998,0.003479983072,0.17409422463,0.0,0.0,0.0,0.0,0.0,0.0,0.0,0.0,0.0,0.981544,280392530.3641257,34.693762,35.6623798,36.6309976,37.5996154,38.5682332,39.536851,40.5054688,41.4740866,42.442704400000004,43.4113222,44.379940000000005,45.3485578,46.3171756,47.2857934,48.2544112,49.223029000000004,50.1916468,51.160264600000005,52.1288824,53.0975002,54.066118
SF11C46881212282050980,23,,2019-05-18T23:00:00-0700,0.005701,0.005701,0.005277,0.039885,0.387383957685,0.457113067557,3.9715472128940004,80.003443569098,0.20700599205900003,0.11364095979000001,0.066338112614,0.048025071081,0.953610346982,0.33291682171500003,0.392841851334,3.2834378850920003,75.441329830244,0.17468987097000002,0.11066740722900001,0.055169072987,0.044815726329,0.793055432027,0.05446713597,0.064271216223,0.688109327802,4.562113738853999,0.032316121089,0.002973552561,0.011169039626999997,0.003209344752,0.160554914955,0.0,0.0,0.0,0.0,0.0,0.0,0.0,0.0,0.0,0.981544,280392530.3641257,34.693762,35.6601414,36.6265208,37.5929002,38.559279599999996,39.525659,40.4920384,41.4584178,42.4247972,43.391176599999994,44.357556,45.323935399999996,46.2903148,47.2566942,48.2230736,49.189453,50.155832399999994,51.1222118,52.088591199999996,53.0549706,54.02135
SF11C46881312282050980,0,,2019-05-18T00:00:00-0700,0.005701,0.005692,0.004754,0.000329,0.46740753180399996,0.5515408882480001,4.838693269698,94.121163899744,0.25092476195,0.132431146002,0.080705372872,0.056669355288,1.16013975359,0.384825265356,0.45409381460000003,3.7953920627360005,87.204154361116,0.20192754210000002,0.127922685348,0.063771044884,0.051803398588,0.9167087638039999,0.08258226644800001,0.09744707364800001,1.043301206962,6.917009538628001,0.04899721985000001,0.004508460654000001,0.016934327988,0.0048659567,0.24343098978600003,0.0,0.0,0.0,0.0,0.0,0.0,0.0,0.0,0.0,0.578913,370450963.1368221,44.080298,59.86726365,75.6542293,91.44119495000001,107.22816060000001,123.01512625000001,138.80209190000002,154.58905755,170.37602320000002,186.16298885000003,201.94995450000002,217.73692015000003,233.52388580000004,249.31085145000003,265.09781710000004,280.88478275,296.67174840000007,312.45871405,328.2456797000001,344.03264535000005,359.819611
SF11C46881312282050980,1,,2019-05-18T01:00:00-0700,0.005701,0.005701,0.00417,0.000594,0.45787127523300003,0.5402881055900001,4.716531205718001,93.409335618913,0.24522503242500004,0.132079576089,0.078725926267,0.056153511889,1.131685205567,0.38543373819300003,0.4548118125500001,3.8013932097080003,87.342038652973,0.20224682317500003,0.12812495241900002,0.06387187752699999,0.051885308389000004,0.918158233037,0.07243753704,0.08547629304,0.91513799601,6.067296965940001,0.04297820925,0.00395462367,0.01485404874,0.0042682035,0.21352697253,0.0,0.0,0.0,0.0,0.0,0.0,0.0,0.0,0.0,0.578913,370450963.1368221,44.080298,61.1642349,78.2481718,95.33210869999999,112.41604559999999,129.4999825,146.58391939999998,163.66785629999998,180.75179319999998,197.83573009999998,214.91966699999998,232.00360389999997,249.08754079999997,266.17147769999997,283.2554146,300.3393514999999,317.42328839999993,334.50722529999996,351.5911622,368.6750990999999,385.7590359999999
SF11C46881312282050980,2,,2019-05-18T02:00:00-0700,0.005701,0.005701,0.003479,0.000794,0.445867836841,0.5261240483980001,4.564886036595,92.403939407051,0.23810322365000003,0.13142426554800002,0.076264499965,0.055446238839,1.096302198848,0.38543373819300003,0.4548118125500001,3.8013932097080003,87.342038652973,0.20224682317500003,0.12812495241900002,0.06387187752699999,0.051885308389000004,0.918158233037,0.060434098648,0.07131223584799999,0.7634928268869999,5.061900754078,0.035856400475,0.0032993131290000003,0.012392622438,0.00356093045,0.178143965811,0.0,0.0,0.0,0.0,0.0,0.0,0.0,0.0,0.0,0.719275,370450963.1368221,44.080298,56.9707927,69.8612874,82.7517821,95.64227679999999,108.5327715,121.4232662,134.31376089999998,147.2042556,160.0947503,172.985245,185.8757397,198.7662344,211.6567291,224.54722379999998,237.4377185,250.3282132,263.2187079,276.1092026,288.9996973,301.89019199999996
SF11C46881312282050980,3,,2019-05-18T03:00:00-0700,0.005701,0.005701,0.003028,0.000948,0.438033465329,0.5168794900860001,4.4659106801920005,91.747740142869,0.23345498087500002,0.13099655924700002,0.074657982943,0.054984617789000004,1.073208514289,0.38543373819300003,0.4548118125500001,3.8013932097080003,87.342038652973,0.20224682317500003,0.12812495241900002,0.06387187752699999,0.051885308389000004,0.918158233037,0.052599727135999995,0.062067677535999996,0.6645174704839999,4.405701489896,0.0312081577,0.0028716068280000002,0.010786105415999999,0.0030993094,0.155050281252,0.0,0.0,0.0,0.0,0.0,0.0,0.0,0.0,0.0,0.789456,370450963.1368221,44.080298,54.5623876,65.0444772,75.5265668,86.0086564,96.490746,106.9728356,117.4549252,127.9370148,138.41910439999998,148.901194,159.3832836,169.8653732,180.3474628,190.8295524,201.311642,211.7937316,222.2758212,232.7579108,243.2400004,253.72209
SF11C46881312282050980,4,,2019-05-18T04:00:00-0700,0.005701,0.005701,0.002734,0.001072,0.432926358401,0.5108531039580001,4.40139015961,91.319973881961,0.23042486252500002,0.13071774405300002,0.073610719075,0.05468369408900001,1.058154094643,0.38543373819300003,0.4548118125500001,3.8013932097080003,87.342038652973,0.20224682317500003,0.12812495241900002,0.06387187752699999,0.051885308389000004,0.918158233037,0.047492620208,0.056041291407999995,0.5999969499019999,3.977935228988,0.02817803935,0.002592791634,0.009738841548,0.0027983857,0.139995861606,0.0,0.0,0.0,0.0,0.0,0.0,0.0,0.0,0.0,0.831565,370450963.1368221,44.080298,52.9639362,61.8475744,70.73121259999999,79.6148508,88.498489,97.3821272,106.26576539999999,115.1494036,124.0330418,132.91667999999999,141.8003182,150.6839564,159.5675946,168.4512328,177.334871,186.2185092,195.1021474,203.9857856,212.8694238,221.753062
SF11C46881312282050980,5,,2019-05-18T05:00:00-0700,0.005701,0.005701,0.002543,0.001174,0.42960847600900004,0.5069380027660001,4.3594737669870005,91.04207131109901,0.22845631625000004,0.130536609012,0.072930353773,0.054488196039,1.048373842424,0.38543373819300003,0.4548118125500001,3.8013932097080003,87.342038652973,0.20224682317500003,0.12812495241900002,0.06387187752699999,0.051885308389000004,0.918158233037,0.044174737816,0.052126190216,0.558080557279,3.700032658126,0.026209493075000003,0.002411656593,0.009058476246000001,0.00260288765,0.130215609387,0.0,0.0,0.0,0.0,0.0,0.0,0.0,0.0,0.0,0.859638,370450963.1368221,44.080298,51.80993205,59.5395661,67.26920014999999,74.9988342,82.72846824999999,90.4581023,98.18773635,105.9173704,113.64700445,121.3766385,129.10627255,136.8359066,144.56554065,152.2951747,160.02480874999998,167.7544428,175.48407684999998,183.2137109,190.94334494999998,198.672979
SF11C46881312282050980,6,,2019-05-18T06:00:00-0700,0.005701,0.005701,0.002418,0.00126,0.427437087009,0.5043757637660001,4.332041572862,90.860197900849,0.22716800062500003,0.13041806513700002,0.072485088523,0.054360252289,1.041973153799,0.38543373819300003,0.4548118125500001,3.8013932097080003,87.342038652973,0.20224682317500003,0.12812495241900002,0.06387187752699999,0.051885308389000004,0.918158233037,0.042003348816,0.049563951216,0.530648363154,3.518159247876,0.024921177450000002,0.002293112718,0.008613210996,0.0024749438999999997,0.123814920762,0.0,0.0,0.0,0.0,0.0,0.0,0.0,0.0,0.0,0.879689,370450963.1368221,44.080298,50.92934785,57.7783977,64.62744755,71.4764974,78.32554725,85.1745971,92.02364695,98.8726968,105.72174665,112.5707965,119.41984635,126.2688962,133.11794605,139.9669959,146.81604575,153.6650956,160.51414545,167.3631953,174.21224515,181.061295
SF11C46881312282050980,7,,2019-05-18T07:00:00-0700,0.005701,0.005701,0.002337,0.001334,0.42603002693700004,0.5027154328940001,4.314265511069,90.742343931007,0.22633317210000004,0.13034124870600003,0.072196556641,0.054277344739000005,1.03782550757,0.38543373819300003,0.4548118125500001,3.8013932097080003,87.342038652973,0.20224682317500003,0.12812495241900002,0.06387187752699999,0.051885308389000004,0.918158233037,0.040596288744,0.047903620344,0.512872301361,3.400305278034,0.024086348925000004,0.002216296287,0.008324679114,0.00239203635,0.11966727453300001,0.0,0.0,0.0,0.0,0.0,0.0,0.0,0.0,0.0,0.894728,370450963.1368221,44.080298,50.230515,56.380732,62.530949,68.681166,74.831383,80.9816,87.13181700000001,93.28203400000001,99.43225100000001,105.582468,111.732685,117.882902,124.033119,130.183336,136.333553,142.48377,148.633987,154.784204,160.93442100000001,167.084638
SF11C46881312282050980,8,,2019-05-18T08:00:00-0700,0.005701,0.005701,0.002186,0.001393,0.423406989025,0.49962024818200007,4.281127420566,90.522640851425,0.22477688682500002,0.13019804770500001,0.07165867621899999,0.054122788689,1.0300934757109999,0.38543373819300003,0.4548118125500001,3.8013932097080003,87.342038652973,0.20224682317500003,0.12812495241900002,0.06387187752699999,0.051885308389000004,0.918158233037,0.037973250832000004,0.044808435632,0.479734210858,3.180602198452,0.02253006365,0.0020730952860000002,0.007786798692,0.0022374803,0.111935242674,0.0,0.0,0.0,0.0,0.0,0.0,0.0,0.0,0.0,0.906425,370450963.1368221,44.080298,49.6573673,55.234436599999995,60.8115059,66.38857519999999,71.9656445,77.5427138,83.1197831,88.6968524,94.27392169999999,99.850991,105.4280603,111.0051296,116.5821989,122.1592682,127.73633749999999,133.3134068,138.8904761,144.4675454,150.0446147,155.621684
SF11C46881312282050980,9,,2019-05-18T09:00:00-0700,0.005701,0.005701,0.002869,0.001495,0.435271458521,0.5136203220780001,4.431016929265001,91.51639716503101,0.23181624340000004,0.13084577143800002,0.074091605545,0.054821873339,1.065066838358,0.38543373819300003,0.4548118125500001,3.8013932097080003,87.342038652973,0.20224682317500003,0.12812495241900002,0.06387187752699999,0.051885308389000004,0.918158233037,0.049837720328,0.058808509528,0.629623719557,4.174358512058,0.029569420225,0.002720819019,0.010219728018,0.00293656495,0.146908605321,0.0,0.0,0.0,0.0,0.0,0.0,0.0,0.0,0.0,0.915783,370450963.1368221,44.080298,49.1940547,54.3078114,59.4215681,64.5353248,69.6490815,74.7628382,79.8765949,84.9903516,90.10410830000001,95.217865,100.3316217,105.44537840000001,110.5591351,115.6728918,120.78664850000001,125.90040520000001,131.0141619,136.12791860000002,141.2416753,146.355432
SF11C46881312282050980,10,,2019-05-18T10:00:00-0700,0.020004,0.01998,0.012406,0.00225,1.566315713612,1.8482525452720002,16.045136680358002,324.153700143032,0.8366667356500002,0.46079814012600007,0.268040152992,0.19453791952000002,3.853077241914,1.35080969814,1.5939554490000003,13.322546277840003,306.10312792254,0.7088039865000001,0.44903289762000004,0.22384846746,0.18183975822,3.21782169726,0.21550601547200002,0.254297096272,2.722590402518,18.050572220492,0.12786274915,0.011765242506000001,0.044191685532,0.0126981613,0.635255544654,0.0,0.0,0.0,0.0,0.0,0.0,0.0,0.0,0.0,0.753242,1299859860.8295016,152.54518,174.57107919999999,196.5969784,218.6228776,240.6487768,262.674676,284.7005752,306.72647440000003,328.75237360000006,350.7782728,372.804172,394.8300712,416.85597040000005,438.8818696000001,460.9077688000001,482.933668,504.95956720000004,526.9854664000001,549.0113656000001,571.0372648000001,593.063164
SF11C46881312282050980,11,,2019-05-18T11:00:00-0700,0.040008,0.039975,0.02926,0.004118,3.2109122547949998,3.7888764663699996,33.07642246808,655.0089908694949,1.7197090296250002,0.926151657285,0.5520926790449999,0.39376510577499996,7.936332369914999,2.702633517675,3.1891075612499997,26.6550944673,612.436062998175,1.418140108125,0.898402907025,0.4478649893249999,0.36381603277499996,6.438059176574999,0.50827873712,0.59976890512,6.42132800078,42.572927871320005,0.30156892150000003,0.027748750260000003,0.10422768972,0.029949073,1.49827319334,0.0,0.0,0.0,0.0,0.0,0.0,0.0,0.0,0.0,0.67521,2599719721.6590033,299.272851,337.4136002,375.5543494,413.6950986,451.8358478,489.976597,528.1173462,566.2580954,604.3988446000001,642.5395938,680.680343,718.8210922000001,756.9618414,795.1025906,833.2433398000001,871.3840890000001,909.5248382,947.6655874,985.8063366000001,1023.9470858,1062.087835
SF11C46881312282050980,12,,2019-05-18T12:00:00-0700,0.070014,0.069964,0.058388,0.007871,5.744397106108,6.7783885940560005,59.465270576676005,1156.835641363988,3.0837975074,1.627751579904,0.991835738764,0.696511628196,14.257638972559999,4.730132618652,5.5815565082,46.651582972112,1071.881843942572,2.4820201257,1.5723792617160002,0.783850559428,0.636748590796,11.267851713068,1.014264487456,1.196832085856,12.813687604564,84.95379742141601,0.6017773817000001,0.05537231818800001,0.207985179336,0.0597630374,2.989787259492,0.0,0.0,0.0,0.0,0.0,0.0,0.0,0.0,0.0,0.58629,4549509512.903256,508.939524,569.53826535,630.1370067,690.73574805,751.3344893999999,811.93323075,872.5319721,933.13071345,993.7294548,1054.32819615,1114.9269375,1175.52567885,1236.1244201999998,1296.72316155,1357.3219029,1417.92064425,1478.5193856,1539.1181269499998,1599.7168683,1660.3156096500002,1720.914351
SF11C46881312282050980,13,,2019-05-18T13:00:00-0700,0.10002,0.09997,0.092564,0.013728,8.366720668378,9.872730399868,86.97327591265201,1666.2675157648582,4.50051640985,2.3345208383940004,1.449750851998,1.00457974953,20.840168870965996,6.75878105721,7.975361673500001,66.65940697676001,1531.58807299381,3.5465032297500003,2.2467376764300004,1.12002659119,0.90983586733,16.100382135889998,1.607939611168,1.897368726368,20.313868935891996,134.679442771048,0.9540131801,0.087783161964,0.329724260808,0.09474388219999999,4.739786735076,0.0,0.0,0.0,0.0,0.0,0.0,0.0,0.0,0.0,0.408986,6499299304.147508,706.727419,803.60762535,900.4878317,997.36803805,1094.2482444,1191.12845075,1288.0086571000002,1384.88886345,1481.7690698000001,1578.6492761499999,1675.5294825,1772.40968885,1869.2898952,1966.17010155,2063.0503079,2159.9305142499998,2256.8107206,2353.69092695,2450.5711333,2547.4513396499997,2644.331546
SF11C46881312282050980,14,,2019-05-18T14:00:00-0700,0.130026,0.129976,0.130494,0.021803,11.054255385096,13.044021367328002,115.30512490259001,2181.161412422356,5.95592600715,3.0448502065380003,1.92103817122,1.316490277564,27.614924250158,8.787429495768,10.369166838800002,86.66723098140801,1991.294302045048,4.610986333800001,2.9210960911440003,1.456202622952,1.182923143864,20.932912558712,2.266825889328,2.674854528528,28.637893921182,189.867110377308,1.34493967335,0.12375411539400001,0.464835548268,0.1335671337,6.682011691446,0.0,0.0,0.0,0.0,0.0,0.0,0.0,0.0,0.0,0.24,8449089095.391761,893.309535,1028.8386135,1164.367692,1299.8967705,1435.4258490000002,1570.9549275,1706.4840060000001,1842.0130845000003,1977.542163,2113.0712415000003,2248.60032,2384.1293985,2519.6584770000004,2655.1875555,2790.7166340000003,2926.2457125000005,3061.7747910000003,3197.3038695000005,3332.832948,3468.3620265000004,3603.891105
SF11C46881312282050980,15,,2019-05-18T15:00:00-0700,0.160032,0.159982,0.17067,0.032097,13.780805619366,16.261350645140002,144.129875556566,2699.323210515226,7.434484059600001,3.7573095710280007,2.4003260164539997,1.6306996988980003,34.504687202564,10.816077934326,12.762972004100002,106.67505498605601,2451.000531096286,5.675469437850001,3.5954545058580005,1.792378654714,1.4560104203980002,25.765442981534,2.9647276850399997,3.4983786410399995,37.454820570509995,248.32267941894,1.75901462175,0.16185506517,0.60794736174,0.1746892785,8.739244221029999,0.0,0.0,0.0,0.0,0.0,0.0,0.0,0.0,0.0,0.24,10398878886.636013,1069.320742,1220.1669478000001,1371.0131536000001,1521.8593594000001,1672.7055652000001,1823.5517710000001,1974.3979768000002,2125.2441826000004,2276.0903884,2426.9365942000004,2577.7828,2728.6290058000004,2879.4752116,3030.3214174000004,3181.1676232,3332.0138290000004,3482.8600348,3633.7062406000005,3784.5524464,3935.3986522000005,4086.244858
SF11C46881312282050980,16,,2019-05-18T16:00:00-0700,0.170034,0.170017,0.189171,0.042959,14.780635775733,17.441150229302,154.881338618399,2879.982915640063,7.981163477250001,4.000382797044,2.578657232521,1.740965825563,37.068198519367996,11.494525147581,13.56353971835,113.366333859836,2604.741516516841,6.0314678364750005,3.820982290023,1.9048070516589999,1.547339848513,27.381601176329,3.286110628152,3.877610510952,41.515004758563,275.24139912322204,1.9496956407750001,0.17940050702100002,0.673850180862,0.19362597705,9.686597343039,0.0,0.0,0.0,0.0,0.0,0.0,0.0,0.0,0.0,0.24,11048808817.050762,1125.746563,1281.5199106,1437.2932581999999,1593.0666058,1748.8399534,1904.613301,2060.3866486,2216.1599962,2371.9333438000003,2527.7066914,2683.480039,2839.2533866000003,2995.0267342,3150.8000818,3306.5734294000004,3462.3467770000007,3618.1201246,3773.8934722000004,3929.6668198000007,4085.4401674,4241.213515
SF11C46881312282050980,17,,2019-05-18T17:00:00-0700,0.120024,0.120107,0.136918,0.049455,10.498623138767002,12.388375313066001,110.13432917121001,2039.310464462287,5.672025687175001,2.829145332951,1.833352648085,1.2332469154230001,26.354444899921,8.120205225951,9.581842197850001,80.08663992955601,1840.096515785411,4.260876897225001,2.699299010733,1.345634028089,1.0931044965230001,19.343489018659,2.3784179128160003,2.8065331152160002,30.047689241654002,199.21394867687602,1.4111487899500001,0.12984632221800002,0.487718619996,0.1401424189,7.010955881262,0.0,0.0,0.0,0.0,0.0,0.0,0.0,0.0,0.0,0.290783,7799159164.97701,832.320633,955.92808255,1079.5355321,1203.14298165,1326.7504312,1450.35788075,1573.9653303,1697.5727798500002,1821.1802294,1944.78767895,2068.3951285000003,2192.00257805,2315.6100275999997,2439.21747715,2562.8249267,2686.43237625,2810.0398258,2933.64727535,3057.2547249,3180.8621744499997,3304.4696240000003
SF11C46881312282050980,18,,2019-05-18T18:00:00-0700,0.070014,0.070097,0.080536,0.051603,6.138124371053,7.242986763182,64.41450007688401,1191.0983231098332,3.3167846878750002,1.6517447156790002,1.072219699211,0.720391658433,15.413158520113,4.7391244950210005,5.592166922350001,46.74026658847601,1073.9194673666811,2.4867383904750002,1.5753683195430002,0.785340641819,0.637959035633,11.289271647289,1.398999876032,1.6508198408319998,17.674233488408,117.178855743152,0.8300462974,0.076376396136,0.286879057392,0.0824326228,4.1238868728239995,0.0,0.0,0.0,0.0,0.0,0.0,0.0,0.0,0.0,0.58629,4549509512.903256,508.939524,570.0614227,631.1833214,692.3052201,753.4271188,814.5490175,875.6709162,936.7928148999999,997.9147135999999,1059.0366123,1120.158511,1181.2804096999998,1242.4023084,1303.5242070999998,1364.6461058,1425.7680045,1486.8899032,1548.0118019000001,1609.1337005999999,1670.2555993,1731.3774979999998
SF11C46881312282050980,19,,2019-05-18T19:00:00-0700,0.040008,0.040058,0.045643,0.051191,3.5011146544100002,4.131315295316001,36.727139469843,680.1176470909601,1.8915053097250003,0.9435538435950002,0.6113808248120001,0.411289315812,8.788599551233,2.708244989394,3.1957290979000006,26.710438378264005,613.7076625786341,1.4210845891500001,0.9002682589020001,0.448794890366,0.36457142316200003,6.451426503946,0.7928696650160001,0.935586197416,10.016701091579,66.409984512326,0.47042072057500006,0.04328558469300001,0.162585934446,0.04671789265,2.337173047287,0.0,0.0,0.0,0.0,0.0,0.0,0.0,0.0,0.0,0.763594,2599719721.6590033,299.272851,328.53421035,357.7955697,387.05692905,416.31828840000003,445.57964775,474.8410071,504.10236645,533.3637258,562.62508515,591.8864444999999,621.14780385,650.4091632,679.67052255,708.9318819,738.19324125,767.4546006,796.7159599500001,825.9773193000001,855.2386786499999,884.5000379999999
SF11C46881312282050980,20,,2019-05-18T20:00:00-0700,0.005701,0.005758,0.006352,0.048089,0.499628702918,0.5895618699240001,5.23339485052,97.457385049998,0.26973598345,0.13542990275400002,0.08713708321,0.058905660062,1.252595598014,0.389287399494,0.4593591329,3.8394004738640004,88.215305834734,0.20426893665,0.129405977202,0.06451048426599999,0.052404070462,0.9273382048459999,0.110341303424,0.130202737024,1.393994376656,9.242079215264,0.0654670468,0.006023925552000001,0.022626598944,0.0065015896,0.325257393168,0.0,0.0,0.0,0.0,0.0,0.0,0.0,0.0,0.0,0.966313,370450963.1368221,44.080298,46.16425545,48.2482129,50.33217035,52.4161278,54.50008525,56.5840427,58.66800015,60.7519576,62.83591505,64.9198725,67.00382995,69.0877874,71.17174485,73.2557023,75.33965975,77.4236172,79.50757465,81.5915321,83.67548955,85.759447
SF11C46881312282050980,21,,2019-05-18T21:00:00-0700,0.005701,0.005701,0.00608,0.045185,0.491050099153,0.5794391175100001,5.135695131948,96.188361327533,0.26491049517500004,0.13389092649900003,0.085529579287,0.058108492389000004,1.229487727757,0.38543373819300003,0.4548118125500001,3.8013932097080003,87.342038652973,0.20224682317500003,0.12812495241900002,0.06387187752699999,0.051885308389000004,0.918158233037,0.10561636096,0.12462730496,1.33430192224,8.846322674560001,0.062663672,0.005765974080000001,0.021657701760000002,0.0062231840000000005,0.31132949472,0.0,0.0,0.0,0.0,0.0,0.0,0.0,0.0,0.0,0.970137,370450963.1368221,44.080298,45.839212849999996,47.5981277,49.35704255,51.1159574,52.874872249999996,54.6337871,56.39270195,58.1516168,59.910531649999996,61.6694465,63.42836135,65.1872762,66.94619105,68.7051059,70.46402075,72.2229356,73.98185045,75.74076529999999,77.49968015,79.258595
SF11C46881312282050980,22,,2019-05-18T22:00:00-0700,0.005701,0.005701,0.005722,0.042456,0.48483124105700004,0.572100865014,5.057129327974,95.667475880577,0.26122075922500004,0.13355141684100003,0.08425433961099998,0.057742061489000004,1.211156155535,0.38543373819300003,0.4548118125500001,3.8013932097080003,87.342038652973,0.20224682317500003,0.12812495241900002,0.06387187752699999,0.051885308389000004,0.918158233037,0.099397502864,0.117289052464,1.2557361182659998,8.325437227604,0.05897393605,0.005426464422,0.020382462084,0.0058567531,0.292997922498,0.0,0.0,0.0,0.0,0.0,0.0,0.0,0.0,0.0,0.970137,370450963.1368221,44.080298,45.83531135,47.5903247,49.345338049999995,51.1003514,52.85536475,54.6103781,56.36539145,58.1204048,59.87541815,61.6304315,63.38544485,65.1404582,66.89547155,68.6504849,70.40549825,72.1605116,73.91552494999999,75.6705383,77.42555165,79.180565
SF11C46881312282050980,23,,2019-05-18T23:00:00-0700,0.005701,0.005701,0.005277,0.039885,0.47710109621700003,0.5629792941740001,4.959470716889,95.020006540087,0.25663435560000003,0.133129400646,0.08266919532099999,0.057286581739,1.1883697040299999,0.38543373819300003,0.4548118125500001,3.8013932097080003,87.342038652973,0.20224682317500003,0.12812495241900002,0.06387187752699999,0.051885308389000004,0.918158233037,0.09166735802399999,0.10816748162399999,1.1580775071809999,7.677967887114,0.054387532424999996,0.005004448227,0.018797317794,0.005401273349999999,0.27021147099299997,0.0,0.0,0.0,0.0,0.0,0.0,0.0,0.0,0.0,0.970137,370450963.1368221,44.080298,45.83048095,47.5806639,49.33084685,51.081029799999996,52.83121275,54.5813957,56.33157865,58.0817616,59.831944549999996,61.5821275,63.332310449999994,65.0824934,66.83267635,68.5828593,70.33304225,72.0832252,73.83340815,75.58359109999999,77.33377404999999,79.083957
SF11C46881412282050980,0,,2019-05-18T00:00:00-0700,0.005701,0.005693,0.004753,0.000329,0.5667655677460001,0.668783371081,5.9399768979120005,110.380244689299,0.30606434641700003,0.153291954289,0.09889360666100001,0.066729447693,1.421595571876,0.44038742335000003,0.5196571595530001,4.343381434547,99.79493530296901,0.23108241104600002,0.146392523254,0.07297848729800001,0.059282922593000005,1.049065750639,0.126378144396,0.149126211528,1.5965954633650001,10.58530938633,0.07498193537100001,0.0068994310350000004,0.025915119363000002,0.0074465251,0.37252982123700007,0.0,0.0,0.0,0.0,0.0,0.0,0.0,0.0,0.0,0.453318,460490846.22891206,57.133557,77.19238585000001,97.2512147,117.31004355000002,137.36887240000001,157.42770125,177.4865301,197.54535895,217.6041878,237.66301665,257.72184550000003,277.78067435,297.8395032,317.89833205,337.9571609,358.01598975,378.0748186,398.13364745,418.1924763,438.25130515,458.310134
SF11C46881412282050980,1,,2019-05-18T01:00:00-0700,0.005701,0.005701,0.00417,0.000594,0.5518829513900001,0.651221883641,5.750242968829,109.222092562533,0.297191834212,0.152651390228,0.09581742625600001,0.065899368001,1.3773754809529999,0.44100627095000006,0.520387399721,4.3494849039790004,99.935170588833,0.23140713602200003,0.14659823907800001,0.07308103918600001,0.059366229001000005,1.050539934023,0.11087668044,0.13083448392,1.40075806485,9.286921973699998,0.06578469819,0.00605315115,0.022736387070000003,0.006533139,0.32683554693000005,0.0,0.0,0.0,0.0,0.0,0.0,0.0,0.0,0.0,0.525,460490846.22891206,57.133557,76.8424437,96.55133040000001,116.2602171,135.9691038,155.6779905,175.38687720000001,195.0957639,214.8046506,234.5135373,254.222424,273.93131070000004,293.64019740000003,313.3490841,333.0579708,352.7668575,372.4757442,392.1846309,411.8935176,431.6024043,451.311291
SF11C46881412282050980,2,,2019-05-18T02:00:00-0700,0.005701,0.005701,0.003479,0.000794,0.533509861178,0.629541637025,5.518126944174,107.683180552023,0.286290820675,0.15164833808300002,0.09204983789500001,0.06481677830100001,1.323216401114,0.44100627095000006,0.520387399721,4.3494849039790004,99.935170588833,0.23140713602200003,0.14659823907800001,0.07308103918600001,0.059366229001000005,1.050539934023,0.09250359022799999,0.10915423730399999,1.168642040195,7.748009963189999,0.054883684653,0.005050099005,0.018968798709,0.0054505492999999995,0.272676467091,0.0,0.0,0.0,0.0,0.0,0.0,0.0,0.0,0.0,0.683333,460490846.22891206,57.133557,71.9247862,86.7160154,101.5072446,116.29847380000001,131.08970300000001,145.8809322,160.6721614,175.4633906,190.2546198,205.045849,219.8370782,234.62830739999998,249.4195366,264.2107658,279.001995,293.7932242,308.58445340000003,323.3756826,338.1669118,352.958141
SF11C46881412282050980,3,,2019-05-18T03:00:00-0700,0.005701,0.005701,0.003028,0.000948,0.521518162646,0.615391432649,5.366630088719001,106.678767647913,0.27917597681800005,0.15099366873800002,0.089590818574,0.06411019660100001,1.287868000235,0.44100627095000006,0.520387399721,4.3494849039790004,99.935170588833,0.23140713602200003,0.14659823907800001,0.07308103918600001,0.059366229001000005,1.050539934023,0.080511891696,0.095004032928,1.01714518474,6.743597059079999,0.047768840796,0.00439542966,0.016509779388,0.0047439676,0.237328066212,0.0,0.0,0.0,0.0,0.0,0.0,0.0,0.0,0.0,0.7625,460490846.22891206,57.133557,69.10265685,81.07175670000001,93.04085655,105.00995640000001,116.97905625000001,128.9481561,140.91725595,152.88635580000002,164.85545565,176.8245555,188.79365535,200.76275520000002,212.73185505,224.7009549,236.67005475000002,248.6391546,260.60825445,272.5773543,284.54645415000005,296.515554
SF11C46881412282050980,4,,2019-05-18T04:00:00-0700,0.005701,0.005701,0.002734,0.001072,0.5137009578380001,0.606167130905,5.267871606449001,106.02400624257301,0.27453791896,0.150566899808,0.08798782150000001,0.06364958680100001,1.264824918509,0.44100627095000006,0.520387399721,4.3494849039790004,99.935170588833,0.23140713602200003,0.14659823907800001,0.07308103918600001,0.059366229001000005,1.050539934023,0.072694686888,0.085779731184,0.91838670247,6.0888356537399995,0.043130782938,0.003968660729999999,0.014906782314,0.0042833578,0.214284984486,0.0,0.0,0.0,0.0,0.0,0.0,0.0,0.0,0.0,0.81,460490846.22891206,57.133557,67.23103085,77.3285047,87.42597855,97.5234524,107.62092625,117.7184001,127.81587395,137.9133478,148.01082165,158.1082955,168.20576935,178.3032432,188.40071705,198.4981909,208.59566475,218.6931386,228.79061245,238.8880863,248.98556015,259.083034
SF11C46881412282050980,5,,2019-05-18T05:00:00-0700,0.005701,0.005701,0.002543,0.001174,0.508622433626,0.600174472289,5.203712184294001,105.59863403706301,0.27152475892300004,0.150289645163,0.086946418639,0.063350347101,1.24985475317,0.44100627095000006,0.520387399721,4.3494849039790004,99.935170588833,0.23140713602200003,0.14659823907800001,0.07308103918600001,0.059366229001000005,1.050539934023,0.067616162676,0.07978707256800001,0.8542272803150001,5.66346344823,0.040117622901,0.003691406085,0.013865379453000001,0.0039841181000000005,0.19931481914700003,0.0,0.0,0.0,0.0,0.0,0.0,0.0,0.0,0.0,0.841667,460490846.22891206,57.133557,65.88068960000001,74.6278222,83.37495480000001,92.1220874,100.86922000000001,109.6163526,118.36348520000001,127.1106178,135.85775040000001,144.604883,153.35201560000002,162.0991482,170.84628080000002,179.5934134,188.34054600000002,197.0876786,205.8348112,214.5819438,223.32907640000002,232.076209
SF11C46881412282050980,6,,2019-05-18T06:00:00-0700,0.005701,0.005701,0.002418,0.00126,0.505298792126,0.596252575289,5.161723033669,105.320249085813,0.26955279554800005,0.15010819578800003,0.08626487226400001,0.06315450960100001,1.240057524545,0.44100627095000006,0.520387399721,4.3494849039790004,99.935170588833,0.23140713602200003,0.14659823907800001,0.07308103918600001,0.059366229001000005,1.050539934023,0.064292521176,0.075865175568,0.81223812969,5.385078496979999,0.038145659526,0.00350995671,0.013183833078000001,0.0037882806,0.189517590522,0.0,0.0,0.0,0.0,0.0,0.0,0.0,0.0,0.0,0.864286,460490846.22891206,57.133557,64.85081945,72.56808190000001,80.28534435,88.0026068,95.71986925,103.43713170000001,111.15439415,118.8716566,126.58891904999999,134.3061815,142.02344395,149.7407064,157.45796885,165.1752313,172.89249375,180.6097562,188.32701864999999,196.04428109999998,203.76154355,211.478806
SF11C46881412282050980,7,,2019-05-18T07:00:00-0700,0.005701,0.005701,0.002337,0.001334,0.5031450724340001,0.593711186033,5.134514064064001,105.139855637403,0.26827496328100003,0.149990616593,0.085823230213,0.06302760690100001,1.2337089203959999,0.44100627095000006,0.520387399721,4.3494849039790004,99.935170588833,0.23140713602200003,0.14659823907800001,0.07308103918600001,0.059366229001000005,1.050539934023,0.062138801484,0.073323786312,0.785029160085,5.20468504857,0.036867827259,0.003392377515,0.012742191027000001,0.0036613779000000003,0.18316898637300003,0.0,0.0,0.0,0.0,0.0,0.0,0.0,0.0,0.0,0.88125,460490846.22891206,57.133557,64.03385065,70.9341443,77.83443795,84.7347316,91.63502525000001,98.5353189,105.43561255,112.33590620000001,119.23619985,126.1364935,133.03678715,139.9370808,146.83737445,153.7376681,160.63796175000002,167.5382554,174.43854905,181.33884270000001,188.23913635,195.13943
SF11C46881412282050980,8,,2019-05-18T08:00:00-0700,0.005701,0.005701,0.002186,0.001393,0.49913011350200004,0.588973534457,5.083791170109,104.803566616293,0.265892831524,0.149771425748,0.084999922192,0.062791035201,1.221873868217,0.44100627095000006,0.520387399721,4.3494849039790004,99.935170588833,0.23140713602200003,0.14659823907800001,0.07308103918600001,0.059366229001000005,1.050539934023,0.058123842551999996,0.068586134736,0.73430626613,4.868396027459999,0.034485695502,0.00317318667,0.011918883006,0.0034248062,0.171333934194,0.0,0.0,0.0,0.0,0.0,0.0,0.0,0.0,0.0,0.894444,460490846.22891206,57.133557,63.363193700000004,69.5928304,75.82246710000001,82.0521038,88.28174050000001,94.5113772,100.74101390000001,106.9706506,113.20028730000001,119.429924,125.65956070000001,131.8891974,138.11883410000002,144.3484708,150.57810750000002,156.8077442,163.03738090000002,169.2670176,175.49665430000002,181.726291
SF11C46881412282050980,9,,2019-05-18T09:00:00-0700,0.005701,0.005701,0.002869,0.001495,0.517290490658,0.610402779665,5.313219889124,106.324661989923,0.27666763940500005,0.15076286513300002,0.088723891585,0.06386109130100001,1.275405925424,0.44100627095000006,0.520387399721,4.3494849039790004,99.935170588833,0.23140713602200003,0.14659823907800001,0.07308103918600001,0.059366229001000005,1.050539934023,0.07628421970799999,0.090015379944,0.963734985145,6.389491401089999,0.045260503383,0.004164626055,0.015642852399000002,0.0044948623,0.22486599140100003,0.0,0.0,0.0,0.0,0.0,0.0,0.0,0.0,0.0,0.905,460490846.22891206,57.133557,62.8276084,68.52165980000001,74.21571120000002,79.90976260000001,85.603814,91.2978654,96.99191680000001,102.68596820000002,108.38001960000001,114.074071,119.76812240000001,125.46217380000002,131.15622520000002,136.85027660000003,142.544328,148.2383794,153.93243080000002,159.62648220000003,165.32053360000003,171.014585
SF11C46881412282050980,10,,2019-05-18T10:00:00-0700,0.020004,0.019985,0.012404,0.00225,1.875770254078,2.2134089027890003,19.413896969635,377.949968981445,1.006885450298,0.53190942721,0.323818645094,0.22754316728500001,4.654892957071,1.54595866075,1.8242312196850001,15.247229574815,350.325273499005,0.8112035806700001,0.51390384283,0.25618743521,0.208109820485,3.682694366155,0.329811593328,0.389177683104,4.16666739482,27.624695482439996,0.19568186962800002,0.01800558438,0.06763120988400001,0.0194333468,0.972198590916,0.0,0.0,0.0,0.0,0.0,0.0,0.0,0.0,0.0,0.753242,1615797033.4964316,196.907318,219.32016095,241.7330039,264.14584685,286.5586898,308.97153275,331.38437569999996,353.79721865,376.2100616,398.62290455,421.03574749999996,443.44859045,465.8614334,488.27427635000004,510.68711929999995,533.09996225,555.5128052,577.92564815,600.3384910999999,622.75133405,645.164177
SF11C46881412282050980,11,,2019-05-18T11:00:00-0700,0.040008,0.039981,0.029257,0.004118,3.8706864718740004,4.567410043833,40.330664058784,766.001038665843,2.0844035178810003,1.070559859833,0.6720358976130001,0.462171129181,9.660515877516,3.0927682369500005,3.6494665196010003,30.502851420099002,700.843370516073,1.6228536581820003,1.028090544918,0.5125158792660001,0.416334187281,7.367415734463,0.7779182349239999,0.917943524232,9.827812638685,65.15766814976999,0.461549859699,0.042469314914999994,0.159520018347,0.0458369419,2.293100143053,0.0,0.0,0.0,0.0,0.0,0.0,0.0,0.0,0.0,0.67521,3231594066.992863,384.121514,422.7165632,461.3116124,499.9066616,538.5017108,577.09676,615.6918092000001,654.2868584,692.8819076,731.4769568,770.0720060000001,808.6670552,847.2621044,885.8571536000001,924.4522028000001,963.0472520000001,1001.6423012,1040.2373504,1078.8323996000001,1117.4274488,1156.022498
SF11C46881412282050980,12,,2019-05-18T12:00:00-0700,0.070014,0.069973,0.058382,0.007871,6.965154593774,8.218882434665,72.996043054977,1356.606819011229,3.7612649192800003,1.8840661883839998,1.2153032311,0.820116990273,17.469983653756998,5.41282788935,6.387136909433,53.384758320667,1226.585457220209,2.840247593206,1.7993191690939998,0.896982907378,0.728649910873,12.894129241078998,1.5523267044240001,1.831745525232,19.61128473431,130.02136179101998,0.9210173260740001,0.08474701929,0.31832032372200003,0.0914670794,4.575854412678001,0.0,0.0,0.0,0.0,0.0,0.0,0.0,0.0,0.0,0.462895,5655289617.237512,647.805538,725.0103846,802.2152312,879.4200778,956.6249243999999,1033.829771,1111.0346175999998,1188.2394642,1265.4443108,1342.6491574,1419.8540039999998,1497.0588506,1574.2636972,1651.4685438,1728.6733903999998,1805.878237,1883.0830836,1960.2879302000001,2037.4927767999998,2114.6976234,2191.90247
SF11C46881412282050980,13,,2019-05-18T13:00:00-0700,0.10002,0.099979,0.092556,0.013728,10.194954226442,12.030046009414999,107.368128894721,1958.702536057767,5.518346134030001,2.705261622782,1.78627905157,1.186118905879,25.677760909541,7.73397052505,9.126085219559,76.277346292741,1752.572955674607,4.058209796938001,2.570907795962,1.281629401294,1.041111420679,18.423422568617,2.4609837013919997,2.903960789856,31.09078260198,206.12958038315998,1.460136337092,0.13435382682,0.5046496502760001,0.1450074852,7.254338340924001,0.0,0.0,0.0,0.0,0.0,0.0,0.0,0.0,0.0,0.24,8078985167.482158,892.26069,1015.1683525499999,1138.0760151,1260.98367765,1383.8913401999998,1506.79900275,1629.7066652999997,1752.6143278499999,1875.5219903999998,1998.4296529499998,2121.3373155,2244.2449780499996,2367.1526406,2490.0603031499995,2612.9679656999997,2735.87562825,2858.7832907999996,2981.6909533499997,3104.5986159,3227.5062784499996,3350.413941
SF11C46881412282050980,14,,2019-05-18T14:00:00-0700,0.130026,0.129985,0.130486,0.021803,13.524622638902,15.959054745221,143.00190473244498,2569.163164119465,7.334680904272,3.5319092479999994,2.377733977516,1.558005346685,34.179925291049,10.05511316075,11.865033529685,99.16993426481498,2278.560454129005,5.27617200067,3.3424964228299996,1.6662758952099999,1.353572930485,23.952715896155,3.4695094781519997,4.094021215535999,43.83197046763,290.60270999045997,2.058508903602,0.18941282517,0.7114580823059999,0.2044324162,10.227209394894,0.0,0.0,0.0,0.0,0.0,0.0,0.0,0.0,0.0,0.24,10502680717.726807,1118.889214,1259.3610656,1399.8329171999999,1540.3047688,1680.7766204,1821.248472,1961.7203236,2102.1921752,2242.6640268,2383.1358784,2523.6077299999997,2664.0795816,2804.5514332,2945.0232847999996,3085.4951364,3225.966988,3366.4388395999995,3506.9106911999997,3647.3825428,3787.8543943999994,3928.3262459999996
SF11C46881412282050980,15,,2019-05-18T15:00:00-0700,0.160032,0.159991,0.170661,0.032097,16.913983652702,19.958500751147,179.389805715394,3184.623585905613,9.186432136729,4.361815703993,2.9814294763570004,1.9334090289910002,42.858047898662,12.376255796450002,14.603981839811,122.062522236889,2804.547952583403,6.494134204402,4.114085049698,2.0509223891260002,1.6660344402910001,29.482009223692998,4.537727856252,5.354518911336,57.327283478505,380.07563332220997,2.6922979323270004,0.247730654295,0.9305070872310001,0.2673745887,13.376038674969001,0.0,0.0,0.0,0.0,0.0,0.0,0.0,0.0,0.0,0.24,12926376267.971453,1328.991099,1485.3228461,1641.6545932000001,1797.9863403000002,1954.3180874000002,2110.6498345,2266.9815816,2423.3133287,2579.6450758,2735.9768229,2892.30857,3048.6403171,3204.9720642,3361.3038113000002,3517.6355584000003,3673.9673055000003,3830.2990526000003,3986.6307997000004,4142.9625468,4299.2942939,4455.626041
SF11C46881412282050980,16,,2019-05-18T16:00:00-0700,0.170034,0.17002,0.189167,0.042959,18.181844952044003,21.454577088812,193.257677353815,3401.64038140953,9.885460718509,4.646569420925,3.210892664677,2.0668373749200004,46.156581146903,13.152058619000002,15.51942917042,129.71398410358,2980.35041282466,6.90121755244,4.37197554956,2.17948399972,1.7704694360200002,31.33008236846,5.029786333044,5.935147918392,63.543693250235,421.28996858486994,2.984243166069,0.274593871365,1.031408664957,0.2963679389,14.826498778443002,0.0,0.0,0.0,0.0,0.0,0.0,0.0,0.0,0.0,0.24,13734274784.719667,1395.563374,1557.0694852000001,1718.5755964,1880.0817076,2041.5878188000002,2203.09393,2364.6000412000003,2526.1061523999997,2687.6122636,2849.1183748000003,3010.6244859999997,3172.1305972,3333.6367084000003,3495.1428195999997,3656.6489308,3818.1550420000003,3979.6611531999997,4141.1672644,4302.6733756,4464.1794868,4625.685598
SF11C46881412282050980,17,,2019-05-18T17:00:00-0700,0.120024,0.120092,0.136929,0.049455,12.930654003028001,15.258171756436,137.618490625913,2410.0937776651263,7.034760761027001,3.286868543731,2.286045375371,1.465080807992,32.861901616057,9.289830747400002,10.962000281932001,91.622231378468,2105.141993747436,4.874608977224001,3.088103091976,1.5394576667120001,1.250554143692,22.129703868916,3.640823255628,4.296171474504,45.996259247444996,304.95178391768997,2.160151783803,0.198765451755,0.746587708659,0.2145266643,10.732197747141,0.0,0.0,0.0,0.0,0.0,0.0,0.0,0.0,0.0,0.24,9694782200.97859,1045.244843,1180.83209205,1316.4193411,1452.00659015,1587.5938392,1723.1810882500001,1858.7683373,1994.35558635,2129.9428354,2265.5300844500002,2401.1173335000003,2536.70458255,2672.2918316000005,2807.87908065,2943.4663297,3079.0535787500003,3214.6408278000004,3350.2280768500004,3485.8153259000005,3621.4025749500006,3756.9898240000007
SF11C46881412282050980,18,,2019-05-18T18:00:00-0700,0.070014,0.070082,0.080547,0.051603,7.562934503104001,8.924262732994,80.524719014813,1407.880744336776,4.115357842733,1.9190436696610003,1.337552303789,0.855977945582,19.227313982149,5.421259687900001,6.397086431722001,53.467918091678,1228.496162990106,2.8446719710040003,1.8021220471960002,0.8983801768520001,0.729784960682,12.914214989686,2.141674815204,2.5271763012719997,27.056800923134997,179.38458134666996,1.270685871729,0.11692162246499999,0.439172126937,0.1261929849,6.313098992463,0.0,0.0,0.0,0.0,0.0,0.0,0.0,0.0,0.0,0.462895,5655289617.237512,647.805538,725.8478441,803.8901501999999,881.9324562999999,959.9747623999999,1038.0170684999998,1116.0593746,1194.1016806999999,1272.1439867999998,1350.1862929,1428.228599,1506.2709050999997,1584.3132111999998,1662.3555173,1740.3978233999997,1818.4401294999998,1896.4824356,1974.5247416999996,2052.5670477999997,2130.6093539,2208.65166
SF11C46881412282050980,19,,2019-05-18T19:00:00-0700,0.040008,0.040049,0.045651,0.051191,4.311848906482,5.087981720605001,45.889504631726,803.703781722027,2.3457906207350003,1.096105892767,0.7622937588350001,0.488563713449,10.957972564906,3.0980284415500003,3.6556735610290003,30.554730910271,702.035370445917,1.6256138204780002,1.029839129422,0.5133875703140001,0.41704229174900004,7.3799462932269995,1.213820464932,1.4323081595759999,15.334773721454999,101.66841127610998,0.7201768002569999,0.066266763345,0.248906188521,0.07152142169999999,3.578026271679,0.0,0.0,0.0,0.0,0.0,0.0,0.0,0.0,0.0,0.693083,3231594066.992863,384.121514,421.32827875,458.53504350000003,495.74180825,532.948573,570.15533775,607.3621025,644.56886725,681.7756320000001,718.98239675,756.1891615,793.39592625,830.602691,867.8094557500001,905.0162205000001,942.22298525,979.42975,1016.6365147500001,1053.8432795,1091.0500442500002,1128.256809
SF11C46881412282050980,20,,2019-05-18T20:00:00-0700,0.005701,0.005748,0.00636,0.048089,0.6137488801200001,0.724223680068,6.521750770692,114.923279212884,0.33364839177600003,0.157038963744,0.108360611088,0.06981986614800001,1.557683753844,0.44464200060000003,0.524677560708,4.385342786891999,100.759052893284,0.233314895256,0.147806819544,0.073683531528,0.059855654148,1.059200761404,0.16910687952,0.19954611936,2.1364079838000003,14.1642263196,0.10033349652000001,0.0092321442,0.034677079560000004,0.009964212,0.49848299244000005,0.0,0.0,0.0,0.0,0.0,0.0,0.0,0.0,0.0,0.956265,460490846.22891206,57.133557,59.7408225,62.348088000000004,64.9553535,67.562619,70.16988450000001,72.77715,75.3844155,77.991681,80.59894650000001,83.20621200000001,85.8134775,88.420743,91.0280085,93.63527400000001,96.2425395,98.849805,101.4570705,104.064336,106.67160150000001,109.278867
SF11C46881412282050980,21,,2019-05-18T21:00:00-0700,0.005701,0.005701,0.006081,0.045185,0.602694782642,0.7111798449769999,6.392173103584,113.478041697243,0.32733921028900004,0.155425388273,0.10623690723700001,0.06889333170100001,1.527155512172,0.44100627095000006,0.520387399721,4.3494849039790004,99.935170588833,0.23140713602200003,0.14659823907800001,0.07308103918600001,0.059366229001000005,1.050539934023,0.161688511692,0.19079244525599998,2.0426881996049997,13.542871108409997,0.095932074267,0.008827149195,0.033155868051,0.0095271027,0.476615578149,0.0,0.0,0.0,0.0,0.0,0.0,0.0,0.0,0.0,0.956265,460490846.22891206,57.133557,59.709364750000006,62.2851725,64.86098025,67.436788,70.01259575,72.5884035,75.16421125,77.740019,80.31582675,82.8916345,85.46744225,88.04325,90.61905775,93.19486549999999,95.77067324999999,98.346481,100.92228875,103.4980965,106.07390425,108.649712
SF11C46881412282050980,22,,2019-05-18T22:00:00-0700,0.005701,0.005701,0.005722,0.042456,0.593149284254,0.699916156793,6.2715802629890005,112.678520117253,0.32167573147600004,0.154904265668,0.10427950604800001,0.068330886401,1.499017871561,0.44100627095000006,0.520387399721,4.3494849039790004,99.935170588833,0.23140713602200003,0.14659823907800001,0.07308103918600001,0.059366229001000005,1.050539934023,0.15214301330399999,0.179528757072,1.9220953590099998,12.743349528419998,0.090268595454,0.00830602659,0.031198466862,0.0089646574,0.448477937538,0.0,0.0,0.0,0.0,0.0,0.0,0.0,0.0,0.0,0.956265,460490846.22891206,57.133557,59.702101600000006,62.2706462,64.8391908,67.4077354,69.97628,72.5448246,75.1133692,77.6819138,80.2504584,82.819003,85.3875476,87.9560922,90.5246368,93.09318139999999,95.66172599999999,98.2302706,100.7988152,103.3673598,105.9359044,108.504449
SF11C46881412282050980,23,,2019-05-18T23:00:00-0700,0.005701,0.005701,0.005277,0.039885,0.581317120514,0.685954203473,6.122098886764,111.687469690803,0.31465554186100003,0.15425830589300002,0.101853200953,0.067633704901,1.464139737656,0.44100627095000006,0.520387399721,4.3494849039790004,99.935170588833,0.23140713602200003,0.14659823907800001,0.07308103918600001,0.059366229001000005,1.050539934023,0.14031084956399997,0.16556680375199997,1.7726139827849998,11.752299101969998,0.08324840583899999,0.007660066814999999,0.028772161767,0.0082674759,0.413599803633,0.0,0.0,0.0,0.0,0.0,0.0,0.0,0.0,0.0,0.956265,460490846.22891206,57.133557,59.693139650000006,62.2527223,64.81230495,67.37188760000001,69.93147025,72.4910529,75.05063555000001,77.6102182,80.16980085,82.7293835,85.28896615,87.8485488,90.40813145,92.9677141,95.52729675,98.0868794,100.64646205,103.2060447,105.76562735,108.32521
SF11C46881512282050980,0,,2019-05-18T00:00:00-0700,0.005701,0.005693,0.004743,0.000329,0.107362303612,0.126687517446,1.155255358809,19.36028875921,0.058721482617,0.026025386976000004,0.019160058978,0.011819747463999998,0.275425845797,0.072578673601,0.085642833369,0.715817148717,16.446846052069,0.038083864335,0.024126427323000004,0.012027322143,0.009770207046999999,0.172892772173,0.034783630010999995,0.041044684076999995,0.439438210092,2.913442707141,0.020637618282,0.0018989596529999998,0.007132736835,0.002049540417,0.102533073624,0.0,0.0,0.0,0.0,0.0,0.0,0.0,0.0,0.0,0.909941,26750098.3058903,9.468662,11.6594181,13.8501742,16.0409303,18.2316864,20.4224425,22.613198599999997,24.8039547,26.9947108,29.1854669,31.376222999999996,33.5669791,35.7577352,37.9484913,40.139247399999995,42.3300035,44.5207596,46.7115157,48.9022718,51.093027899999996,53.283784
SF11C46881512282050980,1,,2019-05-18T01:00:00-0700,0.005701,0.005701,0.004172,0.000594,0.10327676410100001,0.12186658074100001,1.103358188837,19.032657068497,0.056290479023,0.025830678423000006,0.018318264691,0.011586736947,0.26332505515700005,0.072680663657,0.08576318163300001,0.7168230396690001,16.469957727533,0.038137381095,0.024160330611000005,0.012044223351000001,0.009783936479,0.17313572706100003,0.030596100444,0.036103399108,0.386535149168,2.562699340964,0.018153097928000003,0.001670347812,0.0062740413400000005,0.001802800468,0.09018932809600001,0.0,0.0,0.0,0.0,0.0,0.0,0.0,0.0,0.0,0.909941,26750098.3058903,9.468662,11.84538715,14.2221123,16.598837449999998,18.9755626,21.352287750000002,23.7290129,26.10573805,28.482463199999998,30.859188349999997,33.2359135,35.61263865,37.9893638,40.36608895,42.742814100000004,45.11953925,47.4962644,49.87298955,52.2497147,54.626439850000004,57.003165
SF11C46881512282050980,2,,2019-05-18T02:00:00-0700,0.005701,0.005701,0.00348,0.000794,0.09820185961700001,0.11587819335300001,1.0392444967890002,18.607588050293,0.053279466615,0.025553621691000006,0.017277603951000003,0.011287710599,0.24836555970100005,0.072680663657,0.08576318163300001,0.7168230396690001,16.469957727533,0.038137381095,0.024160330611000005,0.012044223351000001,0.009783936479,0.17313572706100003,0.02552119596,0.03011501172,0.32242145712000003,2.1376303227599998,0.015142085520000001,0.00139329108,0.0052333806,0.00150377412,0.07522983264000001,0.0,0.0,0.0,0.0,0.0,0.0,0.0,0.0,0.0,0.939961,26750098.3058903,9.468662,11.22024535,12.9718287,14.72341205,16.4749954,18.22657875,19.9781621,21.72974545,23.4813288,25.23291215,26.9844955,28.73607885,30.487662200000003,32.23924555,33.9908289,35.74241225,37.4939956,39.24557895,40.9971623,42.748745650000004,44.500329
SF11C46881512282050980,3,,2019-05-18T03:00:00-0700,0.005701,0.005701,0.003029,0.000948,0.09489437129,0.11197535706400001,0.9974594171450001,18.330556074556,0.051317087141,0.025373054370000005,0.016599369856000003,0.01109282493,0.23861594633300004,0.072680663657,0.08576318163300001,0.7168230396690001,16.469957727533,0.038137381095,0.024160330611000005,0.012044223351000001,0.009783936479,0.17313572706100003,0.022213707633,0.026212175431,0.280636377476,1.8605983470229999,0.013179706046000002,0.001212723759,0.0045551465050000005,0.001308888451,0.06548021927200001,0.0,0.0,0.0,0.0,0.0,0.0,0.0,0.0,0.0,0.954971,26750098.3058903,9.468662,10.86226485,12.2558677,13.64947055,15.0430734,16.436676249999998,17.8302791,19.22388195,20.6174848,22.01108765,23.4046905,24.79829335,26.191896200000002,27.585499050000003,28.979101899999996,30.372704749999997,31.766307599999998,33.15991045,34.5535133,35.94711615,37.340719
SF11C46881512282050980,4,,2019-05-18T04:00:00-0700,0.005701,0.005701,0.002735,0.001072,0.092738270252,0.109431157798,0.970220363009,18.149963167978,0.050037841985,0.025255345296000004,0.016157239426000003,0.010965781943999999,0.23226032254100004,0.072680663657,0.08576318163300001,0.7168230396690001,16.469957727533,0.038137381095,0.024160330611000005,0.012044223351000001,0.009783936479,0.17313572706100003,0.020057606595,0.023667976165,0.25339732334,1.680005440445,0.01190046089,0.001095014685,0.004113016075000001,0.001181845465,0.05912459548000001,0.0,0.0,0.0,0.0,0.0,0.0,0.0,0.0,0.0,0.963976,26750098.3058903,9.468662,10.62534015,11.7820183,12.93869645,14.0953746,15.252052749999999,16.4087309,17.56540905,18.722087199999997,19.87876535,21.0354435,22.192121649999997,23.3487998,24.50547795,25.662156099999997,26.818834249999995,27.9755124,29.132190549999997,30.288868699999995,31.44554685,32.602225
SF11C46881512282050980,5,,2019-05-18T05:00:00-0700,0.005701,0.005701,0.002543,0.001174,0.09133020426800001,0.10776963991,0.9524315929610001,18.032024943274,0.049202416577,0.025178474064000006,0.015868501186,0.010882815096,0.22810971108500003,0.072680663657,0.08576318163300001,0.7168230396690001,16.469957727533,0.038137381095,0.024160330611000005,0.012044223351000001,0.009783936479,0.17313572706100003,0.018649540611,0.022006458277000002,0.235608553292,1.562067215741,0.011065035482000002,0.001018143453,0.0038242778350000006,0.0010988786169999999,0.05497398402400001,0.0,0.0,0.0,0.0,0.0,0.0,0.0,0.0,0.0,0.96998,26750098.3058903,9.468662,10.45469775,11.4407335,12.42676925,13.412804999999999,14.39884075,15.384876499999999,16.37091225,17.356948,18.34298375,19.3290195,20.31505525,21.301091,22.28712675,23.273162499999998,24.259198249999997,25.245233999999996,26.231269749999996,27.217305499999995,28.20334125,29.189377
SF11C46881512282050980,6,,2019-05-18T06:00:00-0700,0.005701,0.005701,0.002419,0.00126,0.09042082832000001,0.106696576274,0.9409430123050001,17.955856506486,0.048662871001,0.025128828060000004,0.015682024406,0.01082923234,0.22542910785300002,0.072680663657,0.08576318163300001,0.7168230396690001,16.469957727533,0.038137381095,0.024160330611000005,0.012044223351000001,0.009783936479,0.17313572706100003,0.017740164663,0.020933394641,0.22411997263600003,1.485898778953,0.010525489906000001,0.000968497449,0.0036378010550000006,0.001045295861,0.05229338079200001,0.0,0.0,0.0,0.0,0.0,0.0,0.0,0.0,0.0,0.974269,26750098.3058903,9.468662,10.3247519,11.1808418,12.0369317,12.8930216,13.7491115,14.6052014,15.4612913,16.3173812,17.1734711,18.029561,18.8856509,19.741740800000002,20.5978307,21.4539206,22.310010499999997,23.166100399999998,24.0221903,24.8782802,25.7343701,26.59046
SF11C46881512282050980,7,,2019-05-18T07:00:00-0700,0.005701,0.005701,0.002337,0.001334,0.089819466806,0.105986969676,0.9333457250970001,17.905487056352,0.048306074733,0.025095997638000005,0.015558709116000002,0.010793798581999999,0.22365645087700003,0.072680663657,0.08576318163300001,0.7168230396690001,16.469957727533,0.038137381095,0.024160330611000005,0.012044223351000001,0.009783936479,0.17313572706100003,0.017138803149,0.020223788043,0.21652268542800002,1.435529328819,0.010168693638000001,0.0009356670269999999,0.0035144857650000003,0.001009862103,0.05052072381600001,0.0,0.0,0.0,0.0,0.0,0.0,0.0,0.0,0.0,0.977485,26750098.3058903,9.468662,10.22177035,10.9748787,11.72798705,12.481095400000001,13.234203749999999,13.9873121,14.74042045,15.4935288,16.246637149999998,16.9997455,17.75285385,18.5059622,19.25907055,20.012178900000002,20.76528725,21.518395599999998,22.27150395,23.0246123,23.77772065,24.530828999999997
SF11C46881512282050980,8,,2019-05-18T08:00:00-0700,0.005701,0.005701,0.002186,0.001393,0.088712081579,0.104680255087,0.9193555986530001,17.812733556715,0.047649047459,0.025035541617000005,0.015331628521000002,0.010728548612999999,0.22039216790900001,0.072680663657,0.08576318163300001,0.7168230396690001,16.469957727533,0.038137381095,0.024160330611000005,0.012044223351000001,0.009783936479,0.17313572706100003,0.016031417922,0.018917073454,0.202532558984,1.342775829182,0.009511666364,0.000875211006,0.0032874051700000004,0.000944612134,0.047256440848,0.0,0.0,0.0,0.0,0.0,0.0,0.0,0.0,0.0,0.979987,26750098.3058903,9.468662,10.13702675,10.8053915,11.473756250000001,12.142121,12.810485750000002,13.4788505,14.14721525,14.81558,15.483944750000001,16.1523095,16.82067425,17.489039,18.15740375,18.825768500000002,19.49413325,20.162498,20.83086275,21.499227500000003,22.167592250000002,22.835957
SF11C46881512282050980,9,,2019-05-18T09:00:00-0700,0.005701,0.005701,0.002868,0.001495,0.093713649293,0.11058210508500001,0.982542792261,18.231659959049,0.050616548127,0.025308594639000006,0.016357250811,0.011023253771,0.23513548568500003,0.072680663657,0.08576318163300001,0.7168230396690001,16.469957727533,0.038137381095,0.024160330611000005,0.012044223351000001,0.009783936479,0.17313572706100003,0.021032985636,0.024818923452,0.265719752592,1.7617022315159998,0.012479167032000001,0.0011482640279999999,0.00431302746,0.001239317292,0.061999758624,0.0,0.0,0.0,0.0,0.0,0.0,0.0,0.0,0.0,0.981988,26750098.3058903,9.468662,10.0715849,10.6745078,11.2774307,11.8803536,12.4832765,13.0861994,13.689122300000001,14.2920452,14.8949681,15.497891000000001,16.1008139,16.7037368,17.3066597,17.9095826,18.512505500000003,19.1154284,19.718351300000002,20.3212742,20.9241971,21.527120000000004
SF11C46881512282050980,10,,2019-05-18T10:00:00-0700,0.020004,0.019985,0.012384,0.00225,0.345604164613,0.40781291078099996,3.6602170025609997,65.342869761913,0.18757649489099998,0.08965284579900001,0.060844946715,0.039649199010999996,0.874646118497,0.254783908645,0.30064500700499996,2.512841334465,57.735854268505,0.133691556075,0.08469465133500001,0.042221330235,0.034297837314999996,0.606931679585,0.09082025596799999,0.107167903776,1.147375668096,7.607015493407999,0.053884938816,0.004958194463999999,0.01862361648,0.005351361696,0.26771443891200003,0.0,0.0,0.0,0.0,0.0,0.0,0.0,0.0,0.0,0.894527,93862298.9845693,33.125651,38.09383365,43.062016299999996,48.03019895,52.9983816,57.96656425,62.9347469,67.90292955,72.8711122,77.83929485,82.8074775,87.77566015,92.74384280000001,97.71202545,102.68020809999999,107.64839075,112.6165734,117.58475605000001,122.5529387,127.52112134999999,132.489304
SF11C46881512282050980,11,,2019-05-18T11:00:00-0700,0.040008,0.039981,0.029221,0.004118,0.724005429234,0.8543264001920001,7.734386860513,133.45282492450002,0.39460235314900005,0.18113516068200003,0.12840975437600002,0.081241501898,1.8458902208690002,0.509708053617,0.601455492873,5.027065768989,115.503487090773,0.267456697695,0.16943591969100003,0.08446589963100001,0.068614552599,1.2141974221410001,0.214297375617,0.252870907319,2.7073210915240002,17.949337833727,0.127145655454,0.011699240990999999,0.043943854745000004,0.012626949299,0.6316927987280001,0.0,0.0,0.0,0.0,0.0,0.0,0.0,0.0,0.0,0.675889,187724597.9691386,65.976974,82.4521885,98.927403,115.40261749999999,131.877832,148.3530465,164.828261,181.3034755,197.77868999999998,214.25390449999998,230.72911899999997,247.20433350000002,263.679548,280.1547625,296.629977,313.1051915,329.580406,346.0556205,362.53083499999997,379.00604949999996,395.48126399999995
SF11C46881512282050980,12,,2019-05-18T12:00:00-0700,0.070014,0.069973,0.058321,0.007871,1.3197761498779998,1.5573358468279999,14.201582499960999,237.97350842073598,0.721855849789,0.319889383494,0.23553427266799998,0.14528780536599997,3.385805144781,0.8920687735609999,1.0526411346089999,8.798150948037,202.14915840530898,0.46809103093499993,0.296539346403,0.14782852842299998,0.12008619316699998,2.125035297253,0.42770737631699995,0.504694712219,5.403431551924,35.824350015426994,0.253764818854,0.023350037090999996,0.08770574424500001,0.025201612199,1.260769847528,0.0,0.0,0.0,0.0,0.0,0.0,0.0,0.0,0.0,0.644382,328518046.4459925,114.74456,138.36468035000001,161.9848007,185.60492105,209.2250414,232.84516175000002,256.46528209999997,280.08540245,303.70552280000004,327.32564315,350.9457635,374.56588385,398.18600419999996,421.80612455000005,445.42624490000003,469.04636525,492.6664856,516.28660595,539.9067263000001,563.52684665,587.146967
SF11C46881512282050980,13,,2019-05-18T13:00:00-0700,0.10002,0.099979,0.092485,0.013728,1.952863093448,2.3043784372219998,21.139717258591,345.645258025602,1.071237345895,0.46073041580400004,0.350303839154,0.211546385956,5.035617616899001,1.274607976103,1.504037385807,12.570996436250999,288.835275151907,0.6688190185049999,0.42370210386900004,0.21122073432900001,0.171581860241,3.0362983434190003,0.678255117345,0.800341051415,8.56872082234,56.809982873695,0.40241832739,0.037028311934999995,0.139083104825,0.039964525715,1.99931927348,0.0,0.0,0.0,0.0,0.0,0.0,0.0,0.0,0.0,0.668988,469311494.92284644,162.907605,189.7129065,216.518208,243.3235095,270.128811,296.93411249999997,323.739414,350.5447155,377.350017,404.1553185,430.96062,457.7659215,484.57122300000003,511.3765245,538.181826,564.9871275,591.7924290000001,618.5977305,645.403032,672.2083335,699.013635
SF11C46881512282050980,14,,2019-05-18T14:00:00-0700,0.130026,0.129985,0.130407,0.021803,2.6135099951839997,3.0839417787779997,28.426030130973,455.625402674414,1.436970553893,0.603076042332,0.47072485515,0.27942886974799996,6.766669661161,1.6571471786449998,1.9554336370049998,16.343841924465,375.521391898505,0.8695470060749999,0.550864861335,0.274612940235,0.22307752731499997,3.9475613895849997,0.9563628165389999,1.1285081417729999,12.082188206508,80.10401077590899,0.567423547818,0.05221118099699999,0.19611191491500002,0.056351342432999996,2.8191082715760003,0.0,0.0,0.0,0.0,0.0,0.0,0.0,0.0,0.0,0.703836,610104943.3997004,210.473604,238.3286005,266.18359699999996,294.0385935,321.89359,349.7485865,377.60358299999996,405.4585795,433.313576,461.1685725,489.02356899999995,516.8785655,544.733562,572.5885585,600.443555,628.2985515,656.153548,684.0085445,711.8635409999999,739.7185375,767.573534
SF11C46881512282050980,15,,2019-05-18T15:00:00-0700,0.160032,0.159991,0.170577,0.032097,3.290643002816,3.8829587256059996,35.920619852667,566.986407370802,1.8124852010430001,0.746321702868,0.594526514706,0.34828275705199996,8.546318447887,2.039686381187,2.4068298882029997,20.116687412679,462.20750864510296,1.070274993645,0.678027618801,0.338005146141,0.27457319438899996,4.858824435751,1.250956621629,1.476128837403,15.803932439988001,104.778898725699,0.742210207398,0.068294084067,0.256521368565,0.073709562663,3.6874940121360003,0.0,0.0,0.0,0.0,0.0,0.0,0.0,0.0,0.0,0.736568,750898391.8765544,257.449957,285.1924143,312.9348716,340.6773289,368.4197862,396.1622435,423.9047008,451.64715809999996,479.3896154,507.1320727,534.87453,562.6169873,590.3594446,618.1019019,645.8443592,673.5868164999999,701.3292738,729.0717311000001,756.8141884,784.5566457,812.2991030000001
SF11C46881512282050980,16,,2019-05-18T16:00:00-0700,0.170034,0.17002,0.189128,0.042959,3.5545473287959997,4.194365830252,38.900377153411995,607.354948224796,1.960293778172,0.7962509947080001,0.64361212018,0.373510555812,9.251923983524001,2.1675436651399997,2.55770148066,21.37769745738,491.18088279866004,1.1373649419,0.7205296282200001,0.35919292302,0.29178475358,5.16339875722,1.387003663656,1.636664349592,17.522679696032,116.17406542613598,0.822928836272,0.07572136648799999,0.28441919716,0.08172580223199999,4.088525226304,0.0,0.0,0.0,0.0,0.0,0.0,0.0,0.0,0.0,0.783801,797829541.3688389,272.978975,296.80743645,320.6358979,344.46435935,368.2928208,392.12128225000004,415.9497437,439.77820515,463.60666660000004,487.43512805,511.2635895,535.09205095,558.9205124,582.7489738500001,606.5774353,630.40589675,654.2343582000001,678.06281965,701.8912811,725.7197425500001,749.548204
SF11C46881512282050980,17,,2019-05-18T17:00:00-0700,0.120024,0.120092,0.137038,0.049455,2.53601615437,2.992499050118,27.796481348020002,431.11809558714197,1.399643025352,0.5638052489100001,0.459796395002,0.26531609199,6.609572992396,1.531023725644,1.806607965036,15.099932025948,346.940916227836,0.80336684274,0.5089392078120001,0.253712483892,0.206099368468,3.6471173012120004,1.004992428726,1.185891085082,12.696549322072,84.177179359306,0.596276182612,0.054866041097999994,0.20608391111,0.05921672352199999,2.962455691184,0.0,0.0,0.0,0.0,0.0,0.0,0.0,0.0,0.0,0.848318,563173793.9074157,194.684151,209.5695516,224.4549522,239.3403528,254.2257534,269.111154,283.99655459999997,298.8819552,313.7673558,328.6527564,343.53815699999996,358.4235576,373.3089582,388.1943588,403.07975939999994,417.96515999999997,432.8505606,447.73596119999996,462.62136179999993,477.50676239999996,492.392163
SF11C46881512282050980,18,,2019-05-18T18:00:00-0700,0.070014,0.070082,0.080665,0.051603,1.485029443279,1.752334736141,16.285455878518,252.013465898861,0.8198076475,0.329297205417,0.269366464307,0.155130135813,3.872142813322,0.893458388074,1.0542808797060002,8.811856212258,202.464054983506,0.46882019679000003,0.29700127870200005,0.148058807382,0.120273256678,2.128345557602,0.591571055205,0.698053856435,7.47359966626,49.549410915355,0.35098745071000004,0.032295926715,0.12130765692500001,0.034856879135,1.74379725572,0.0,0.0,0.0,0.0,0.0,0.0,0.0,0.0,0.0,0.911519,328518046.4459925,114.74456,121.90892715000001,129.07329430000001,136.23766145000002,143.4020286,150.56639575,157.7307629,164.89513005,172.0594972,179.22386434999999,186.38823150000002,193.55259865,200.7169658,207.88133295,215.0457001,222.21006725,229.37443439999998,236.53880155000002,243.7031687,250.86753585,258.031903
SF11C46881512282050980,19,,2019-05-18T19:00:00-0700,0.040008,0.040049,0.045724,0.051191,0.845900016241,0.998162015153,9.271937309137002,143.786433136205,0.46686467013099997,0.188030661243,0.153371368679,0.088489461927,2.2047133627210003,0.510574969093,0.602478453117,5.035615842081,115.699936332217,0.267911590155,0.169724097639,0.084609559899,0.06873125277099999,1.216262538689,0.335325047148,0.395683562036,4.236321467056,28.086496803988,0.198953079976,0.018306563604,0.06876180878,0.019758209156,0.9884508240320001,0.0,0.0,0.0,0.0,0.0,0.0,0.0,0.0,0.0,0.949439,187724597.9691386,65.976974,69.26780535,72.5586367,75.84946805,79.1402994,82.43113075,85.7219621,89.01279345,92.3036248,95.59445615,98.8852875,102.17611885,105.4669502,108.75778155,112.0486129,115.33944425,118.6302756,121.92110695,125.2119383,128.50276965,131.793601
SF11C46881512282050980,20,,2019-05-18T20:00:00-0700,0.005701,0.005748,0.006442,0.048089,0.12052340246999999,0.14221761432199997,1.31958294406,20.562811964338,0.066482054968,0.02693870241,0.021831287438,0.012648307489999998,0.313824748484,0.07327985523599999,0.08647022768399999,0.722732649012,16.605738820884,0.03845179206,0.024359512428,0.012143517948,0.009864596891999998,0.174563087028,0.047243547234,0.055747386637999996,0.596850295048,3.9570731434539996,0.028030262908000002,0.002579189982,0.00968776949,0.0027837105979999998,0.139261661456,0.0,0.0,0.0,0.0,0.0,0.0,0.0,0.0,0.0,0.994524,26750098.3058903,9.468662,9.5365842,9.6045064,9.6724286,9.7403508,9.808273,9.8761952,9.9441174,10.0120396,10.0799618,10.147884000000001,10.2158062,10.283728400000001,10.351650600000001,10.419572800000001,10.487495000000001,10.5554172,10.6233394,10.6912616,10.7591838,10.827106
SF11C46881512282050980,21,,2019-05-18T21:00:00-0700,0.005701,0.005701,0.006081,0.045185,0.11727675349399999,0.138386568492,1.2802267410330002,20.205282438079998,0.064596870189,0.026594986662000004,0.021189104796000002,0.012411652117999999,0.304593374269,0.072680663657,0.08576318163300001,0.7168230396690001,16.469957727533,0.038137381095,0.024160330611000005,0.012044223351000001,0.009783936479,0.17313572706100003,0.044596089836999996,0.052623386859,0.563403701364,3.7353247105469993,0.026459489094,0.0024346560509999997,0.009144881445,0.0026277156389999997,0.131457647208,0.0,0.0,0.0,0.0,0.0,0.0,0.0,0.0,0.0,0.998634,26750098.3058903,9.468662,9.9420951,10.4155282,10.8889613,11.3623944,11.8358275,12.3092606,12.7826937,13.2561268,13.7295599,14.202993,14.6764261,15.1498592,15.6232923,16.0967254,16.570158499999998,17.0435916,17.5170247,17.9904578,18.463890900000003,18.937324
SF11C46881512282050980,22,,2019-05-18T22:00:00-0700,0.005701,0.005701,0.005723,0.042456,0.114651297128,0.13528852993,1.247058096881,19.985376789934,0.063039149897,0.026451653844000004,0.020650728286,0.012256953515999999,0.29685421332500006,0.072680663657,0.08576318163300001,0.7168230396690001,16.469957727533,0.038137381095,0.024160330611000005,0.012044223351000001,0.009783936479,0.17313572706100003,0.041970633470999996,0.049525348297,0.530235057212,3.5154190624009996,0.024901768802000002,0.002291323233,0.008606504935,0.002473017037,0.123718486264,0.0,0.0,0.0,0.0,0.0,0.0,0.0,0.0,0.0,0.998634,26750098.3058903,9.468662,9.9420951,10.4155282,10.8889613,11.3623944,11.8358275,12.3092606,12.7826937,13.2561268,13.7295599,14.202993,14.6764261,15.1498592,15.6232923,16.0967254,16.570158499999998,17.0435916,17.5170247,17.9904578,18.463890900000003,18.937324
SF11C46881512282050980,23,,2019-05-18T23:00:00-0700,0.005701,0.005701,0.005278,0.039885,0.11138781086300001,0.131437616075,1.205828916301,19.712030383719,0.061102877466999994,0.026273488749000005,0.019981517261000004,0.012064660561,0.28723430656500004,0.072680663657,0.08576318163300001,0.7168230396690001,16.469957727533,0.038137381095,0.024160330611000005,0.012044223351000001,0.009783936479,0.17313572706100003,0.038707147206,0.045674434442,0.48900587663199996,3.2420726561859996,0.022965496372,0.002113158138,0.00793729391,0.0022807240819999997,0.114098579504,0.0,0.0,0.0,0.0,0.0,0.0,0.0,0.0,0.0,0.998634,26750098.3058903,9.468662,9.9420951,10.4155282,10.8889613,11.3623944,11.8358275,12.3092606,12.7826937,13.2561268,13.7295599,14.202993,14.6764261,15.1498592,15.6232923,16.0967254,16.570158499999998,17.0435916,17.5170247,17.9904578,18.463890900000003,18.937324
SF11C46881612282050980,0,,2019-05-18T00:00:00-0700,0.005701,0.005701,0.004756,0.000329,0.0,0.0,0.0,0.0,0.0,0.0,0.0,0.0,0.0,0.0,0.0,0.0,0.0,0.0,0.0,0.0,0.0,0.0,0.0,0.0,0.0,0.0,0.0,0.0,0.0,0.0,0.0,0.0,0.0,0.0,0.0,0.0,0.0,0.0,0.0,0.0,0.979128,,0.0,0.0,0.0,0.0,0.0,0.0,0.0,0.0,0.0,0.0,0.0,0.0,0.0,0.0,0.0,0.0,0.0,0.0,0.0,0.0,0.0
SF11C46881612282050980,1,,2019-05-18T01:00:00-0700,0.005701,0.005701,0.003952,0.000579,0.0,0.0,0.0,0.0,0.0,0.0,0.0,0.0,0.0,0.0,0.0,0.0,0.0,0.0,0.0,0.0,0.0,0.0,0.0,0.0,0.0,0.0,0.0,0.0,0.0,0.0,0.0,0.0,0.0,0.0,0.0,0.0,0.0,0.0,0.0,0.0,0.979128,,0.0,0.0,0.0,0.0,0.0,0.0,0.0,0.0,0.0,0.0,0.0,0.0,0.0,0.0,0.0,0.0,0.0,0.0,0.0,0.0,0.0
SF11C46881612282050980,2,,2019-05-18T02:00:00-0700,0.005701,0.005701,0.0034,0.000774,0.0,0.0,0.0,0.0,0.0,0.0,0.0,0.0,0.0,0.0,0.0,0.0,0.0,0.0,0.0,0.0,0.0,0.0,0.0,0.0,0.0,0.0,0.0,0.0,0.0,0.0,0.0,0.0,0.0,0.0,0.0,0.0,0.0,0.0,0.0,0.0,0.986085,,0.0,0.0,0.0,0.0,0.0,0.0,0.0,0.0,0.0,0.0,0.0,0.0,0.0,0.0,0.0,0.0,0.0,0.0,0.0,0.0,0.0
SF11C46881612282050980,3,,2019-05-18T03:00:00-0700,0.005701,0.005701,0.00302,0.00093,0.0,0.0,0.0,0.0,0.0,0.0,0.0,0.0,0.0,0.0,0.0,0.0,0.0,0.0,0.0,0.0,0.0,0.0,0.0,0.0,0.0,0.0,0.0,0.0,0.0,0.0,0.0,0.0,0.0,0.0,0.0,0.0,0.0,0.0,0.0,0.0,0.989564,,0.0,0.0,0.0,0.0,0.0,0.0,0.0,0.0,0.0,0.0,0.0,0.0,0.0,0.0,0.0,0.0,0.0,0.0,0.0,0.0,0.0
SF11C46881612282050980,4,,2019-05-18T04:00:00-0700,0.005701,0.005701,0.002759,0.001056,0.0,0.0,0.0,0.0,0.0,0.0,0.0,0.0,0.0,0.0,0.0,0.0,0.0,0.0,0.0,0.0,0.0,0.0,0.0,0.0,0.0,0.0,0.0,0.0,0.0,0.0,0.0,0.0,0.0,0.0,0.0,0.0,0.0,0.0,0.0,0.0,0.991651,,0.0,0.0,0.0,0.0,0.0,0.0,0.0,0.0,0.0,0.0,0.0,0.0,0.0,0.0,0.0,0.0,0.0,0.0,0.0,0.0,0.0
SF11C46881612282050980,5,,2019-05-18T05:00:00-0700,0.005701,0.005701,0.00258,0.001162,0.0,0.0,0.0,0.0,0.0,0.0,0.0,0.0,0.0,0.0,0.0,0.0,0.0,0.0,0.0,0.0,0.0,0.0,0.0,0.0,0.0,0.0,0.0,0.0,0.0,0.0,0.0,0.0,0.0,0.0,0.0,0.0,0.0,0.0,0.0,0.0,0.993043,,0.0,0.0,0.0,0.0,0.0,0.0,0.0,0.0,0.0,0.0,0.0,0.0,0.0,0.0,0.0,0.0,0.0,0.0,0.0,0.0,0.0
SF11C46881612282050980,6,,2019-05-18T06:00:00-0700,0.005701,0.005701,0.002457,0.001251,0.0,0.0,0.0,0.0,0.0,0.0,0.0,0.0,0.0,0.0,0.0,0.0,0.0,0.0,0.0,0.0,0.0,0.0,0.0,0.0,0.0,0.0,0.0,0.0,0.0,0.0,0.0,0.0,0.0,0.0,0.0,0.0,0.0,0.0,0.0,0.0,0.994036,,0.0,0.0,0.0,0.0,0.0,0.0,0.0,0.0,0.0,0.0,0.0,0.0,0.0,0.0,0.0,0.0,0.0,0.0,0.0,0.0,0.0
SF11C46881612282050980,7,,2019-05-18T07:00:00-0700,0.005701,0.005701,0.002372,0.001329,0.0,0.0,0.0,0.0,0.0,0.0,0.0,0.0,0.0,0.0,0.0,0.0,0.0,0.0,0.0,0.0,0.0,0.0,0.0,0.0,0.0,0.0,0.0,0.0,0.0,0.0,0.0,0.0,0.0,0.0,0.0,0.0,0.0,0.0,0.0,0.0,0.994782,,0.0,0.0,0.0,0.0,0.0,0.0,0.0,0.0,0.0,0.0,0.0,0.0,0.0,0.0,0.0,0.0,0.0,0.0,0.0,0.0,0.0
SF11C46881612282050980,8,,2019-05-18T08:00:00-0700,0.005701,0.005701,0.002186,0.001388,0.0,0.0,0.0,0.0,0.0,0.0,0.0,0.0,0.0,0.0,0.0,0.0,0.0,0.0,0.0,0.0,0.0,0.0,0.0,0.0,0.0,0.0,0.0,0.0,0.0,0.0,0.0,0.0,0.0,0.0,0.0,0.0,0.0,0.0,0.0,0.0,0.995362,,0.0,0.0,0.0,0.0,0.0,0.0,0.0,0.0,0.0,0.0,0.0,0.0,0.0,0.0,0.0,0.0,0.0,0.0,0.0,0.0,0.0
SF11C46881612282050980,9,,2019-05-18T09:00:00-0700,0.005701,0.005701,0.00287,0.00149,0.0,0.0,0.0,0.0,0.0,0.0,0.0,0.0,0.0,0.0,0.0,0.0,0.0,0.0,0.0,0.0,0.0,0.0,0.0,0.0,0.0,0.0,0.0,0.0,0.0,0.0,0.0,0.0,0.0,0.0,0.0,0.0,0.0,0.0,0.0,0.0,0.995826,,0.0,0.0,0.0,0.0,0.0,0.0,0.0,0.0,0.0,0.0,0.0,0.0,0.0,0.0,0.0,0.0,0.0,0.0,0.0,0.0,0.0
SF11C46881612282050980,10,,2019-05-18T10:00:00-0700,0.020004,0.020004,0.012411,0.002246,0.0,0.0,0.0,0.0,0.0,0.0,0.0,0.0,0.0,0.0,0.0,0.0,0.0,0.0,0.0,0.0,0.0,0.0,0.0,0.0,0.0,0.0,0.0,0.0,0.0,0.0,0.0,0.0,0.0,0.0,0.0,0.0,0.0,0.0,0.0,0.0,0.975555,,0.0,0.0,0.0,0.0,0.0,0.0,0.0,0.0,0.0,0.0,0.0,0.0,0.0,0.0,0.0,0.0,0.0,0.0,0.0,0.0,0.0
SF11C46881612282050980,11,,2019-05-18T11:00:00-0700,0.040008,0.040008,0.029269,0.004114,0.0,0.0,0.0,0.0,0.0,0.0,0.0,0.0,0.0,0.0,0.0,0.0,0.0,0.0,0.0,0.0,0.0,0.0,0.0,0.0,0.0,0.0,0.0,0.0,0.0,0.0,0.0,0.0,0.0,0.0,0.0,0.0,0.0,0.0,0.0,0.0,0.924883,,0.0,0.0,0.0,0.0,0.0,0.0,0.0,0.0,0.0,0.0,0.0,0.0,0.0,0.0,0.0,0.0,0.0,0.0,0.0,0.0,0.0
SF11C46881612282050980,12,,2019-05-18T12:00:00-0700,0.070014,0.070014,0.058404,0.007868,0.0,0.0,0.0,0.0,0.0,0.0,0.0,0.0,0.0,0.0,0.0,0.0,0.0,0.0,0.0,0.0,0.0,0.0,0.0,0.0,0.0,0.0,0.0,0.0,0.0,0.0,0.0,0.0,0.0,0.0,0.0,0.0,0.0,0.0,0.0,0.0,0.849215,,0.0,0.0,0.0,0.0,0.0,0.0,0.0,0.0,0.0,0.0,0.0,0.0,0.0,0.0,0.0,0.0,0.0,0.0,0.0,0.0,0.0
SF11C46881612282050980,13,,2019-05-18T13:00:00-0700,0.10002,0.10002,0.092587,0.013726,0.0,0.0,0.0,0.0,0.0,0.0,0.0,0.0,0.0,0.0,0.0,0.0,0.0,0.0,0.0,0.0,0.0,0.0,0.0,0.0,0.0,0.0,0.0,0.0,0.0,0.0,0.0,0.0,0.0,0.0,0.0,0.0,0.0,0.0,0.0,0.0,0.783092,,0.0,0.0,0.0,0.0,0.0,0.0,0.0,0.0,0.0,0.0,0.0,0.0,0.0,0.0,0.0,0.0,0.0,0.0,0.0,0.0,0.0
SF11C46881612282050980,14,,2019-05-18T14:00:00-0700,0.130026,0.130026,0.130525,0.021803,0.0,0.0,0.0,0.0,0.0,0.0,0.0,0.0,0.0,0.0,0.0,0.0,0.0,0.0,0.0,0.0,0.0,0.0,0.0,0.0,0.0,0.0,0.0,0.0,0.0,0.0,0.0,0.0,0.0,0.0,0.0,0.0,0.0,0.0,0.0,0.0,0.737432,,0.0,0.0,0.0,0.0,0.0,0.0,0.0,0.0,0.0,0.0,0.0,0.0,0.0,0.0,0.0,0.0,0.0,0.0,0.0,0.0,0.0
SF11C46881612282050980,15,,2019-05-18T15:00:00-0700,0.160032,0.160032,0.170708,0.032099,0.0,0.0,0.0,0.0,0.0,0.0,0.0,0.0,0.0,0.0,0.0,0.0,0.0,0.0,0.0,0.0,0.0,0.0,0.0,0.0,0.0,0.0,0.0,0.0,0.0,0.0,0.0,0.0,0.0,0.0,0.0,0.0,0.0,0.0,0.0,0.0,0.736568,,0.0,0.0,0.0,0.0,0.0,0.0,0.0,0.0,0.0,0.0,0.0,0.0,0.0,0.0,0.0,0.0,0.0,0.0,0.0,0.0,0.0
SF11C46881612282050980,16,,2019-05-18T16:00:00-0700,0.170034,0.170034,0.189207,0.042963,0.0,0.0,0.0,0.0,0.0,0.0,0.0,0.0,0.0,0.0,0.0,0.0,0.0,0.0,0.0,0.0,0.0,0.0,0.0,0.0,0.0,0.0,0.0,0.0,0.0,0.0,0.0,0.0,0.0,0.0,0.0,0.0,0.0,0.0,0.0,0.0,0.783801,,0.0,0.0,0.0,0.0,0.0,0.0,0.0,0.0,0.0,0.0,0.0,0.0,0.0,0.0,0.0,0.0,0.0,0.0,0.0,0.0,0.0
SF11C46881612282050980,17,,2019-05-18T17:00:00-0700,0.120024,0.120024,0.13693,0.049461,0.0,0.0,0.0,0.0,0.0,0.0,0.0,0.0,0.0,0.0,0.0,0.0,0.0,0.0,0.0,0.0,0.0,0.0,0.0,0.0,0.0,0.0,0.0,0.0,0.0,0.0,0.0,0.0,0.0,0.0,0.0,0.0,0.0,0.0,0.0,0.0,0.868512,,0.0,0.0,0.0,0.0,0.0,0.0,0.0,0.0,0.0,0.0,0.0,0.0,0.0,0.0,0.0,0.0,0.0,0.0,0.0,0.0,0.0
SF11C46881612282050980,18,,2019-05-18T18:00:00-0700,0.070014,0.070014,0.080537,0.05161,0.0,0.0,0.0,0.0,0.0,0.0,0.0,0.0,0.0,0.0,0.0,0.0,0.0,0.0,0.0,0.0,0.0,0.0,0.0,0.0,0.0,0.0,0.0,0.0,0.0,0.0,0.0,0.0,0.0,0.0,0.0,0.0,0.0,0.0,0.0,0.0,0.948022,,0.0,0.0,0.0,0.0,0.0,0.0,0.0,0.0,0.0,0.0,0.0,0.0,0.0,0.0,0.0,0.0,0.0,0.0,0.0,0.0,0.0
SF11C46881612282050980,19,,2019-05-18T19:00:00-0700,0.040008,0.040008,0.045643,0.051197,0.0,0.0,0.0,0.0,0.0,0.0,0.0,0.0,0.0,0.0,0.0,0.0,0.0,0.0,0.0,0.0,0.0,0.0,0.0,0.0,0.0,0.0,0.0,0.0,0.0,0.0,0.0,0.0,0.0,0.0,0.0,0.0,0.0,0.0,0.0,0.0,0.983508,,0.0,0.0,0.0,0.0,0.0,0.0,0.0,0.0,0.0,0.0,0.0,0.0,0.0,0.0,0.0,0.0,0.0,0.0,0.0,0.0,0.0
SF11C46881612282050980,20,,2019-05-18T20:00:00-0700,0.005701,0.005701,0.006344,0.048096,0.0,0.0,0.0,0.0,0.0,0.0,0.0,0.0,0.0,0.0,0.0,0.0,0.0,0.0,0.0,0.0,0.0,0.0,0.0,0.0,0.0,0.0,0.0,0.0,0.0,0.0,0.0,0.0,0.0,0.0,0.0,0.0,0.0,0.0,0.0,0.0,0.999029,,0.0,0.0,0.0,0.0,0.0,0.0,0.0,0.0,0.0,0.0,0.0,0.0,0.0,0.0,0.0,0.0,0.0,0.0,0.0,0.0,0.0
SF11C46881612282050980,21,,2019-05-18T21:00:00-0700,0.005701,0.005701,0.006081,0.04519,0.0,0.0,0.0,0.0,0.0,0.0,0.0,0.0,0.0,0.0,0.0,0.0,0.0,0.0,0.0,0.0,0.0,0.0,0.0,0.0,0.0,0.0,0.0,0.0,0.0,0.0,0.0,0.0,0.0,0.0,0.0,0.0,0.0,0.0,0.0,0.0,0.999759,,0.0,0.0,0.0,0.0,0.0,0.0,0.0,0.0,0.0,0.0,0.0,0.0,0.0,0.0,0.0,0.0,0.0,0.0,0.0,0.0,0.0
SF11C46881612282050980,22,,2019-05-18T22:00:00-0700,0.005701,0.005701,0.005723,0.042461,0.0,0.0,0.0,0.0,0.0,0.0,0.0,0.0,0.0,0.0,0.0,0.0,0.0,0.0,0.0,0.0,0.0,0.0,0.0,0.0,0.0,0.0,0.0,0.0,0.0,0.0,0.0,0.0,0.0,0.0,0.0,0.0,0.0,0.0,0.0,0.0,0.999761,,0.0,0.0,0.0,0.0,0.0,0.0,0.0,0.0,0.0,0.0,0.0,0.0,0.0,0.0,0.0,0.0,0.0,0.0,0.0,0.0,0.0
SF11C46881612282050980,23,,2019-05-18T23:00:00-0700,0.005701,0.005701,0.005277,0.03989,0.0,0.0,0.0,0.0,0.0,0.0,0.0,0.0,0.0,0.0,0.0,0.0,0.0,0.0,0.0,0.0,0.0,0.0,0.0,0.0,0.0,0.0,0.0,0.0,0.0,0.0,0.0,0.0,0.0,0.0,0.0,0.0,0.0,0.0,0.0,0.0,0.999762,,0.0,0.0,0.0,0.0,0.0,0.0,0.0,0.0,0.0,0.0,0.0,0.0,0.0,0.0,0.0,0.0,0.0,0.0,0.0,0.0,0.0
SF11C46881712282050980,0,,2019-05-18T00:00:00-0700,0.005701,0.005698,0.004727,0.000329,0.043499665649,0.051329601929000004,0.489571238549,6.735743265245,0.024324208136000003,0.008388895226999999,0.008068316403,0.004201643410000001,0.11598211617700002,0.021647146444000002,0.025543632575999998,0.213497946046,4.905397846734,0.011358803455999999,0.00719589024,0.0035872385780000003,0.002914036972,0.051566592308,0.021852519205,0.025785969353000003,0.276073292503,1.8303454185110002,0.012965404680000002,0.001193004987,0.004481077825000001,0.0012876064380000002,0.06441552386900001,0.0,0.0,0.0,0.0,0.0,0.0,0.0,0.0,0.0,0.958135,7863938.539052169,4.404418,5.02623575,5.6480535,6.26987125,6.8916889999999995,7.5135067499999995,8.1353245,8.75714225,9.37896,10.00077775,10.6225955,11.24441325,11.866230999999999,12.488048749999999,13.109866499999999,13.731684249999999,14.353501999999999,14.975319749999999,15.597137499999999,16.21895525,16.840773
SF11C46881712282050980,1,,2019-05-18T01:00:00-0700,0.005701,0.005701,0.004173,0.000594,0.040949967973000004,0.048320959058999996,0.457328112424,6.523811180472,0.022810655192,0.008252864793,0.007545026936,0.004052271376000001,0.108459826577,0.021658543678000002,0.025557081312,0.21361035282700003,4.907980541283,0.011364783872,0.00719967888,0.0035891272610000004,0.0029155712140000005,0.051593742146,0.019291424294999998,0.022763877747,0.24371775959699998,1.615830639189,0.01144587132,0.001053185913,0.003955899675,0.001136700162,0.056866084431,0.0,0.0,0.0,0.0,0.0,0.0,0.0,0.0,0.0,0.958135,7863938.539052169,4.404418,5.080995349999999,5.7575727,6.4341500499999995,7.1107274,7.78730475,8.4638821,9.14045945,9.8170368,10.493614149999999,11.1701915,11.84676885,12.523346199999999,13.19992355,13.8765009,14.553078249999999,15.2296556,15.90623295,16.5828103,17.25938765,17.935965
SF11C46881712282050980,2,,2019-05-18T02:00:00-0700,0.005701,0.005701,0.003482,0.000794,0.037755533708,0.04455152711,0.41697130152500006,6.256248522509,0.020915352752000002,0.008078469522,0.006889976211,0.0038640471220000006,0.099043468,0.021658543678000002,0.025557081312,0.21361035282700003,4.907980541283,0.011364783872,0.00719967888,0.0035891272610000004,0.0029155712140000005,0.051593742146,0.016096990029999998,0.018994445798,0.203360948698,1.3482679812260001,0.00955056888,0.000878790642,0.00330084895,0.000948475908,0.047449725854,0.0,0.0,0.0,0.0,0.0,0.0,0.0,0.0,0.0,0.97209,7863938.539052169,4.404418,4.880757099999999,5.3570962,5.8334353,6.3097744,6.7861135,7.2624526,7.7387917,8.2151308,8.6914699,9.167809,9.644148099999999,10.1204872,10.5968263,11.0731654,11.549504500000001,12.0258436,12.5021827,12.9785218,13.4548609,13.9312
SF11C46881712282050980,3,,2019-05-18T03:00:00-0700,0.005701,0.005701,0.00303,0.000948,0.035665976128,0.042085849482000004,0.39057292449700004,6.0812292440730005,0.019675589072,0.00796439331,0.006461491511000001,0.0037409250340000007,0.092883997556,0.021658543678000002,0.025557081312,0.21361035282700003,4.907980541283,0.011364783872,0.00719967888,0.0035891272610000004,0.0029155712140000005,0.051593742146,0.014007432450000001,0.016528768170000003,0.17696257167,1.17324870279,0.0083108052,0.0007647144300000001,0.0028723642500000004,0.0008253538200000001,0.041290255410000004,0.0,0.0,0.0,0.0,0.0,0.0,0.0,0.0,0.0,0.979067,7863938.539052169,4.404418,4.766750549999999,5.1290831,5.4914156499999995,5.8537482,6.21608075,6.578413299999999,6.940745849999999,7.3030783999999995,7.66541095,8.0277435,8.39007605,8.752408599999999,9.11474115,9.477073699999998,9.83940625,10.2017388,10.564071349999999,10.9264039,11.288736449999998,11.651069
SF11C46881712282050980,4,,2019-05-18T04:00:00-0700,0.005701,0.005701,0.002736,0.001072,0.034306839118000004,0.040482068016,0.37340229873100006,5.967389270931,0.018869194112000002,0.007890193296,0.0061827868610000005,0.0036608411980000007,0.08887761633800001,0.021658543678000002,0.025557081312,0.21361035282700003,4.907980541283,0.011364783872,0.00719967888,0.0035891272610000004,0.0029155712140000005,0.051593742146,0.01264829544,0.014924986704000002,0.159791945904,1.0594087296480001,0.007504410240000001,0.0006905144160000001,0.0025936596,0.0007452699840000001,0.037283874192,0.0,0.0,0.0,0.0,0.0,0.0,0.0,0.0,0.0,0.983254,7863938.539052169,4.404418,4.6917328,4.9790475999999995,5.2663624,5.5536772,5.840992,6.1283068,6.4156216,6.7029364000000005,6.990251199999999,7.277566,7.5648808,7.8521956,8.1395104,8.4268252,8.71414,9.001454800000001,9.2887696,9.5760844,9.8633992,10.150714
SF11C46881712282050980,5,,2019-05-18T05:00:00-0700,0.005701,0.005701,0.002544,0.001174,0.033419239438,0.039434700528,0.362188828843,5.893044798675,0.018342568832,0.007841736144,0.006000775661,0.0036085415500000007,0.086261204114,0.021658543678000002,0.025557081312,0.21361035282700003,4.907980541283,0.011364783872,0.00719967888,0.0035891272610000004,0.0029155712140000005,0.051593742146,0.011760695759999999,0.013877619216,0.148578476016,0.985064257392,0.0069777849599999995,0.000642057264,0.0024116484,0.0006929703360000001,0.034667461967999996,0.0,0.0,0.0,0.0,0.0,0.0,0.0,0.0,0.0,0.986045,7863938.539052169,4.404418,4.637967499999999,4.871517,5.1050664999999995,5.338616,5.5721655,5.805714999999999,6.0392645,6.2728139999999994,6.506363499999999,6.739913,6.9734625,7.207012,7.440561499999999,7.674111,7.9076604999999995,8.14121,8.3747595,8.608308999999998,8.8418585,9.075408
SF11C46881712282050980,6,,2019-05-18T06:00:00-0700,0.005701,0.005701,0.002419,0.00126,0.032841375063,0.038752820653,0.35488839271800005,5.84464344955,0.017999713832,0.007810188519,0.005882278786000001,0.003574492300000001,0.08455781073900001,0.021658543678000002,0.025557081312,0.21361035282700003,4.907980541283,0.011364783872,0.00719967888,0.0035891272610000004,0.0029155712140000005,0.051593742146,0.011182831385,0.013195739341,0.14127803989100002,0.9366629082670002,0.006634929960000001,0.0006105096390000001,0.0022931515250000003,0.0006589210860000001,0.032964068593,0.0,0.0,0.0,0.0,0.0,0.0,0.0,0.0,0.0,0.988039,7863938.539052169,4.404418,4.597187099999999,4.7899562,4.9827253,5.1754944,5.368263499999999,5.5610326,5.7538017,5.9465708,6.1393398999999995,6.332109,6.5248781000000005,6.7176472,6.9104163,7.1031854,7.295954500000001,7.4887236,7.6814927,7.8742618,8.0670309,8.2598
SF11C46881712282050980,7,,2019-05-18T07:00:00-0700,0.005701,0.005701,0.002338,0.001334,0.032466918948,0.038310962494,0.350157710109,5.813279375317,0.017777543792,0.007789745658,0.005805492811,0.0035524283860000005,0.08345401183199999,0.021658543678000002,0.025557081312,0.21361035282700003,4.907980541283,0.011364783872,0.00719967888,0.0035891272610000004,0.0029155712140000005,0.051593742146,0.010808375269999998,0.012753881182,0.136547357282,0.905298834034,0.0064127599199999994,0.000590066778,0.0022163655499999996,0.000636857172,0.031860269685999996,0.0,0.0,0.0,0.0,0.0,0.0,0.0,0.0,0.0,0.989534,7863938.539052169,4.404418,4.564976199999999,4.7255344,4.8860926,5.0466508,5.207209,5.367767199999999,5.5283254,5.6888836,5.8494418,6.01,6.1705582,6.3311164,6.4916746,6.6522328,6.812791,6.9733491999999995,7.1339074,7.2944656000000005,7.455023799999999,7.615582
SF11C46881712282050980,8,,2019-05-18T08:00:00-0700,0.005701,0.005701,0.002187,0.001393,0.031768858783,0.037487251605,0.34133878327,5.754810545574,0.017363374952,0.007751636127,0.0056623485860000005,0.0035112968920000005,0.08139631263500001,0.021658543678000002,0.025557081312,0.21361035282700003,4.907980541283,0.011364783872,0.00719967888,0.0035891272610000004,0.0029155712140000005,0.051593742146,0.010110315105,0.011930170293000001,0.127728430443,0.8468300042910001,0.005998591080000001,0.000551957247,0.002073221325,0.0005957256780000001,0.029802570489000004,0.0,0.0,0.0,0.0,0.0,0.0,0.0,0.0,0.0,0.990697,7863938.539052169,4.404418,4.53827995,4.6721419,4.80600385,4.9398658,5.07372775,5.2075897,5.34145165,5.4753136,5.60917555,5.7430375,5.87689945,6.0107614,6.14462335,6.2784853,6.41234725,6.5462092,6.68007115,6.8139331,6.94779505,7.081657
SF11C46881712282050980,9,,2019-05-18T09:00:00-0700,0.005701,0.005701,0.002865,0.001495,0.034903195153,0.041185768047,0.380936348812,6.017339463228,0.019223020472000002,0.007922750445,0.006305075636,0.0036959800240000005,0.090635518301,0.021658543678000002,0.025557081312,0.21361035282700003,4.907980541283,0.011364783872,0.00719967888,0.0035891272610000004,0.0029155712140000005,0.051593742146,0.013244651474999999,0.015628686735,0.167325995985,1.109358921945,0.0078582366,0.0007230715650000001,0.002715948375,0.00078040881,0.039041776155,0.0,0.0,0.0,0.0,0.0,0.0,0.0,0.0,0.0,0.991627,7863938.539052169,4.404418,4.51962865,4.634839299999999,4.750049949999999,4.8652606,4.98047125,5.0956819,5.21089255,5.3261031999999995,5.44131385,5.5565245,5.67173515,5.7869458,5.90215645,6.0173670999999995,6.132577749999999,6.247788399999999,6.36299905,6.4782097,6.59342035,6.708631
SF11C46881712282050980,10,,2019-05-18T10:00:00-0700,0.020004,0.019995,0.012352,0.00225,0.13306481069,0.157016467168,1.470591091493,21.996486884221,0.07373903232000001,0.028368695712,0.024297459395,0.013590333618000001,0.349276190014,0.07596256461,0.08963582544,0.749191195365,17.213659169085,0.03985947264,0.0252512856,0.012588072195,0.01022572293,0.18095367027,0.05710224608,0.067380641728,0.721399896128,4.782827715136,0.033879559680000004,0.003117410112,0.0117093872,0.0033646106880000004,0.168322519744,0.0,0.0,0.0,0.0,0.0,0.0,0.0,0.0,0.0,0.95097,27593444.40189433,15.433143,16.7363923,18.0396416,19.3428909,20.646140199999998,21.9493895,23.2526388,24.555888099999997,25.859137399999998,27.1623867,28.465635999999996,29.768885299999997,31.0721346,32.375383899999996,33.6786332,34.9818825,36.285131799999995,37.5883811,38.8916304,40.194879699999994,41.498129
SF11C46881712282050980,11,,2019-05-18T11:00:00-0700,0.040008,0.039996,0.029165,0.004118,0.286775239663,0.338394760787,3.2019449609770003,45.725486505113,0.159725834712,0.057870840344999994,0.052827612631,0.028398885354,0.759397382471,0.151947923688,0.179298548352,1.498607204292,34.432483727268,0.079730906112,0.050510148479999996,0.025179921756,0.020454514344,0.36196164021599997,0.134827315975,0.159096212435,1.703337756685,11.293002777845,0.0799949286,0.007360691865,0.027647690875,0.007944371010000001,0.397435742255,0.0,0.0,0.0,0.0,0.0,0.0,0.0,0.0,0.0,0.849333,55186888.80378866,30.806742,35.4885509,40.1703598,44.8521687,49.5339776,54.2157865,58.8975954,63.5794043,68.2612132,72.94302210000001,77.624831,82.3066399,86.9884488,91.67025770000001,96.3520666,101.03387550000001,105.7156844,110.3974933,115.0793022,119.76111110000001,124.44292
SF11C46881712282050980,12,,2019-05-18T12:00:00-0700,0.070014,0.069995,0.058223,0.007871,0.535076444655,0.631390161137,6.023063885412,82.803142319924,0.29922944596,0.103089664563,0.09926007062,0.051656018792000005,1.426864350051,0.26591646461,0.31378142544,2.622637545365,60.258568319085,0.13953307264,0.0883952856,0.044066122195,0.03579642293,0.6334509702700001,0.26915998004499997,0.317608735697,3.400426340047,22.544574000839,0.15969637332,0.014694378963,0.055193948425,0.015859595862,0.793413379781,0.0,0.0,0.0,0.0,0.0,0.0,0.0,0.0,0.0,0.69756,96577055.40663016,53.755993,64.3974396,75.0388862,85.6803328,96.3217794,106.96322599999999,117.60467259999999,128.2461192,138.8875658,149.5290124,160.170459,170.8119056,181.45335219999998,192.09479879999998,202.7362454,213.377692,224.0191386,234.66058519999999,245.30203179999998,255.9434784,266.584925
SF11C46881712282050980,13,,2019-05-18T13:00:00-0700,0.10002,0.100001,0.09237,0.013728,0.806930257628,0.952177635342,9.141660447857,121.85734014759302,0.45270532427200005,0.14960169585,0.150521180311,0.07630294519400001,2.163743218336,0.37991159907800004,0.448295682912,3.7469301689270003,86.09067919818301,0.199349193472,0.12628926288,0.06295672956100001,0.051141911414000006,0.9050036499460001,0.42701865855,0.50388195243,5.39473027893,35.76666094941,0.2533561308,0.02331243297,0.08756445075,0.02516103378,1.25873956839,0.0,0.0,0.0,0.0,0.0,0.0,0.0,0.0,0.0,0.668988,137967222.00947165,76.572556,90.2984823,104.0244086,117.7503349,131.4762612,145.20218749999998,158.9281138,172.65404009999997,186.3799664,200.10589269999997,213.831819,227.55774529999997,241.2836716,255.00959789999996,268.7355242,282.46145049999996,296.1873768,309.91330309999995,323.6392294,337.3651557,351.091082
SF11C46881712282050980,14,,2019-05-18T14:00:00-0700,0.130026,0.130007,0.130279,0.021803,1.0961754768310001,1.2934869662650001,12.47997093592,162.36822497852802,0.6164997666640001,0.19706318445900003,0.20534857195200001,0.10197461782400002,2.951887413635,0.49390673354600007,0.582809940384,4.871222792489,111.92279007728101,0.259165314304,0.16418324016000002,0.08184733692700001,0.06648739989800001,1.176556329622,0.602268743285,0.710677025881,7.608748143431001,50.445434901247005,0.35733445236000005,0.03287994429900001,0.123501235025,0.03548721792600001,1.775331084013,0.0,0.0,0.0,0.0,0.0,0.0,0.0,0.0,0.0,0.703836,179357388.61231315,99.257196,113.63279564999999,128.0083953,142.38399495,156.75959459999999,171.13519424999998,185.51079389999998,199.88639354999998,214.26199319999998,228.63759284999998,243.01319249999997,257.38879215,271.7643918,286.13999144999997,300.51559109999994,314.89119074999996,329.2667904,343.64239004999996,358.01798969999993,372.39358934999996,386.769189
SF11C46881712282050980,15,,2019-05-18T15:00:00-0700,0.160032,0.160013,0.170442,0.032097,1.3958407464440001,1.647091955094,15.949922888189,203.751882936885,0.7864765704159999,0.245093539842,0.262312699243,0.12826026653,3.7707471982720007,0.607901868014,0.7173241978559999,5.995515416051,137.754900956379,0.31898143513599997,0.20207721743999998,0.100737944293,0.081832888382,1.448109009298,0.78793887843,0.9297677572380001,9.954407472138001,65.996981980506,0.46749513528000003,0.043016322402000005,0.16157475495,0.046427378148000006,2.3226381889740004,0.0,0.0,0.0,0.0,0.0,0.0,0.0,0.0,0.0,0.736568,220747555.21515465,121.810678,136.23831585,150.6659537,165.09359154999999,179.52122939999998,193.94886724999998,208.3765051,222.80414295,237.2317808,251.65941865,266.0870565,280.51469435,294.9423322,309.36997005,323.7976079,338.22524575,352.6528836,367.08052145,381.5081593,395.93579715,410.363435
SF11C46881712282050980,16,,2019-05-18T16:00:00-0700,0.170034,0.170028,0.189065,0.042959,1.5199810586590001,1.793577510071,17.412822367741,219.58480483766903,0.857521101816,0.26244137440500004,0.286271891083,0.138454871202,4.115160766043001,0.6459496341840001,0.762220561536,6.370766719956,146.376796259124,0.338946057216,0.21472496064000002,0.10704299770800002,0.08695469959200001,1.5387442184880002,0.874031424475,1.031356948535,11.042055647785,73.208008578545,0.5185750446,0.04771641376500001,0.179228893375,0.051500171610000006,2.5764165475550005,0.0,0.0,0.0,0.0,0.0,0.0,0.0,0.0,0.0,0.783801,234544277.41610178,129.29949,141.8032824,154.30707479999998,166.8108672,179.3146596,191.81845199999998,204.3222444,216.8260368,229.3298292,241.8336216,254.337414,266.84120640000003,279.3449988,291.8487912,304.3525836,316.85637599999995,329.3601684,341.8639608,354.3677532,366.8715456,379.375338
SF11C46881712282050980,17,,2019-05-18T17:00:00-0700,0.120024,0.120055,0.137212,0.049455,1.09041772227,1.2866928114279998,12.511991563653002,156.485098689181,0.6156768430399999,0.186244760172,0.20565549155500001,0.09877353329800001,2.956299361194,0.45609830929,0.5381960001599999,4.498332030985,103.355131360065,0.23932628095999997,0.1516150584,0.075581945855,0.06139780777,1.08649126703,0.6343194129799999,0.748496811268,8.013659532668001,53.129967329116006,0.37635056208,0.034629701772000004,0.13007354570000002,0.037375725528,1.869808094164,0.0,0.0,0.0,0.0,0.0,0.0,0.0,0.0,0.0,0.868512,165560666.411366,91.71026,98.57494005000001,105.4396201,112.30430015,119.16898020000001,126.03366025,132.8983403,139.76302035,146.6277004,153.49238044999998,160.3570605,167.22174055,174.0864206,180.95110065,187.8157807,194.68046075,201.5451408,208.40982085000002,215.2745009,222.13918095,229.003861
SF11C46881712282050980,18,,2019-05-18T18:00:00-0700,0.070014,0.070045,0.080856,0.051603,0.63989683375,0.755078204424,7.346783498299,91.609929107043,0.36140781728,0.108864947736,0.120747066845,0.057846682894,1.7357400654019999,0.26610641851,0.31400557104,2.624510991715,60.301613228235,0.13963274624,0.0884584296,0.044097600245,0.03582199363,0.6339034675699999,0.37379041523999995,0.441072633384,4.722272506584,31.308315878808,0.22177507104,0.020406518136,0.0766494666,0.022024689264000002,1.101836597832,0.0,0.0,0.0,0.0,0.0,0.0,0.0,0.0,0.0,0.929029,96577055.40663016,53.755993,56.79762785,59.8392627,62.88089755,65.9225324,68.96416725,72.0058021,75.04743694999999,78.0890718,81.13070665000001,84.1723415,87.21397635,90.2556112,93.29724605,96.33888089999999,99.38051575,102.42215060000001,105.46378545,108.5054203,111.54705515,114.58869000000001
SF11C46881712282050980,19,,2019-05-18T19:00:00-0700,0.040008,0.040027,0.045842,0.051191,0.363989364536,0.42950741646199997,4.177101483767,52.20968874364701,0.205529975024,0.062118947562,0.068656508097,0.032957453926000004,0.986937861316,0.15206569510600002,0.17943751862399998,1.499768741029,34.459171570941,0.079792703744,0.05054929776,0.025199438147,0.020470368178000003,0.362242188542,0.21192366943,0.250069897838,2.6773327427380003,17.750517172706,0.12573727128,0.011569649802,0.04345706995,0.012487085748,0.6246956727740001,0.0,0.0,0.0,0.0,0.0,0.0,0.0,0.0,0.0,0.966921,55186888.80378866,30.806742,31.85504385,32.9033457,33.95164755,34.9999494,36.04825125,37.0965531,38.14485495,39.1931568,40.24145865,41.2897605,42.33806235,43.3863642,44.434666050000004,45.482967900000006,46.53126975,47.5795716,48.62787345,49.6761753,50.72447715,51.772779
SF11C46881712282050980,20,,2019-05-18T20:00:00-0700,0.005701,0.005723,0.006575,0.048089,0.052137789519,0.06152258680100001,0.598437609396,7.472831265284,0.029442813255999997,0.008886867315,0.009835913227999999,0.004717812872,0.141391332483,0.021742123394,0.025655705376,0.214434669221,4.926920301309,0.011408640255999998,0.0072274622399999995,0.003602977603,0.002926822322,0.051792840958,0.030395666124999998,0.035866881425000004,0.38400294017500003,2.5459109639750004,0.018034173,0.0016594050750000002,0.006232935625,0.00179099055,0.089598491525,0.0,0.0,0.0,0.0,0.0,0.0,0.0,0.0,0.0,0.998053,7863938.539052169,4.404418,4.6246389,4.8448598,5.065080699999999,5.2853015999999995,5.5055225,5.7257434,5.9459643,6.166185199999999,6.386406099999999,6.606627,6.8268479,7.0470688,7.267289699999999,7.4875106,7.7077314999999995,7.9279524,8.1481733,8.3683942,8.588615099999998,8.808836
SF11C46881712282050980,21,,2019-05-18T21:00:00-0700,0.005701,0.005701,0.006083,0.045185,0.049779735623000004,0.058740083549,0.568878776414,7.2633837951019995,0.028049479592,0.008734912503,0.009355659186,0.004572543916000001,0.134487677347,0.021658543678000002,0.025557081312,0.21361035282700003,4.907980541283,0.011364783872,0.00719967888,0.0035891272610000004,0.0029155712140000005,0.051593742146,0.028121191945,0.033183002237,0.355268423587,2.355403253819,0.01668469572,0.0015352336230000001,0.005766531925,0.001656972702,0.082893935201,0.0,0.0,0.0,0.0,0.0,0.0,0.0,0.0,0.0,0.999517,7863938.539052169,4.404418,4.6246389,4.8448598,5.065080699999999,5.2853015999999995,5.5055225,5.7257434,5.9459643,6.166185199999999,6.386406099999999,6.606627,6.8268479,7.0470688,7.267289699999999,7.4875106,7.7077314999999995,7.9279524,8.1481733,8.3683942,8.588615099999998,8.808836
SF11C46881712282050980,22,,2019-05-18T22:00:00-0700,0.005701,0.005701,0.005724,0.042456,0.048120109138,0.056781724548,0.547911923863,7.124375120414999,0.027064800032,0.008644307724000001,0.009015336161,0.004474754470000001,0.129595531574,0.021658543678000002,0.025557081312,0.21361035282700003,4.907980541283,0.011364783872,0.00719967888,0.0035891272610000004,0.0029155712140000005,0.051593742146,0.02646156546,0.031224643236,0.334301571036,2.216394579132,0.01570001616,0.0014446288440000002,0.0054262089,0.001559183256,0.078001789428,0.0,0.0,0.0,0.0,0.0,0.0,0.0,0.0,0.0,0.99952,7863938.539052169,4.404418,4.6246389,4.8448598,5.065080699999999,5.2853015999999995,5.5055225,5.7257434,5.9459643,6.166185199999999,6.386406099999999,6.606627,6.8268479,7.0470688,7.267289699999999,7.4875106,7.7077314999999995,7.9279524,8.1481733,8.3683942,8.588615099999998,8.808836
SF11C46881712282050980,23,,2019-05-18T23:00:00-0700,0.005701,0.005701,0.005279,0.039885,0.046062911963,0.054354232193,0.521922371258,6.95206631753,0.025844236232000002,0.008531998179,0.008593487286,0.00435353914,0.12353145115900001,0.021658543678000002,0.025557081312,0.21361035282700003,4.907980541283,0.011364783872,0.00719967888,0.0035891272610000004,0.0029155712140000005,0.051593742146,0.024404368285,0.028797150881,0.308312018431,2.044085776247,0.01447945236,0.001332319299,0.005004360025,0.001437967926,0.071937709013,0.0,0.0,0.0,0.0,0.0,0.0,0.0,0.0,0.0,0.999523,7863938.539052169,4.404418,4.6246389,4.8448598,5.065080699999999,5.2853015999999995,5.5055225,5.7257434,5.9459643,6.166185199999999,6.386406099999999,6.606627,6.8268479,7.0470688,7.267289699999999,7.4875106,7.7077314999999995,7.9279524,8.1481733,8.3683942,8.588615099999998,8.808836
SF11C46881812282050980,0,,2019-05-18T00:00:00-0700,0.005701,0.005701,0.004731,0.000329,0.14344343057,0.169263249465,1.693036668304,18.157489621592,0.082157527878,0.019778176843,0.027722563285,0.011707028448000001,0.398511849147,0.043002375053,0.050742805184999996,0.42411683041000003,9.744645312422,0.022564432578,0.01429474441,0.007126107475000001,0.005788783998000001,0.10243780279200002,0.100441055517,0.11852044428,1.2689198378939999,8.41284430917,0.059593095299999996,0.005483432433,0.02059645581,0.00591824445,0.296074046355,0.0,0.0,0.0,0.0,0.0,0.0,0.0,0.0,0.0,0.796215,31658602.760905486,21.393587,23.8931762,26.392765400000002,28.8923546,31.3919438,33.891533,36.3911222,38.8907114,41.3903006,43.889889800000006,46.38947900000001,48.889068200000004,51.3886574,53.8882466,56.387835800000005,58.88742500000001,61.38701420000001,63.88660340000001,66.3861926,68.8857818,71.385371
SF11C46881812282050980,1,,2019-05-18T01:00:00-0700,0.005701,0.005701,0.004173,0.000594,0.131596863464,0.155284300425,1.5433733266119998,17.165232778532,0.075128792478,0.019131430849,0.025293304705,0.011008998348,0.36359125775699996,0.043002375053,0.050742805184999996,0.42411683041000003,9.744645312422,0.022564432578,0.01429474441,0.007126107475000001,0.005788783998000001,0.10243780279200002,0.088594488411,0.10454149523999999,1.1192564962019997,7.42058746611,0.052564359899999996,0.004836686439,0.018167197229999998,0.005220214349999999,0.261153454965,0.0,0.0,0.0,0.0,0.0,0.0,0.0,0.0,0.0,0.796215,31658602.760905486,21.393587,24.08933155,26.785076099999998,29.48082065,32.1765652,34.87230975,37.5680543,40.26379885,42.9595434,45.65528795,48.3510325,51.046777049999996,53.74252159999999,56.43826614999999,59.13401069999999,61.82975524999999,64.52549979999999,67.22124434999999,69.91698889999999,72.61273345,75.308478
SF11C46881812282050980,2,,2019-05-18T02:00:00-0700,0.005701,0.005701,0.003482,0.000794,0.116926652227,0.137973451345,1.358037539678,15.936470272162,0.066424749178,0.018330532136,0.022285029295,0.010144591898,0.32034729960200004,0.043002375053,0.050742805184999996,0.42411683041000003,9.744645312422,0.022564432578,0.01429474441,0.007126107475000001,0.005788783998000001,0.10243780279200002,0.07392427717399999,0.08723064616,0.9339207092679999,6.19182495974,0.0438603166,0.004035787726,0.015158921819999999,0.0043558079,0.21790949681,0.0,0.0,0.0,0.0,0.0,0.0,0.0,0.0,0.0,0.864144,31658602.760905486,21.393587,23.214413,25.035239,26.856065,28.676891,30.497717,32.318543000000005,34.139369,35.960195,37.781021,39.60184700000001,41.422673,43.243499,45.064325000000004,46.88515100000001,48.705977000000004,50.526803,52.347629000000005,54.16845500000001,55.989281000000005,57.810107
SF11C46881812282050980,3,,2019-05-18T03:00:00-0700,0.005701,0.005701,0.00303,0.000948,0.107330508263,0.126650001585,1.2368048686300002,15.132706664522,0.060731221578,0.017806644700000002,0.020317242775,0.009579162498000001,0.29206036894200005,0.043002375053,0.050742805184999996,0.42411683041000003,9.744645312422,0.022564432578,0.01429474441,0.007126107475000001,0.005788783998000001,0.10243780279200002,0.06432813321,0.0759071964,0.81268803822,5.3880613521,0.038166789,0.0035119002900000002,0.0131911353,0.0037903785000000002,0.18962256615,0.0,0.0,0.0,0.0,0.0,0.0,0.0,0.0,0.0,0.898108,31658602.760905486,21.393587,22.7222819,24.0509768,25.3796717,26.7083666,28.0370615,29.365756400000002,30.6944513,32.0231462,33.3518411,34.680536000000004,36.009230900000006,37.3379258,38.6666207,39.9953156,41.3240105,42.6527054,43.981400300000004,45.310095200000006,46.6387901,47.967485
SF11C46881812282050980,4,,2019-05-18T04:00:00-0700,0.005701,0.005701,0.002736,0.001072,0.101088768605,0.11928474886500001,1.157949989674,14.609904671942001,0.05702790937800001,0.017465886058,0.019037310835,0.009211383198000002,0.273661347672,0.043002375053,0.050742805184999996,0.42411683041000003,9.744645312422,0.022564432578,0.01429474441,0.007126107475000001,0.005788783998000001,0.10243780279200002,0.058086393552,0.06854194368000001,0.733833159264,4.86525935952,0.034463476800000004,0.003171141648,0.01191120336,0.0034225992,0.17122354488,0.0,0.0,0.0,0.0,0.0,0.0,0.0,0.0,0.0,0.918486,31658602.760905486,21.393587,22.40254335,23.4114997,24.42045605,25.4294124,26.43836875,27.4473251,28.45628145,29.465237799999997,30.47419415,31.4831505,32.49210685,33.5010632,34.510019549999996,35.5189759,36.52793225,37.5368886,38.545844949999996,39.554801299999994,40.56375765,41.572714
SF11C46881812282050980,5,,2019-05-18T05:00:00-0700,0.005701,0.005701,0.002544,0.001174,0.097012530461,0.11447478790499999,1.1064529258659999,14.268482962501999,0.05460941977799999,0.017243349802,0.018201436915,0.008971200798000002,0.261645660312,0.043002375053,0.050742805184999996,0.42411683041000003,9.744645312422,0.022564432578,0.01429474441,0.007126107475000001,0.005788783998000001,0.10243780279200002,0.05401015540799999,0.06373198272,0.6823360954559999,4.52383765008,0.03204498719999999,0.0029486053919999997,0.01107532944,0.0031824168,0.15920785752,0.0,0.0,0.0,0.0,0.0,0.0,0.0,0.0,0.0,0.932072,31658602.760905486,21.393587,22.1759571,22.9583272,23.7406973,24.523067400000002,25.3054375,26.0878076,26.8701777,27.6525478,28.434917900000002,29.217288000000003,29.9996581,30.782028200000003,31.5643983,32.3467684,33.1291385,33.911508600000005,34.6938787,35.47624880000001,36.2586189,37.040989
SF11C46881812282050980,6,,2019-05-18T06:00:00-0700,0.005701,0.005701,0.002419,0.00126,0.094358729586,0.111343302905,1.072926191616,14.046203203752,0.053034882278,0.017098469427000003,0.017657248165,0.008814832048000001,0.25382294718700005,0.043002375053,0.050742805184999996,0.42411683041000003,9.744645312422,0.022564432578,0.01429474441,0.007126107475000001,0.005788783998000001,0.10243780279200002,0.051356354533000005,0.06060049772000001,0.648809361206,4.301557891330001,0.0304704497,0.0028037250170000003,0.010531140690000001,0.00302604805,0.151385144395,0.0,0.0,0.0,0.0,0.0,0.0,0.0,0.0,0.0,0.941776,31658602.760905486,21.393587,22.0057198,22.6178526,23.2299854,23.8421182,24.454251,25.0663838,25.678516600000002,26.2906494,26.9027822,27.514915000000002,28.1270478,28.7391806,29.351313400000002,29.9634462,30.575579,31.187711800000002,31.7998446,32.4119774,33.0241102,33.636243
SF11C46881812282050980,7,,2019-05-18T07:00:00-0700,0.005701,0.005701,0.002338,0.001334,0.092639066619,0.109314100625,1.051200867822,13.902165920081998,0.052014581978,0.017004586944000002,0.017304613854999998,0.008713505098,0.248753829082,0.043002375053,0.050742805184999996,0.42411683041000003,9.744645312422,0.022564432578,0.01429474441,0.007126107475000001,0.005788783998000001,0.10243780279200002,0.049636691565999994,0.05857129544,0.6270840374119999,4.1575206076599995,0.029450149399999997,0.0027098425339999997,0.010178506379999999,0.0029247211,0.14631602628999998,0.0,0.0,0.0,0.0,0.0,0.0,0.0,0.0,0.0,0.949054,31658602.760905486,21.393587,21.87227885,22.3509707,22.829662550000002,23.3083544,23.78704625,24.2657381,24.74442995,25.2231218,25.70181365,26.180505500000002,26.65919735,27.1378892,27.61658105,28.0952729,28.573964750000002,29.0526566,29.531348450000003,30.0100403,30.48873215,30.967424
SF11C46881812282050980,8,,2019-05-18T08:00:00-0700,0.005701,0.005701,0.002186,0.001393,0.089412044755,0.105506214865,1.010432358974,13.631873733442,0.050099944378,0.016828412408000003,0.016642880335,0.008523360698,0.23924140992200002,0.043002375053,0.050742805184999996,0.42411683041000003,9.744645312422,0.022564432578,0.01429474441,0.007126107475000001,0.005788783998000001,0.10243780279200002,0.046409669702,0.05476340968,0.5863155285639999,3.88722842102,0.0275355118,0.002533667998,0.00951677286,0.0027345767,0.13680360713,0.0,0.0,0.0,0.0,0.0,0.0,0.0,0.0,0.0,0.954715,31658602.760905486,21.393587,21.75974135,22.1258957,22.49205005,22.8582044,23.22435875,23.590513100000003,23.95666745,24.3228218,24.688976150000002,25.0551305,25.42128485,25.7874392,26.15359355,26.519747900000002,26.88590225,27.252056600000003,27.61821095,27.9843653,28.350519650000003,28.716674
SF11C46881812282050980,9,,2019-05-18T09:00:00-0700,0.005701,0.005701,0.002866,0.001495,0.103848721515,0.122541493265,1.192817793294,14.841075621042,0.058665428378,0.017616561648,0.019603267135,0.009374006698,0.28179696932200005,0.043002375053,0.050742805184999996,0.42411683041000003,9.744645312422,0.022564432578,0.01429474441,0.007126107475000001,0.005788783998000001,0.10243780279200002,0.060846346462,0.07179868808,0.7687009628839999,5.0964303086200005,0.0361009958,0.0033218172380000003,0.01247715966,0.0035852227,0.17935916653,0.0,0.0,0.0,0.0,0.0,0.0,0.0,0.0,0.0,0.959243,31658602.760905486,21.393587,21.7008896,22.0081922,22.3154948,22.6227974,22.9301,23.2374026,23.5447052,23.8520078,24.1593104,24.466613000000002,24.773915600000002,25.081218200000002,25.388520800000002,25.695823400000002,26.003126,26.3104286,26.6177312,26.9250338,27.2323364,27.539639
SF11C46881812282050980,10,,2019-05-18T10:00:00-0700,0.020004,0.020003,0.01236,0.00225,0.413289519379,0.487681638855,4.803214862869999,56.169890846266,0.234861701934,0.06448149371,0.078812633525,0.035772748194,1.132931618976,0.150881688859,0.178040402055,1.48809138023,34.190868301066,0.079171433934,0.050155722230000005,0.025003249925000002,0.020311006194,0.359421745176,0.26240783052,0.3096412368,3.3151234826399993,21.9790225452,0.155690268,0.014325771479999999,0.053809383599999996,0.015461741999999999,0.7735098737999999,0.0,0.0,0.0,0.0,0.0,0.0,0.0,0.0,0.0,0.761337,111085544.5762416,74.564776,79.45497845,84.34518089999999,89.23538334999999,94.1255858,99.01578824999999,103.90599069999999,108.79619315,113.6863956,118.57659804999999,123.46680049999999,128.35700294999998,133.24720539999998,138.13740785,143.0276103,147.91781275,152.8080152,157.69821765,162.58842009999998,167.47862254999998,172.368825
SF11C46881812282050980,11,,2019-05-18T11:00:00-0700,0.040008,0.040006,0.029179,0.004118,0.921245423571,1.08706961063,10.802395389906,120.268945246662,0.525890305568,0.134131160157,0.17703756814,0.07712348243799999,2.544915060547,0.301763377718,0.35608080411,2.97618276046,68.381736602132,0.158342867868,0.10031144446000001,0.050006499850000004,0.040622012388,0.718843490352,0.619482045853,0.73098880652,7.826212629445999,51.887208644530006,0.3675474377,0.033819715697,0.12703106829,0.03650147005,1.8260715701949999,0.0,0.0,0.0,0.0,0.0,0.0,0.0,0.0,0.0,0.67521,222171089.1524832,147.739575,156.37697995,165.0143849,173.65178985,182.28919480000002,190.92659975,199.5640047,208.20140965000002,216.8388146,225.47621955,234.11362450000001,242.75102945,251.3884344,260.02583935,268.6632443,277.30064925,285.9380542,294.57545915000003,303.21286410000005,311.85026905,320.487674
SF11C46881812282050980,12,,2019-05-18T12:00:00-0700,0.070014,0.070011,0.058247,0.007871,1.7646971990120002,2.082342711895,20.831010546388,223.24592656053198,1.0107986838579999,0.243057059131,0.34109089669500003,0.14395311402799998,4.9031816634470005,0.528089682483,0.623145857535,5.208357027510001,119.668893697242,0.27710199775800004,0.17554628151,0.08751199972500001,0.071089029378,1.2579850923120002,1.236607516529,1.45919685436,15.622653518877998,103.57703286329,0.7336966860999999,0.06751077762100001,0.25357889697,0.07286408465,3.645196571135,0.0,0.0,0.0,0.0,0.0,0.0,0.0,0.0,0.0,0.644382,388799406.0168456,254.952116,266.29637249999996,277.640629,288.9848855,300.329142,311.67339849999996,323.017655,334.3619115,345.706168,357.05042449999996,368.394681,379.7389375,391.083194,402.42745049999996,413.771707,425.1159635,436.46022,447.80447649999996,459.148733,470.4929895,481.837246
SF11C46881812282050980,13,,2019-05-18T13:00:00-0700,0.10002,0.100017,0.092398,0.013728,2.716070676187,3.2049634198849994,32.223031217822,335.263401271234,1.559738013026,0.35787688108399995,0.5272743665549999,0.217142339866,7.579569041253999,0.754423530201,0.8902198116449999,7.44060568797,170.957760079374,0.395865085626,0.25078362597,0.125018749575,0.101557061766,1.797144662664,1.9616471459859999,2.3147436082399997,24.782425529851995,164.30564119186,1.1638729274,0.107093255114,0.40225561697999995,0.1155852781,5.782424378589999,0.0,0.0,0.0,0.0,0.0,0.0,0.0,0.0,0.0,0.668988,555427722.881208,359.180816,370.251729,381.322642,392.393555,403.464468,414.535381,425.606294,436.67720699999995,447.74812,458.819033,469.889946,480.96085899999997,492.031772,503.10268499999995,514.173598,525.244511,536.315424,547.3863369999999,558.4572499999999,569.528163,580.599076
SF11C46881812282050980,14,,2019-05-18T14:00:00-0700,0.130026,0.130023,0.13031,0.021803,3.747291714089,4.421804248555,44.62380426937,453.96882936320605,2.156052026494,0.47705586376,0.729831387525,0.295036388654,10.491326211566,0.980757377919,1.157293765755,9.67285434843,222.246626461506,0.514628173494,0.32602097043,0.162525499425,0.132025094154,2.336304233016,2.7665343361700003,3.2645104828000004,34.95094992094,231.72220290170003,1.641423853,0.15103489333,0.5673058881,0.16301129450000001,8.15502197855,0.0,0.0,0.0,0.0,0.0,0.0,0.0,0.0,0.0,0.628173,722056039.7455703,460.50872,474.39365515,488.27859029999996,502.16352544999995,516.0484606,529.9333957499999,543.8183309,557.7032660499999,571.5882012,585.47313635,599.3580714999999,613.24300665,627.1279417999999,641.01287695,654.8978121,668.7827472499999,682.6676824,696.5526175499999,710.4375527,724.32248785,738.207423
SF11C46881812282050980,15,,2019-05-18T15:00:00-0700,0.160032,0.160029,0.170475,0.032097,4.826344858962,5.695086962864999,57.628863179039996,576.680627826888,2.7807455038619997,0.598846170315,0.942196866525,0.37574882779200003,13.544079963243,1.207091225637,1.424367719865,11.90510300889,273.535492843638,0.6333912613620001,0.40125831489,0.20003224927500002,0.16249312654200002,2.8754638033680004,3.6192536333249996,4.270719242999999,45.723760170149994,303.14513498325,2.1473542424999996,0.197587855425,0.7421646172499999,0.21325570124999998,10.668616159874999,0.0,0.0,0.0,0.0,0.0,0.0,0.0,0.0,0.0,0.542367,888684356.6099328,559.01656,578.9102808,598.8040016,618.6977224,638.5914432000001,658.485164,678.3788848,698.2726056,718.1663264,738.0600472000001,757.9537680000001,777.8474888000001,797.7412096,817.6349304,837.5286512,857.422372,877.3160928,897.2098136,917.1035344000001,936.9972552,956.890976
SF11C46881812282050980,16,,2019-05-18T16:00:00-0700,0.170034,0.170033,0.189081,0.042959,5.296817513415999,6.250244694885,63.363482192324,626.866232725396,3.054707873574,0.645495454013,1.035703023485,0.409182045084,14.888230960041,1.282550927449,1.5134101726049998,12.64933468253,290.635200211726,0.672986873274,0.42634244453,0.212536999175,0.172651168134,3.055219596936,4.0142665859669995,4.73683452228,50.714147509793996,336.23103251367,2.3817210003,0.219153009483,0.82316602431,0.23653087695,11.833011363105,0.0,0.0,0.0,0.0,0.0,0.0,0.0,0.0,0.0,0.513765,944227128.8980535,591.239454,613.5225612,635.8056684000001,658.0887756,680.3718828,702.65499,724.9380972,747.2212044,769.5043115999999,791.7874188,814.070526,836.3536332,858.6367404,880.9198475999999,903.2029548,925.486062,947.7691692,970.0522764,992.3353835999999,1014.6184908,1036.901598
SF11C46881812282050980,17,,2019-05-18T17:00:00-0700,0.120024,0.120029,0.137169,0.049455,3.8175268034200003,4.5046816475850004,45.719995491596,449.083149787468,2.202894016062,0.459946684157,0.747199862465,0.29346876709200004,10.740998016513,0.9053731056369999,1.0683403198649999,8.92936660889,205.164011963638,0.475072141362,0.30096191489,0.150033249275,0.121877206542,2.156728123368,2.9121536977830003,3.4363413277200006,36.790628882706,243.91913782383003,1.7278218747,0.15898476926700003,0.5971666131900001,0.17159156055000002,8.584269893145,0.0,0.0,0.0,0.0,0.0,0.0,0.0,0.0,0.0,0.656776,666513267.4574496,427.050033,440.00104304999996,452.9520531,465.90306315,478.8540732,491.80508325,504.7560933,517.70710335,530.6581134,543.60912345,556.5601335,569.51114355,582.4621536,595.41316365,608.3641737,621.31518375,634.2661938,647.21720385,660.1682139000001,673.11922395,686.070234
SF11C46881812282050980,18,,2019-05-18T18:00:00-0700,0.070014,0.070019,0.080809,0.051603,2.2437579853700003,2.647634433935,26.883047118856,263.38020819204803,1.295028068282,0.26922744657700004,0.439324789115,0.172185171112,6.315293838793001,0.528150026107,0.6232170630149999,5.20895217479,119.68256799341799,0.277133661582,0.17556634079,0.087521999525,0.071097152562,1.2581288394480001,1.715607959263,2.02441737092,21.674094944066,143.69764019863,1.0178944067,0.09366110578700002,0.35180278959,0.10108801855,5.057164999345001,0.0,0.0,0.0,0.0,0.0,0.0,0.0,0.0,0.0,0.799786,388799406.0168456,254.952116,260.20270519999997,265.4532944,270.7038836,275.9544728,281.205062,286.4556512,291.7062404,296.9568296,302.2074188,307.458008,312.7085972,317.9591864,323.2097756,328.46036480000004,333.710954,338.96154320000005,344.21213240000003,349.4627216,354.71331080000004,359.9639
SF11C46881812282050980,19,,2019-05-18T19:00:00-0700,0.040008,0.040011,0.045813,0.051191,1.274429728374,1.503827085975,15.264236937071999,149.85670373815202,0.735436949658,0.153423218469,0.249460103355,0.09793686172800001,3.585988983477,0.30180109248299997,0.35612530753499994,2.97655472751,68.390283037242,0.158362657758,0.10032398151000001,0.050012749725,0.040627089378,0.7189333323120001,0.972628635891,1.14770177844,12.287682209561998,81.46642070091,0.5770742918999999,0.053099236959,0.19944735363,0.05730977235,2.867055651165,0.0,0.0,0.0,0.0,0.0,0.0,0.0,0.0,0.0,0.885592,222171089.1524832,147.739575,149.53497065,151.3303663,153.12576195,154.92115760000002,156.71655325,158.5119489,160.30734455,162.1027402,163.89813585000002,165.6935315,167.48892715,169.2843228,171.07971845,172.87511410000002,174.67050975,176.4659054,178.26130105000001,180.0566967,181.85209235000002,183.647488
SF11C46881812282050980,20,,2019-05-18T20:00:00-0700,0.005701,0.005704,0.006542,0.048089,0.18191432650599998,0.2146589062,2.178995174348,21.383006627428003,0.104981301112,0.021884725946,0.03561051982,0.013975545092,0.5119012220779999,0.043025003911999996,0.05076950724,0.42434001064,9.749773173488,0.022576306512000002,0.01430226664,0.0071298574,0.005791830192,0.102491707968,0.138889322594,0.16388939896000002,1.754655163708,11.63323345394,0.0824049946,0.007582459306,0.02848066242,0.0081837149,0.40940951411,0.0,0.0,0.0,0.0,0.0,0.0,0.0,0.0,0.0,0.983697,31658602.760905486,21.393587,22.46326635,23.5329457,24.60262505,25.6723044,26.74198375,27.8116631,28.881342449999998,29.9510218,31.02070115,32.090380499999995,33.160059849999996,34.2297392,35.29941855,36.3690979,37.43877725,38.5084566,39.578135950000004,40.6478153,41.71749465,42.78717399999999
SF11C46881812282050980,21,,2019-05-18T21:00:00-0700,0.005701,0.005701,0.006083,0.045185,0.172146940834,0.203133391225,2.055661825952,20.561667492232,0.099187725478,0.021345202979,0.033608508805,0.013398312848,0.48312231430700003,0.043002375053,0.050742805184999996,0.42411683041000003,9.744645312422,0.022564432578,0.01429474441,0.007126107475000001,0.005788783998000001,0.10243780279200002,0.129144565781,0.15239058604,1.6315449955419998,10.817022179810001,0.0766232929,0.007050458569,0.02648240133,0.00760952885,0.380684511515,0.0,0.0,0.0,0.0,0.0,0.0,0.0,0.0,0.0,0.993006,31658602.760905486,21.393587,22.46326635,23.5329457,24.60262505,25.6723044,26.74198375,27.8116631,28.881342449999998,29.9510218,31.02070115,32.090380499999995,33.160059849999996,34.2297392,35.29941855,36.3690979,37.43877725,38.5084566,39.578135950000004,40.6478153,41.71749465,42.78717399999999
SF11C46881812282050980,22,,2019-05-18T22:00:00-0700,0.005701,0.005701,0.005724,0.042456,0.164525224721,0.194139766305,1.9593730451859999,19.923280025102002,0.094665653778,0.020929106542,0.032045598715,0.012949221798,0.46065548221200003,0.043002375053,0.050742805184999996,0.42411683041000003,9.744645312422,0.022564432578,0.01429474441,0.007126107475000001,0.005788783998000001,0.10243780279200002,0.12152284966799999,0.14339696112,1.5352562147759998,10.178634712680001,0.0721012212,0.006634362132,0.02491949124,0.0071604378,0.35821767942,0.0,0.0,0.0,0.0,0.0,0.0,0.0,0.0,0.0,0.993006,31658602.760905486,21.393587,22.46326635,23.5329457,24.60262505,25.6723044,26.74198375,27.8116631,28.881342449999998,29.9510218,31.02070115,32.090380499999995,33.160059849999996,34.2297392,35.29941855,36.3690979,37.43877725,38.5084566,39.578135950000004,40.6478153,41.71749465,42.78717399999999
SF11C46881812282050980,23,,2019-05-18T23:00:00-0700,0.005701,0.005701,0.005279,0.039885,0.155077693606,0.182991679705,1.8400178712559998,19.131964083952,0.08906030027799999,0.020413332407000002,0.030108286765,0.012392549048,0.43280662348700005,0.043002375053,0.050742805184999996,0.42411683041000003,9.744645312422,0.022564432578,0.01429474441,0.007126107475000001,0.005788783998000001,0.10243780279200002,0.112075318553,0.13224887452,1.4159010408459998,9.38731877153,0.06649586769999999,0.006118587997,0.022982179289999998,0.00660376505,0.330368820695,0.0,0.0,0.0,0.0,0.0,0.0,0.0,0.0,0.0,0.993006,31658602.760905486,21.393587,22.46326635,23.5329457,24.60262505,25.6723044,26.74198375,27.8116631,28.881342449999998,29.9510218,31.02070115,32.090380499999995,33.160059849999996,34.2297392,35.29941855,36.3690979,37.43877725,38.5084566,39.578135950000004,40.6478153,41.71749465,42.78717399999999
SF11C46881912282050980,0,,2019-05-18T00:00:00-0700,0.005701,0.005697,0.004746,0.000329,0.075966275124,0.089640203241,0.831447091227,12.975761596434001,0.041896661636999996,0.017008642053,0.013756205595,0.007980195249,0.197745490431,0.046293229511999996,0.054626009228999996,0.45657333220499996,10.490376406608,0.024291227510999998,0.015388685127,0.007671449168999999,0.006231783087,0.110277085365,0.029673045612,0.035014194012,0.37487375902200004,2.485385189826,0.017605434126000002,0.001619956926,0.006084756426,0.001748412162,0.08746840506600001,0.0,0.0,0.0,0.0,0.0,0.0,0.0,0.0,0.0,0.91627,17158833.539257396,8.803987,10.3308927,11.8577984,13.384704099999999,14.911609799999999,16.4385155,17.965421199999998,19.4923269,21.0192326,22.5461383,24.073044,25.5999497,27.126855399999997,28.653761099999997,30.180666799999997,31.707572499999998,33.2344782,34.7613839,36.2882896,37.8151953,39.342101
SF11C46881912282050980,1,,2019-05-18T01:00:00-0700,0.005701,0.005701,0.004171,0.000594,0.072403751058,0.085436424819,0.786349960762,12.682011151615,0.039780736764,0.016823181492000003,0.013024395328,0.007772742458,0.18722571403600002,0.046325733096,0.054664363457,0.456893903265,10.497741950864,0.024308282963,0.015399489891000002,0.007676835477,0.006236158571,0.110354513545,0.026078017962,0.030772061362,0.329456057497,2.1842692007510003,0.015472453801000001,0.0014236916010000001,0.0053475598510000005,0.001536583887,0.076871200491,0.0,0.0,0.0,0.0,0.0,0.0,0.0,0.0,0.0,0.91627,17158833.539257396,8.803987,10.464601799999999,12.1252166,13.7858314,15.4464462,17.107061,18.7676758,20.4282906,22.0889054,23.7495202,25.410135,27.0707498,28.7313646,30.3919794,32.0525942,33.713209,35.3738238,37.0344386,38.6950534,40.3556682,42.016283
SF11C46881912282050980,2,,2019-05-18T02:00:00-0700,0.005701,0.005701,0.00348,0.000794,0.068083465656,0.080338488017,0.731769731625,12.320148284744,0.037217450843,0.016587321771000002,0.012138477357,0.007518180131,0.174490638625,0.046325733096,0.054664363457,0.456893903265,10.497741950864,0.024308282963,0.015399489891000002,0.007676835477,0.006236158571,0.110354513545,0.02175773256,0.025674124559999997,0.27487582836,1.82240633388,0.01290916788,0.00118783188,0.0044616418800000005,0.0012820215599999999,0.06413612508,0.0,0.0,0.0,0.0,0.0,0.0,0.0,0.0,0.0,0.94418,17158833.539257396,8.803987,10.0013176,11.1986482,12.3959788,13.593309399999999,14.79064,15.9879706,17.185301199999998,18.3826318,19.5799624,20.777293,21.9746236,23.171954200000002,24.369284800000003,25.5666154,26.763946,27.9612766,29.158607200000002,30.355937800000003,31.5532684,32.750599
SF11C46881912282050980,3,,2019-05-18T03:00:00-0700,0.005701,0.005701,0.003029,0.000948,0.065263713534,0.077011180495,0.696146456168,12.083968613313,0.035544452362000004,0.016433381490000003,0.011560258826,0.0073520330840000005,0.166178744254,0.046325733096,0.054664363457,0.456893903265,10.497741950864,0.024308282963,0.015399489891000002,0.007676835477,0.006236158571,0.110354513545,0.018937980438,0.022346817038,0.23925255290300002,1.586226662449,0.011236169399,0.0010338915989999999,0.003883423349,0.0011158745129999999,0.055824230709,0.0,0.0,0.0,0.0,0.0,0.0,0.0,0.0,0.0,0.958135,17158833.539257396,8.803987,9.736492,10.668997,11.601502,12.534006999999999,13.466512,14.399017,15.331522,16.264027,17.196532,18.129037,19.061542000000003,19.994047000000002,20.926552,21.859057,22.791562,23.724067,24.656572000000004,25.589077000000003,26.521582000000002,27.454087
SF11C46881912282050980,4,,2019-05-18T04:00:00-0700,0.005701,0.005701,0.002735,0.001072,0.06342556026599999,0.074842159627,0.6729241879100001,11.930006698899,0.034453850248000004,0.016333030176,0.011183327012,0.007243724366,0.16076034748,0.046325733096,0.054664363457,0.456893903265,10.497741950864,0.024308282963,0.015399489891000002,0.007676835477,0.006236158571,0.110354513545,0.017099827169999998,0.020177796169999998,0.21603028464500001,1.432264748035,0.010145567285,0.000933540285,0.003506491535,0.0010075657949999998,0.050405833935,0.0,0.0,0.0,0.0,0.0,0.0,0.0,0.0,0.0,0.966508,17158833.539257396,8.803987,9.5615253,10.3190636,11.0766019,11.8341402,12.5916785,13.349216799999999,14.106755099999999,14.8642934,15.6218317,16.37937,17.1369083,17.8944466,18.6519849,19.4095232,20.1670615,20.9245998,21.6821381,22.4396764,23.1972147,23.954753
SF11C46881912282050980,5,,2019-05-18T05:00:00-0700,0.005701,0.005701,0.002543,0.001174,0.062225133642,0.073425656203,0.657758624966,11.829460142547001,0.033741620296,0.016267494624,0.010937167460000001,0.007172992142,0.157221802648,0.046325733096,0.054664363457,0.456893903265,10.497741950864,0.024308282963,0.015399489891000002,0.007676835477,0.006236158571,0.110354513545,0.015899400546,0.018761292746,0.200864721701,1.331718191683,0.009433337333,0.000868004733,0.0032603319830000004,0.000936833571,0.046867289103000004,0.0,0.0,0.0,0.0,0.0,0.0,0.0,0.0,0.0,0.97209,17158833.539257396,8.803987,9.4356952,10.0674034,10.6991116,11.3308198,11.962527999999999,12.5942362,13.2259444,13.8576526,14.4893608,15.121069,15.7527772,16.3844854,17.0161936,17.6479018,18.279609999999998,18.9113182,19.543026400000002,20.1747346,20.8064428,21.438151
SF11C46881912282050980,6,,2019-05-18T06:00:00-0700,0.005701,0.005701,0.002419,0.00126,0.061449858114,0.072510831075,0.647964198898,11.764523824903,0.033281638452,0.01622516958,0.010778189416,0.007127310914,0.154936492444,0.046325733096,0.054664363457,0.456893903265,10.497741950864,0.024308282963,0.015399489891000002,0.007676835477,0.006236158571,0.110354513545,0.015124125018,0.017846467618,0.19107029563300001,1.266781874039,0.008973355489,0.000825679689,0.0031013539390000004,0.000891152343,0.044581978899,0.0,0.0,0.0,0.0,0.0,0.0,0.0,0.0,0.0,0.976077,17158833.539257396,8.803987,9.339993049999999,9.8759991,10.412005149999999,10.9480112,11.484017249999999,12.020023299999998,12.55602935,13.092035399999999,13.628041449999998,14.164047499999999,14.700053549999998,15.236059599999997,15.772065649999998,16.3080717,16.844077749999997,17.380083799999998,17.91608985,18.452095899999996,18.988101949999997,19.524108
SF11C46881912282050980,7,,2019-05-18T07:00:00-0700,0.005701,0.005701,0.002337,0.001334,0.06093717591,0.071905866071,0.641487239724,11.721582066461,0.03297745691,0.016197180438000003,0.010673058774,0.00709710236,0.153425238922,0.046325733096,0.054664363457,0.456893903265,10.497741950864,0.024308282963,0.015399489891000002,0.007676835477,0.006236158571,0.110354513545,0.014611442814,0.017241502614,0.184593336459,1.223840115597,0.008669173947000001,0.000797690547,0.0029962232970000002,0.000860943789,0.043070725377000005,0.0,0.0,0.0,0.0,0.0,0.0,0.0,0.0,0.0,0.979067,17158833.539257396,8.803987,9.2642183,9.7244496,10.1846809,10.6449122,11.1051435,11.5653748,12.0256061,12.4858374,12.9460687,13.4063,13.8665313,14.3267626,14.7869939,15.247225199999999,15.7074565,16.1676878,16.6279191,17.0881504,17.5483817,18.008613
SF11C46881912282050980,8,,2019-05-18T08:00:00-0700,0.005701,0.005701,0.002186,0.001393,0.059993090388,0.070791845149,0.629560156367,11.64250638933,0.032417317729,0.016145639457,0.010479464543,0.007041474413,0.150642320851,0.046325733096,0.054664363457,0.456893903265,10.497741950864,0.024308282963,0.015399489891000002,0.007676835477,0.006236158571,0.110354513545,0.013667357291999999,0.016127481691999998,0.172666253102,1.144764438466,0.008109034766,0.000746149566,0.0028026290660000002,0.0008053158419999999,0.040287807306,0.0,0.0,0.0,0.0,0.0,0.0,0.0,0.0,0.0,0.981393,17158833.539257396,8.803987,9.2017323,9.5994776,9.9972229,10.3949682,10.7927135,11.1904588,11.5882041,11.985949399999999,12.3836947,12.78144,13.1791853,13.5769306,13.974675900000001,14.372421200000002,14.7701665,15.1679118,15.565657100000001,15.9634024,16.3611477,16.758893
SF11C46881912282050980,9,,2019-05-18T09:00:00-0700,0.005701,0.005701,0.002868,0.001495,0.064257105792,0.075823383353,0.683429499741,11.999656136372,0.034947217871,0.016378427199,0.011353843785,0.007292721167,0.163211526973,0.046325733096,0.054664363457,0.456893903265,10.497741950864,0.024308282963,0.015399489891000002,0.007676835477,0.006236158571,0.110354513545,0.017931372695999998,0.021159019895999998,0.226535596476,1.501914185508,0.010638934908,0.0009789373079999999,0.003677008308,0.0010565625959999998,0.052857013428,0.0,0.0,0.0,0.0,0.0,0.0,0.0,0.0,0.0,0.983254,17158833.539257396,8.803987,9.154879399999999,9.5057718,9.856664199999999,10.2075566,10.558449,10.909341399999999,11.2602338,11.6111262,11.9620186,12.312911,12.663803399999999,13.0146958,13.365588200000001,13.7164806,14.067373,14.4182654,14.7691578,15.120050200000001,15.4709426,15.821835
SF11C46881912282050980,10,,2019-05-18T10:00:00-0700,0.020004,0.019994,0.01239,0.00225,0.239934195204,0.283122345238,2.58102717714,43.305067928206,0.13121276591199998,0.058236703944000004,0.042808444128,0.026435295604,0.61537147892,0.162469164624,0.191713608658,1.60237444341,36.816672963616,0.085251676822,0.054007612854000006,0.026923460538,0.021870856774,0.38702475773,0.07746503058,0.09140873658,0.9786527337300001,6.48839496459,0.045961089090000004,0.00422909109,0.01588498359,0.00456443883,0.22834672119,0.0,0.0,0.0,0.0,0.0,0.0,0.0,0.0,0.0,0.901939,60207911.96619978,30.806742,34.1436571,37.4805722,40.817487299999996,44.1544024,47.4913175,50.8282326,54.165147700000006,57.502062800000004,60.8389779,64.175893,67.5128081,70.8497232,74.1866383,77.5235534,80.8604685,84.1973836,87.5342987,90.87121379999999,94.2081289,97.545044
SF11C46881912282050980,11,,2019-05-18T11:00:00-0700,0.040008,0.039994,0.029231,0.004118,0.507745785906,0.59914001734,5.514107714327,88.952083768227,0.278962237483,0.11800887931500001,0.09133151024899999,0.054516889481,1.3128906784810002,0.324987084624,0.38348474865800003,3.20522974341,73.644394243616,0.170528936822,0.108031432854,0.053855000538,0.043748276774000006,0.77416565773,0.182758701282,0.215655268682,2.308877970917,15.307689524611,0.108433300661,0.009977446461,0.037476509711,0.010768612706999999,0.538725020751,0.0,0.0,0.0,0.0,0.0,0.0,0.0,0.0,0.0,0.698666,120415823.93239956,61.376219,72.88541445,84.3946099,95.90380535,107.4130008,118.92219625000001,130.4313917,141.94058715,153.44978260000002,164.95897805,176.4681735,187.97736895000003,199.48656440000002,210.99575985,222.5049553,234.01415075000003,245.52334620000002,257.03254165000004,268.54173710000003,280.05093255,291.560128
SF11C46881912282050980,12,,2019-05-18T12:00:00-0700,0.070014,0.069993,0.058338,0.007871,0.9334979657639999,1.1015275823369999,10.217394066411,159.43457750913,0.514847182437,0.208977029541,0.169045005339,0.098054857089,2.430022381983,0.568755838728,0.671131870101,5.609432550645,128.884134777552,0.29844056295899996,0.189064461663,0.094250963961,0.076563312903,1.3548576506849999,0.364742127036,0.430395712236,4.607961515766,30.550442731578002,0.21640661947800002,0.019912567878,0.074794041378,0.021491544185999998,1.075164731298,0.0,0.0,0.0,0.0,0.0,0.0,0.0,0.0,0.0,0.644382,210727691.88169923,106.789559,124.08929015,141.3890213,158.68875244999998,175.9884836,193.28821475,210.5879459,227.88767704999998,245.1874082,262.48713935,279.78687049999996,297.08660165,314.3863328,331.68606395,348.9857951,366.28552625,383.5852574,400.88498855,418.1847197,435.48445085,452.784182
SF11C46881912282050980,13,,2019-05-18T13:00:00-0700,0.10002,0.099999,0.092505,0.013728,1.390943270214,1.641313034553,15.320917191270002,232.57978165634103,0.7695322012920001,0.301691222964,0.253255256328,0.143464570614,3.64054498506,0.812581474104,0.958846111443,8.014196357235,184.136765013936,0.426382036137,0.270116398809,0.134656353423,0.10938600612900001,1.935685142955,0.57836179611,0.68246692311,7.3067208340350005,48.443016642405,0.343150165155,0.031574824155,0.11859890290500001,0.034078564485,1.704859842105,0.0,0.0,0.0,0.0,0.0,0.0,0.0,0.0,0.0,0.668988,301039559.83099884,151.679272,171.0778613,190.47645060000002,209.87503990000002,229.27362920000002,248.6722185,268.0708078,287.46939710000004,306.86798640000006,326.26657570000003,345.665165,365.0637543,384.46234360000005,403.8609329000001,423.2595222000001,442.6581115,462.05670080000004,481.45529010000007,500.8538794000001,520.2524687000001,539.651058
SF11C46881912282050980,14,,2019-05-18T14:00:00-0700,0.130026,0.130005,0.130429,0.021803,1.871878172718,2.2088162126229998,20.721195628528,307.692451492169,1.038153928114,0.395687796954,0.342282285634,0.190258351668,4.920308801334,1.05640710948,1.246560352785,10.418960163825,239.38939525032004,0.554323509315,0.351168335955,0.175061742885,0.14220869935500002,2.5165126352250002,0.8154710632379999,0.9622558598379999,10.302235464703,68.30305624184899,0.48383041879899996,0.044519460999,0.167220542749,0.04804965231299999,2.4037961661089997,0.0,0.0,0.0,0.0,0.0,0.0,0.0,0.0,0.0,0.703836,391351427.78029853,196.051395,215.90645980000002,235.76152460000003,255.6165894,275.4716542,295.326719,315.1817838,335.0368486,354.8919134,374.74697820000006,394.60204300000004,414.4571078,434.31217260000005,454.16723740000003,474.0223022,493.87736700000005,513.7324318000001,533.5874966,553.4425614,573.2976262,593.152691
SF11C46881912282050980,15,,2019-05-18T15:00:00-0700,0.160032,0.160011,0.170601,0.032097,2.3668680702779996,2.7929042849489996,26.299037531922,383.982353925285,1.315114680624,0.490451683032,0.434191433028,0.23788028917799997,6.241503080015999,1.3002327448559998,1.5342745941269997,12.823723970415,294.642025486704,0.6822649824929999,0.432220273101,0.21546713234699996,0.17503139258099998,3.0973401274949994,1.066635325422,1.258629690822,13.475313561507,89.340328438581,0.632849698131,0.058231409931,0.21872430068100002,0.06284889659699999,3.144162952521,0.0,0.0,0.0,0.0,0.0,0.0,0.0,0.0,0.0,0.736568,481663295.7295982,239.911896,259.32655595,278.74121590000004,298.15587585000003,317.5705358,336.98519575,356.3998557,375.81451565000003,395.2291756,414.64383555,434.05849550000005,453.47315545000004,472.8878154,492.30247535,511.71713530000005,531.1317952500001,550.5464552000001,569.9611151500001,589.3757751,608.79043505,628.205095
SF11C46881912282050980,16,,2019-05-18T16:00:00-0700,0.170034,0.170027,0.189139,0.042959,2.56416073605,3.025709628497,28.566014163328,412.133656230087,1.42658881811,0.5238344061660001,0.471445965838,0.25566584470000003,6.777037118234,1.381621719192,1.6303135810390001,13.626433904655,313.08534830372804,0.724971834301,0.4592754021570001,0.228954447579,0.18598760451700003,3.291220290215,1.182539016858,1.395396047458,14.939580258673,99.048307926359,0.7016169838090001,0.064559004009,0.242491518259,0.06967824018299999,3.4858168280190003,0.0,0.0,0.0,0.0,0.0,0.0,0.0,0.0,0.0,0.783801,511767251.71269804,254.419391,270.69771165,286.9760323,303.25435295,319.5326736,335.81099425,352.0893149,368.36763555,384.6459562,400.92427685,417.2025975,433.48091815,449.75923880000005,466.03755945,482.3158801,498.59420075,514.8725214,531.15084205,547.4291627,563.70748335,579.985804
SF11C46881912282050980,17,,2019-05-18T17:00:00-0700,0.120024,0.120059,0.137007,0.049455,1.8321851274179997,2.1619784222169995,20.443674193284,292.822792614643,1.0201468416339998,0.37106702658600005,0.33732275961,0.18180202616799998,4.849015652102,0.9755869478639999,1.151192564863,9.621860223135,221.074969457776,0.511915127917,0.32430229026900004,0.161668688043,0.131329058389,2.3239874656549997,0.8565981795539999,1.0107858573539998,10.821813970149,71.747823156867,0.5082317137169999,0.046764736317,0.175654071567,0.05047296777899999,2.525028186447,0.0,0.0,0.0,0.0,0.0,0.0,0.0,0.0,0.0,0.858978,361247471.79719865,181.317828,190.49038314999999,199.6629383,208.83549345,218.0080486,227.18060375,236.35315889999998,245.52571405,254.6982692,263.87082435,273.0433795,282.21593465,291.3884898,300.56104495,309.7336001,318.90615525,328.0787104,337.25126554999997,346.42382069999996,355.59637585,364.768931
SF11C46881912282050980,18,,2019-05-18T18:00:00-0700,0.070014,0.070049,0.080632,0.051603,1.0733400532079997,1.2665412463969998,11.982825083508999,171.212616625128,0.597786242879,0.216737929551,0.197703127465,0.10632915658299999,2.841983035277,0.569210888904,0.671668829293,5.613920545485,128.987252397136,0.29867933928699997,0.189215728359,0.09432637227299999,0.076624569679,1.355941645205,0.5041291643039999,0.594872417104,6.368904538024,42.225364227991996,0.299106903592,0.027522201192,0.103376755192,0.029704586903999998,1.486041390072,0.0,0.0,0.0,0.0,0.0,0.0,0.0,0.0,0.0,0.917737,210727691.88169923,106.789559,111.0077869,115.2260148,119.4442427,123.6624706,127.8806985,132.0989264,136.3171543,140.53538220000002,144.7536101,148.971838,153.1900659,157.4082938,161.6265217,165.8447496,170.0629775,174.2812054,178.49943330000002,182.7176612,186.9358891,191.154117
SF11C46881912282050980,19,,2019-05-18T19:00:00-0700,0.040008,0.040029,0.045703,0.051191,0.61101679305,0.720999806419,6.817991632006001,97.64258892749902,0.34021486732,0.12372582523200001,0.112497078676,0.060623410350000004,1.617145833768,0.325271490984,0.38382034815300003,3.208034740185,73.70884275585601,0.170678172027,0.10812597453900001,0.053902130733,0.043786562259,0.7748431543050001,0.285745302066,0.337179458266,3.609956891821,23.933746171643,0.169536695293,0.015599850693,0.058594947943,0.016836848091,0.842302679463,0.0,0.0,0.0,0.0,0.0,0.0,0.0,0.0,0.0,0.952993,120415823.93239956,61.376219,63.1884837,65.00074839999999,66.81301309999999,68.62527779999999,70.43754249999999,72.24980719999999,74.06207189999999,75.87433659999999,77.68660129999999,79.49886599999999,81.31113069999999,83.12339539999999,84.93566009999999,86.74792479999999,88.56018949999999,90.37245419999999,92.1847189,93.9969836,95.8092483,97.621513
SF11C46881912282050980,20,,2019-05-18T20:00:00-0700,0.005701,0.005725,0.006419,0.048089,0.086653767618,0.102251444443,0.9658368532580001,13.903437014439001,0.048222095164,0.017655322164000002,0.015938831264,0.008627151818,0.229120745524,0.0465207546,0.054894488825,0.458817329625,10.5419352164,0.024410615675,0.015464318475,0.007709153325,0.006262411475,0.110819082625,0.040133013018,0.047356955618,0.5070195236330001,3.3615017980390003,0.023811479489,0.0021910036890000002,0.008229677939,0.002364740343,0.118301662899,0.0,0.0,0.0,0.0,0.0,0.0,0.0,0.0,0.0,0.995267,17158833.539257396,8.803987,9.24418635,9.6843857,10.12458505,10.564784399999999,11.00498375,11.4451831,11.88538245,12.325581799999998,12.765781149999999,13.205980499999999,13.64617985,14.0863792,14.52657855,14.9667779,15.406977249999999,15.8471766,16.287375949999998,16.727575299999998,17.16777465,17.607974
SF11C46881912282050980,21,,2019-05-18T21:00:00-0700,0.005701,0.005701,0.006081,0.045185,0.08434549507799999,0.09952768283899999,0.9372157171319999,13.682239915325,0.046865940974,0.017475123702000002,0.015473170038,0.008476380728,0.222426863146,0.046325733096,0.054664363457,0.456893903265,10.497741950864,0.024308282963,0.015399489891000002,0.007676835477,0.006236158571,0.110354513545,0.038019761981999994,0.04486331938199999,0.48032181386699996,3.184497964461,0.022557658011,0.0020756338109999997,0.007796334560999999,0.002240222157,0.11207234960099999,0.0,0.0,0.0,0.0,0.0,0.0,0.0,0.0,0.0,0.998819,17158833.539257396,8.803987,9.24418635,9.6843857,10.12458505,10.564784399999999,11.00498375,11.4451831,11.88538245,12.325581799999998,12.765781149999999,13.205980499999999,13.64617985,14.0863792,14.52657855,14.9667779,15.406977249999999,15.8471766,16.287375949999998,16.727575299999998,17.16777465,17.607974
SF11C46881912282050980,22,,2019-05-18T22:00:00-0700,0.005701,0.005701,0.005723,0.042456,0.082107199602,0.09688649416299999,0.908938261226,13.494762482127001,0.045537928876,0.017352927204,0.01501418504,0.008344494602,0.21582895142800002,0.046325733096,0.054664363457,0.456893903265,10.497741950864,0.024308282963,0.015399489891000002,0.007676835477,0.006236158571,0.110354513545,0.035781466506,0.042222130706,0.452044357961,2.997020531263,0.021229645913,0.0019534373129999998,0.007337349563,0.0021083360309999996,0.105474437883,0.0,0.0,0.0,0.0,0.0,0.0,0.0,0.0,0.0,0.998819,17158833.539257396,8.803987,9.24418635,9.6843857,10.12458505,10.564784399999999,11.00498375,11.4451831,11.88538245,12.325581799999998,12.765781149999999,13.205980499999999,13.64617985,14.0863792,14.52657855,14.9667779,15.406977249999999,15.8471766,16.287375949999998,16.727575299999998,17.16777465,17.607974
SF11C46881912282050980,23,,2019-05-18T23:00:00-0700,0.005701,0.005701,0.005277,0.039885,0.07931870859,0.09359607475099999,0.8737099223039999,13.261201210601,0.043883478049999994,0.017200693578,0.014442376914,0.00818018954,0.207609206662,0.046325733096,0.054664363457,0.456893903265,10.497741950864,0.024308282963,0.015399489891000002,0.007676835477,0.006236158571,0.110354513545,0.032992975493999994,0.03893171129399999,0.41681601903899995,2.7634592597369996,0.019575195086999998,0.0018012036869999998,0.0067655414369999995,0.0019440309689999996,0.097254693117,0.0,0.0,0.0,0.0,0.0,0.0,0.0,0.0,0.0,0.998819,17158833.539257396,8.803987,9.24418635,9.6843857,10.12458505,10.564784399999999,11.00498375,11.4451831,11.88538245,12.325581799999998,12.765781149999999,13.205980499999999,13.64617985,14.0863792,14.52657855,14.9667779,15.406977249999999,15.8471766,16.287375949999998,16.727575299999998,17.16777465,17.607974
SF11C46882012282050980,0,,2019-05-18T00:00:00-0500,0.005701,0.005691,0.004403,0.000304,2.2658535691469996,2.6737072101179997,22.390489867171997,511.231579845252,1.1900199445889998,0.7488782505120001,0.37609771156300004,0.30383868674599995,5.406404627302,2.2502634223439997,2.655310837683,22.193532088475997,509.92576440437097,1.180770091368,0.748027128597,0.37290079453200004,0.30292007564699996,5.360448935625,0.015590146802999999,0.018396372435,0.196957778696,1.3058154408809999,0.009249853221,0.000851121915,0.0031969170309999995,0.000918611099,0.045955691677,0.0,0.0,0.0,0.0,0.0,0.0,0.0,0.0,0.0,0.05,2568161270.114382,240.088735,311.62621655,383.16369810000003,454.70117965,526.2386612,597.77614275,669.3136243,740.85110585,812.3885874,883.92606895,955.4635505,1027.00103205,1098.5385136,1170.07599515,1241.6134766999999,1313.15095825,1384.6884398,1456.22592135,1527.7634028999998,1599.30088445,1670.838366
SF11C46882012282050980,1,,2019-05-18T01:00:00-0500,0.005701,0.005701,0.003775,0.000544,2.2675840199589996,2.675749142188,22.401395370636,511.941352731106,1.190775440273,0.7500712586420001,0.37629698172700005,0.30423994439200003,5.409269134600001,2.254217496184,2.6599766448130002,22.232529684836,510.821785779181,1.182844893848,0.7493415322670001,0.373556041052,0.303452354817,5.3698681043750005,0.013366523775000002,0.015772497375,0.16886568580000003,1.119566951925,0.007930546425,0.000729726375,0.002740940675,0.0007875895750000001,0.039401030225,0.0,0.0,0.0,0.0,0.0,0.0,0.0,0.0,0.0,0.525,2568161270.114382,240.088735,287.27284050000003,334.456946,381.6410515,428.825157,476.0092625,523.1933680000001,570.3774735000001,617.561579,664.7456845,711.92979,759.1138955,806.2980010000001,853.4821065000001,900.6662120000001,947.8503175000001,995.0344230000001,1042.2185285,1089.402634,1136.5867395,1183.770845
SF11C46882012282050980,2,,2019-05-18T02:00:00-0500,0.005701,0.005701,0.003325,0.000737,2.265990659509,2.6738689769380004,22.381265686236,511.80789441895604,1.1898300771230002,0.7499842713920001,0.375970247077,0.304146059542,5.404572323050001,2.254217496184,2.6599766448130002,22.232529684836,510.821785779181,1.182844893848,0.7493415322670001,0.373556041052,0.303452354817,5.3698681043750005,0.011773163325,0.013892332124999998,0.1487360014,0.986108639775,0.006985183275,0.000642739125,0.002414206025,0.000693704725,0.034704218675,0.0,0.0,0.0,0.0,0.0,0.0,0.0,0.0,0.0,0.683333,2568161270.114382,240.088735,274.48934005,308.8899451,343.29055015,377.6911552,412.09176025,446.49236529999996,480.89297035,515.2935754,549.69418045,584.0947855,618.49539055,652.8959956,687.29660065,721.6972056999999,756.09781075,790.4984158,824.8990208499999,859.2996258999999,893.70023095,928.100836
SF11C46882012282050980,3,,2019-05-18T03:00:00-0500,0.005701,0.005701,0.003003,0.000893,2.264850521587,2.672523614248,22.366861778731998,511.71239758226204,1.189153617269,0.7499220271820001,0.375736450283,0.304078879716,5.401211493452,2.254217496184,2.6599766448130002,22.232529684836,510.821785779181,1.182844893848,0.7493415322670001,0.373556041052,0.303452354817,5.3698681043750005,0.010633025403,0.012546969435,0.134332093896,0.890611803081,0.006308723421,0.000580494915,0.002180409231,0.000626524899,0.031343389077,0.0,0.0,0.0,0.0,0.0,0.0,0.0,0.0,0.0,0.7625,2568161270.114382,240.088735,267.13144,294.174145,321.21685,348.259555,375.30226,402.344965,429.38766999999996,456.43037499999997,483.47308,510.51578499999994,537.55849,564.601195,591.6438999999999,618.686605,645.7293099999999,672.7720149999999,699.81472,726.8574249999999,753.90013,780.942835
SF11C46882012282050980,4,,2019-05-18T04:00:00-0500,0.005701,0.005701,0.002771,0.001023,2.264029055755,2.6715542846080003,22.356483808108,511.643592407998,1.1886662300450002,0.749877180422,0.375568000419,0.30403047686,5.398790026164001,2.254217496184,2.6599766448130002,22.232529684836,510.821785779181,1.182844893848,0.7493415322670001,0.373556041052,0.303452354817,5.3698681043750005,0.009811559571,0.011577639794999999,0.123954123272,0.8218066288170001,0.005821336197,0.000535648155,0.002011959367,0.0005781220430000001,0.028921921789000004,0.0,0.0,0.0,0.0,0.0,0.0,0.0,0.0,0.0,0.81,2568161270.114382,240.088735,262.2377111,284.3866872,306.5356633,328.68463940000004,350.8336155,372.9825916,395.1315677,417.28054380000003,439.4295199,461.578496,483.7274721,505.8764482,528.0254243,550.1744004,572.3233765,594.4723526,616.6213287,638.7703048,660.9192809,683.068257
SF11C46882012282050980,5,,2019-05-18T05:00:00-0500,0.005701,0.005701,0.002606,0.001133,2.26344482359,2.670864890683,22.349102923828,511.594657693543,1.18831959689,0.7498452850970001,0.375448197714,0.303996052415,5.397067861929001,2.254217496184,2.6599766448130002,22.232529684836,510.821785779181,1.182844893848,0.7493415322670001,0.373556041052,0.303452354817,5.3698681043750005,0.009227327406,0.010888245869999999,0.11657323899199999,0.772871914362,0.005474703042,0.0005037528299999999,0.0018921566619999998,0.000543697598,0.027199757554,0.0,0.0,0.0,0.0,0.0,0.0,0.0,0.0,0.0,0.811827,2568161270.114382,240.088735,262.03977235,283.9908097,305.94184705,327.8928844,349.84392175,371.7949591,393.74599645,415.6970338,437.64807114999996,459.59910849999994,481.55014585,503.5011832,525.45222055,547.4032579,569.35429525,591.3053325999999,613.2563699499999,635.2074073,657.15844465,679.109482
SF11C46882012282050980,6,,2019-05-18T06:00:00-0500,0.005701,0.005701,0.002487,0.001226,2.2630234682709998,2.6703676914280003,22.34377974062,511.55936538433,1.188069600857,0.7498222818020001,0.375361794551,0.303971225088,5.395825816208,2.254217496184,2.6599766448130002,22.232529684836,510.821785779181,1.182844893848,0.7493415322670001,0.373556041052,0.303452354817,5.3698681043750005,0.008805972087,0.010391046615,0.111250055784,0.737579605149,0.005224707009000001,0.000480749535,0.001805753499,0.000518870271,0.025957711833000004,0.0,0.0,0.0,0.0,0.0,0.0,0.0,0.0,0.0,0.811827,2568161270.114382,240.088735,262.03940615,283.9900773,305.94074845,327.8914196,349.84209075,371.79276189999996,393.74343305,415.69410419999997,437.64477535000003,459.5954465,481.54611765,503.4967888,525.4474599499999,547.3981311,569.34880225,591.2994734,613.25014455,635.2008157,657.15148685,679.102158
SF11C46882012282050980,7,,2019-05-18T07:00:00-0500,0.005701,0.005701,0.002402,0.001308,2.262722500186,2.6700125491030002,22.3399774669,511.534156592035,1.187891032262,0.749805850877,0.375300078006,0.303953491283,5.394938640693001,2.254217496184,2.6599766448130002,22.232529684836,510.821785779181,1.182844893848,0.7493415322670001,0.373556041052,0.303452354817,5.3698681043750005,0.008505004002000001,0.01003590429,0.107447782064,0.7123708128540001,0.0050461384140000004,0.00046431861,0.001744036954,0.000501136466,0.025070536318000002,0.0,0.0,0.0,0.0,0.0,0.0,0.0,0.0,0.0,0.811827,2568161270.114382,240.088735,262.03914455,283.9895541,305.93996365,327.8903732,349.84078275,371.79119230000003,393.74160185000005,415.6920114,437.64242095,459.5928305,481.54324005,503.4936496,525.44405915,547.3944687000001,569.34487825,591.2952878,613.24569735,635.1961069,657.14651645,679.096926
SF11C46882012282050980,8,,2019-05-18T08:00:00-0500,0.005701,0.005701,0.002187,0.001368,2.2619612279709997,2.6691142479280003,22.33035995102,511.47039317623,1.187439358757,0.7497642903020001,0.37514397145100004,0.303908635188,5.392694608508,2.254217496184,2.6599766448130002,22.232529684836,510.821785779181,1.182844893848,0.7493415322670001,0.373556041052,0.303452354817,5.3698681043750005,0.007743731787000001,0.009137603115,0.09783026618400001,0.6486073970490001,0.004594464909000001,0.00042275803500000004,0.0015879303990000001,0.0004562803710000001,0.022826504133000004,0.0,0.0,0.0,0.0,0.0,0.0,0.0,0.0,0.0,0.811827,2568161270.114382,240.088735,262.03848300000004,283.98823100000004,305.93797900000004,327.88772700000004,349.83747500000004,371.78722300000004,393.73697100000004,415.68671900000004,437.63646700000004,459.58621500000004,481.53596300000004,503.48571100000004,525.435459,547.385207,569.334955,591.284703,613.234451,635.184199,657.133947,679.083695
SF11C46882012282050980,9,,2019-05-18T09:00:00-0500,0.005701,0.005701,0.002871,0.001472,2.2643831358549997,2.6719720991080003,22.360957071308,511.67324981069805,1.188876310745,0.749896510922,0.375640608119,0.30405134016,5.3998337620640005,2.254217496184,2.6599766448130002,22.232529684836,510.821785779181,1.182844893848,0.7493415322670001,0.373556041052,0.303452354817,5.3698681043750005,0.010165639671,0.011995454295,0.128427386472,0.851464031517,0.006031416897,0.000554978655,0.002084567067,0.000598985343,0.029965657689,0.0,0.0,0.0,0.0,0.0,0.0,0.0,0.0,0.0,0.811827,2568161270.114382,240.088735,262.04058795000003,283.9924409,305.94429385,327.8961468,349.84799975,371.7998527,393.75170565,415.7035586,437.65541155,459.60726450000004,481.55911745000003,503.5109704,525.46282335,547.4146763,569.36652925,591.3183822,613.27023515,635.2220881,657.17394105,679.125794
SF11C46882012282050980,10,,2019-05-18T10:00:00-0500,0.020004,0.019978,0.012417,0.002229,7.943414843568999,9.373229510779,78.464843099552,1793.754062288677,4.171126115063,2.6283159201110005,1.3180671957649999,1.0659779217869998,18.947216015452998,7.899448717552,9.321349484314,77.909398008008,1790.071502595418,4.145040394544,2.6259156519260003,1.309051497656,1.0633873258259998,18.817615328749998,0.043966126017,0.05188002646499999,0.555445091544,3.682559693259,0.026085720519,0.002400268185,0.009015698108999999,0.002590595961,0.129600686703,0.0,0.0,0.0,0.0,0.0,0.0,0.0,0.0,0.0,0.339728,9011313462.088774,780.907329,894.9025999,1008.8978708,1122.8931417,1236.8884126,1350.8836835,1464.8789544,1578.8742253,1692.8694962,1806.8647670999999,1920.8600379999998,2034.8553088999997,2148.8505798,2262.8458507,2376.8411216,2490.8363925,2604.8316634,2718.8269342999997,2832.8222052,2946.8174761,3060.812747
SF11C46882012282050980,11,,2019-05-18T11:00:00-0500,0.040008,0.039972,0.029285,0.0041,15.908916310533,18.772521236361,157.19118729831197,3590.261809771227,8.354922606051,5.259595286649,2.6404145546890003,2.133736115729,37.955959385815,15.805223953248,18.650164260036,155.88119217019198,3581.576639390532,8.293400473056,5.253934349724,2.619151389744,2.127626298324,37.6503013275,0.103692357285,0.12235697632499999,1.30999512812,8.685170380695,0.061522132995,0.005660936924999999,0.021263164945,0.006109817405,0.305658058315,0.0,0.0,0.0,0.0,0.0,0.0,0.0,0.0,0.0,0.24,18022626924.177547,1409.360594,1591.3617388,1773.3628836,1955.3640284,2137.3651732,2319.3663180000003,2501.3674628,2683.3686076000004,2865.3697524,3047.3708972000004,3229.372042,3411.3731868000004,3593.3743316,3775.3754764000005,3957.3766212,4139.3777660000005,4321.3789108,4503.380055600001,4685.3812004,4867.382345200001,5049.38349
SF11C46882012282050980,12,,2019-05-18T12:00:00-0500,0.070014,0.06996,0.058436,0.007857,27.869610831875995,32.8861407627,275.441180218112,6285.896138012531,14.638080907931998,9.2068640463,4.626533689492,3.7360167513079996,66.506422085524,27.662700584639996,32.64198668148,272.82718413455996,6268.565538170759,14.515318150079999,9.19556807532,4.58410465392,3.7238250733199996,65.896504575,0.20691024723600002,0.24415408121999999,2.613996083552,17.330599841772,0.12276275785200001,0.01129597098,0.042429035572,0.012191677988000001,0.609917510524,0.0,0.0,0.0,0.0,0.0,0.0,0.0,0.0,0.0,0.24,31539597117.310707,2129.674482,2376.4453083,2623.2161346,2869.9869608999998,3116.7577872,3363.5286135,3610.2994398,3857.0702661000005,4103.8410924,4350.6119187,4597.382745000001,4844.1535713,5090.9243976,5337.6952239,5584.466050200001,5831.236876500001,6078.0077028000005,6324.7785291,6571.5493554,6818.320181700001,7065.091008000001
SF11C46882012282050980,13,,2019-05-18T13:00:00-0500,0.10002,0.099966,0.092637,0.01372,39.855303731180996,47.029258374122996,393.98726860296,8984.641003564844,20.935582929627,13.157474922807001,6.617498956881,5.340309086043,95.126547951933,39.527294548944,46.642207555758,389.843371772376,8957.167275425645,20.740970471567998,13.139567727522001,6.550237361832,5.3209819508219995,94.15966232625,0.328009182237,0.387050818365,4.1438968305840005,27.473728139199,0.19461245805900002,0.017907195285,0.06726159504899999,0.019327135221000002,0.9668856256830001,0.0,0.0,0.0,0.0,0.0,0.0,0.0,0.0,0.0,0.24,45056567310.44386,2649.708819,2954.8561207,3260.0034224,3565.1507241,3870.2980258,4175.4453275,4480.5926292,4785.7399309,5090.8872326,5396.0345343,5701.181836,6006.3291377000005,6311.476439399999,6616.6237411,6921.771042800001,7226.9183445,7532.065646200001,7837.2129479,8142.3602496,8447.507551300001,8752.654853
SF11C46882012282050980,14,,2019-05-18T14:00:00-0500,0.130026,0.129972,0.130595,0.021801,51.854299419842995,61.18807327631101,512.701417486232,11684.500097736596,27.240977683221,17.108812046199002,8.611192095559002,6.945385254959,123.785886976105,51.391888513248,60.642428430036006,506.859559410192,11645.769012680532,26.966622793056,17.083567379724002,8.516370069744001,6.9181388283239995,122.4228200775,0.46241090659499995,0.5456448462749999,5.841858076039999,38.731085056065,0.274354890165,0.025244666475,0.09482202581499999,0.027246426634999998,1.363066898605,0.0,0.0,0.0,0.0,0.0,0.0,0.0,0.0,0.0,0.24,58573537503.57703,3025.150299,3386.19454655,3747.2387940999997,4108.28304165,4469.3272892,4830.37153675,5191.4157843,5552.46003185,5913.5042794,6274.54852695,6635.5927745,6996.63702205,7357.681269600001,7718.72551715,8079.7697647,8440.81401225,8801.8582598,9162.902507350002,9523.9467549,9884.99100245,10246.03525
SF11C46882012282050980,15,,2019-05-18T15:00:00-0500,0.160032,0.159978,0.1708,0.032104,63.861251288352,75.356276470314,631.516080593608,14385.02559374702,33.551092950144,21.060583525926006,10.606516729256,8.550930222226,152.46867874595,63.256482477552,74.642649304314,623.875747048008,14334.370749935419,33.192275114544,21.027567031926004,10.482502777656,8.515295705826,150.68597782875,0.6047688108,0.713627166,7.640333545600001,50.6548438116,0.3588178356,0.033016494,0.1240139516,0.0356345164,1.7827009172000001,0.0,0.0,0.0,0.0,0.0,0.0,0.0,0.0,0.0,0.24,72090507696.71019,3296.202216,3711.71038645,4127.2185569,4542.72672735,4958.2348978,5373.74306825,5789.251238700001,6204.7594091500005,6620.2675796,7035.77575005,7451.2839205,7866.792090950001,8282.3002614,8697.80843185,9113.316602300001,9528.82477275,9944.332943200001,10359.84111365,10775.3492841,11190.857454550001,11606.365625
SF11C46882012282050980,16,,2019-05-18T16:00:00-0500,0.170034,0.170016,0.189309,0.042975,67.895887294653,80.11714695321301,671.489824105464,15289.941138447039,35.672663516331,22.383559812117,11.277692145225,9.089093641268999,162.116825414931,67.22558179814399,79.326186501408,663.021534274176,15233.797005969696,35.274961843968,22.346965435872,11.140239234432,9.049597536672,160.14093942,0.6703054965090001,0.790960451805,8.468289831288,56.144132477343,0.397701672363,0.036594376245000004,0.137452910793,0.039496104597,1.9758859949310001,0.0,0.0,0.0,0.0,0.0,0.0,0.0,0.0,0.0,0.24,76596164427.75456,3368.628987,3802.11129795,4235.5936089,4669.07591985,5102.5582308,5536.040541750001,5969.5228527,6403.00516365,6836.4874746000005,7269.96978555,7703.4520965,8136.93440745,8570.4167184,9003.89902935,9437.3813403,9870.86365125,10304.345962200001,10737.82827315,11171.3105841,11604.79289505,12038.275206
SF11C46882012282050980,17,,2019-05-18T17:00:00-0500,0.120024,0.120113,0.137003,0.049477,47.97866747379499,56.614827580004004,474.540333940764,10803.013070676434,25.208891889445,15.814180166386,7.969837252907,6.42194814152,114.566411101952,47.49356711439199,56.042409180569,468.411829158868,10762.381539255353,24.921075028024,15.787696801471,7.870362525676001,6.393364794620999,113.136461606875,0.48510035940300006,0.5724183994350001,6.128504781896001,40.63153142108101,0.28781686142100005,0.026483364915,0.09947472723100001,0.028583346899000005,1.4299494950770002,0.0,0.0,0.0,0.0,0.0,0.0,0.0,0.0,0.0,0.24,54067880772.53264,2913.321889,3256.3087214999996,3599.295554,3942.2823865,4285.269219,4628.2560515,4971.242883999999,5314.2297165,5657.216549,6000.2033814999995,6343.190214,6686.1770465,7029.163879,7372.1507114999995,7715.137544,8058.1243765,8401.111208999999,8744.0980415,9087.084874,9430.071706499999,9773.058539
SF11C46882012282050980,18,,2019-05-18T18:00:00-0500,0.070014,0.070104,0.08058,0.051627,28.004956992515996,33.045849228252,276.993305008704,6305.366181063683,14.714478333852,9.230072005068001,4.652047488468,3.748301540508,66.87318299322,27.719639247935998,32.709174304152,273.388749522144,6281.468245968023,14.545195305792,9.214495488168001,4.593540203808,3.731489893368,66.032140605,0.28531774458,0.3366749241,3.6045554865600002,23.89793509566,0.16928302806,0.0155765169,0.05850728466,0.01681164714,0.84104238822,0.0,0.0,0.0,0.0,0.0,0.0,0.0,0.0,0.0,0.24,31539597117.310707,2129.674482,2376.9388916,2624.2033011999997,2871.4677107999996,3118.7321204,3365.99653,3613.2609396,3860.5253492,4107.7897588,4355.0541684,4602.318578,4849.5829876,5096.847397199999,5344.1118068,5591.3762164,5838.640626,6085.9050356,6333.169445199999,6580.4338548,6827.6982644,7074.962674
SF11C46882012282050980,19,,2019-05-18T19:00:00-0500,0.040008,0.040062,0.045668,0.051215,16.002511917876,18.882964050066,158.275020375608,3603.184774428858,8.408013349452,5.274591835494,2.65820709286,2.141944662698,38.211727157062,15.840810617808,18.692156524206002,156.23217053743198,3589.640831763822,8.312073695376,5.265763982754001,2.625048608424,2.132416810854,37.73507384625,0.16170130006800001,0.19080752586,2.042849838176,13.543942665036,0.09593965407600001,0.008827852740000001,0.033158484436,0.009527851844,0.476653310812,0.0,0.0,0.0,0.0,0.0,0.0,0.0,0.0,0.0,0.24,18022626924.177547,1409.360594,1591.7559322,1774.1512704000002,1956.5466086000001,2138.9419468,2321.337285,2503.7326232000005,2686.1279614000005,2868.5232996000004,3050.9186378000004,3233.3139760000004,3415.7093142000003,3598.1046524000003,3780.4999906000003,3962.8953288000002,4145.290667,4327.6860052,4510.0813434,4692.4766816,4874.8720198,5057.267358
SF11C46882012282050980,20,,2019-05-18T20:00:00-0500,0.005701,0.005763,0.006347,0.048113,2.301206217939,2.715423335334,22.758232797572,518.259473652372,1.209042491253,0.758717741856,0.382226980195,0.308076679322,5.494512868198,2.2787327539919997,2.688904649019,22.474314782268,516.3771183030029,1.195708669224,0.757490835021,0.37761856947600003,0.306752485671,5.428266950625,0.022473463947000002,0.026518686314999998,0.283918015304,1.8823553493690002,0.013333822029,0.001226906835,0.004608410719,0.0013241936510000002,0.06624591757300001,0.0,0.0,0.0,0.0,0.0,0.0,0.0,0.0,0.0,0.811827,2568161270.114382,240.088735,262.27224575,284.4557565,306.63926725,328.822778,351.00628875,373.18979950000005,395.37331025000003,417.556821,439.74033175,461.9238425,484.10735325,506.29086400000006,528.47437475,550.6578855,572.84139625,595.024907,617.20841775,639.3919285000001,661.57543925,683.75895
SF11C46882012282050980,21,,2019-05-18T21:00:00-0500,0.005701,0.005701,0.006085,0.045207,2.2757632702689996,2.685400657138,22.504727750556,512.626438733476,1.195628304443,0.7505177931920001,0.377974219597,0.304721886622,5.433379433890001,2.254217496184,2.6599766448130002,22.232529684836,510.821785779181,1.182844893848,0.7493415322670001,0.373556041052,0.303452354817,5.3698681043750005,0.021545774085,0.025424012325,0.27219806572,1.804652954295,0.012783410595000001,0.0011762609250000001,0.004418178545,0.0012695318050000002,0.063511329515,0.0,0.0,0.0,0.0,0.0,0.0,0.0,0.0,0.0,0.811827,2568161270.114382,240.088735,262.050489,284.012243,305.973997,327.935751,349.897505,371.85925899999995,393.821013,415.782767,437.74452099999996,459.706275,481.66802899999993,503.629783,525.5915369999999,547.553291,569.515045,591.4767989999999,613.438553,635.4003069999999,657.3620609999999,679.323815
SF11C46882012282050980,22,,2019-05-18T22:00:00-0500,0.005701,0.005701,0.005726,0.042477,2.27449212271,2.683900703083,22.488668735668,512.519968657783,1.1948741147300002,0.750448396697,0.377713557954,0.304646987375,5.429632422009001,2.254217496184,2.6599766448130002,22.232529684836,510.821785779181,1.182844893848,0.7493415322670001,0.373556041052,0.303452354817,5.3698681043750005,0.020274626526,0.02392405827,0.256139050832,1.6981828786020001,0.012029220882000001,0.00110686443,0.004157516902,0.001194632558,0.059764317634,0.0,0.0,0.0,0.0,0.0,0.0,0.0,0.0,0.0,0.811827,2568161270.114382,240.088735,262.0493822,284.0100294,305.97067660000005,327.93132380000003,349.891971,371.85261820000005,393.8132654,415.7739126,437.73455980000006,459.695207,481.6558542,503.61650140000006,525.5771486,547.5377958,569.4984430000001,591.4590902,613.4197374,635.3803846000001,657.3410318,679.301679
SF11C46882012282050980,23,,2019-05-18T23:00:00-0500,0.005701,0.005701,0.00528,0.039905,2.272912925464,2.6820372504130003,22.468717981796,512.3876966417411,1.193937154808,0.750362182667,0.377389727612,0.304553937057,5.424977359895,2.254217496184,2.6599766448130002,22.232529684836,510.821785779181,1.182844893848,0.7493415322670001,0.373556041052,0.303452354817,5.3698681043750005,0.018695429280000002,0.022060605599999998,0.23618829696000002,1.56591086256,0.011092260960000001,0.0010206504,0.0038336865599999997,0.0011015822400000002,0.055109255520000004,0.0,0.0,0.0,0.0,0.0,0.0,0.0,0.0,0.0,0.811827,2568161270.114382,240.088735,262.04800750000004,284.00728000000004,305.96655250000003,327.92582500000003,349.88509750000003,371.84437,393.8036425,415.762915,437.7221875,459.68146,481.6407325,503.600005,525.5592775,547.51855,569.4778225,591.437095,613.3963675,635.35564,657.3149125,679.274185
SF11C46882112282050980,0,,2019-05-18T00:00:00-0400,0.005701,0.005701,0.004404,0.000304,1.1439782000000001e-05,1.3500854e-05,0.00014451107499999997,0.000959822481,6.787861e-06,6.310690000000001e-07,2.342928e-06,6.73812e-07,3.3723509e-05,1.1402e-08,1.1402e-08,1.0831900000000002e-07,2.4457290000000003e-06,5.701e-09,5.701e-09,0.0,0.0,2.8505000000000003e-08,1.1428380000000001e-05,1.3489452e-05,0.00014440275599999998,0.0009573767519999999,6.78216e-06,6.25368e-07,2.342928e-06,6.73812e-07,3.3695004e-05,0.0,0.0,0.0,0.0,0.0,0.0,0.0,0.0,0.0,0.979901,561.7320155263591,2.115098,2.2208529,2.3266078,2.4323627,2.5381176,2.6438725,2.7496274000000005,2.8553823000000005,2.9611372000000005,3.0668921000000005,3.1726470000000004,3.2784019000000004,3.3841568000000004,3.4899117000000004,3.5956666000000004,3.7014215000000004,3.8071764000000003,3.9129313000000003,4.0186862,4.1244411,4.230196
SF11C46882112282050980,1,,2019-05-18T01:00:00-0400,0.005701,0.005701,0.003775,0.000544,9.807527000000001e-06,1.1574227e-05,0.000123886794,0.000823085429,5.819201e-06,5.417510000000001e-07,2.0083000000000003e-06,5.77575e-07,2.891103e-05,1.1402e-08,1.1402e-08,1.0831900000000002e-07,2.4457290000000003e-06,5.701e-09,5.701e-09,0.0,0.0,2.8505000000000003e-08,9.796125000000001e-06,1.1562825e-05,0.000123778475,0.0008206397,5.8135e-06,5.3605e-07,2.0083000000000003e-06,5.77575e-07,2.8882525000000002e-05,0.0,0.0,0.0,0.0,0.0,0.0,0.0,0.0,0.0,0.979901,561.7320155263591,2.115098,2.2208529,2.3266078,2.4323627,2.5381176,2.6438725,2.7496274000000005,2.8553823000000005,2.9611372000000005,3.0668921000000005,3.1726470000000004,3.2784019000000004,3.3841568000000004,3.4899117000000004,3.5956666000000004,3.7014215000000004,3.8071764000000003,3.9129313000000003,4.0186862,4.1244411,4.230196
SF11C46882112282050980,2,,2019-05-18T02:00:00-0400,0.005701,0.005701,0.003325,0.000737,8.639777e-06,1.0195877e-05,0.00010913174399999999,0.000725260829,5.1262009999999995e-06,4.77851e-07,1.7689e-06,5.087249999999999e-07,2.5468079999999996e-05,1.1402e-08,1.1402e-08,1.0831900000000002e-07,2.4457290000000003e-06,5.701e-09,5.701e-09,0.0,0.0,2.8505000000000003e-08,8.628375e-06,1.0184475e-05,0.00010902342499999999,0.0007228151,5.1204999999999995e-06,4.7215e-07,1.7689e-06,5.087249999999999e-07,2.5439574999999998e-05,0.0,0.0,0.0,0.0,0.0,0.0,0.0,0.0,0.0,0.986601,561.7320155263591,2.115098,2.2208529,2.3266078,2.4323627,2.5381176,2.6438725,2.7496274000000005,2.8553823000000005,2.9611372000000005,3.0668921000000005,3.1726470000000004,3.2784019000000004,3.3841568000000004,3.4899117000000004,3.5956666000000004,3.7014215000000004,3.8071764000000003,3.9129313000000003,4.0186862,4.1244411,4.230196
SF11C46882112282050980,3,,2019-05-18T03:00:00-0400,0.005701,0.005701,0.003003,0.000893,7.804187e-06,9.209591000000001e-06,9.8573686e-05,0.000655261893,4.6303209999999995e-06,4.32127e-07,1.597596e-06,4.5945900000000004e-07,2.3004457999999998e-05,1.1402e-08,1.1402e-08,1.0831900000000002e-07,2.4457290000000003e-06,5.701e-09,5.701e-09,0.0,0.0,2.8505000000000003e-08,7.792785e-06,9.198189000000001e-06,9.8465367e-05,0.000652816164,4.6246199999999994e-06,4.2642600000000004e-07,1.597596e-06,4.5945900000000004e-07,2.2975953e-05,0.0,0.0,0.0,0.0,0.0,0.0,0.0,0.0,0.0,0.989951,561.7320155263591,2.115098,2.2208529,2.3266078,2.4323627,2.5381176,2.6438725,2.7496274000000005,2.8553823000000005,2.9611372000000005,3.0668921000000005,3.1726470000000004,3.2784019000000004,3.3841568000000004,3.4899117000000004,3.5956666000000004,3.7014215000000004,3.8071764000000003,3.9129313000000003,4.0186862,4.1244411,4.230196
SF11C46882112282050980,4,,2019-05-18T04:00:00-0400,0.005701,0.005701,0.002771,0.001023,7.202147e-06,8.498975000000001e-06,9.096663800000001e-05,0.000604827877,4.273041e-06,3.9918300000000003e-07,1.474172e-06,4.23963e-07,2.1229425999999998e-05,1.1402e-08,1.1402e-08,1.0831900000000002e-07,2.4457290000000003e-06,5.701e-09,5.701e-09,0.0,0.0,2.8505000000000003e-08,7.190745e-06,8.487573000000001e-06,9.0858319e-05,0.000602382148,4.26734e-06,3.9348200000000006e-07,1.474172e-06,4.23963e-07,2.1200921e-05,0.0,0.0,0.0,0.0,0.0,0.0,0.0,0.0,0.0,0.991961,561.7320155263591,2.115098,2.2208529,2.3266078,2.4323627,2.5381176,2.6438725,2.7496274000000005,2.8553823000000005,2.9611372000000005,3.0668921000000005,3.1726470000000004,3.2784019000000004,3.3841568000000004,3.4899117000000004,3.5956666000000004,3.7014215000000004,3.8071764000000003,3.9129313000000003,4.0186862,4.1244411,4.230196
SF11C46882112282050980,5,,2019-05-18T05:00:00-0400,0.005701,0.005701,0.002606,0.001133,6.773972e-06,7.99358e-06,8.5556453e-05,0.000568958857,4.018940999999999e-06,3.75753e-07,1.386392e-06,3.98718e-07,1.9967010999999997e-05,1.1402e-08,1.1402e-08,1.0831900000000002e-07,2.4457290000000003e-06,5.701e-09,5.701e-09,0.0,0.0,2.8505000000000003e-08,6.76257e-06,7.982178e-06,8.544813399999999e-05,0.000566513128,4.013239999999999e-06,3.70052e-07,1.386392e-06,3.98718e-07,1.9938506e-05,0.0,0.0,0.0,0.0,0.0,0.0,0.0,0.0,0.0,0.9933,561.7320155263591,2.115098,2.2208529,2.3266078,2.4323627,2.5381176,2.6438725,2.7496274000000005,2.8553823000000005,2.9611372000000005,3.0668921000000005,3.1726470000000004,3.2784019000000004,3.3841568000000004,3.4899117000000004,3.5956666000000004,3.7014215000000004,3.8071764000000003,3.9129313000000003,4.0186862,4.1244411,4.230196
SF11C46882112282050980,6,,2019-05-18T06:00:00-0400,0.005701,0.005701,0.002487,0.001226,6.465167e-06,7.6290830000000005e-06,8.1654562e-05,0.000543089685,3.835681e-06,3.58855e-07,1.323084e-06,3.8051100000000004e-07,1.9056541999999998e-05,1.1402e-08,1.1402e-08,1.0831900000000002e-07,2.4457290000000003e-06,5.701e-09,5.701e-09,0.0,0.0,2.8505000000000003e-08,6.453765e-06,7.6176810000000005e-06,8.1546243e-05,0.000540643956,3.82998e-06,3.53154e-07,1.323084e-06,3.8051100000000004e-07,1.9028037e-05,0.0,0.0,0.0,0.0,0.0,0.0,0.0,0.0,0.0,0.994258,561.7320155263591,2.115098,2.2208529,2.3266078,2.4323627,2.5381176,2.6438725,2.7496274000000005,2.8553823000000005,2.9611372000000005,3.0668921000000005,3.1726470000000004,3.2784019000000004,3.3841568000000004,3.4899117000000004,3.5956666000000004,3.7014215000000004,3.8071764000000003,3.9129313000000003,4.0186862,4.1244411,4.230196
SF11C46882112282050980,7,,2019-05-18T07:00:00-0400,0.005701,0.005701,0.002402,0.001308,6.244592e-06,7.368728000000001e-06,7.886749700000001e-05,0.000524611705,3.7047809999999998e-06,3.46785e-07,1.2778640000000001e-06,3.6750600000000004e-07,1.8406207e-05,1.1402e-08,1.1402e-08,1.0831900000000002e-07,2.4457290000000003e-06,5.701e-09,5.701e-09,0.0,0.0,2.8505000000000003e-08,6.23319e-06,7.357326000000001e-06,7.8759178e-05,0.000522165976,3.6990799999999997e-06,3.4108400000000004e-07,1.2778640000000001e-06,3.6750600000000004e-07,1.8377702e-05,0.0,0.0,0.0,0.0,0.0,0.0,0.0,0.0,0.0,0.994975,561.7320155263591,2.115098,2.2208529,2.3266078,2.4323627,2.5381176,2.6438725,2.7496274000000005,2.8553823000000005,2.9611372000000005,3.0668921000000005,3.1726470000000004,3.2784019000000004,3.3841568000000004,3.4899117000000004,3.5956666000000004,3.7014215000000004,3.8071764000000003,3.9129313000000003,4.0186862,4.1244411,4.230196
SF11C46882112282050980,8,,2019-05-18T08:00:00-0400,0.005701,0.005701,0.002187,0.001368,5.686667000000001e-06,6.710183000000001e-06,7.1817862e-05,0.000477873285,3.373681e-06,3.16255e-07,1.1634840000000001e-06,3.3461100000000003e-07,1.6761242e-05,1.1402e-08,1.1402e-08,1.0831900000000002e-07,2.4457290000000003e-06,5.701e-09,5.701e-09,0.0,0.0,2.8505000000000003e-08,5.675265000000001e-06,6.698781000000001e-06,7.1709543e-05,0.000475427556,3.36798e-06,3.1055400000000004e-07,1.1634840000000001e-06,3.3461100000000003e-07,1.6732737e-05,0.0,0.0,0.0,0.0,0.0,0.0,0.0,0.0,0.0,0.995534,561.7320155263591,2.115098,2.2208529,2.3266078,2.4323627,2.5381176,2.6438725,2.7496274000000005,2.8553823000000005,2.9611372000000005,3.0668921000000005,3.1726470000000004,3.2784019000000004,3.3841568000000004,3.4899117000000004,3.5956666000000004,3.7014215000000004,3.8071764000000003,3.9129313000000003,4.0186862,4.1244411,4.230196
SF11C46882112282050980,9,,2019-05-18T09:00:00-0400,0.005701,0.005701,0.002871,0.001472,7.461647e-06,8.805275e-06,9.4245538e-05,0.000626566677,4.427041e-06,4.13383e-07,1.527372e-06,4.39263e-07,2.1994525999999995e-05,1.1402e-08,1.1402e-08,1.0831900000000002e-07,2.4457290000000003e-06,5.701e-09,5.701e-09,0.0,0.0,2.8505000000000003e-08,7.450245e-06,8.793873e-06,9.413721899999999e-05,0.0006241209479999999,4.42134e-06,4.07682e-07,1.527372e-06,4.39263e-07,2.1966020999999997e-05,0.0,0.0,0.0,0.0,0.0,0.0,0.0,0.0,0.0,0.99598,561.7320155263591,2.115098,2.2208529,2.3266078,2.4323627,2.5381176,2.6438725,2.7496274000000005,2.8553823000000005,2.9611372000000005,3.0668921000000005,3.1726470000000004,3.2784019000000004,3.3841568000000004,3.4899117000000004,3.5956666000000004,3.7014215000000004,3.8071764000000003,3.9129313000000003,4.0186862,4.1244411,4.230196
SF11C46882112282050980,10,,2019-05-18T10:00:00-0400,0.020004,0.020004,0.012417,0.002229,3.2262123e-05,3.8073279e-05,0.00040752108899999996,0.0027078885119999996,1.9142183999999997e-05,1.783218e-06,6.605844e-06,1.899801e-06,9.510248699999999e-05,4.0008e-08,4.0008e-08,3.8007600000000005e-07,8.581716e-06,2.0004e-08,2.0004e-08,0.0,0.0,1.0002000000000002e-07,3.2222115e-05,3.8033271e-05,0.00040714101299999997,0.0026993067959999997,1.9122179999999997e-05,1.763214e-06,6.605844e-06,1.899801e-06,9.500246699999999e-05,0.0,0.0,0.0,0.0,0.0,0.0,0.0,0.0,0.0,0.976461,1971.0379299402362,7.416657,7.78748985,8.1583227,8.52915555,8.8999884,9.27082125,9.6416541,10.01248695,10.383319799999999,10.75415265,11.1249855,11.49581835,11.8666512,12.237484049999999,12.608316899999998,12.97914975,13.3499826,13.72081545,14.0916483,14.462481149999999,14.833314
SF11C46882112282050980,11,,2019-05-18T11:00:00-0400,0.040008,0.040008,0.029285,0.0041,7.6074591e-05,8.9779971e-05,0.0009609860169999999,0.006383371012,4.5138908e-05,4.1984779999999995e-06,1.557962e-05,4.480605e-06,0.000224259575,8.0016e-08,8.0016e-08,7.601520000000001e-07,1.7163432e-05,4.0008e-08,4.0008e-08,0.0,0.0,2.0004000000000004e-07,7.5994575e-05,8.9699955e-05,0.0009602258649999999,0.00636620758,4.5098899999999996e-05,4.15847e-06,1.557962e-05,4.480605e-06,0.00022405953499999998,0.0,0.0,0.0,0.0,0.0,0.0,0.0,0.0,0.0,0.927667,3942.0758598804723,14.819563,15.56054115,16.3015193,17.04249745,17.7834756,18.52445375,19.2654319,20.00641005,20.7473882,21.48836635,22.2293445,22.97032265,23.7113008,24.45227895,25.1932571,25.93423525,26.6752134,27.41619155,28.1571697,28.89814785,29.639126
SF11C46882112282050980,12,,2019-05-18T12:00:00-0400,0.070014,0.070014,0.058436,0.007857,0.00015178144800000003,0.000179129496,0.00191738827,0.012733321174,9.0061454e-05,8.367926e-06,3.1087952e-05,8.940708000000001e-06,0.000447443906,1.4002800000000001e-07,1.4002800000000001e-07,1.3302660000000001e-06,3.0036006000000005e-05,7.001400000000001e-08,7.001400000000001e-08,0.0,0.0,3.5007000000000006e-07,0.00015164142000000002,0.000178989468,0.001916058004,0.012703285168000001,8.999144e-05,8.297912e-06,3.1087952e-05,8.940708000000001e-06,0.000447093836,0.0,0.0,0.0,0.0,0.0,0.0,0.0,0.0,0.0,0.854803,6898.632754790827,25.898193,27.19310265,28.488012299999998,29.78292195,31.0778316,32.37274125,33.6676509,34.96256055,36.2574702,37.552379849999994,38.8472895,40.142199149999996,41.4371088,42.73201845,44.0269281,45.32183775,46.616747399999994,47.91165705,49.206566699999996,50.50147635,51.796386
SF11C46882112282050980,13,,2019-05-18T13:00:00-0400,0.10002,0.10002,0.092637,0.01372,0.00024059305500000002,0.000283947171,0.003039374973,0.020181080736,0.00014276099999999998,1.3254474e-05,4.9282884e-05,1.4173461e-05,0.0007092657869999999,2.0003999999999998e-07,2.0003999999999998e-07,1.9003800000000001e-06,4.290858e-05,1.0001999999999999e-07,1.0001999999999999e-07,0.0,0.0,5.001e-07,0.000240393015,0.000283747131,0.003037474593,0.020138172156,0.00014266097999999998,1.3154454e-05,4.9282884e-05,1.4173461e-05,0.000708765687,0.0,0.0,0.0,0.0,0.0,0.0,0.0,0.0,0.0,0.791131,9855.18964970118,36.946024,38.7933252,40.6406264,42.4879276,44.3352288,46.18253,48.029831200000004,49.8771324,51.7244336,53.5717348,55.419036000000006,57.2663372,59.1136384,60.9609396,62.8082408,64.655542,66.5028432,68.3501444,70.19744560000001,72.0447468,73.892048
SF11C46882112282050980,14,,2019-05-18T14:00:00-0400,0.130026,0.130026,0.130595,0.021801,0.00033915407699999995,0.000400272537,0.004284549949,0.028445567014,0.00020124632599999998,1.8674516000000003e-05,6.947654e-05,1.9981035e-05,0.0009998324749999998,2.60052e-07,2.60052e-07,2.470494e-06,5.5781154e-05,1.30026e-07,1.30026e-07,0.0,0.0,6.501300000000001e-07,0.00033889402499999997,0.000400012485,0.004282079455,0.02838978586,0.00020111629999999998,1.854449e-05,6.947654e-05,1.9981035e-05,0.0009991823449999999,0.0,0.0,0.0,0.0,0.0,0.0,0.0,0.0,0.0,0.747163,12811.746544611535,47.963143,50.361300150000005,52.7594573,55.157614450000004,57.5557716,59.95392875,62.352085900000006,64.75024305000001,67.1484002,69.54655735,71.9447145,74.34287165,76.74102880000001,79.13918595000001,81.53734310000002,83.93550025,86.3336574,88.73181455000001,91.1299717,93.52812885,95.926286
SF11C46882112282050980,15,,2019-05-18T15:00:00-0400,0.160032,0.160032,0.1708,0.032104,0.00044354606400000003,0.0005234804640000001,0.005603401808,0.037198524128,0.000263192032,2.4413632e-05,9.08656e-05,2.61324e-05,0.00130759096,3.20064e-07,3.20064e-07,3.0406080000000004e-06,6.8653728e-05,1.60032e-07,1.60032e-07,0.0,0.0,8.001600000000001e-07,0.000443226,0.0005231604000000001,0.0056003612,0.0371298704,0.000263032,2.42536e-05,9.08656e-05,2.61324e-05,0.0013067908,0.0,0.0,0.0,0.0,0.0,0.0,0.0,0.0,0.0,0.736568,15768.30343952189,58.949635,61.89711675,64.8445985,67.79208025,70.739562,73.68704375,76.6345255,79.58200725,82.529489,85.47697075,88.4244525,91.37193425000001,94.319416,97.26689775,100.2143795,103.16186125,106.109343,109.05682475,112.00430650000001,114.95178824999999,117.89927
SF11C46882112282050980,16,,2019-05-18T16:00:00-0400,0.170034,0.170034,0.189309,0.042975,0.0004915969230000001,0.000580193535,0.006210483447,0.041226449478,0.00029170589399999996,2.7051912000000004e-05,0.000100712388,2.8964277e-05,0.001449253329,3.4006799999999995e-07,3.4006799999999995e-07,3.230646e-06,7.2944586e-05,1.7003399999999997e-07,1.7003399999999997e-07,0.0,0.0,8.5017e-07,0.0004912568550000001,0.000579853467,0.006207252801,0.041153504892,0.00029153585999999997,2.6881878000000004e-05,0.000100712388,2.8964277e-05,0.001448403159,0.0,0.0,0.0,0.0,0.0,0.0,0.0,0.0,0.0,0.783801,16753.822404492006,62.605008,65.73525839999999,68.8655088,71.9957592,75.1260096,78.25626,81.38651039999999,84.5167608,87.6470112,90.7772616,93.907512,97.03776239999999,100.1680128,103.29826320000001,106.4285136,109.558764,112.68901439999999,115.8192648,118.94951520000001,122.0797656,125.210016
SF11C46882112282050980,17,,2019-05-18T17:00:00-0400,0.120024,0.120024,0.137003,0.049477,0.00035576283300000006,0.00041988023700000005,0.0044944718230000005,0.029834298460000002,0.00021110464400000002,1.9574450000000004e-05,7.288559600000001e-05,2.0961459000000004e-05,0.0010488100730000002,2.40048e-07,2.40048e-07,2.280456e-06,5.1490296000000006e-05,1.20024e-07,1.20024e-07,0.0,0.0,6.001200000000001e-07,0.00035552278500000005,0.00041964018900000004,0.004492191367,0.029782808164000002,0.00021098462000000001,1.9454426000000002e-05,7.288559600000001e-05,2.0961459000000004e-05,0.0010482099530000001,0.0,0.0,0.0,0.0,0.0,0.0,0.0,0.0,0.0,0.868512,11826.227579641416,44.294177,46.50888585,48.7235947,50.93830355,53.153012399999994,55.36772125,57.582430099999996,59.79713895,62.0118478,64.22655664999999,66.4412655,68.65597435,70.8706832,73.08539205,75.30010089999999,77.51480975,79.7295186,81.94422745,84.1589363,86.37364515,88.58835400000001
SF11C46882112282050980,18,,2019-05-18T18:00:00-0400,0.070014,0.070014,0.08058,0.051627,0.000209245128,0.000246956568,0.002643467886,0.017547161046,0.00012416321399999998,1.1512374e-05,4.286856e-05,1.232874e-05,0.00061686765,1.4002800000000001e-07,1.4002800000000001e-07,1.3302660000000001e-06,3.0036006000000005e-05,7.001400000000001e-08,7.001400000000001e-08,0.0,0.0,3.5007000000000006e-07,0.0002091051,0.00024681654000000003,0.00264213762,0.01751712504,0.0001240932,1.1442360000000001e-05,4.286856e-05,1.232874e-05,0.00061651758,0.0,0.0,0.0,0.0,0.0,0.0,0.0,0.0,0.0,0.949948,6898.632754790827,25.898193,27.19310265,28.488012299999998,29.78292195,31.0778316,32.37274125,33.6676509,34.96256055,36.2574702,37.552379849999994,38.8472895,40.142199149999996,41.4371088,42.73201845,44.0269281,45.32183775,46.616747399999994,47.91165705,49.206566699999996,50.50147635,51.796386
SF11C46882112282050980,19,,2019-05-18T19:00:00-0400,0.040008,0.040008,0.045668,0.051215,0.000118588476,0.0001399611,0.001498168204,0.009944838616,7.036872799999999e-05,6.524864000000001e-06,2.4295376000000002e-05,6.987204e-06,0.000349605908,8.0016e-08,8.0016e-08,7.601520000000001e-07,1.7163432e-05,4.0008e-08,4.0008e-08,0.0,0.0,2.0004000000000004e-07,0.00011850846,0.000139881084,0.001497408052,0.009927675184,7.032871999999999e-05,6.484856000000001e-06,2.4295376000000002e-05,6.987204e-06,0.000349405868,0.0,0.0,0.0,0.0,0.0,0.0,0.0,0.0,0.0,0.98412,3942.0758598804723,14.819563,15.56054115,16.3015193,17.04249745,17.7834756,18.52445375,19.2654319,20.00641005,20.7473882,21.48836635,22.2293445,22.97032265,23.7113008,24.45227895,25.1932571,25.93423525,26.6752134,27.41619155,28.1571697,28.89814785,29.639126
SF11C46882112282050980,20,,2019-05-18T20:00:00-0400,0.005701,0.005701,0.006347,0.048113,1.6481867000000002e-05,1.9452263000000002e-05,0.00020822010199999998,0.001382207365,9.780081e-06,9.069750000000001e-07,3.376604e-06,9.71091e-07,4.8589402000000005e-05,1.1402e-08,1.1402e-08,1.0831900000000002e-07,2.4457290000000003e-06,5.701e-09,5.701e-09,0.0,0.0,2.8505000000000003e-08,1.6470465000000002e-05,1.9440861000000002e-05,0.000208111783,0.001379761636,9.77438e-06,9.012740000000001e-07,3.376604e-06,9.71091e-07,4.8560897e-05,0.0,0.0,0.0,0.0,0.0,0.0,0.0,0.0,0.0,0.999065,561.7320155263591,2.115098,2.2208529,2.3266078,2.4323627,2.5381176,2.6438725,2.7496274000000005,2.8553823000000005,2.9611372000000005,3.0668921000000005,3.1726470000000004,3.2784019000000004,3.3841568000000004,3.4899117000000004,3.5956666000000004,3.7014215000000004,3.8071764000000003,3.9129313000000003,4.0186862,4.1244411,4.230196
SF11C46882112282050980,21,,2019-05-18T21:00:00-0400,0.005701,0.005701,0.006085,0.045207,1.5801977000000003e-05,1.8649757e-05,0.00019962938399999998,0.001325251709,9.376601e-06,8.697710000000001e-07,3.2372200000000002e-06,9.310050000000001e-07,4.6584840000000004e-05,1.1402e-08,1.1402e-08,1.0831900000000002e-07,2.4457290000000003e-06,5.701e-09,5.701e-09,0.0,0.0,2.8505000000000003e-08,1.5790575000000003e-05,1.8638355e-05,0.000199521065,0.00132280598,9.3709e-06,8.6407e-07,3.2372200000000002e-06,9.310050000000001e-07,4.6556335e-05,0.0,0.0,0.0,0.0,0.0,0.0,0.0,0.0,0.0,0.999768,561.7320155263591,2.115098,2.2208529,2.3266078,2.4323627,2.5381176,2.6438725,2.7496274000000005,2.8553823000000005,2.9611372000000005,3.0668921000000005,3.1726470000000004,3.2784019000000004,3.3841568000000004,3.4899117000000004,3.5956666000000004,3.7014215000000004,3.8071764000000003,3.9129313000000003,4.0186862,4.1244411,4.230196
SF11C46882112282050980,22,,2019-05-18T22:00:00-0400,0.005701,0.005701,0.005726,0.042477,1.4870372000000001e-05,1.7550140000000003e-05,0.00018785813299999999,0.0012472094169999998,8.823741e-06,8.187930000000001e-07,3.046232e-06,8.760780000000001e-07,4.3838131e-05,1.1402e-08,1.1402e-08,1.0831900000000002e-07,2.4457290000000003e-06,5.701e-09,5.701e-09,0.0,0.0,2.8505000000000003e-08,1.485897e-05,1.7538738000000003e-05,0.000187749814,0.001244763688,8.81804e-06,8.130920000000001e-07,3.046232e-06,8.760780000000001e-07,4.3809626e-05,0.0,0.0,0.0,0.0,0.0,0.0,0.0,0.0,0.0,0.99977,561.7320155263591,2.115098,2.2208529,2.3266078,2.4323627,2.5381176,2.6438725,2.7496274000000005,2.8553823000000005,2.9611372000000005,3.0668921000000005,3.1726470000000004,3.2784019000000004,3.3841568000000004,3.4899117000000004,3.5956666000000004,3.7014215000000004,3.8071764000000003,3.9129313000000003,4.0186862,4.1244411,4.230196
SF11C46882112282050980,23,,2019-05-18T23:00:00-0400,0.005701,0.005701,0.00528,0.039905,1.3713002000000001e-05,1.6184042e-05,0.000173234239,0.001150254369,8.136901e-06,7.554610000000001e-07,2.8089600000000003e-06,8.078400000000001e-07,4.0425785e-05,1.1402e-08,1.1402e-08,1.0831900000000002e-07,2.4457290000000003e-06,5.701e-09,5.701e-09,0.0,0.0,2.8505000000000003e-08,1.3701600000000001e-05,1.617264e-05,0.00017312592,0.00114780864,8.1312e-06,7.497600000000001e-07,2.8089600000000003e-06,8.078400000000001e-07,4.039728e-05,0.0,0.0,0.0,0.0,0.0,0.0,0.0,0.0,0.0,0.999771,561.7320155263591,2.115098,2.2208529,2.3266078,2.4323627,2.5381176,2.6438725,2.7496274000000005,2.8553823000000005,2.9611372000000005,3.0668921000000005,3.1726470000000004,3.2784019000000004,3.3841568000000004,3.4899117000000004,3.5956666000000004,3.7014215000000004,3.8071764000000003,3.9129313000000003,4.0186862,4.1244411,4.230196
SF11C46882212282050980,0,,2019-05-18T00:00:00-0400,0.005701,0.005701,0.004404,0.000304,7.7053313e-05,9.0920241e-05,0.000972017398,0.006525836896000001,4.5676294e-05,4.344725e-06,1.5781371e-05,4.5781080000000005e-06,0.000226837447,5.07389e-07,5.986050000000001e-07,4.982674e-06,0.00011447608000000001,2.62246e-07,1.65329e-07,8.551500000000001e-08,6.8412e-08,1.202911e-06,7.6545924e-05,9.0321636e-05,0.000967034724,0.006411360816000001,4.5414048e-05,4.179396e-06,1.5695856e-05,4.509696e-06,0.000225634536,0.0,0.0,0.0,0.0,0.0,0.0,0.0,0.0,0.0,0.979901,3865.0580986335804,2.115098,2.2208529,2.3266078,2.4323627,2.5381176,2.6438725,2.7496274000000005,2.8553823000000005,2.9611372000000005,3.0668921000000005,3.1726470000000004,3.2784019000000004,3.3841568000000004,3.4899117000000004,3.5956666000000004,3.7014215000000004,3.8071764000000003,3.9129313000000003,4.0186862,4.1244411,4.230196
SF11C46882212282050980,1,,2019-05-18T01:00:00-0400,0.005701,0.005701,0.003775,0.000544,6.612066400000001e-05,7.802008000000001e-05,0.0008339009489999999,0.005610136180000001,3.9190046e-05,3.747804e-06,1.3539615000000001e-05,3.934012e-06,0.000194611261,5.07389e-07,5.986050000000001e-07,4.982674e-06,0.00011447608000000001,2.62246e-07,1.65329e-07,8.551500000000001e-08,6.8412e-08,1.202911e-06,6.561327500000001e-05,7.7421475e-05,0.000828918275,0.005495660100000001,3.8927800000000004e-05,3.582475e-06,1.34541e-05,3.8656e-06,0.00019340835,0.0,0.0,0.0,0.0,0.0,0.0,0.0,0.0,0.0,0.979901,3865.0580986335804,2.115098,2.2208529,2.3266078,2.4323627,2.5381176,2.6438725,2.7496274000000005,2.8553823000000005,2.9611372000000005,3.0668921000000005,3.1726470000000004,3.2784019000000004,3.3841568000000004,3.4899117000000004,3.5956666000000004,3.7014215000000004,3.8071764000000003,3.9129313000000003,4.0186862,4.1244411,4.230196
SF11C46882212282050980,2,,2019-05-18T02:00:00-0400,0.005701,0.005701,0.003325,0.000737,5.8299214e-05,6.879103e-05,0.0007350894989999999,0.00495502438,3.4549646e-05,3.320754e-06,1.1935815e-05,3.4732119999999995e-06,0.000171555961,5.07389e-07,5.986050000000001e-07,4.982674e-06,0.00011447608000000001,2.62246e-07,1.65329e-07,8.551500000000001e-08,6.8412e-08,1.202911e-06,5.7791825e-05,6.8192425e-05,0.000730106825,0.0048405483,3.42874e-05,3.155425e-06,1.1850299999999999e-05,3.4047999999999996e-06,0.00017035305,0.0,0.0,0.0,0.0,0.0,0.0,0.0,0.0,0.0,0.986601,3865.0580986335804,2.115098,2.2208529,2.3266078,2.4323627,2.5381176,2.6438725,2.7496274000000005,2.8553823000000005,2.9611372000000005,3.0668921000000005,3.1726470000000004,3.2784019000000004,3.3841568000000004,3.4899117000000004,3.5956666000000004,3.7014215000000004,3.8071764000000003,3.9129313000000003,4.0186862,4.1244411,4.230196
SF11C46882212282050980,3,,2019-05-18T03:00:00-0400,0.005701,0.005701,0.003003,0.000893,5.2702532e-05,6.218713200000001e-05,0.0006643844169999999,0.004486255492,3.1229182e-05,3.015176e-06,1.0788207e-05,3.143484e-06,0.000155058613,5.07389e-07,5.986050000000001e-07,4.982674e-06,0.00011447608000000001,2.62246e-07,1.65329e-07,8.551500000000001e-08,6.8412e-08,1.202911e-06,5.2195143e-05,6.1588527e-05,0.000659401743,0.004371779412,3.0966936e-05,2.849847e-06,1.0702692e-05,3.075072e-06,0.000153855702,0.0,0.0,0.0,0.0,0.0,0.0,0.0,0.0,0.0,0.989951,3865.0580986335804,2.115098,2.2208529,2.3266078,2.4323627,2.5381176,2.6438725,2.7496274000000005,2.8553823000000005,2.9611372000000005,3.0668921000000005,3.1726470000000004,3.2784019000000004,3.3841568000000004,3.4899117000000004,3.5956666000000004,3.7014215000000004,3.8071764000000003,3.9129313000000003,4.0186862,4.1244411,4.230196
SF11C46882212282050980,4,,2019-05-18T04:00:00-0400,0.005701,0.005701,0.002771,0.001023,4.867014e-05,5.7429043999999996e-05,0.0006134416249999999,0.004148508964000001,2.8836798000000003e-05,2.795008e-06,9.961359e-06,2.905916e-06,0.000143172325,5.07389e-07,5.986050000000001e-07,4.982674e-06,0.00011447608000000001,2.62246e-07,1.65329e-07,8.551500000000001e-08,6.8412e-08,1.202911e-06,4.8162751000000005e-05,5.6830439e-05,0.000608458951,0.004034032884000001,2.8574552e-05,2.629679e-06,9.875844e-06,2.837504e-06,0.000141969414,0.0,0.0,0.0,0.0,0.0,0.0,0.0,0.0,0.0,0.991961,3865.0580986335804,2.115098,2.2208529,2.3266078,2.4323627,2.5381176,2.6438725,2.7496274000000005,2.8553823000000005,2.9611372000000005,3.0668921000000005,3.1726470000000004,3.2784019000000004,3.3841568000000004,3.4899117000000004,3.5956666000000004,3.7014215000000004,3.8071764000000003,3.9129313000000003,4.0186862,4.1244411,4.230196
SF11C46882212282050980,5,,2019-05-18T05:00:00-0400,0.005701,0.005701,0.002606,0.001133,4.5802275e-05,5.404505899999999e-05,0.0005772107599999999,0.003908301304,2.7135318e-05,2.638423e-06,9.373299e-06,2.736956e-06,0.000134718715,5.07389e-07,5.986050000000001e-07,4.982674e-06,0.00011447608000000001,2.62246e-07,1.65329e-07,8.551500000000001e-08,6.8412e-08,1.202911e-06,4.5294886e-05,5.344645399999999e-05,0.0005722280859999999,0.0037938252239999998,2.6873072e-05,2.473094e-06,9.287783999999999e-06,2.668544e-06,0.000133515804,0.0,0.0,0.0,0.0,0.0,0.0,0.0,0.0,0.0,0.9933,3865.0580986335804,2.115098,2.2208529,2.3266078,2.4323627,2.5381176,2.6438725,2.7496274000000005,2.8553823000000005,2.9611372000000005,3.0668921000000005,3.1726470000000004,3.2784019000000004,3.3841568000000004,3.4899117000000004,3.5956666000000004,3.7014215000000004,3.8071764000000003,3.9129313000000003,4.0186862,4.1244411,4.230196
SF11C46882212282050980,6,,2019-05-18T06:00:00-0400,0.005701,0.005701,0.002487,0.001226,4.3733936e-05,5.1604488e-05,0.0005510806209999999,0.0037350606280000006,2.5908190000000003e-05,2.525492e-06,8.949183e-06,2.6150999999999997e-06,0.000128621869,5.07389e-07,5.986050000000001e-07,4.982674e-06,0.00011447608000000001,2.62246e-07,1.65329e-07,8.551500000000001e-08,6.8412e-08,1.202911e-06,4.3226547000000006e-05,5.1005883e-05,0.000546097947,0.0036205845480000005,2.5645944e-05,2.360163e-06,8.863668e-06,2.5466879999999998e-06,0.000127418958,0.0,0.0,0.0,0.0,0.0,0.0,0.0,0.0,0.0,0.994258,3865.0580986335804,2.115098,2.2208529,2.3266078,2.4323627,2.5381176,2.6438725,2.7496274000000005,2.8553823000000005,2.9611372000000005,3.0668921000000005,3.1726470000000004,3.2784019000000004,3.3841568000000004,3.4899117000000004,3.5956666000000004,3.7014215000000004,3.8071764000000003,3.9129313000000003,4.0186862,4.1244411,4.230196
SF11C46882212282050980,7,,2019-05-18T07:00:00-0400,0.005701,0.005701,0.002402,0.001308,4.2256551e-05,4.9861223e-05,0.000532416236,0.0036113172880000003,2.503167e-05,2.444827e-06,8.646243e-06,2.5280599999999997e-06,0.000124266979,5.07389e-07,5.986050000000001e-07,4.982674e-06,0.00011447608000000001,2.62246e-07,1.65329e-07,8.551500000000001e-08,6.8412e-08,1.202911e-06,4.1749162e-05,4.9262618e-05,0.000527433562,0.003496841208,2.4769424e-05,2.279498e-06,8.560727999999999e-06,2.4596479999999998e-06,0.000123064068,0.0,0.0,0.0,0.0,0.0,0.0,0.0,0.0,0.0,0.994975,3865.0580986335804,2.115098,2.2208529,2.3266078,2.4323627,2.5381176,2.6438725,2.7496274000000005,2.8553823000000005,2.9611372000000005,3.0668921000000005,3.1726470000000004,3.2784019000000004,3.3841568000000004,3.4899117000000004,3.5956666000000004,3.7014215000000004,3.8071764000000003,3.9129313000000003,4.0186862,4.1244411,4.230196
SF11C46882212282050980,8,,2019-05-18T08:00:00-0400,0.005701,0.005701,0.002187,0.001368,3.8519636e-05,4.5451788e-05,0.00048520632100000003,0.0032983194280000005,2.2814590000000003e-05,2.240792e-06,7.879983000000001e-06,2.3079e-06,0.00011325166900000001,5.07389e-07,5.986050000000001e-07,4.982674e-06,0.00011447608000000001,2.62246e-07,1.65329e-07,8.551500000000001e-08,6.8412e-08,1.202911e-06,3.8012247000000004e-05,4.4853183e-05,0.000480223647,0.0031838433480000003,2.2552344e-05,2.075463e-06,7.794468e-06,2.239488e-06,0.00011204875800000002,0.0,0.0,0.0,0.0,0.0,0.0,0.0,0.0,0.0,0.995534,3865.0580986335804,2.115098,2.2208529,2.3266078,2.4323627,2.5381176,2.6438725,2.7496274000000005,2.8553823000000005,2.9611372000000005,3.0668921000000005,3.1726470000000004,3.2784019000000004,3.3841568000000004,3.4899117000000004,3.5956666000000004,3.7014215000000004,3.8071764000000003,3.9129313000000003,4.0186862,4.1244411,4.230196
SF11C46882212282050980,9,,2019-05-18T09:00:00-0400,0.005701,0.005701,0.002871,0.001472,5.040824e-05,5.947994399999999e-05,0.000635399725,0.004294089364,2.9867998e-05,2.889908e-06,1.0317759e-05,3.0083159999999997e-06,0.000148295725,5.07389e-07,5.986050000000001e-07,4.982674e-06,0.00011447608000000001,2.62246e-07,1.65329e-07,8.551500000000001e-08,6.8412e-08,1.202911e-06,4.9900851e-05,5.8881338999999995e-05,0.000630417051,0.004179613284,2.9605752e-05,2.7245789999999998e-06,1.0232243999999999e-05,2.9399039999999997e-06,0.000147092814,0.0,0.0,0.0,0.0,0.0,0.0,0.0,0.0,0.0,0.99598,3865.0580986335804,2.115098,2.2208529,2.3266078,2.4323627,2.5381176,2.6438725,2.7496274000000005,2.8553823000000005,2.9611372000000005,3.0668921000000005,3.1726470000000004,3.2784019000000004,3.3841568000000004,3.4899117000000004,3.5956666000000004,3.7014215000000004,3.8071764000000003,3.9129313000000003,4.0186862,4.1244411,4.230196
SF11C46882212282050980,10,,2019-05-18T10:00:00-0400,0.020004,0.020004,0.012417,0.002229,0.000217600233,0.000256760673,0.002744020773,0.018478398588,0.000128964288,1.2363848999999999e-05,4.455424799999999e-05,1.2955055999999999e-05,0.000640393422,1.780356e-06,2.1004200000000004e-06,1.7483496000000002e-05,0.00040168032000000004,9.201840000000001e-07,5.80116e-07,3.0006e-07,2.4004800000000003e-07,4.220844000000001e-06,0.000215819877,0.000254660253,0.002726537277,0.018076718268,0.000128044104,1.1783732999999999e-05,4.4254187999999994e-05,1.2715007999999998e-05,0.000636172578,0.0,0.0,0.0,0.0,0.0,0.0,0.0,0.0,0.0,0.976461,13561.940397310322,7.416657,7.78748985,8.1583227,8.52915555,8.8999884,9.27082125,9.6416541,10.01248695,10.383319799999999,10.75415265,11.1249855,11.49581835,11.8666512,12.237484049999999,12.608316899999998,12.97914975,13.3499826,13.72081545,14.0916483,14.462481149999999,14.833314
SF11C46882212282050980,11,,2019-05-18T11:00:00-0400,0.040008,0.040008,0.029285,0.0041,0.000512563297,0.0006048069049999999,0.006465396577,0.043436580780000004,0.000303827288,2.8951696999999998e-05,0.00010497185999999999,3.0467936e-05,0.001508829378,3.560712e-06,4.200840000000001e-06,3.4966992000000004e-05,0.0008033606400000001,1.8403680000000002e-06,1.160232e-06,6.0012e-07,4.800960000000001e-07,8.441688000000001e-06,0.000509002585,0.0006006060649999999,0.0064304295849999995,0.042633220140000004,0.00030198692,2.7791464999999997e-05,0.00010437173999999999,2.9987839999999997e-05,0.00150038769,0.0,0.0,0.0,0.0,0.0,0.0,0.0,0.0,0.0,0.927667,27123.880794620643,14.819563,15.56054115,16.3015193,17.04249745,17.7834756,18.52445375,19.2654319,20.00641005,20.7473882,21.48836635,22.2293445,22.97032265,23.7113008,24.45227895,25.1932571,25.93423525,26.6752134,27.41619155,28.1571697,28.89814785,29.639126
SF11C46882212282050980,12,,2019-05-18T12:00:00-0400,0.070014,0.070014,0.058436,0.007857,0.0010219073620000001,0.001205815394,0.012892627552000002,0.086477243664,0.000605812676,5.748617e-05,0.000209316114,6.0678632e-05,0.003008682978,6.231246000000001e-06,7.351470000000001e-06,6.119223600000001e-05,0.0014058811200000003,3.2206440000000005e-06,2.0304060000000002e-06,1.0502100000000002e-06,8.401680000000001e-07,1.4772954000000002e-05,0.001015676116,0.001198463924,0.012831435316000001,0.08507136254400001,0.000602592032,5.5455764e-05,0.000208265904,5.9838464e-05,0.002993910024,0.0,0.0,0.0,0.0,0.0,0.0,0.0,0.0,0.0,0.854803,47466.79139058613,25.898193,27.19310265,28.488012299999998,29.78292195,31.0778316,32.37274125,33.6676509,34.96256055,36.2574702,37.552379849999994,38.8472895,40.142199149999996,41.4371088,42.73201845,44.0269281,45.32183775,46.616747399999994,47.91165705,49.206566699999996,50.50147635,51.796386
SF11C46882212282050980,13,,2019-05-18T13:00:00-0400,0.10002,0.10002,0.092637,0.01372,0.0016190254770000001,0.001910394333,0.020428742577,0.136869716748,0.000959873664,9.0813093e-05,0.000331658568,9.6060528e-05,0.0047672682780000005,8.901779999999999e-06,1.05021e-05,8.741748e-05,0.0020084016,4.60092e-06,2.90058e-06,1.5003e-06,1.20024e-06,2.1104220000000002e-05,0.001610123697,0.001899892233,0.020341325097,0.134861315148,0.000955272744,8.791251299999999e-05,0.000330158268,9.4860288e-05,0.004746164058,0.0,0.0,0.0,0.0,0.0,0.0,0.0,0.0,0.0,0.791131,67809.7019865516,36.946024,38.7933252,40.6406264,42.4879276,44.3352288,46.18253,48.029831200000004,49.8771324,51.7244336,53.5717348,55.419036000000006,57.2663372,59.1136384,60.9609396,62.8082408,64.655542,66.5028432,68.3501444,70.19744560000001,72.0447468,73.892048
SF11C46882212282050980,14,,2019-05-18T14:00:00-0400,0.130026,0.130026,0.130595,0.021801,0.002281444009,0.0026920255849999996,0.028789823418999997,0.19273164546,0.0013526768359999998,0.00012770540899999998,0.0004673909699999999,0.000135289592,0.006718339716,1.1572314e-05,1.3652730000000001e-05,0.000113642724,0.00261092208,5.981196e-06,3.770754e-06,1.95039e-06,1.560312e-06,2.7435486e-05,0.002269871695,0.0026783728549999997,0.028676180694999998,0.19012072338,0.0013466956399999998,0.00012393465499999998,0.0004654405799999999,0.00013372927999999999,0.00669090423,0.0,0.0,0.0,0.0,0.0,0.0,0.0,0.0,0.0,0.747163,88152.61258251709,47.963143,50.361300150000005,52.7594573,55.157614450000004,57.5557716,59.95392875,62.352085900000006,64.75024305000001,67.1484002,69.54655735,71.9447145,74.34287165,76.74102880000001,79.13918595000001,81.53734310000002,83.93550025,86.3336574,88.73181455000001,91.1299717,93.52812885,95.926286
SF11C46882212282050980,15,,2019-05-18T15:00:00-0400,0.160032,0.160032,0.1708,0.032104,0.0029829176480000003,0.00351974056,0.037644302768,0.25186476576,0.0017686510720000001,0.000166730128,0.00061113168,0.00017681958399999999,0.008784533952,1.4242848e-05,1.6803360000000003e-05,0.00013986796800000002,0.0032134425600000003,7.361472000000001e-06,4.640928e-06,2.40048e-06,1.9203840000000003e-06,3.3766752000000005e-05,0.0029686748000000004,0.0035029372,0.0375044348,0.24865132320000002,0.0017612896,0.0001620892,0.0006087312,0.0001748992,0.0087507672,0.0,0.0,0.0,0.0,0.0,0.0,0.0,0.0,0.0,0.736568,108495.52317848257,58.949635,61.89711675,64.8445985,67.79208025,70.739562,73.68704375,76.6345255,79.58200725,82.529489,85.47697075,88.4244525,91.37193425000001,94.319416,97.26689775,100.2143795,103.16186125,106.109343,109.05682475,112.00430650000001,114.95178824999999,117.89927
SF11C46882212282050980,16,,2019-05-18T16:00:00-0400,0.170034,0.170034,0.189309,0.042975,0.003305512755,0.0039003918509999996,0.041717269245,0.279011082156,0.001959975972,0.000184585227,0.000677247786,0.000195892824,0.00973493448,1.5133025999999998e-05,1.785357e-05,0.000148609716,0.00341428272,7.821564e-06,4.930986e-06,2.55051e-06,2.0404079999999998e-06,3.5877174e-05,0.003290379729,0.003882538281,0.041568659529,0.275596799436,0.001952154408,0.000179654241,0.000674697276,0.000193852416,0.009699057306,0.0,0.0,0.0,0.0,0.0,0.0,0.0,0.0,0.0,0.783801,115276.49337713771,62.605008,65.73525839999999,68.8655088,71.9957592,75.1260096,78.25626,81.38651039999999,84.5167608,87.6470112,90.7772616,93.907512,97.03776239999999,100.1680128,103.29826320000001,106.4285136,109.558764,112.68901439999999,115.8192648,118.94951520000001,122.0797656,125.210016
SF11C46882212282050980,17,,2019-05-18T17:00:00-0400,0.120024,0.120024,0.137003,0.049477,0.0023919312790000005,0.002822397047,0.030188156719000003,0.20185959733200004,0.0014182960400000002,0.000133496543,0.000490079052,0.00014173136,0.007044536766000001,1.0682135999999999e-05,1.2602520000000001e-05,0.000104900976,0.0024100819200000003,5.5211040000000005e-06,3.4806960000000003e-06,1.8003600000000001e-06,1.440288e-06,2.5325064e-05,0.0023812491430000005,0.002809794527,0.030083255743,0.19944951541200004,0.001412774936,0.000130015847,0.00048827869200000003,0.000140291072,0.007019211702000001,0.0,0.0,0.0,0.0,0.0,0.0,0.0,0.0,0.0,0.868512,81371.64238386192,44.294177,46.50888585,48.7235947,50.93830355,53.153012399999994,55.36772125,57.582430099999996,59.79713895,62.0118478,64.22655664999999,66.4412655,68.65597435,70.8706832,73.08539205,75.30010089999999,77.51480975,79.7295186,81.94422745,84.1589363,86.37364515,88.58835400000001
SF11C46882212282050980,18,,2019-05-18T18:00:00-0400,0.070014,0.070014,0.08058,0.051627,0.0014067922260000002,0.0016599666899999998,0.017755029215999998,0.11871456744,0.000834161604,7.850082599999999e-05,0.00028823733000000004,8.3354088e-05,0.0041432086740000006,6.231246000000001e-06,7.351470000000001e-06,6.119223600000001e-05,0.0014058811200000003,3.2206440000000005e-06,2.0304060000000002e-06,1.0502100000000002e-06,8.401680000000001e-07,1.4772954000000002e-05,0.0014005609800000001,0.0016526152199999998,0.01769383698,0.11730868632000001,0.00083094096,7.647042e-05,0.00028718712,8.251392e-05,0.00412843572,0.0,0.0,0.0,0.0,0.0,0.0,0.0,0.0,0.0,0.949948,47466.79139058613,25.898193,27.19310265,28.488012299999998,29.78292195,31.0778316,32.37274125,33.6676509,34.96256055,36.2574702,37.552379849999994,38.8472895,40.142199149999996,41.4371088,42.73201845,44.0269281,45.32183775,46.616747399999994,47.91165705,49.206566699999996,50.50147635,51.796386
SF11C46882212282050980,19,,2019-05-18T19:00:00-0400,0.040008,0.040008,0.045668,0.051215,0.00079731622,0.000940805852,0.0100627921,0.067287017712,0.000472768784,4.4499164e-05,0.000163360872,4.7244127999999994e-05,0.002348196,3.560712e-06,4.200840000000001e-06,3.4966992000000004e-05,0.0008033606400000001,1.8403680000000002e-06,1.160232e-06,6.0012e-07,4.800960000000001e-07,8.441688000000001e-06,0.0007937555080000001,0.000936605012,0.010027825108,0.066483657072,0.000470928416,4.3338932e-05,0.000162760752,4.6764031999999996e-05,0.002339754312,0.0,0.0,0.0,0.0,0.0,0.0,0.0,0.0,0.0,0.98412,27123.880794620643,14.819563,15.56054115,16.3015193,17.04249745,17.7834756,18.52445375,19.2654319,20.00641005,20.7473882,21.48836635,22.2293445,22.97032265,23.7113008,24.45227895,25.1932571,25.93423525,26.6752134,27.41619155,28.1571697,28.89814785,29.639126
SF11C46882212282050980,20,,2019-05-18T20:00:00-0400,0.005701,0.005701,0.006347,0.048113,0.00011082459600000001,0.00013076922800000002,0.001398663281,0.009354464068000001,6.571251e-05,6.188632e-06,2.2706223e-05,6.56774e-06,0.000326385109,5.07389e-07,5.986050000000001e-07,4.982674e-06,0.00011447608000000001,2.62246e-07,1.65329e-07,8.551500000000001e-08,6.8412e-08,1.202911e-06,0.00011031720700000001,0.000130170623,0.001393680607,0.009239987988000001,6.545026400000001e-05,6.023303e-06,2.2620708e-05,6.499328e-06,0.000325182198,0.0,0.0,0.0,0.0,0.0,0.0,0.0,0.0,0.0,0.999065,3865.0580986335804,2.115098,2.2208529,2.3266078,2.4323627,2.5381176,2.6438725,2.7496274000000005,2.8553823000000005,2.9611372000000005,3.0668921000000005,3.1726470000000004,3.2784019000000004,3.3841568000000004,3.4899117000000004,3.5956666000000004,3.7014215000000004,3.8071764000000003,3.9129313000000003,4.0186862,4.1244411,4.230196
SF11C46882212282050980,21,,2019-05-18T21:00:00-0400,0.005701,0.005701,0.006085,0.045207,0.00010627077400000001,0.00012539587,0.0013411330590000002,0.008973043420000002,6.3010766e-05,5.939994e-06,2.1772455e-05,6.299452e-06,0.000312961801,5.07389e-07,5.986050000000001e-07,4.982674e-06,0.00011447608000000001,2.62246e-07,1.65329e-07,8.551500000000001e-08,6.8412e-08,1.202911e-06,0.000105763385,0.000124797265,0.0013361503850000001,0.008858567340000002,6.274852e-05,5.774665e-06,2.168694e-05,6.2310399999999996e-06,0.00031175889,0.0,0.0,0.0,0.0,0.0,0.0,0.0,0.0,0.0,0.999768,3865.0580986335804,2.115098,2.2208529,2.3266078,2.4323627,2.5381176,2.6438725,2.7496274000000005,2.8553823000000005,2.9611372000000005,3.0668921000000005,3.1726470000000004,3.2784019000000004,3.3841568000000004,3.4899117000000004,3.5956666000000004,3.7014215000000004,3.8071764000000003,3.9129313000000003,4.0186862,4.1244411,4.230196
SF11C46882212282050980,22,,2019-05-18T22:00:00-0400,0.005701,0.005701,0.005726,0.042477,0.00010003099500000001,0.000118033139,0.00126230348,0.008450409784000001,5.9308758e-05,5.599303e-06,2.0492978999999998e-05,5.931836000000001e-06,0.000294568795,5.07389e-07,5.986050000000001e-07,4.982674e-06,0.00011447608000000001,2.62246e-07,1.65329e-07,8.551500000000001e-08,6.8412e-08,1.202911e-06,9.952360600000001e-05,0.000117434534,0.001257320806,0.008335933704000001,5.9046512000000004e-05,5.433974e-06,2.0407464e-05,5.863424e-06,0.000293365884,0.0,0.0,0.0,0.0,0.0,0.0,0.0,0.0,0.0,0.99977,3865.0580986335804,2.115098,2.2208529,2.3266078,2.4323627,2.5381176,2.6438725,2.7496274000000005,2.8553823000000005,2.9611372000000005,3.0668921000000005,3.1726470000000004,3.2784019000000004,3.3841568000000004,3.4899117000000004,3.5956666000000004,3.7014215000000004,3.8071764000000003,3.9129313000000003,4.0186862,4.1244411,4.230196
SF11C46882212282050980,23,,2019-05-18T23:00:00-0400,0.005701,0.005701,0.00528,0.039905,9.227906900000001e-05,0.000108886125,0.001164370354,0.0078011212,5.4709606e-05,5.176049e-06,1.8903435e-05,5.475132e-06,0.000271718431,5.07389e-07,5.986050000000001e-07,4.982674e-06,0.00011447608000000001,2.62246e-07,1.65329e-07,8.551500000000001e-08,6.8412e-08,1.202911e-06,9.177168e-05,0.00010828752,0.0011593876799999999,0.00768664512,5.444736e-05,5.01072e-06,1.881792e-05,5.40672e-06,0.00027051552,0.0,0.0,0.0,0.0,0.0,0.0,0.0,0.0,0.0,0.999771,3865.0580986335804,2.115098,2.2208529,2.3266078,2.4323627,2.5381176,2.6438725,2.7496274000000005,2.8553823000000005,2.9611372000000005,3.0668921000000005,3.1726470000000004,3.2784019000000004,3.3841568000000004,3.4899117000000004,3.5956666000000004,3.7014215000000004,3.8071764000000003,3.9129313000000003,4.0186862,4.1244411,4.230196
SF11C46882312282050980,0,,2019-05-18T00:00:00-0500,0.005701,0.005701,0.004403,0.000304,0.0028129605669999997,0.0033192993079999996,0.035122099638000004,0.257027950135,0.0016586846490000001,0.000195220799,0.0005709270329999999,0.00017709565400000001,0.008207091933,0.000149924898,0.00017691343200000001,0.001478679772,0.033974567905,7.866809900000001e-05,4.9838142e-05,2.4844958000000002e-05,2.0181540000000003e-05,0.00035715054699999996,0.0026630356689999997,0.0031423858759999997,0.033643419866,0.22305338222999999,0.00158001655,0.000145382657,0.000546082075,0.000156914114,0.007849941386,0.0,0.0,0.0,0.0,0.0,0.0,0.0,0.0,0.0,0.952564,201283.39240639066,4.990191,5.23970055,5.4892101,5.73871965,5.9882292,6.23773875,6.487248300000001,6.73675785,6.986267400000001,7.23577695,7.485286500000001,7.73479605,7.984305600000001,8.233815150000002,8.4833247,8.73283425,8.9823438,9.231853350000002,9.4813629,9.73087245,9.980382
SF11C46882312282050980,1,,2019-05-18T01:00:00-0500,0.005701,0.005701,0.003775,0.000544,0.002433131723,0.002871100732,0.030323537822,0.22521384065500002,0.0014333268490000003,0.000174484867,0.000493039333,0.00015471499000000002,0.007087454597,0.000149924898,0.00017691343200000001,0.001478679772,0.033974567905,7.866809900000001e-05,4.9838142e-05,2.4844958000000002e-05,2.0181540000000003e-05,0.00035715054699999996,0.002283206825,0.0026941873,0.02884485805,0.19123927275000002,0.0013546587500000002,0.00012464672500000002,0.00046819437500000003,0.00013453345,0.00673030405,0.0,0.0,0.0,0.0,0.0,0.0,0.0,0.0,0.0,0.952564,201283.39240639066,4.990191,5.23970055,5.4892101,5.73871965,5.9882292,6.23773875,6.487248300000001,6.73675785,6.986267400000001,7.23577695,7.485286500000001,7.73479605,7.984305600000001,8.233815150000002,8.4833247,8.73283425,8.9823438,9.231853350000002,9.4813629,9.73087245,9.980382
SF11C46882312282050980,2,,2019-05-18T02:00:00-0500,0.005701,0.005701,0.003325,0.000737,0.0021609613729999997,0.0025499393319999997,0.026885077921999997,0.202417106155,0.001271844349,0.00015962631699999999,0.000437228083,0.00013867789000000002,0.006285166696999999,0.000149924898,0.00017691343200000001,0.001478679772,0.033974567905,7.866809900000001e-05,4.9838142e-05,2.4844958000000002e-05,2.0181540000000003e-05,0.00035715054699999996,0.0020110364749999997,0.0023730259,0.02540639815,0.16844253825,0.0011931762499999999,0.00010978817499999999,0.000412383125,0.00011849635000000001,0.00592801615,0.0,0.0,0.0,0.0,0.0,0.0,0.0,0.0,0.0,0.968376,201283.39240639066,4.990191,5.23970055,5.4892101,5.73871965,5.9882292,6.23773875,6.487248300000001,6.73675785,6.986267400000001,7.23577695,7.485286500000001,7.73479605,7.984305600000001,8.233815150000002,8.4833247,8.73283425,8.9823438,9.231853350000002,9.4813629,9.73087245,9.980382
SF11C46882312282050980,3,,2019-05-18T03:00:00-0500,0.005701,0.005701,0.003003,0.000893,0.001966208367,0.002320130508,0.024424668838,0.186104776135,0.0011562946490000002,0.000148994199,0.000397292033,0.000127202454,0.005711085132999999,0.000149924898,0.00017691343200000001,0.001478679772,0.033974567905,7.866809900000001e-05,4.9838142e-05,2.4844958000000002e-05,2.0181540000000003e-05,0.00035715054699999996,0.001816283469,0.002143217076,0.022945989066,0.15213020823,0.0010776265500000001,9.9156057e-05,0.000372447075,0.00010702091400000001,0.005353934586,0.0,0.0,0.0,0.0,0.0,0.0,0.0,0.0,0.0,0.976282,201283.39240639066,4.990191,5.23970055,5.4892101,5.73871965,5.9882292,6.23773875,6.487248300000001,6.73675785,6.986267400000001,7.23577695,7.485286500000001,7.73479605,7.984305600000001,8.233815150000002,8.4833247,8.73283425,8.9823438,9.231853350000002,9.4813629,9.73087245,9.980382
SF11C46882312282050980,4,,2019-05-18T04:00:00-0500,0.005701,0.005701,0.002771,0.001023,0.001825889431,0.002154553964,0.022651951734,0.174351793015,0.0010730414490000002,0.000141333791,0.000368518233,0.00011893443800000001,0.005297461149,0.000149924898,0.00017691343200000001,0.001478679772,0.033974567905,7.866809900000001e-05,4.9838142e-05,2.4844958000000002e-05,2.0181540000000003e-05,0.00035715054699999996,0.001675964533,0.001977640532,0.021173271962,0.14037722511,0.0009943733500000001,9.1495649e-05,0.000343673275,9.875289800000001e-05,0.004940310602,0.0,0.0,0.0,0.0,0.0,0.0,0.0,0.0,0.0,0.981025,201283.39240639066,4.990191,5.23970055,5.4892101,5.73871965,5.9882292,6.23773875,6.487248300000001,6.73675785,6.986267400000001,7.23577695,7.485286500000001,7.73479605,7.984305600000001,8.233815150000002,8.4833247,8.73283425,8.9823438,9.231853350000002,9.4813629,9.73087245,9.980382
SF11C46882312282050980,5,,2019-05-18T05:00:00-0500,0.005701,0.005701,0.002606,0.001133,0.0017260936359999998,0.0020367947839999997,0.021391183103999997,0.165992990365,0.001013831199,0.00013588565599999999,0.000348054108,0.000113054168,0.005003288918999999,0.000149924898,0.00017691343200000001,0.001478679772,0.033974567905,7.866809900000001e-05,4.9838142e-05,2.4844958000000002e-05,2.0181540000000003e-05,0.00035715054699999996,0.0015761687379999998,0.0018598813519999998,0.019912503332,0.13201842246,0.0009351631,8.604751399999999e-05,0.00032320914999999997,9.2872628e-05,0.0046461383719999996,0.0,0.0,0.0,0.0,0.0,0.0,0.0,0.0,0.0,0.984188,201283.39240639066,4.990191,5.23970055,5.4892101,5.73871965,5.9882292,6.23773875,6.487248300000001,6.73675785,6.986267400000001,7.23577695,7.485286500000001,7.73479605,7.984305600000001,8.233815150000002,8.4833247,8.73283425,8.9823438,9.231853350000002,9.4813629,9.73087245,9.980382
SF11C46882312282050980,6,,2019-05-18T06:00:00-0500,0.005701,0.005701,0.002487,0.001226,0.001654119699,0.001951865436,0.020481901486,0.15996452057500002,0.000971128049,0.00013195639500000002,0.000333295133,0.00010881324600000001,0.0047911283409999995,0.000149924898,0.00017691343200000001,0.001478679772,0.033974567905,7.866809900000001e-05,4.9838142e-05,2.4844958000000002e-05,2.0181540000000003e-05,0.00035715054699999996,0.001504194801,0.001774952004,0.019003221714000002,0.12598995267000002,0.0008924599500000001,8.211825300000001e-05,0.000308450175,8.863170600000001e-05,0.004433977794,0.0,0.0,0.0,0.0,0.0,0.0,0.0,0.0,0.0,0.986447,201283.39240639066,4.990191,5.23970055,5.4892101,5.73871965,5.9882292,6.23773875,6.487248300000001,6.73675785,6.986267400000001,7.23577695,7.485286500000001,7.73479605,7.984305600000001,8.233815150000002,8.4833247,8.73283425,8.9823438,9.231853350000002,9.4813629,9.73087245,9.980382
SF11C46882312282050980,7,,2019-05-18T07:00:00-0500,0.005701,0.005701,0.002402,0.001308,0.001602709744,0.001891201616,0.019832414616,0.155658470725,0.000940625799,0.00012914978,0.000322753008,0.000105784016,0.004639585071,0.000149924898,0.00017691343200000001,0.001478679772,0.033974567905,7.866809900000001e-05,4.9838142e-05,2.4844958000000002e-05,2.0181540000000003e-05,0.00035715054699999996,0.001452784846,0.001714288184,0.018353734844000002,0.12168390282000001,0.0008619577,7.9311638e-05,0.00029790805,8.560247600000001e-05,0.004282434524,0.0,0.0,0.0,0.0,0.0,0.0,0.0,0.0,0.0,0.988141,201283.39240639066,4.990191,5.23970055,5.4892101,5.73871965,5.9882292,6.23773875,6.487248300000001,6.73675785,6.986267400000001,7.23577695,7.485286500000001,7.73479605,7.984305600000001,8.233815150000002,8.4833247,8.73283425,8.9823438,9.231853350000002,9.4813629,9.73087245,9.980382
SF11C46882312282050980,8,,2019-05-18T08:00:00-0500,0.005701,0.005701,0.002187,0.001368,0.001472672799,0.001737757836,0.018189594886000002,0.144766697575,0.000863473049,0.000122050695,0.000296087633,9.812184600000001e-05,0.004256269741,0.000149924898,0.00017691343200000001,0.001478679772,0.033974567905,7.866809900000001e-05,4.9838142e-05,2.4844958000000002e-05,2.0181540000000003e-05,0.00035715054699999996,0.001322747901,0.0015608444040000002,0.016710915114000004,0.11079212967,0.0007848049500000001,7.2212553e-05,0.000271242675,7.794030600000001e-05,0.003899119194,0.0,0.0,0.0,0.0,0.0,0.0,0.0,0.0,0.0,0.989459,201283.39240639066,4.990191,5.23970055,5.4892101,5.73871965,5.9882292,6.23773875,6.487248300000001,6.73675785,6.986267400000001,7.23577695,7.485286500000001,7.73479605,7.984305600000001,8.233815150000002,8.4833247,8.73283425,8.9823438,9.231853350000002,9.4813629,9.73087245,9.980382
SF11C46882312282050980,9,,2019-05-18T09:00:00-0500,0.005701,0.005701,0.002871,0.001472,0.0018863717309999999,0.0022259231639999997,0.023416053933999998,0.179417734015,0.001108926449,0.000144635691,0.000380920733,0.00012249823800000002,0.0054757473489999995,0.000149924898,0.00017691343200000001,0.001478679772,0.033974567905,7.866809900000001e-05,4.9838142e-05,2.4844958000000002e-05,2.0181540000000003e-05,0.00035715054699999996,0.001736446833,0.0020490097319999998,0.021937374162,0.14544316611,0.00103025835,9.4797549e-05,0.00035607577499999996,0.000102316698,0.005118596802,0.0,0.0,0.0,0.0,0.0,0.0,0.0,0.0,0.0,0.990513,201283.39240639066,4.990191,5.23970055,5.4892101,5.73871965,5.9882292,6.23773875,6.487248300000001,6.73675785,6.986267400000001,7.23577695,7.485286500000001,7.73479605,7.984305600000001,8.233815150000002,8.4833247,8.73283425,8.9823438,9.231853350000002,9.4813629,9.73087245,9.980382
SF11C46882312282050980,10,,2019-05-18T10:00:00-0500,0.020004,0.020004,0.012417,0.002229,0.008036152383,0.009482677691999999,0.100067047662,0.74824983159,0.004731875646,0.000584871891,0.0016271958569999997,0.0005133312059999999,0.023390988042,0.000526065192,0.000620764128,0.005188477488,0.11921193762000001,0.000276035196,0.000174874968,8.7177432e-05,7.081416e-05,0.001253190588,0.007510087190999999,0.008861913563999999,0.094878570174,0.62903789397,0.00445584045,0.000409996923,0.0015400184249999998,0.000442517046,0.022137797453999998,0.0,0.0,0.0,0.0,0.0,0.0,0.0,0.0,0.0,0.944445,706274.8608485246,17.482488,18.3566124,19.2307368,20.104861200000002,20.9789856,21.85311,22.7272344,23.6013588,24.4754832,25.3496076,26.223732,27.097856399999998,27.9719808,28.8461052,29.7202296,30.594354000000003,31.468478400000002,32.3426028,33.2167272,34.0908516,34.964976
SF11C46882312282050980,11,,2019-05-18T11:00:00-0500,0.040008,0.040008,0.029285,0.0041,0.018764371938999998,0.022141998476,0.234144284246,1.7219846970900001,0.011060992642,0.001316711351,0.0038064269889999994,0.00118528715,0.054717494846,0.001052130384,0.001241528256,0.010376954976,0.23842387524000003,0.000552070392,0.000349749936,0.000174354864,0.00014162832,0.002506381176,0.017712241554999997,0.020900470219999998,0.22376732927,1.48356082185,0.01050892225,0.000966961415,0.0036320721249999996,0.00104365883,0.052211113669999996,0.0,0.0,0.0,0.0,0.0,0.0,0.0,0.0,0.0,0.829282,1412549.7216970492,34.888566,36.6329943,38.377422599999996,40.1218509,41.866279199999994,43.6107075,45.3551358,47.099564099999995,48.8439924,50.58842069999999,52.332848999999996,54.07727729999999,55.821705599999994,57.5661339,59.31056219999999,61.054990499999995,62.7994188,64.5438471,66.28827539999999,68.03270369999998,69.777132
SF11C46882312282050980,12,,2019-05-18T12:00:00-0500,0.070014,0.070014,0.058436,0.007857,0.037184665,0.043877980159999996,0.46467043280000003,3.37757506443,0.021935881786,0.002541560672,0.007552645912,0.0023303917280000004,0.10856949089000001,0.001841228172,0.0021726744480000003,0.018159671208,0.41724178167000003,0.0009661231860000002,0.000612062388,0.000305121012,0.00024784956000000006,0.004386167058,0.035343436828,0.041705305712,0.44651076159200004,2.96033328276,0.0209697586,0.0019294982840000001,0.0072475249,0.0020825421680000004,0.104183323832,0.0,0.0,0.0,0.0,0.0,0.0,0.0,0.0,0.0,0.657311,2471962.012969836,60.855146,63.897903299999996,66.9406606,69.98341789999999,73.0261752,76.0689325,79.1116898,82.1544471,85.1972044,88.2399617,91.282719,94.32547629999999,97.3682336,100.4109909,103.4537482,106.4965055,109.53926279999999,112.5820201,115.6247774,118.6675347,121.710292
SF11C46882312282050980,13,,2019-05-18T13:00:00-0500,0.10002,0.10002,0.092637,0.01372,0.058659314211,0.069218106444,0.733783742454,5.288995452269999,0.03462296343,0.003933155943,0.011925191085,0.0036554682060000003,0.171424940034,0.00263032596,0.00310382064,0.02594238744,0.5960596881,0.00138017598,0.0008743748399999999,0.00043588716,0.0003540708,0.00626595294,0.056028988251,0.066114285804,0.707841355014,4.69293576417,0.03324278745,0.003058781103,0.011489303925,0.0033013974060000003,0.16515898709399998,0.0,0.0,0.0,0.0,0.0,0.0,0.0,0.0,0.0,0.668988,3531374.3042426226,86.651677,90.98426085000001,95.3168447,99.64942855000001,103.9820124,108.31459625000001,112.64718010000001,116.97976395,121.31234780000001,125.64493165000002,129.9775155,134.31009935000003,138.64268320000002,142.97526705,147.3078509,151.64043475,155.97301860000002,160.30560245000004,164.63818630000003,168.97077015000002,173.303354
SF11C46882312282050980,14,,2019-05-18T14:00:00-0500,0.130026,0.130026,0.130595,0.021801,0.082406283433,0.09723957357199998,1.031604371762,7.39074324348,0.04865824452399999,0.005448803597,0.016763698182999998,0.00511443665,0.24097860171199997,0.003419423748,0.004034966832,0.033725103672,0.77487759453,0.001794228774,0.001136687292,0.000566653308,0.00046029204,0.008145738821999999,0.078986859685,0.09320460673999999,0.9978792680899999,6.61586564895,0.046864015749999995,0.004312116305,0.016197044874999997,0.00465414461,0.23283286288999996,0.0,0.0,0.0,0.0,0.0,0.0,0.0,0.0,0.0,0.703836,4590786.5955154095,112.279272,117.89323560000001,123.5071992,129.1211628,134.7351264,140.34909,145.96305360000002,151.5770172,157.1909808,162.8049444,168.418908,174.03287160000002,179.6468352,185.2607988,190.8747624,196.48872599999999,202.10268960000002,207.7166532,213.3306168,218.9445804,224.55854399999998
SF11C46882312282050980,15,,2019-05-18T15:00:00-0500,0.160032,0.160032,0.1708,0.032104,0.10751228993600001,0.126864706624,1.3465943775040001,9.60632272896,0.063499861568,0.007038644944000001,0.021880889456,0.006653483680000001,0.31453835430399996,0.004208521536,0.004966113024,0.041507819904,0.9536955009600001,0.002208281568,0.001398999744,0.000697419456,0.00056651328,0.010025524704,0.10330376840000001,0.12189859360000001,1.3050865576000001,8.652627228,0.061291580000000005,0.0056396452000000005,0.02118347,0.006086970400000001,0.3045128296,0.0,0.0,0.0,0.0,0.0,0.0,0.0,0.0,0.0,0.736568,5650198.886788197,137.739039,144.62599095,151.51294289999998,158.39989484999998,165.28684679999998,172.17379875,179.06075069999997,185.94770265,192.8346546,199.72160655,206.6085585,213.49551044999998,220.38246239999998,227.26941434999998,234.1563663,241.04331824999997,247.9302702,254.81722214999996,261.7041741,268.59112604999996,275.478078
SF11C46882312282050980,16,,2019-05-18T16:00:00-0500,0.170034,0.170034,0.189309,0.042975,0.118969991439,0.140384813916,1.4906162924460002,10.603583717460001,0.070279833816,0.007737231099,0.024220056897,0.007348514502000001,0.34816394235599996,0.0044715541319999995,0.005276495088,0.044102058647999993,1.01330146977,0.002346299166,0.001486437228,0.000741008172,0.00060192036,0.010652119997999998,0.114498437307,0.135108318828,1.4465142337980001,9.59028224769,0.06793353465,0.006250793871,0.023479048725,0.006746594142000001,0.337511822358,0.0,0.0,0.0,0.0,0.0,0.0,0.0,0.0,0.0,0.783801,6003336.317212459,146.188522,153.4979481,160.8073742,168.11680030000002,175.42622640000002,182.73565250000001,190.0450786,197.3545047,204.6639308,211.9733569,219.282783,226.5922091,233.90163520000002,241.2110613,248.5204874,255.82991350000003,263.1393396,270.4487657,277.7581918,285.0676179,292.377044
SF11C46882312282050980,17,,2019-05-18T17:00:00-0500,0.120024,0.120024,0.137003,0.049477,0.08601895662100001,0.101502529844,1.0779738019940002,7.65576277395,0.050819737726,0.005572951865,0.017514861667000003,0.005307397874000001,0.251776586114,0.003156391152,0.0037245847680000004,0.031130864928,0.71527162572,0.001656211176,0.001049249808,0.000523064592,0.00042488496000000006,0.0075191435279999995,0.082862565469,0.097777945076,1.0468429370660002,6.9404911482300005,0.04916352655,0.004523702057,0.016991797075000002,0.004882512914000001,0.24425744258600002,0.0,0.0,0.0,0.0,0.0,0.0,0.0,0.0,0.0,0.868512,4237649.165091148,103.755443,108.94321515,114.1309873,119.31875945,124.5065316,129.69430375,134.8820759,140.06984805,145.2576202,150.44539235,155.6331645,160.82093665,166.0087088,171.19648095,176.3842531,181.57202525,186.7597974,191.94756955,197.1353417,202.32311385,207.510886
SF11C46882312282050980,18,,2019-05-18T18:00:00-0500,0.070014,0.070014,0.08058,0.051627,0.050577865512,0.059681975808,0.633873223968,4.49937703947,0.029882256186,0.003272733408,0.010299055512,0.0031195596000000003,0.148049187018,0.001841228172,0.0021726744480000003,0.018159671208,0.41724178167000003,0.0009661231860000002,0.000612062388,0.000305121012,0.00024784956000000006,0.004386167058,0.04873663734,0.05750930136,0.6157135527600001,4.0821352578,0.028916133,0.00266067102,0.0099939345,0.0028717100400000002,0.14366301996,0.0,0.0,0.0,0.0,0.0,0.0,0.0,0.0,0.0,0.929029,2471962.012969836,60.855146,63.897903299999996,66.9406606,69.98341789999999,73.0261752,76.0689325,79.1116898,82.1544471,85.1972044,88.2399617,91.282719,94.32547629999999,97.3682336,100.4109909,103.4537482,106.4965055,109.53926279999999,112.5820201,115.6247774,118.6675347,121.710292
SF11C46882312282050980,19,,2019-05-18T19:00:00-0500,0.040008,0.040008,0.045668,0.051215,0.028673187148,0.033834414512,0.359327147672,2.55193781112,0.016940032192,0.0018576616280000001,0.005838328564,0.0017691445040000002,0.08392612299199999,0.001052130384,0.001241528256,0.010376954976,0.23842387524000003,0.000552070392,0.000349749936,0.000174354864,0.00014162832,0.002506381176,0.027621056764,0.032592886256,0.34895019269600003,2.31351393588,0.0163879618,0.001507911692,0.0056639737,0.0016275161840000002,0.081419741816,0.0,0.0,0.0,0.0,0.0,0.0,0.0,0.0,0.0,0.962519,1412549.7216970492,34.888566,36.6329943,38.377422599999996,40.1218509,41.866279199999994,43.6107075,45.3551358,47.099564099999995,48.8439924,50.58842069999999,52.332848999999996,54.07727729999999,55.821705599999994,57.5661339,59.31056219999999,61.054990499999995,62.7994188,64.5438471,66.28827539999999,68.03270369999998,69.777132
SF11C46882312282050980,20,,2019-05-18T20:00:00-0500,0.005701,0.005701,0.006347,0.048113,0.003988736479,0.004706716556,0.049976246406000006,0.355509843175,0.0023562890490000004,0.000259409735,0.0008120316329999999,0.00024637592600000005,0.011672975661,0.000149924898,0.00017691343200000001,0.001478679772,0.033974567905,7.866809900000001e-05,4.9838142e-05,2.4844958000000002e-05,2.0181540000000003e-05,0.00035715054699999996,0.003838811581,0.004529803124,0.048497566634000004,0.32153527527000003,0.0022776209500000003,0.000209571593,0.000787186675,0.00022619438600000004,0.011315825114,0.0,0.0,0.0,0.0,0.0,0.0,0.0,0.0,0.0,0.997794,201283.39240639066,4.990191,5.23970055,5.4892101,5.73871965,5.9882292,6.23773875,6.487248300000001,6.73675785,6.986267400000001,7.23577695,7.485286500000001,7.73479605,7.984305600000001,8.233815150000002,8.4833247,8.73283425,8.9823438,9.231853350000002,9.4813629,9.73087245,9.980382
SF11C46882312282050980,21,,2019-05-18T21:00:00-0500,0.005701,0.005701,0.006085,0.045207,0.003830272853,0.004519729252,0.04797429864200001,0.342237077755,0.002262270349,0.000250758757,0.000779537083,0.00023703877000000003,0.011205865817,0.000149924898,0.00017691343200000001,0.001478679772,0.033974567905,7.866809900000001e-05,4.9838142e-05,2.4844958000000002e-05,2.0181540000000003e-05,0.00035715054699999996,0.003680347955,0.00434281582,0.046495618870000005,0.30826250985000003,0.00218360225,0.000200920615,0.000754692125,0.00021685723000000002,0.01084871527,0.0,0.0,0.0,0.0,0.0,0.0,0.0,0.0,0.0,0.999453,201283.39240639066,4.990191,5.23970055,5.4892101,5.73871965,5.9882292,6.23773875,6.487248300000001,6.73675785,6.986267400000001,7.23577695,7.485286500000001,7.73479605,7.984305600000001,8.233815150000002,8.4833247,8.73283425,8.9823438,9.231853350000002,9.4813629,9.73087245,9.980382
SF11C46882312282050980,22,,2019-05-18T22:00:00-0500,0.005701,0.005701,0.005726,0.042477,0.003613141396,0.004263513824,0.04523117174400001,0.324050349565,0.002133443199,0.000238904936,0.000735012108,0.00022424472800000004,0.010565818359,0.000149924898,0.00017691343200000001,0.001478679772,0.033974567905,7.866809900000001e-05,4.9838142e-05,2.4844958000000002e-05,2.0181540000000003e-05,0.00035715054699999996,0.003463216498,0.004086600392,0.043752491972000006,0.29007578166000003,0.0020547751,0.000189066794,0.00071016715,0.00020406318800000002,0.010208667812,0.0,0.0,0.0,0.0,0.0,0.0,0.0,0.0,0.0,0.999456,201283.39240639066,4.990191,5.23970055,5.4892101,5.73871965,5.9882292,6.23773875,6.487248300000001,6.73675785,6.986267400000001,7.23577695,7.485286500000001,7.73479605,7.984305600000001,8.233815150000002,8.4833247,8.73283425,8.9823438,9.231853350000002,9.4813629,9.73087245,9.980382
SF11C46882312282050980,23,,2019-05-18T23:00:00-0500,0.005701,0.005701,0.00528,0.039905,0.003343390338,0.003945207192,0.041823275932000005,0.301456252705,0.001973396099,0.000224178462,0.0006796969579999999,0.00020835018000000004,0.009770661907,0.000149924898,0.00017691343200000001,0.001478679772,0.033974567905,7.866809900000001e-05,4.9838142e-05,2.4844958000000002e-05,2.0181540000000003e-05,0.00035715054699999996,0.00319346544,0.00376829376,0.04034459616,0.2674816848,0.001894728,0.00017434032,0.0006548519999999999,0.00018816864000000002,0.00941351136,0.0,0.0,0.0,0.0,0.0,0.0,0.0,0.0,0.0,0.999459,201283.39240639066,4.990191,5.23970055,5.4892101,5.73871965,5.9882292,6.23773875,6.487248300000001,6.73675785,6.986267400000001,7.23577695,7.485286500000001,7.73479605,7.984305600000001,8.233815150000002,8.4833247,8.73283425,8.9823438,9.231853350000002,9.4813629,9.73087245,9.980382
SF11C46882412282050980,0,,2019-05-18T00:00:00-0500,0.005701,0.005701,0.004403,0.000304,0.005467007786000001,0.006451070995,0.066545505772,0.58792289636,0.0031812305169999994,0.000551320272,0.0010852567339999998,0.00039102393700000005,0.015600553162999999,0.0009101361450000002,0.001073960081,0.008976355623,0.206243703059,0.00047757277,0.000302546369,0.000150825656,0.000122520191,0.0021680788980000002,0.004556871641,0.005377110914,0.05756915014899999,0.381679193301,0.0027036577469999996,0.000248773903,0.0009344310779999999,0.000268503746,0.013432474265,0.0,0.0,0.0,0.0,0.0,0.0,0.0,0.0,0.0,0.952705,543382.1058025183,4.975277,5.22404085,5.4728047,5.721568550000001,5.9703324,6.21909625,6.4678601,6.716623950000001,6.9653878,7.21415165,7.4629155,7.711679350000001,7.9604432,8.20920705,8.4579709,8.70673475,8.9554986,9.20426245,9.453026300000001,9.70179015,9.950554
SF11C46882412282050980,1,,2019-05-18T01:00:00-0500,0.005701,0.005701,0.003775,0.000544,0.004817061070000001,0.005684133531,0.058334416448,0.5334839834840001,0.002795607745,0.000515837644,0.0009519788060000001,0.000352727241,0.013684679023,0.0009101361450000002,0.001073960081,0.008976355623,0.206243703059,0.00047757277,0.000302546369,0.000150825656,0.000122520191,0.0021680788980000002,0.003906924925,0.00461017345,0.049358060825,0.32724028042500003,0.002318034975,0.00021329127500000001,0.00080115315,0.00023020705,0.011516600125,0.0,0.0,0.0,0.0,0.0,0.0,0.0,0.0,0.0,0.952705,543382.1058025183,4.975277,5.22404085,5.4728047,5.721568550000001,5.9703324,6.21909625,6.4678601,6.716623950000001,6.9653878,7.21415165,7.4629155,7.711679350000001,7.9604432,8.20920705,8.4579709,8.70673475,8.9554986,9.20426245,9.453026300000001,9.70179015,9.950554
SF11C46882412282050980,2,,2019-05-18T02:00:00-0500,0.005701,0.005701,0.003325,0.000737,0.00435133492,0.005134576431,0.052450674098,0.49447520833399994,0.0025192856949999994,0.000490412194,0.000856477106,0.00032528534099999997,0.012311839272999999,0.0009101361450000002,0.001073960081,0.008976355623,0.206243703059,0.00047757277,0.000302546369,0.000150825656,0.000122520191,0.0021680788980000002,0.003441198775,0.00406061635,0.043474318474999996,0.28823150527499997,0.0020417129249999996,0.000187865825,0.00070565145,0.00020276514999999998,0.010143760375,0.0,0.0,0.0,0.0,0.0,0.0,0.0,0.0,0.0,0.96847,543382.1058025183,4.975277,5.22404085,5.4728047,5.721568550000001,5.9703324,6.21909625,6.4678601,6.716623950000001,6.9653878,7.21415165,7.4629155,7.711679350000001,7.9604432,8.20920705,8.4579709,8.70673475,8.9554986,9.20426245,9.453026300000001,9.70179015,9.950554
SF11C46882412282050980,3,,2019-05-18T03:00:00-0500,0.005701,0.005701,0.003003,0.000893,0.004018081986,0.004741337795,0.04824052957199999,0.46656226256,0.002321561917,0.00047221887200000004,0.0007881403340000001,0.000305649137,0.011329496163,0.0009101361450000002,0.001073960081,0.008976355623,0.206243703059,0.00047757277,0.000302546369,0.000150825656,0.000122520191,0.0021680788980000002,0.003107945841,0.003667377714,0.039264173948999996,0.26031855950099997,0.001843989147,0.00016967250300000002,0.000637314678,0.000183128946,0.009161417265000001,0.0,0.0,0.0,0.0,0.0,0.0,0.0,0.0,0.0,0.976353,543382.1058025183,4.975277,5.22404085,5.4728047,5.721568550000001,5.9703324,6.21909625,6.4678601,6.716623950000001,6.9653878,7.21415165,7.4629155,7.711679350000001,7.9604432,8.20920705,8.4579709,8.70673475,8.9554986,9.20426245,9.453026300000001,9.70179015,9.950554
SF11C46882412282050980,4,,2019-05-18T04:00:00-0500,0.005701,0.005701,0.002771,0.001023,0.003777974282,0.004458010579,0.045207133516,0.44645107181599997,0.002179102549,0.00045911064000000003,0.000738903902,0.00029150131300000005,0.010621721003,0.0009101361450000002,0.001073960081,0.008976355623,0.206243703059,0.00047757277,0.000302546369,0.000150825656,0.000122520191,0.0021680788980000002,0.002867838137,0.003384050498,0.036230777893,0.240207368757,0.001701529779,0.00015656427100000002,0.000588078246,0.00016898112200000001,0.008453642105,0.0,0.0,0.0,0.0,0.0,0.0,0.0,0.0,0.0,0.981082,543382.1058025183,4.975277,5.22404085,5.4728047,5.721568550000001,5.9703324,6.21909625,6.4678601,6.716623950000001,6.9653878,7.21415165,7.4629155,7.711679350000001,7.9604432,8.20920705,8.4579709,8.70673475,8.9554986,9.20426245,9.453026300000001,9.70179015,9.950554
SF11C46882412282050980,5,,2019-05-18T05:00:00-0500,0.005701,0.005701,0.002606,0.001133,0.003607208027,0.004256506309,0.043049761320999996,0.432147854261,0.002077784464,0.000449787975,0.000703886612,0.00028143928300000003,0.010118346428,0.0009101361450000002,0.001073960081,0.008976355623,0.206243703059,0.00047757277,0.000302546369,0.000150825656,0.000122520191,0.0021680788980000002,0.002697071882,0.003182546228,0.034073405698,0.22590415120199997,0.0016002116939999999,0.00014724160599999999,0.0005530609559999999,0.000158919092,0.00795026753,0.0,0.0,0.0,0.0,0.0,0.0,0.0,0.0,0.0,0.984235,543382.1058025183,4.975277,5.22404085,5.4728047,5.721568550000001,5.9703324,6.21909625,6.4678601,6.716623950000001,6.9653878,7.21415165,7.4629155,7.711679350000001,7.9604432,8.20920705,8.4579709,8.70673475,8.9554986,9.20426245,9.453026300000001,9.70179015,9.950554
SF11C46882412282050980,6,,2019-05-18T06:00:00-0500,0.005701,0.005701,0.002487,0.001226,0.0034840493340000003,0.004111178987,0.041493838344,0.421832200388,0.0020047126329999997,0.000443064356,0.000678631718,0.000274182425,0.009755306583,0.0009101361450000002,0.001073960081,0.008976355623,0.206243703059,0.00047757277,0.000302546369,0.000150825656,0.000122520191,0.0021680788980000002,0.0025739131890000003,0.0030372189060000002,0.032517482721,0.215588497329,0.0015271398629999999,0.000140517987,0.000527806062,0.000151662234,0.0075872276850000005,0.0,0.0,0.0,0.0,0.0,0.0,0.0,0.0,0.0,0.986487,543382.1058025183,4.975277,5.22404085,5.4728047,5.721568550000001,5.9703324,6.21909625,6.4678601,6.716623950000001,6.9653878,7.21415165,7.4629155,7.711679350000001,7.9604432,8.20920705,8.4579709,8.70673475,8.9554986,9.20426245,9.453026300000001,9.70179015,9.950554
SF11C46882412282050980,7,,2019-05-18T07:00:00-0500,0.005701,0.005701,0.002402,0.001308,0.0033960788390000004,0.004007373757,0.040382464789,0.41446387619299996,0.001952518468,0.00043826177099999997,0.000660592508,0.000268998955,0.009495992408,0.0009101361450000002,0.001073960081,0.008976355623,0.206243703059,0.00047757277,0.000302546369,0.000150825656,0.000122520191,0.0021680788980000002,0.0024859426940000004,0.002933413676,0.031406109166,0.208220173134,0.0014749456979999999,0.000135715402,0.000509766852,0.000146478764,0.007327913510000001,0.0,0.0,0.0,0.0,0.0,0.0,0.0,0.0,0.0,0.988176,543382.1058025183,4.975277,5.22404085,5.4728047,5.721568550000001,5.9703324,6.21909625,6.4678601,6.716623950000001,6.9653878,7.21415165,7.4629155,7.711679350000001,7.9604432,8.20920705,8.4579709,8.70673475,8.9554986,9.20426245,9.453026300000001,9.70179015,9.950554
SF11C46882412282050980,8,,2019-05-18T08:00:00-0500,0.005701,0.005701,0.002187,0.001368,0.0031735652340000005,0.003744807587,0.037571343444,0.395826350288,0.001820497933,0.000426114056,0.0006149639180000001,0.000255887825,0.008840080083000001,0.0009101361450000002,0.001073960081,0.008976355623,0.206243703059,0.00047757277,0.000302546369,0.000150825656,0.000122520191,0.0021680788980000002,0.0022634290890000005,0.002670847506,0.028594987821,0.189582647229,0.001342925163,0.000123567687,0.00046413826200000004,0.000133367634,0.006672001185000001,0.0,0.0,0.0,0.0,0.0,0.0,0.0,0.0,0.0,0.98949,543382.1058025183,4.975277,5.22404085,5.4728047,5.721568550000001,5.9703324,6.21909625,6.4678601,6.716623950000001,6.9653878,7.21415165,7.4629155,7.711679350000001,7.9604432,8.20920705,8.4579709,8.70673475,8.9554986,9.20426245,9.453026300000001,9.70179015,9.950554
SF11C46882412282050980,9,,2019-05-18T09:00:00-0500,0.005701,0.005701,0.002871,0.001472,0.003881468982,0.004580134379,0.046514631816000004,0.455119688516,0.0022405074489999996,0.00046476074,0.000760126502,0.00029759951299999996,0.010926796503000002,0.0009101361450000002,0.001073960081,0.008976355623,0.206243703059,0.00047757277,0.000302546369,0.000150825656,0.000122520191,0.0021680788980000002,0.002971332837,0.003506174298,0.037538276193,0.248875985457,0.0017629346789999997,0.000162214371,0.000609300846,0.00017507932199999998,0.008758717605,0.0,0.0,0.0,0.0,0.0,0.0,0.0,0.0,0.0,0.990541,543382.1058025183,4.975277,5.22404085,5.4728047,5.721568550000001,5.9703324,6.21909625,6.4678601,6.716623950000001,6.9653878,7.21415165,7.4629155,7.711679350000001,7.9604432,8.20920705,8.4579709,8.70673475,8.9554986,9.20426245,9.453026300000001,9.70179015,9.950554
SF11C46882412282050980,10,,2019-05-18T10:00:00-0500,0.020004,0.020004,0.012417,0.002229,0.016044475479000002,0.01893248577,0.193848822003,1.800062022675,0.009300381513,0.001763165193,0.003164436066,0.0011871194579999998,0.045488706026999996,0.0031935385800000004,0.003768373524,0.031496758092,0.723679887036,0.00167573508,0.001061592276,0.000529225824,0.000429905964,0.007607481192000001,0.012850936899,0.015164112246,0.162352063911,1.076382135639,0.007624646432999999,0.0007015729169999999,0.0026352102419999997,0.0007572134939999999,0.037881224835,0.0,0.0,0.0,0.0,0.0,0.0,0.0,0.0,0.0,0.944611,1906650.700661915,17.430319,18.30183495,19.173350900000003,20.044866850000002,20.9163828,21.78789875,22.6594147,23.530930650000002,24.4024466,25.27396255,26.145478500000003,27.016994450000002,27.8885104,28.76002635,29.6315423,30.503058250000002,31.3745742,32.24609015,33.1176061,33.989122050000006,34.860638
SF11C46882412282050980,11,,2019-05-18T11:00:00-0500,0.040008,0.040008,0.029285,0.0041,0.036695500055,0.043300701878,0.445894393339,3.9859641746669996,0.021333895124999995,0.003777816337,0.007273490057999999,0.002645669798,0.10455632255899999,0.006387077160000001,0.007536747048,0.062993516184,1.447359774072,0.00335147016,0.002123184552,0.001058451648,0.000859811928,0.015214962384000002,0.030308422895,0.03576395483,0.382900877155,2.5386044005949997,0.017982424964999997,0.001654631785,0.006215038409999999,0.0017858578699999998,0.089341360175,0.0,0.0,0.0,0.0,0.0,0.0,0.0,0.0,0.0,0.829793,3813301.40132383,34.784685,36.523919250000006,38.2631535,40.002387750000004,41.74162200000001,43.48085625,45.220090500000005,46.95932475000001,48.698559,50.437793250000006,52.17702750000001,53.916261750000004,55.65549600000001,57.39473025000001,59.133964500000005,60.87319875000001,62.61243300000001,64.35166725,66.0909015,67.83013575000001,69.56937
SF11C46882412282050980,12,,2019-05-18T12:00:00-0500,0.070014,0.070014,0.058436,0.007857,0.071655547922,0.08455357110200001,0.87428835991,7.598472459438,0.041747640144,0.007017265402000001,0.01425392892,0.005068215026,0.204900103352,0.011177385030000002,0.013189307334,0.110238653322,2.532879604626,0.00586507278,0.0037155729660000004,0.0018522903840000001,0.001504670874,0.026626184172000005,0.060478162892000004,0.07136426376800001,0.764049706588,5.065592854812,0.035882567364,0.003301692436,0.012401638536000001,0.0035635441520000003,0.17827391918000002,0.0,0.0,0.0,0.0,0.0,0.0,0.0,0.0,0.0,0.658336,6673277.452316702,60.674543,63.70827015,66.7419973,69.77572445,72.8094516,75.84317874999999,78.8769059,81.91063305,84.9443602,87.97808735,91.0118145,94.04554164999999,97.0792688,100.11299595,103.1467231,106.18045025,109.2141774,112.24790454999999,115.28163169999999,118.31535885,121.349086
SF11C46882412282050980,13,,2019-05-18T13:00:00-0500,0.10002,0.10002,0.092637,0.01372,0.111842078139,0.131973692226,1.3687109906309998,11.648745887558999,0.06526233261299999,0.010542044516999999,0.022306109081999998,0.007798719354,0.320650196895,0.0159676929,0.018841867619999998,0.15748379046,3.6183994351799997,0.008378675399999999,0.005307961379999999,0.00264612912,0.00214952982,0.03803740596,0.095874385239,0.113131824606,1.2112272001709998,8.030346452379,0.056883657213,0.005234083137,0.019659979961999998,0.005649189534,0.282612790935,0.0,0.0,0.0,0.0,0.0,0.0,0.0,0.0,0.0,0.668988,9533253.503309574,86.39536,90.71512799999999,95.034896,99.354664,103.674432,107.99419999999999,112.31396799999999,116.633736,120.953504,125.27327199999999,129.59304,133.91280799999998,138.232576,142.552344,146.872112,151.19188,155.51164799999998,159.831416,164.151184,168.470952,172.79072
SF11C46882412282050980,14,,2019-05-18T14:00:00-0500,0.130026,0.130026,0.130595,0.021801,0.15591690423500001,0.183982004516,1.9122563324829998,16.024699245098997,0.09108400717499998,0.014279097889,0.031155622325999995,0.010758333056,0.447861976973,0.02075800077,0.024494427906,0.204728927598,4.703919265734,0.01089227802,0.0069003497939999995,0.003439967856,0.002794388766,0.049448627748000004,0.135158903465,0.15948757661,1.7075274048849998,11.320779979364998,0.08019172915499999,0.007378748095,0.027715654469999997,0.00796394429,0.398413349225,0.0,0.0,0.0,0.0,0.0,0.0,0.0,0.0,0.0,0.703836,12393229.554302447,111.948239,117.54565095,123.1430629,128.74047485,134.3378868,139.93529875000002,145.5327107,151.13012265,156.7275346,162.32494655,167.9223585,173.51977045,179.1171824,184.71459435,190.3120063,195.90941825,201.5068302,207.10424215,212.70165409999998,218.29906605,223.896478
SF11C46882412282050980,15,,2019-05-18T15:00:00-0500,0.160032,0.160032,0.170799,0.032104,0.20231622129300003,0.238733217354,2.4851680861529997,20.595349733721,0.11828483579099999,0.018143052507,0.040481795166,0.01385491233,0.581925752781,0.025548308640000003,0.030146988192,0.251974064736,5.789439096288,0.01340588064,0.008492738208,0.004233806592,0.003439247712,0.06085984953600001,0.17676791265300001,0.208586229162,2.233194021417,14.805910637433,0.104878955151,0.009650314299,0.036247988574,0.010415664618,0.521065903245,0.0,0.0,0.0,0.0,0.0,0.0,0.0,0.0,0.0,0.736568,15253205.60529532,137.334277,144.20099084999998,151.06770469999998,157.93441854999998,164.80113239999997,171.66784624999997,178.53456009999996,185.40127395,192.2679878,199.13470164999998,206.00141549999998,212.86812934999998,219.73484319999997,226.60155704999997,233.4682709,240.33498475,247.2016986,254.06841244999998,260.9351263,267.80184015,274.668554
SF11C46882412282050980,16,,2019-05-18T16:00:00-0500,0.170034,0.170034,0.189309,0.042975,0.22306985955300002,0.263222519496,2.742934400529,22.561750628408998,0.130488750321,0.019719682155,0.044674711338,0.015198642132,0.642198968427,0.02714507793,0.032031174954,0.26772244378199994,6.151279039805999,0.014243748179999998,0.009023534346,0.004498419504,0.0036542006939999996,0.064663590132,0.195924781623,0.23119134454200002,2.475211956747,16.410471588603,0.11624500214099999,0.010696147809,0.040176291834000004,0.011544441438,0.577535378295,0.0,0.0,0.0,0.0,0.0,0.0,0.0,0.0,0.0,0.783801,16206530.955626274,145.759403,153.04737315,160.33534329999998,167.62331344999998,174.9112836,182.19925375,189.4872239,196.77519404999998,204.0631642,211.35113435,218.63910449999997,225.92707464999998,233.2150448,240.50301495,247.7909851,255.07895524999998,262.3669254,269.65489555,276.94286569999997,284.23083584999995,291.518806
SF11C46882412282050980,17,,2019-05-18T17:00:00-0500,0.120024,0.120024,0.137004,0.049477,0.16095311026800002,0.189924732096,1.9803055194839998,16.218430945884,0.09418157967599998,0.01411041666,0.032251165847999995,0.010934213711999999,0.46361052517199997,0.019161231480000002,0.022610241144,0.188980548552,4.342079322216,0.01005441048,0.006369553656,0.003175354944,0.002579435784,0.045644887152000005,0.141791878788,0.167314490952,1.7913249709319998,11.876351623667999,0.08412716919599998,0.007740863004,0.029075810903999997,0.008354777927999999,0.41796563802,0.0,0.0,0.0,0.0,0.0,0.0,0.0,0.0,0.0,0.868512,11439904.203971488,103.449204,108.6216642,113.79412439999999,118.96658459999999,124.1390448,129.31150499999998,134.4839652,139.6564254,144.82888559999998,150.0013458,155.17380599999998,160.3462662,165.5187264,170.69118659999998,175.86364679999997,181.036107,186.2085672,191.3810274,196.55348759999998,201.72594779999997,206.898408
SF11C46882412282050980,18,,2019-05-18T18:00:00-0500,0.070014,0.070014,0.080581,0.051627,0.09457444923700001,0.11159788661200001,1.1638338584449999,9.518137627653,0.055345755249,0.008268480047000001,0.018953673690000002,0.006418661416000001,0.272459072827,0.011177385030000002,0.013189307334,0.110238653322,2.532879604626,0.00586507278,0.0037155729660000004,0.0018522903840000001,0.001504670874,0.026626184172000005,0.08339706420700001,0.09840857927800001,1.053595205123,6.985258023027,0.049480682469,0.004552907081,0.017101383306,0.0049139905420000005,0.245832888655,0.0,0.0,0.0,0.0,0.0,0.0,0.0,0.0,0.0,0.929029,6673277.452316702,60.674543,63.70827015,66.7419973,69.77572445,72.8094516,75.84317874999999,78.8769059,81.91063305,84.9443602,87.97808735,91.0118145,94.04554164999999,97.0792688,100.11299595,103.1467231,106.18045025,109.2141774,112.24790454999999,115.28163169999999,118.31535885,121.349086
SF11C46882412282050980,19,,2019-05-18T19:00:00-0500,0.040008,0.040008,0.045668,0.051215,0.053651036756,0.063308244032,0.660101839828,5.4061436486279995,0.031393859892,0.00470347222,0.010750388615999999,0.003644737904,0.154536841724,0.006387077160000001,0.007536747048,0.062993516184,1.447359774072,0.00335147016,0.002123184552,0.001058451648,0.000859811928,0.015214962384000002,0.047263959596,0.055771496984,0.597108323644,3.958783874556,0.028042389732,0.002580287668,0.009691936968,0.002784925976,0.13932187934,0.0,0.0,0.0,0.0,0.0,0.0,0.0,0.0,0.0,0.962632,3813301.40132383,34.784685,36.523919250000006,38.2631535,40.002387750000004,41.74162200000001,43.48085625,45.220090500000005,46.95932475000001,48.698559,50.437793250000006,52.17702750000001,53.916261750000004,55.65549600000001,57.39473025000001,59.133964500000005,60.87319875000001,62.61243300000001,64.35166725,66.0909015,67.83013575000001,69.56937
SF11C46882412282050980,20,,2019-05-18T20:00:00-0500,0.005701,0.005701,0.006348,0.048113,0.007479979701000001,0.008826378905000001,0.091976347707,0.756527491175,0.004375555822,0.000661214717,0.001498036304,0.000509633927,0.021534271638000004,0.0009101361450000002,0.001073960081,0.008976355623,0.206243703059,0.00047757277,0.000302546369,0.000150825656,0.000122520191,0.0021680788980000002,0.006569843556000001,0.007752418824000001,0.082999992084,0.550283788116,0.003897983052,0.00035866834800000005,0.001347210648,0.000387113736,0.019366192740000003,0.0,0.0,0.0,0.0,0.0,0.0,0.0,0.0,0.0,0.997801,543382.1058025183,4.975277,5.22404085,5.4728047,5.721568550000001,5.9703324,6.21909625,6.4678601,6.716623950000001,6.9653878,7.21415165,7.4629155,7.711679350000001,7.9604432,8.20920705,8.4579709,8.70673475,8.9554986,9.20426245,9.453026300000001,9.70179015,9.950554
SF11C46882412282050980,21,,2019-05-18T21:00:00-0500,0.005701,0.005701,0.006085,0.045207,0.007207788640000001,0.008505193311000001,0.088537627178,0.733729029254,0.004214060935,0.000646354954,0.0014422208660000001,0.0004935956610000001,0.020731923073,0.0009101361450000002,0.001073960081,0.008976355623,0.206243703059,0.00047757277,0.000302546369,0.000150825656,0.000122520191,0.0021680788980000002,0.006297652495,0.007431233230000001,0.079561271555,0.527485326195,0.003736488165,0.000343808585,0.0012913952100000001,0.00037107547,0.018563844175,0.0,0.0,0.0,0.0,0.0,0.0,0.0,0.0,0.0,0.999455,543382.1058025183,4.975277,5.22404085,5.4728047,5.721568550000001,5.9703324,6.21909625,6.4678601,6.716623950000001,6.9653878,7.21415165,7.4629155,7.711679350000001,7.9604432,8.20920705,8.4579709,8.70673475,8.9554986,9.20426245,9.453026300000001,9.70179015,9.950554
SF11C46882412282050980,22,,2019-05-18T22:00:00-0500,0.005701,0.005701,0.005726,0.042477,0.006836242667000001,0.008066768869,0.083843708281,0.702608695301,0.003993617344,0.000626071095,0.001366031732,0.000471703123,0.019636702028,0.0009101361450000002,0.001073960081,0.008976355623,0.206243703059,0.00047757277,0.000302546369,0.000150825656,0.000122520191,0.0021680788980000002,0.005926106522000001,0.006992808788000001,0.074867352658,0.496364992242,0.0035160445739999997,0.00032352472600000003,0.001215206076,0.00034918293200000004,0.01746862313,0.0,0.0,0.0,0.0,0.0,0.0,0.0,0.0,0.0,0.999458,543382.1058025183,4.975277,5.22404085,5.4728047,5.721568550000001,5.9703324,6.21909625,6.4678601,6.716623950000001,6.9653878,7.21415165,7.4629155,7.711679350000001,7.9604432,8.20920705,8.4579709,8.70673475,8.9554986,9.20426245,9.453026300000001,9.70179015,9.950554
SF11C46882412282050980,23,,2019-05-18T23:00:00-0500,0.005701,0.005701,0.00528,0.039905,0.006374656305000001,0.007522096721,0.078012265863,0.663946664819,0.0037197514899999997,0.000600871649,0.001271378936,0.00044450515100000003,0.018276065298,0.0009101361450000002,0.001073960081,0.008976355623,0.206243703059,0.00047757277,0.000302546369,0.000150825656,0.000122520191,0.0021680788980000002,0.005464520160000001,0.00644813664,0.06903591024,0.45770296175999997,0.00324217872,0.00029832528,0.00112055328,0.00032198496,0.0161079864,0.0,0.0,0.0,0.0,0.0,0.0,0.0,0.0,0.0,0.999461,543382.1058025183,4.975277,5.22404085,5.4728047,5.721568550000001,5.9703324,6.21909625,6.4678601,6.716623950000001,6.9653878,7.21415165,7.4629155,7.711679350000001,7.9604432,8.20920705,8.4579709,8.70673475,8.9554986,9.20426245,9.453026300000001,9.70179015,9.950554
SF11C46882512282050980,0,,2019-05-18T00:00:00-0500,0.005701,0.005701,0.004403,0.000304,0.006150934322,0.007258102728,0.060664420814,1.3938453972870002,0.0032275527380000004,0.002044680753,0.0010192988930000002,0.0008280075390000001,0.014652402346,0.006150934322,0.007258102728,0.060664420814,1.3938453972870002,0.0032275527380000004,0.002044680753,0.0010192988930000002,0.0008280075390000001,0.014652402346,0.0,0.0,0.0,0.0,0.0,0.0,0.0,0.0,0.0,0.0,0.0,0.0,0.0,0.0,0.0,0.0,0.0,0.0,0.883182,2330153.576402205,12.277796,12.351969050000001,12.4261421,12.50031515,12.574488200000001,12.64866125,12.7228343,12.797007350000001,12.8711804,12.94535345,13.019526500000001,13.09369955,13.1678726,13.24204565,13.3162187,13.390391750000001,13.4645648,13.53873785,13.612910900000001,13.68708395,13.761257
SF11C46882512282050980,1,,2019-05-18T01:00:00-0500,0.005701,0.005701,0.003775,0.000544,0.006150934322,0.007258102728,0.060664420814,1.3938453972870002,0.0032275527380000004,0.002044680753,0.0010192988930000002,0.0008280075390000001,0.014652402346,0.006150934322,0.007258102728,0.060664420814,1.3938453972870002,0.0032275527380000004,0.002044680753,0.0010192988930000002,0.0008280075390000001,0.014652402346,0.0,0.0,0.0,0.0,0.0,0.0,0.0,0.0,0.0,0.0,0.0,0.0,0.0,0.0,0.0,0.0,0.0,0.0,0.883182,2330153.576402205,12.277796,12.402060050000001,12.5263241,12.65058815,12.7748522,12.89911625,13.0233803,13.14764435,13.2719084,13.39617245,13.520436499999999,13.64470055,13.7689646,13.89322865,14.0174927,14.141756749999999,14.2660208,14.390284849999999,14.5145489,14.638812949999998,14.763077
SF11C46882512282050980,2,,2019-05-18T02:00:00-0500,0.005701,0.005701,0.003325,0.000737,0.006150934322,0.007258102728,0.060664420814,1.3938453972870002,0.0032275527380000004,0.002044680753,0.0010192988930000002,0.0008280075390000001,0.014652402346,0.006150934322,0.007258102728,0.060664420814,1.3938453972870002,0.0032275527380000004,0.002044680753,0.0010192988930000002,0.0008280075390000001,0.014652402346,0.0,0.0,0.0,0.0,0.0,0.0,0.0,0.0,0.0,0.0,0.0,0.0,0.0,0.0,0.0,0.0,0.0,0.0,0.922121,2330153.576402205,12.277796,12.891685800000001,13.5055756,14.119465400000001,14.7333552,15.347245000000001,15.9611348,16.5750246,17.1889144,17.8028042,18.416694,19.030583800000002,19.6444736,20.2583634,20.872253200000003,21.486143,22.1000328,22.713922600000004,23.3278124,23.9417022,24.555592
SF11C46882512282050980,3,,2019-05-18T03:00:00-0500,0.005701,0.005701,0.003003,0.000893,0.006150934322,0.007258102728,0.060664420814,1.3938453972870002,0.0032275527380000004,0.002044680753,0.0010192988930000002,0.0008280075390000001,0.014652402346,0.006150934322,0.007258102728,0.060664420814,1.3938453972870002,0.0032275527380000004,0.002044680753,0.0010192988930000002,0.0008280075390000001,0.014652402346,0.0,0.0,0.0,0.0,0.0,0.0,0.0,0.0,0.0,0.0,0.0,0.0,0.0,0.0,0.0,0.0,0.0,0.0,0.941591,2330153.576402205,12.277796,12.891685800000001,13.5055756,14.119465400000001,14.7333552,15.347245000000001,15.9611348,16.5750246,17.1889144,17.8028042,18.416694,19.030583800000002,19.6444736,20.2583634,20.872253200000003,21.486143,22.1000328,22.713922600000004,23.3278124,23.9417022,24.555592
SF11C46882512282050980,4,,2019-05-18T04:00:00-0500,0.005701,0.005701,0.002771,0.001023,0.006150934322,0.007258102728,0.060664420814,1.3938453972870002,0.0032275527380000004,0.002044680753,0.0010192988930000002,0.0008280075390000001,0.014652402346,0.006150934322,0.007258102728,0.060664420814,1.3938453972870002,0.0032275527380000004,0.002044680753,0.0010192988930000002,0.0008280075390000001,0.014652402346,0.0,0.0,0.0,0.0,0.0,0.0,0.0,0.0,0.0,0.0,0.0,0.0,0.0,0.0,0.0,0.0,0.0,0.0,0.953273,2330153.576402205,12.277796,12.891685800000001,13.5055756,14.119465400000001,14.7333552,15.347245000000001,15.9611348,16.5750246,17.1889144,17.8028042,18.416694,19.030583800000002,19.6444736,20.2583634,20.872253200000003,21.486143,22.1000328,22.713922600000004,23.3278124,23.9417022,24.555592
SF11C46882512282050980,5,,2019-05-18T05:00:00-0500,0.005701,0.005701,0.002606,0.001133,0.006150934322,0.007258102728,0.060664420814,1.3938453972870002,0.0032275527380000004,0.002044680753,0.0010192988930000002,0.0008280075390000001,0.014652402346,0.006150934322,0.007258102728,0.060664420814,1.3938453972870002,0.0032275527380000004,0.002044680753,0.0010192988930000002,0.0008280075390000001,0.014652402346,0.0,0.0,0.0,0.0,0.0,0.0,0.0,0.0,0.0,0.0,0.0,0.0,0.0,0.0,0.0,0.0,0.0,0.0,0.961061,2330153.576402205,12.277796,12.891685800000001,13.5055756,14.119465400000001,14.7333552,15.347245000000001,15.9611348,16.5750246,17.1889144,17.8028042,18.416694,19.030583800000002,19.6444736,20.2583634,20.872253200000003,21.486143,22.1000328,22.713922600000004,23.3278124,23.9417022,24.555592
SF11C46882512282050980,6,,2019-05-18T06:00:00-0500,0.005701,0.005701,0.002487,0.001226,0.006150934322,0.007258102728,0.060664420814,1.3938453972870002,0.0032275527380000004,0.002044680753,0.0010192988930000002,0.0008280075390000001,0.014652402346,0.006150934322,0.007258102728,0.060664420814,1.3938453972870002,0.0032275527380000004,0.002044680753,0.0010192988930000002,0.0008280075390000001,0.014652402346,0.0,0.0,0.0,0.0,0.0,0.0,0.0,0.0,0.0,0.0,0.0,0.0,0.0,0.0,0.0,0.0,0.0,0.0,0.966623,2330153.576402205,12.277796,12.891685800000001,13.5055756,14.119465400000001,14.7333552,15.347245000000001,15.9611348,16.5750246,17.1889144,17.8028042,18.416694,19.030583800000002,19.6444736,20.2583634,20.872253200000003,21.486143,22.1000328,22.713922600000004,23.3278124,23.9417022,24.555592
SF11C46882512282050980,7,,2019-05-18T07:00:00-0500,0.005701,0.005701,0.002402,0.001308,0.006150934322,0.007258102728,0.060664420814,1.3938453972870002,0.0032275527380000004,0.002044680753,0.0010192988930000002,0.0008280075390000001,0.014652402346,0.006150934322,0.007258102728,0.060664420814,1.3938453972870002,0.0032275527380000004,0.002044680753,0.0010192988930000002,0.0008280075390000001,0.014652402346,0.0,0.0,0.0,0.0,0.0,0.0,0.0,0.0,0.0,0.0,0.0,0.0,0.0,0.0,0.0,0.0,0.0,0.0,0.970795,2330153.576402205,12.277796,12.891685800000001,13.5055756,14.119465400000001,14.7333552,15.347245000000001,15.9611348,16.5750246,17.1889144,17.8028042,18.416694,19.030583800000002,19.6444736,20.2583634,20.872253200000003,21.486143,22.1000328,22.713922600000004,23.3278124,23.9417022,24.555592
SF11C46882512282050980,8,,2019-05-18T08:00:00-0500,0.005701,0.005701,0.002187,0.001368,0.006150934322,0.007258102728,0.060664420814,1.3938453972870002,0.0032275527380000004,0.002044680753,0.0010192988930000002,0.0008280075390000001,0.014652402346,0.006150934322,0.007258102728,0.060664420814,1.3938453972870002,0.0032275527380000004,0.002044680753,0.0010192988930000002,0.0008280075390000001,0.014652402346,0.0,0.0,0.0,0.0,0.0,0.0,0.0,0.0,0.0,0.0,0.0,0.0,0.0,0.0,0.0,0.0,0.0,0.0,0.97404,2330153.576402205,12.277796,12.891685800000001,13.5055756,14.119465400000001,14.7333552,15.347245000000001,15.9611348,16.5750246,17.1889144,17.8028042,18.416694,19.030583800000002,19.6444736,20.2583634,20.872253200000003,21.486143,22.1000328,22.713922600000004,23.3278124,23.9417022,24.555592
SF11C46882512282050980,9,,2019-05-18T09:00:00-0500,0.005701,0.005701,0.002871,0.001472,0.006150934322,0.007258102728,0.060664420814,1.3938453972870002,0.0032275527380000004,0.002044680753,0.0010192988930000002,0.0008280075390000001,0.014652402346,0.006150934322,0.007258102728,0.060664420814,1.3938453972870002,0.0032275527380000004,0.002044680753,0.0010192988930000002,0.0008280075390000001,0.014652402346,0.0,0.0,0.0,0.0,0.0,0.0,0.0,0.0,0.0,0.0,0.0,0.0,0.0,0.0,0.0,0.0,0.0,0.0,0.976636,2330153.576402205,12.277796,12.891685800000001,13.5055756,14.119465400000001,14.7333552,15.347245000000001,15.9611348,16.5750246,17.1889144,17.8028042,18.416694,19.030583800000002,19.6444736,20.2583634,20.872253200000003,21.486143,22.1000328,22.713922600000004,23.3278124,23.9417022,24.555592
SF11C46882512282050980,10,,2019-05-18T10:00:00-0500,0.020004,0.020004,0.012417,0.002229,0.021582755688,0.025467652512000002,0.212862844056,4.890805705548,0.011325024552,0.007174494612,0.0035765751720000004,0.002905360956,0.051413200584,0.021582755688,0.025467652512000002,0.212862844056,4.890805705548,0.011325024552,0.007174494612,0.0035765751720000004,0.002905360956,0.051413200584,0.0,0.0,0.0,0.0,0.0,0.0,0.0,0.0,0.0,0.0,0.0,0.0,0.0,0.0,0.0,0.0,0.0,0.0,0.863188,8176178.239317612,42.91542,45.061190999999994,47.206962,49.352733,51.498504,53.64427499999999,55.790046,57.935817,60.081587999999996,62.22735899999999,64.37313,66.518901,68.664672,70.81044299999999,72.95621399999999,75.101985,77.247756,79.39352699999999,81.539298,83.685069,85.83084
SF11C46882512282050980,11,,2019-05-18T11:00:00-0500,0.040008,0.040008,0.029285,0.0041,0.043165511376,0.050935305024000004,0.425725688112,9.781611411096,0.022650049104,0.014348989224,0.007153150344000001,0.005810721912,0.102826401168,0.043165511376,0.050935305024000004,0.425725688112,9.781611411096,0.022650049104,0.014348989224,0.007153150344000001,0.005810721912,0.102826401168,0.0,0.0,0.0,0.0,0.0,0.0,0.0,0.0,0.0,0.0,0.0,0.0,0.0,0.0,0.0,0.0,0.0,0.0,0.67521,16352356.478635224,85.370407,85.4904189,85.6104308,85.7304427,85.8504546,85.9704665,86.0904784,86.2104903,86.3305022,86.4505141,86.570526,86.6905379,86.8105498,86.9305617,87.0505736,87.1705855,87.2905974,87.4106093,87.5306212,87.65063310000001,87.770645
SF11C46882512282050980,12,,2019-05-18T12:00:00-0500,0.070014,0.070014,0.058436,0.007857,0.075539644908,0.089136783792,0.7450199541960001,17.117819969418,0.03963758593200001,0.025110731142000003,0.012518013102000002,0.010168763346000002,0.179946202044,0.075539644908,0.089136783792,0.7450199541960001,17.117819969418,0.03963758593200001,0.025110731142000003,0.012518013102000002,0.010168763346000002,0.179946202044,0.0,0.0,0.0,0.0,0.0,0.0,0.0,0.0,0.0,0.0,0.0,0.0,0.0,0.0,0.0,0.0,0.0,0.0,0.644382,28616623.83761164,148.200366,155.6103843,163.0204026,170.4304209,177.8404392,185.2504575,192.6604758,200.07049410000002,207.4805124,214.8905307,222.300549,229.7105673,237.1205856,244.53060390000002,251.9406222,259.3506405,266.7606588,274.17067710000003,281.58069539999997,288.9907137,296.400732
SF11C46882512282050980,13,,2019-05-18T13:00:00-0500,0.10002,0.10002,0.092637,0.01372,0.10791377844,0.12733826256,1.06431422028,24.45402852774,0.05662512276,0.03587247306,0.01788287586,0.014526804780000001,0.25706600292,0.10791377844,0.12733826256,1.06431422028,24.45402852774,0.05662512276,0.03587247306,0.01788287586,0.014526804780000001,0.25706600292,0.0,0.0,0.0,0.0,0.0,0.0,0.0,0.0,0.0,0.0,0.0,0.0,0.0,0.0,0.0,0.0,0.0,0.0,0.668988,40880891.196588054,210.021902,220.5229971,231.0240922,241.52518730000003,252.0262824,262.5273775,273.0284726,283.52956770000003,294.0306628,304.5317579,315.03285300000005,325.53394810000003,336.0350432,346.5361383,357.0372334,367.53832850000003,378.0394236,388.5405187,399.04161380000005,409.54270890000004,420.043804
SF11C46882512282050980,14,,2019-05-18T14:00:00-0500,0.130026,0.130026,0.130595,0.021801,0.140287911972,0.165539741328,1.3836084863640001,31.790237086062,0.073612659588,0.046634214978,0.023247738618000002,0.018884846214000002,0.334185803796,0.140287911972,0.165539741328,1.3836084863640001,31.790237086062,0.073612659588,0.046634214978,0.023247738618000002,0.018884846214000002,0.334185803796,0.0,0.0,0.0,0.0,0.0,0.0,0.0,0.0,0.0,0.0,0.0,0.0,0.0,0.0,0.0,0.0,0.0,0.0,0.703836,53145158.55556448,270.8512,284.39376,297.93632,311.47888,325.02144,338.564,352.10656,365.64912000000004,379.19168,392.73424,406.2768,419.81936,433.36192,446.90448000000004,460.44704,473.9896,487.53216,501.07472,514.6172799999999,528.15984,541.7024
SF11C46882512282050980,15,,2019-05-18T15:00:00-0500,0.160032,0.160032,0.1708,0.032104,0.172662045504,0.20374122009600001,1.702902752448,39.126445644384,0.090600196416,0.057395956896,0.028612601376000003,0.023242887648,0.411305604672,0.172662045504,0.20374122009600001,1.702902752448,39.126445644384,0.090600196416,0.057395956896,0.028612601376000003,0.023242887648,0.411305604672,0.0,0.0,0.0,0.0,0.0,0.0,0.0,0.0,0.0,0.0,0.0,0.0,0.0,0.0,0.0,0.0,0.0,0.0,0.736568,65409425.914540894,330.704185,347.23939425,363.7746035,380.30981275,396.845022,413.38023125,429.9154405,446.45064975,462.985859,479.52106825,496.0562775,512.5914867500001,529.126696,545.66190525,562.1971145,578.73232375,595.267533,611.8027422499999,628.3379515,644.87316075,661.4083700000001
SF11C46882512282050980,16,,2019-05-18T16:00:00-0500,0.170034,0.170034,0.189309,0.042975,0.18345342334799997,0.216475046352,1.8093341744759999,41.571848497158,0.096262708692,0.060983204202,0.030400888961999998,0.024695568126,0.43701220496399995,0.18345342334799997,0.216475046352,1.8093341744759999,41.571848497158,0.096262708692,0.060983204202,0.030400888961999998,0.024695568126,0.43701220496399995,0.0,0.0,0.0,0.0,0.0,0.0,0.0,0.0,0.0,0.0,0.0,0.0,0.0,0.0,0.0,0.0,0.0,0.0,0.721268,69497515.0341997,350.440937,367.96298385,385.48503070000004,403.00707755,420.5291244,438.05117125000004,455.5732181,473.09526495,490.61731180000004,508.1393586500001,525.6614055,543.18345235,560.7054992000001,578.22754605,595.7495929,613.2716397500001,630.7936866,648.31573345,665.8377803000001,683.35982715,700.8818740000002
SF11C46882512282050980,17,,2019-05-18T17:00:00-0500,0.120024,0.120024,0.137003,0.049477,0.129496534128,0.152805915072,1.277177064336,29.344834233288,0.06795014731200001,0.043046967672,0.021459451032,0.017432165736,0.308479203504,0.129496534128,0.152805915072,1.277177064336,29.344834233288,0.06795014731200001,0.043046967672,0.021459451032,0.017432165736,0.308479203504,0.0,0.0,0.0,0.0,0.0,0.0,0.0,0.0,0.0,0.0,0.0,0.0,0.0,0.0,0.0,0.0,0.0,0.0,0.803248,49057069.43590567,250.684027,263.21822835,275.7524297,288.28663105,300.8208324,313.35503374999996,325.88923509999995,338.42343645,350.9576378,363.49183915,376.0260405,388.56024185,401.0944432,413.62864455,426.1628459,438.69704724999997,451.23124859999996,463.76544994999995,476.2996513,488.83385265,501.36805400000003
SF11C46882512282050980,18,,2019-05-18T18:00:00-0500,0.070014,0.070014,0.08058,0.051627,0.075539644908,0.089136783792,0.7450199541960001,17.117819969418,0.03963758593200001,0.025110731142000003,0.012518013102000002,0.010168763346000002,0.179946202044,0.075539644908,0.089136783792,0.7450199541960001,17.117819969418,0.03963758593200001,0.025110731142000003,0.012518013102000002,0.010168763346000002,0.179946202044,0.0,0.0,0.0,0.0,0.0,0.0,0.0,0.0,0.0,0.0,0.0,0.0,0.0,0.0,0.0,0.0,0.0,0.0,0.885228,28616623.83761164,148.200366,155.6103843,163.0204026,170.4304209,177.8404392,185.2504575,192.6604758,200.07049410000002,207.4805124,214.8905307,222.300549,229.7105673,237.1205856,244.53060390000002,251.9406222,259.3506405,266.7606588,274.17067710000003,281.58069539999997,288.9907137,296.400732
SF11C46882512282050980,19,,2019-05-18T19:00:00-0500,0.040008,0.040008,0.045668,0.051215,0.043165511376,0.050935305024000004,0.425725688112,9.781611411096,0.022650049104,0.014348989224,0.007153150344000001,0.005810721912,0.102826401168,0.043165511376,0.050935305024000004,0.425725688112,9.781611411096,0.022650049104,0.014348989224,0.007153150344000001,0.005810721912,0.102826401168,0.0,0.0,0.0,0.0,0.0,0.0,0.0,0.0,0.0,0.0,0.0,0.0,0.0,0.0,0.0,0.0,0.0,0.0,0.934416,16352356.478635224,85.370407,89.63892735,93.9074477,98.17596805,102.4444884,106.71300875,110.9815291,115.25004945,119.5185698,123.78709015000001,128.0556105,132.32413085000002,136.5926512,140.86117155,145.1296919,149.39821225,153.6667326,157.93525295,162.20377330000002,166.47229364999998,170.740814
SF11C46882512282050980,20,,2019-05-18T20:00:00-0500,0.005701,0.005701,0.006347,0.048113,0.006150934322,0.007258102728,0.060664420814,1.3938453972870002,0.0032275527380000004,0.002044680753,0.0010192988930000002,0.0008280075390000001,0.014652402346,0.006150934322,0.007258102728,0.060664420814,1.3938453972870002,0.0032275527380000004,0.002044680753,0.0010192988930000002,0.0008280075390000001,0.014652402346,0.0,0.0,0.0,0.0,0.0,0.0,0.0,0.0,0.0,0.0,0.0,0.0,0.0,0.0,0.0,0.0,0.0,0.0,0.990786,2330153.576402205,12.277796,12.891685800000001,13.5055756,14.119465400000001,14.7333552,15.347245000000001,15.9611348,16.5750246,17.1889144,17.8028042,18.416694,19.030583800000002,19.6444736,20.2583634,20.872253200000003,21.486143,22.1000328,22.713922600000004,23.3278124,23.9417022,24.555592
SF11C46882512282050980,21,,2019-05-18T21:00:00-0500,0.005701,0.005701,0.006085,0.045207,0.006150934322,0.007258102728,0.060664420814,1.3938453972870002,0.0032275527380000004,0.002044680753,0.0010192988930000002,0.0008280075390000001,0.014652402346,0.006150934322,0.007258102728,0.060664420814,1.3938453972870002,0.0032275527380000004,0.002044680753,0.0010192988930000002,0.0008280075390000001,0.014652402346,0.0,0.0,0.0,0.0,0.0,0.0,0.0,0.0,0.0,0.0,0.0,0.0,0.0,0.0,0.0,0.0,0.0,0.0,0.997702,2330153.576402205,12.277796,12.891685800000001,13.5055756,14.119465400000001,14.7333552,15.347245000000001,15.9611348,16.5750246,17.1889144,17.8028042,18.416694,19.030583800000002,19.6444736,20.2583634,20.872253200000003,21.486143,22.1000328,22.713922600000004,23.3278124,23.9417022,24.555592
SF11C46882512282050980,22,,2019-05-18T22:00:00-0500,0.005701,0.005701,0.005726,0.042477,0.006150934322,0.007258102728,0.060664420814,1.3938453972870002,0.0032275527380000004,0.002044680753,0.0010192988930000002,0.0008280075390000001,0.014652402346,0.006150934322,0.007258102728,0.060664420814,1.3938453972870002,0.0032275527380000004,0.002044680753,0.0010192988930000002,0.0008280075390000001,0.014652402346,0.0,0.0,0.0,0.0,0.0,0.0,0.0,0.0,0.0,0.0,0.0,0.0,0.0,0.0,0.0,0.0,0.0,0.0,0.997702,2330153.576402205,12.277796,12.891685800000001,13.5055756,14.119465400000001,14.7333552,15.347245000000001,15.9611348,16.5750246,17.1889144,17.8028042,18.416694,19.030583800000002,19.6444736,20.2583634,20.872253200000003,21.486143,22.1000328,22.713922600000004,23.3278124,23.9417022,24.555592
SF11C46882512282050980,23,,2019-05-18T23:00:00-0500,0.005701,0.005701,0.00528,0.039905,0.006150934322,0.007258102728,0.060664420814,1.3938453972870002,0.0032275527380000004,0.002044680753,0.0010192988930000002,0.0008280075390000001,0.014652402346,0.006150934322,0.007258102728,0.060664420814,1.3938453972870002,0.0032275527380000004,0.002044680753,0.0010192988930000002,0.0008280075390000001,0.014652402346,0.0,0.0,0.0,0.0,0.0,0.0,0.0,0.0,0.0,0.0,0.0,0.0,0.0,0.0,0.0,0.0,0.0,0.0,0.997702,2330153.576402205,12.277796,12.891685800000001,13.5055756,14.119465400000001,14.7333552,15.347245000000001,15.9611348,16.5750246,17.1889144,17.8028042,18.416694,19.030583800000002,19.6444736,20.2583634,20.872253200000003,21.486143,22.1000328,22.713922600000004,23.3278124,23.9417022,24.555592
SF11C46882612282050980,0,,2019-05-18T00:00:00-0500,0.005701,0.005699,0.004403,0.000304,0.000198593053,0.00023434288,0.0019586608150000003,0.045002854477,0.00010420621499999999,6.6017216e-05,3.2911725e-05,2.6734009e-05,0.000473079689,0.000198593053,0.00023434288,0.0019586608150000003,0.045002854477,0.00010420621499999999,6.6017216e-05,3.2911725e-05,2.6734009e-05,0.000473079689,0.0,0.0,0.0,0.0,0.0,0.0,0.0,0.0,0.0,0.0,0.0,0.0,0.0,0.0,0.0,0.0,0.0,0.0,0.999489,1434.4456926645332,0.053814,0.0544939,0.0551738,0.0558537,0.0565336,0.0572135,0.0578934,0.0585733,0.0592532,0.0599331,0.060613,0.0612929,0.0619728,0.0626527,0.0633326,0.0640125,0.0646924,0.0653723,0.0660522,0.0667321,0.067412
SF11C46882612282050980,1,,2019-05-18T01:00:00-0500,0.005702,0.005702,0.003776,0.000544,0.000198697594,0.00023446623999999998,0.00195969187,0.045026544345999994,0.00010426106999999999,6.6051968e-05,3.292905e-05,2.6748081999999996e-05,0.00047332872199999995,0.000198697594,0.00023446623999999998,0.00195969187,0.045026544345999994,0.00010426106999999999,6.6051968e-05,3.292905e-05,2.6748081999999996e-05,0.00047332872199999995,0.0,0.0,0.0,0.0,0.0,0.0,0.0,0.0,0.0,0.0,0.0,0.0,0.0,0.0,0.0,0.0,0.0,0.0,0.999489,1434.697305660966,0.053823,0.05474935,0.0556757,0.05660205,0.0575284,0.05845475,0.0593811,0.06030745,0.0612338,0.06216015,0.0630865,0.06401285,0.0649392,0.06586555,0.0667919,0.06771825,0.0686446,0.06957094999999999,0.0704973,0.07142365,0.07235
SF11C46882612282050980,2,,2019-05-18T02:00:00-0500,0.005701,0.005701,0.003325,0.000737,0.00019866274700000003,0.00023442512,0.001959348185,0.045018647723,0.000104242785,6.604038400000001e-05,3.2923275e-05,2.6743391e-05,0.00047324571100000005,0.00019866274700000003,0.00023442512,0.001959348185,0.045018647723,0.000104242785,6.604038400000001e-05,3.2923275e-05,2.6743391e-05,0.00047324571100000005,0.0,0.0,0.0,0.0,0.0,0.0,0.0,0.0,0.0,0.0,0.0,0.0,0.0,0.0,0.0,0.0,0.0,0.0,0.999659,1434.4456926645332,0.053814,0.05395905,0.0541041,0.05424915,0.054394200000000004,0.05453925,0.0546843,0.05482935,0.0549744,0.05511945,0.0552645,0.05540955,0.0555546,0.05569965,0.055844700000000004,0.055989750000000005,0.0561348,0.05627985,0.0564249,0.05656995,0.056715
SF11C46882612282050980,3,,2019-05-18T03:00:00-0500,0.005702,0.005702,0.003003,0.000893,0.000198697594,0.00023446623999999998,0.00195969187,0.045026544345999994,0.00010426106999999999,6.6051968e-05,3.292905e-05,2.6748081999999996e-05,0.00047332872199999995,0.000198697594,0.00023446623999999998,0.00195969187,0.045026544345999994,0.00010426106999999999,6.6051968e-05,3.292905e-05,2.6748081999999996e-05,0.00047332872199999995,0.0,0.0,0.0,0.0,0.0,0.0,0.0,0.0,0.0,0.0,0.0,0.0,0.0,0.0,0.0,0.0,0.0,0.0,0.999744,1434.697305660966,0.053823,0.056514150000000006,0.0592053,0.061896450000000006,0.06458760000000001,0.06727875,0.0699699,0.07266105,0.07535220000000001,0.07804335000000001,0.0807345,0.08342565,0.08611680000000001,0.08880795,0.0914991,0.09419025,0.0968814,0.09957255000000001,0.10226370000000001,0.10495485000000002,0.107646
SF11C46882612282050980,4,,2019-05-18T04:00:00-0500,0.005701,0.005701,0.002771,0.001023,0.00019866274700000003,0.00023442512,0.001959348185,0.045018647723,0.000104242785,6.604038400000001e-05,3.2923275e-05,2.6743391e-05,0.00047324571100000005,0.00019866274700000003,0.00023442512,0.001959348185,0.045018647723,0.000104242785,6.604038400000001e-05,3.2923275e-05,2.6743391e-05,0.00047324571100000005,0.0,0.0,0.0,0.0,0.0,0.0,0.0,0.0,0.0,0.0,0.0,0.0,0.0,0.0,0.0,0.0,0.0,0.0,0.999796,1434.4456926645332,0.053814,0.0565047,0.0591954,0.0618861,0.0645768,0.06726750000000001,0.0699582,0.0726489,0.0753396,0.0780303,0.080721,0.0834117,0.0861024,0.0887931,0.0914838,0.0941745,0.0968652,0.0995559,0.10224659999999999,0.1049373,0.107628
SF11C46882612282050980,5,,2019-05-18T05:00:00-0500,0.005702,0.005702,0.002606,0.001133,0.000198697594,0.00023446623999999998,0.00195969187,0.045026544345999994,0.00010426106999999999,6.6051968e-05,3.292905e-05,2.6748081999999996e-05,0.00047332872199999995,0.000198697594,0.00023446623999999998,0.00195969187,0.045026544345999994,0.00010426106999999999,6.6051968e-05,3.292905e-05,2.6748081999999996e-05,0.00047332872199999995,0.0,0.0,0.0,0.0,0.0,0.0,0.0,0.0,0.0,0.0,0.0,0.0,0.0,0.0,0.0,0.0,0.0,0.0,0.99983,1434.697305660966,0.053823,0.056514150000000006,0.0592053,0.061896450000000006,0.06458760000000001,0.06727875,0.0699699,0.07266105,0.07535220000000001,0.07804335000000001,0.0807345,0.08342565,0.08611680000000001,0.08880795,0.0914991,0.09419025,0.0968814,0.09957255000000001,0.10226370000000001,0.10495485000000002,0.107646
SF11C46882612282050980,6,,2019-05-18T06:00:00-0500,0.005701,0.005701,0.002487,0.001226,0.00019866274700000003,0.00023442512,0.001959348185,0.045018647723,0.000104242785,6.604038400000001e-05,3.2923275e-05,2.6743391e-05,0.00047324571100000005,0.00019866274700000003,0.00023442512,0.001959348185,0.045018647723,0.000104242785,6.604038400000001e-05,3.2923275e-05,2.6743391e-05,0.00047324571100000005,0.0,0.0,0.0,0.0,0.0,0.0,0.0,0.0,0.0,0.0,0.0,0.0,0.0,0.0,0.0,0.0,0.0,0.0,0.999854,1434.4456926645332,0.053814,0.0565047,0.0591954,0.0618861,0.0645768,0.06726750000000001,0.0699582,0.0726489,0.0753396,0.0780303,0.080721,0.0834117,0.0861024,0.0887931,0.0914838,0.0941745,0.0968652,0.0995559,0.10224659999999999,0.1049373,0.107628
SF11C46882612282050980,7,,2019-05-18T07:00:00-0500,0.005702,0.005702,0.002402,0.001308,0.000198697594,0.00023446623999999998,0.00195969187,0.045026544345999994,0.00010426106999999999,6.6051968e-05,3.292905e-05,2.6748081999999996e-05,0.00047332872199999995,0.000198697594,0.00023446623999999998,0.00195969187,0.045026544345999994,0.00010426106999999999,6.6051968e-05,3.292905e-05,2.6748081999999996e-05,0.00047332872199999995,0.0,0.0,0.0,0.0,0.0,0.0,0.0,0.0,0.0,0.0,0.0,0.0,0.0,0.0,0.0,0.0,0.0,0.0,0.999872,1434.697305660966,0.053823,0.056514150000000006,0.0592053,0.061896450000000006,0.06458760000000001,0.06727875,0.0699699,0.07266105,0.07535220000000001,0.07804335000000001,0.0807345,0.08342565,0.08611680000000001,0.08880795,0.0914991,0.09419025,0.0968814,0.09957255000000001,0.10226370000000001,0.10495485000000002,0.107646
SF11C46882612282050980,8,,2019-05-18T08:00:00-0500,0.005701,0.005701,0.002187,0.001368,0.00019866274700000003,0.00023442512,0.001959348185,0.045018647723,0.000104242785,6.604038400000001e-05,3.2923275e-05,2.6743391e-05,0.00047324571100000005,0.00019866274700000003,0.00023442512,0.001959348185,0.045018647723,0.000104242785,6.604038400000001e-05,3.2923275e-05,2.6743391e-05,0.00047324571100000005,0.0,0.0,0.0,0.0,0.0,0.0,0.0,0.0,0.0,0.0,0.0,0.0,0.0,0.0,0.0,0.0,0.0,0.0,0.999886,1434.4456926645332,0.053814,0.0565047,0.0591954,0.0618861,0.0645768,0.06726750000000001,0.0699582,0.0726489,0.0753396,0.0780303,0.080721,0.0834117,0.0861024,0.0887931,0.0914838,0.0941745,0.0968652,0.0995559,0.10224659999999999,0.1049373,0.107628
SF11C46882612282050980,9,,2019-05-18T09:00:00-0500,0.005702,0.005702,0.002872,0.001472,0.000198697594,0.00023446623999999998,0.00195969187,0.045026544345999994,0.00010426106999999999,6.6051968e-05,3.292905e-05,2.6748081999999996e-05,0.00047332872199999995,0.000198697594,0.00023446623999999998,0.00195969187,0.045026544345999994,0.00010426106999999999,6.6051968e-05,3.292905e-05,2.6748081999999996e-05,0.00047332872199999995,0.0,0.0,0.0,0.0,0.0,0.0,0.0,0.0,0.0,0.0,0.0,0.0,0.0,0.0,0.0,0.0,0.0,0.0,0.999898,1434.697305660966,0.053823,0.056514150000000006,0.0592053,0.061896450000000006,0.06458760000000001,0.06727875,0.0699699,0.07266105,0.07535220000000001,0.07804335000000001,0.0807345,0.08342565,0.08611680000000001,0.08880795,0.0914991,0.09419025,0.0968814,0.09957255000000001,0.10226370000000001,0.10495485000000002,0.107646
SF11C46882612282050980,10,,2019-05-18T10:00:00-0500,0.020004,0.019999,0.012417,0.002229,0.0006969051530000001,0.0008223588799999999,0.006873356315,0.157924563377,0.000365681715,0.000231668416,0.000115494225,9.3815309e-05,0.001660136989,0.0006969051530000001,0.0008223588799999999,0.006873356315,0.157924563377,0.000365681715,0.000231668416,0.000115494225,9.3815309e-05,0.001660136989,0.0,0.0,0.0,0.0,0.0,0.0,0.0,0.0,0.0,0.0,0.0,0.0,0.0,0.0,0.0,0.0,0.0,0.0,0.999401,5033.266380645733,0.188822,0.1982631,0.20770419999999998,0.21714529999999999,0.2265864,0.2360275,0.24546859999999998,0.2549097,0.2643508,0.2737919,0.28323299999999996,0.2926741,0.3021152,0.3115563,0.3209974,0.33043849999999997,0.33987959999999995,0.3493207,0.35876179999999996,0.3682029,0.377644
SF11C46882612282050980,11,,2019-05-18T11:00:00-0500,0.040007,0.04,0.029284,0.0041,0.0013938800000000001,0.0016447999999999999,0.013747400000000002,0.31586492,0.0007314,0.00046336,0.000231,0.00018763999999999999,0.00332044,0.0013938800000000001,0.0016447999999999999,0.013747400000000002,0.31586492,0.0007314,0.00046336,0.000231,0.00018763999999999999,0.00332044,0.0,0.0,0.0,0.0,0.0,0.0,0.0,0.0,0.0,0.0,0.0,0.0,0.0,0.0,0.0,0.0,0.0,0.0,0.99816,10066.281148295033,0.377625,0.3838432,0.3900614,0.3962796,0.4024978,0.40871599999999997,0.41493420000000003,0.4211524,0.4273706,0.4335888,0.439807,0.4460252,0.4522434,0.4584616,0.46467980000000003,0.47089800000000004,0.4771162,0.48333440000000005,0.4895526,0.4957708,0.501989
SF11C46882612282050980,12,,2019-05-18T12:00:00-0500,0.070014,0.070003,0.058436,0.007857,0.002439394541,0.0028785233599999994,0.024058981055,0.552787299869,0.0012800048549999998,0.000810914752,0.00040426732499999993,0.00032838407299999996,0.005811019033,0.002439394541,0.0028785233599999994,0.024058981055,0.552787299869,0.0012800048549999998,0.000810914752,0.00040426732499999993,0.00032838407299999996,0.005811019033,0.0,0.0,0.0,0.0,0.0,0.0,0.0,0.0,0.0,0.0,0.0,0.0,0.0,0.0,0.0,0.0,0.0,0.0,0.996307,17616.432332260065,0.660837,0.68113885,0.7014407,0.72174255,0.7420444,0.76234625,0.7826481000000001,0.80294995,0.8232518,0.84355365,0.8638555000000001,0.8841573500000001,0.9044592,0.9247610500000001,0.9450629,0.96536475,0.9856666000000001,1.0059684500000001,1.0262703000000002,1.04657215,1.066874
SF11C46882612282050980,13,,2019-05-18T13:00:00-0500,0.100021,0.10001,0.092638,0.01372,0.0034850484700000004,0.0041124112,0.03437193685,0.78974126623,0.00182868285,0.00115851584,0.00057755775,0.00046914691,0.00830193011,0.0034850484700000004,0.0041124112,0.03437193685,0.78974126623,0.00182868285,0.00115851584,0.00057755775,0.00046914691,0.00830193011,0.0,0.0,0.0,0.0,0.0,0.0,0.0,0.0,0.0,0.0,0.0,0.0,0.0,0.0,0.0,0.0,0.0,0.0,0.994687,25166.583516225095,0.944029,0.97901335,1.0139977,1.04898205,1.0839664,1.11895075,1.1539351,1.18891945,1.2239038,1.25888815,1.2938725,1.32885685,1.3638412,1.39882555,1.4338099,1.46879425,1.5037786,1.53876295,1.5737473,1.60873165,1.643716
SF11C46882612282050980,14,,2019-05-18T14:00:00-0500,0.130025,0.130015,0.130595,0.021801,0.004530632705,0.005346216799999999,0.044684205275,1.0266794393449998,0.002377324275,0.00150609376,0.000750836625,0.000609900365,0.010792675165,0.004530632705,0.005346216799999999,0.044684205275,1.0266794393449998,0.002377324275,0.00150609376,0.000750836625,0.000609900365,0.010792675165,0.0,0.0,0.0,0.0,0.0,0.0,0.0,0.0,0.0,0.0,0.0,0.0,0.0,0.0,0.0,0.0,0.0,0.0,0.993569,32715.979861200827,1.227173,1.27369495,1.3202169000000001,1.36673885,1.4132608,1.45978275,1.5063047,1.55282665,1.5993486,1.64587055,1.6923925,1.73891445,1.7854364,1.8319583499999998,1.8784803,1.92500225,1.9715242,2.01804615,2.0645681,2.11109005,2.157612
SF11C46882612282050980,15,,2019-05-18T15:00:00-0500,0.160032,0.160021,0.1708,0.032104,0.005576251787000001,0.006580063519999999,0.054996817385,1.263625509083,0.0029259839849999996,0.001853683264,0.000924121275,0.000750658511,0.013283503231,0.005576251787000001,0.006580063519999999,0.054996817385,1.263625509083,0.0029259839849999996,0.001853683264,0.000924121275,0.000750658511,0.013283503231,0.0,0.0,0.0,0.0,0.0,0.0,0.0,0.0,0.0,0.0,0.0,0.0,0.0,0.0,0.0,0.0,0.0,0.0,0.992787,40266.131045165865,1.510325,1.5657086,1.6210921999999999,1.6764758,1.7318593999999998,1.787243,1.8426266,1.8980101999999999,1.9533938,2.0087774,2.064161,2.1195446,2.1749282,2.2303118,2.2856954,2.3410789999999997,2.3964626,2.4518462,2.5072297999999997,2.5626134,2.617997
SF11C46882612282050980,16,,2019-05-18T16:00:00-0500,0.170034,0.17003,0.189309,0.042975,0.0059250354100000005,0.006991633599999999,0.05843676055,1.3426628086899999,0.0031089985499999995,0.00196962752,0.0009819232499999999,0.0007976107299999999,0.014114360329999999,0.0059250354100000005,0.006991633599999999,0.05843676055,1.3426628086899999,0.0031089985499999995,0.00196962752,0.0009819232499999999,0.0007976107299999999,0.014114360329999999,0.0,0.0,0.0,0.0,0.0,0.0,0.0,0.0,0.0,0.0,0.0,0.0,0.0,0.0,0.0,0.0,0.0,0.0,0.993264,42782.76423548872,1.604701,1.6547615,1.7048219999999998,1.7548825,1.804943,1.8550035,1.9050639999999999,1.9551245,2.005185,2.0552455,2.1053059999999997,2.1553665,2.205427,2.2554875,2.305548,2.3556084999999998,2.4056689999999996,2.4557295,2.5057899999999997,2.5558505,2.605911
SF11C46882612282050980,17,,2019-05-18T17:00:00-0500,0.120024,0.120042,0.137003,0.049477,0.004183103574,0.004936127039999999,0.04125663477,0.947926418166,0.00219496797,0.001390566528,0.0006932425499999999,0.0005631170219999999,0.009964806462,0.004183103574,0.004936127039999999,0.04125663477,0.947926418166,0.00219496797,0.001390566528,0.0006932425499999999,0.0005631170219999999,0.009964806462,0.0,0.0,0.0,0.0,0.0,0.0,0.0,0.0,0.0,0.0,0.0,0.0,0.0,0.0,0.0,0.0,0.0,0.0,0.9964,30199.598283874395,1.132797,1.1487619,1.1647268,1.1806917000000001,1.1966566,1.2126215,1.2285864,1.2445513,1.2605162,1.2764811,1.292446,1.3084109,1.3243757999999999,1.3403407,1.3563056,1.3722705,1.3882354,1.4042002999999998,1.4201652,1.4361301,1.452095
SF11C46882612282050980,18,,2019-05-18T18:00:00-0500,0.070014,0.070032,0.08058,0.051627,0.002440405104,0.00287971584,0.02406894792,0.5530163019359999,0.00128053512,0.000811250688,0.00040443479999999996,0.000328520112,0.0058134263519999995,0.002440405104,0.00287971584,0.02406894792,0.5530163019359999,0.00128053512,0.000811250688,0.00040443479999999996,0.000328520112,0.0058134263519999995,0.0,0.0,0.0,0.0,0.0,0.0,0.0,0.0,0.0,0.0,0.0,0.0,0.0,0.0,0.0,0.0,0.0,0.0,0.998727,17616.432332260065,0.660837,0.69387885,0.7269207,0.75996255,0.7930044,0.82604625,0.8590881,0.89212995,0.9251718,0.95821365,0.9912555,1.0242973499999999,1.0573392,1.09038105,1.1234229,1.15646475,1.1895066,1.2225484500000001,1.2555903,1.28863215,1.3216739999999998
SF11C46882612282050980,19,,2019-05-18T19:00:00-0500,0.040008,0.040019,0.045668,0.051215,0.001394542093,0.0016455812799999999,0.013753930015,0.316014955837,0.0007317474149999999,0.000463580096,0.000231109725,0.00018772912899999998,0.003322017209,0.001394542093,0.0016455812799999999,0.013753930015,0.316014955837,0.0007317474149999999,0.000463580096,0.000231109725,0.00018772912899999998,0.003322017209,0.0,0.0,0.0,0.0,0.0,0.0,0.0,0.0,0.0,0.0,0.0,0.0,0.0,0.0,0.0,0.0,0.0,0.0,0.999596,10066.532761291466,0.377635,0.39651675,0.4153985,0.43428025,0.453162,0.47204375,0.4909255,0.5098072499999999,0.528689,0.54757075,0.5664525,0.5853342500000001,0.604216,0.62309775,0.6419794999999999,0.66086125,0.679743,0.69862475,0.7175065,0.73638825,0.75527
SF11C46882612282050980,20,,2019-05-18T20:00:00-0500,0.005701,0.005713,0.006347,0.048113,0.00019908091100000002,0.00023491856,0.001963472405,0.045113407199,0.000104462205,6.617939200000001e-05,3.2992575e-05,2.6799683e-05,0.000474241843,0.00019908091100000002,0.00023491856,0.001963472405,0.045113407199,0.000104462205,6.617939200000001e-05,3.2992575e-05,2.6799683e-05,0.000474241843,0.0,0.0,0.0,0.0,0.0,0.0,0.0,0.0,0.0,0.0,0.0,0.0,0.0,0.0,0.0,0.0,0.0,0.0,0.999976,1434.4456926645332,0.053814,0.0565047,0.0591954,0.0618861,0.0645768,0.06726750000000001,0.0699582,0.0726489,0.0753396,0.0780303,0.080721,0.0834117,0.0861024,0.0887931,0.0914838,0.0941745,0.0968652,0.0995559,0.10224659999999999,0.1049373,0.107628
SF11C46882612282050980,21,,2019-05-18T21:00:00-0500,0.005702,0.005702,0.006085,0.045207,0.000198697594,0.00023446623999999998,0.00195969187,0.045026544345999994,0.00010426106999999999,6.6051968e-05,3.292905e-05,2.6748081999999996e-05,0.00047332872199999995,0.000198697594,0.00023446623999999998,0.00195969187,0.045026544345999994,0.00010426106999999999,6.6051968e-05,3.292905e-05,2.6748081999999996e-05,0.00047332872199999995,0.0,0.0,0.0,0.0,0.0,0.0,0.0,0.0,0.0,0.0,0.0,0.0,0.0,0.0,0.0,0.0,0.0,0.0,0.999994,1434.697305660966,0.053823,0.056514150000000006,0.0592053,0.061896450000000006,0.06458760000000001,0.06727875,0.0699699,0.07266105,0.07535220000000001,0.07804335000000001,0.0807345,0.08342565,0.08611680000000001,0.08880795,0.0914991,0.09419025,0.0968814,0.09957255000000001,0.10226370000000001,0.10495485000000002,0.107646
SF11C46882612282050980,22,,2019-05-18T22:00:00-0500,0.005701,0.005701,0.005726,0.042477,0.00019866274700000003,0.00023442512,0.001959348185,0.045018647723,0.000104242785,6.604038400000001e-05,3.2923275e-05,2.6743391e-05,0.00047324571100000005,0.00019866274700000003,0.00023442512,0.001959348185,0.045018647723,0.000104242785,6.604038400000001e-05,3.2923275e-05,2.6743391e-05,0.00047324571100000005,0.0,0.0,0.0,0.0,0.0,0.0,0.0,0.0,0.0,0.0,0.0,0.0,0.0,0.0,0.0,0.0,0.0,0.0,0.999994,1434.4456926645332,0.053814,0.0565047,0.0591954,0.0618861,0.0645768,0.06726750000000001,0.0699582,0.0726489,0.0753396,0.0780303,0.080721,0.0834117,0.0861024,0.0887931,0.0914838,0.0941745,0.0968652,0.0995559,0.10224659999999999,0.1049373,0.107628
SF11C46882612282050980,23,,2019-05-18T23:00:00-0500,0.005702,0.005702,0.005281,0.039905,0.000198697594,0.00023446623999999998,0.00195969187,0.045026544345999994,0.00010426106999999999,6.6051968e-05,3.292905e-05,2.6748081999999996e-05,0.00047332872199999995,0.000198697594,0.00023446623999999998,0.00195969187,0.045026544345999994,0.00010426106999999999,6.6051968e-05,3.292905e-05,2.6748081999999996e-05,0.00047332872199999995,0.0,0.0,0.0,0.0,0.0,0.0,0.0,0.0,0.0,0.0,0.0,0.0,0.0,0.0,0.0,0.0,0.0,0.0,0.999994,1434.697305660966,0.053823,0.056514150000000006,0.0592053,0.061896450000000006,0.06458760000000001,0.06727875,0.0699699,0.07266105,0.07535220000000001,0.07804335000000001,0.0807345,0.08342565,0.08611680000000001,0.08880795,0.0914991,0.09419025,0.0968814,0.09957255000000001,0.10226370000000001,0.10495485000000002,0.107646
SF11C46882712282050980,0,,2019-05-18T00:00:00-0500,0.005701,0.005701,0.004756,0.000329,0.002850756545,0.0033638921530000005,0.028115997966,0.646002224644,0.0014958625860000002,0.0009476430240000001,0.000472413365,0.000383757114,0.006790911479,0.002850756545,0.0033638921530000005,0.028115997966,0.646002224644,0.0014958625860000002,0.0009476430240000001,0.000472413365,0.000383757114,0.006790911479,0.0,0.0,0.0,0.0,0.0,0.0,0.0,0.0,0.0,0.0,0.0,0.0,0.0,0.0,0.0,0.0,0.0,0.0,0.961061,901441.2754746174,4.096793,4.1163245,4.1358559999999995,4.1553875,4.174919,4.1944505,4.213982,4.2335135,4.253045,4.2725764999999996,4.292108,4.3116395,4.331170999999999,4.3507025,4.370234,4.389765499999999,4.409297,4.4288285,4.44836,4.4678914999999995,4.487423
SF11C46882712282050980,1,,2019-05-18T01:00:00-0500,0.005701,0.005701,0.003952,0.000579,0.002850756545,0.0033638921530000005,0.028115997966,0.646002224644,0.0014958625860000002,0.0009476430240000001,0.000472413365,0.000383757114,0.006790911479,0.002850756545,0.0033638921530000005,0.028115997966,0.646002224644,0.0014958625860000002,0.0009476430240000001,0.000472413365,0.000383757114,0.006790911479,0.0,0.0,0.0,0.0,0.0,0.0,0.0,0.0,0.0,0.0,0.0,0.0,0.0,0.0,0.0,0.0,0.0,0.0,0.961061,901441.2754746174,4.096793,4.1326587,4.1685244,4.2043900999999995,4.2402558,4.2761215,4.3119872,4.3478528999999995,4.3837186,4.4195843,4.45545,4.4913156999999995,4.5271814,4.5630471,4.5989128,4.6347784999999995,4.6706442,4.7065099,4.7423756,4.7782412999999995,4.814107
SF11C46882712282050980,2,,2019-05-18T02:00:00-0500,0.005701,0.005701,0.0034,0.000774,0.002850756545,0.0033638921530000005,0.028115997966,0.646002224644,0.0014958625860000002,0.0009476430240000001,0.000472413365,0.000383757114,0.006790911479,0.002850756545,0.0033638921530000005,0.028115997966,0.646002224644,0.0014958625860000002,0.0009476430240000001,0.000472413365,0.000383757114,0.006790911479,0.0,0.0,0.0,0.0,0.0,0.0,0.0,0.0,0.0,0.0,0.0,0.0,0.0,0.0,0.0,0.0,0.0,0.0,0.97404,901441.2754746174,4.096793,4.30163265,4.5064722999999995,4.71131195,4.9161516,5.120991249999999,5.3258309,5.53067055,5.7355102,5.94034985,6.1451895,6.350029149999999,6.5548687999999995,6.75970845,6.9645481,7.16938775,7.3742274,7.579067049999999,7.783906699999999,7.9887463499999996,8.193586
SF11C46882712282050980,3,,2019-05-18T03:00:00-0500,0.005701,0.005701,0.00302,0.00093,0.002850756545,0.0033638921530000005,0.028115997966,0.646002224644,0.0014958625860000002,0.0009476430240000001,0.000472413365,0.000383757114,0.006790911479,0.002850756545,0.0033638921530000005,0.028115997966,0.646002224644,0.0014958625860000002,0.0009476430240000001,0.000472413365,0.000383757114,0.006790911479,0.0,0.0,0.0,0.0,0.0,0.0,0.0,0.0,0.0,0.0,0.0,0.0,0.0,0.0,0.0,0.0,0.0,0.0,0.98053,901441.2754746174,4.096793,4.30163265,4.5064722999999995,4.71131195,4.9161516,5.120991249999999,5.3258309,5.53067055,5.7355102,5.94034985,6.1451895,6.350029149999999,6.5548687999999995,6.75970845,6.9645481,7.16938775,7.3742274,7.579067049999999,7.783906699999999,7.9887463499999996,8.193586
SF11C46882712282050980,4,,2019-05-18T04:00:00-0500,0.005701,0.005701,0.002759,0.001056,0.002850756545,0.0033638921530000005,0.028115997966,0.646002224644,0.0014958625860000002,0.0009476430240000001,0.000472413365,0.000383757114,0.006790911479,0.002850756545,0.0033638921530000005,0.028115997966,0.646002224644,0.0014958625860000002,0.0009476430240000001,0.000472413365,0.000383757114,0.006790911479,0.0,0.0,0.0,0.0,0.0,0.0,0.0,0.0,0.0,0.0,0.0,0.0,0.0,0.0,0.0,0.0,0.0,0.0,0.984424,901441.2754746174,4.096793,4.30163265,4.5064722999999995,4.71131195,4.9161516,5.120991249999999,5.3258309,5.53067055,5.7355102,5.94034985,6.1451895,6.350029149999999,6.5548687999999995,6.75970845,6.9645481,7.16938775,7.3742274,7.579067049999999,7.783906699999999,7.9887463499999996,8.193586
SF11C46882712282050980,5,,2019-05-18T05:00:00-0500,0.005701,0.005701,0.00258,0.001162,0.002850756545,0.0033638921530000005,0.028115997966,0.646002224644,0.0014958625860000002,0.0009476430240000001,0.000472413365,0.000383757114,0.006790911479,0.002850756545,0.0033638921530000005,0.028115997966,0.646002224644,0.0014958625860000002,0.0009476430240000001,0.000472413365,0.000383757114,0.006790911479,0.0,0.0,0.0,0.0,0.0,0.0,0.0,0.0,0.0,0.0,0.0,0.0,0.0,0.0,0.0,0.0,0.0,0.0,0.98702,901441.2754746174,4.096793,4.30163265,4.5064722999999995,4.71131195,4.9161516,5.120991249999999,5.3258309,5.53067055,5.7355102,5.94034985,6.1451895,6.350029149999999,6.5548687999999995,6.75970845,6.9645481,7.16938775,7.3742274,7.579067049999999,7.783906699999999,7.9887463499999996,8.193586
SF11C46882712282050980,6,,2019-05-18T06:00:00-0500,0.005701,0.005701,0.002457,0.001251,0.002850756545,0.0033638921530000005,0.028115997966,0.646002224644,0.0014958625860000002,0.0009476430240000001,0.000472413365,0.000383757114,0.006790911479,0.002850756545,0.0033638921530000005,0.028115997966,0.646002224644,0.0014958625860000002,0.0009476430240000001,0.000472413365,0.000383757114,0.006790911479,0.0,0.0,0.0,0.0,0.0,0.0,0.0,0.0,0.0,0.0,0.0,0.0,0.0,0.0,0.0,0.0,0.0,0.0,0.988874,901441.2754746174,4.096793,4.30163265,4.5064722999999995,4.71131195,4.9161516,5.120991249999999,5.3258309,5.53067055,5.7355102,5.94034985,6.1451895,6.350029149999999,6.5548687999999995,6.75970845,6.9645481,7.16938775,7.3742274,7.579067049999999,7.783906699999999,7.9887463499999996,8.193586
SF11C46882712282050980,7,,2019-05-18T07:00:00-0500,0.005701,0.005701,0.002372,0.001329,0.002850756545,0.0033638921530000005,0.028115997966,0.646002224644,0.0014958625860000002,0.0009476430240000001,0.000472413365,0.000383757114,0.006790911479,0.002850756545,0.0033638921530000005,0.028115997966,0.646002224644,0.0014958625860000002,0.0009476430240000001,0.000472413365,0.000383757114,0.006790911479,0.0,0.0,0.0,0.0,0.0,0.0,0.0,0.0,0.0,0.0,0.0,0.0,0.0,0.0,0.0,0.0,0.0,0.0,0.990265,901441.2754746174,4.096793,4.30163265,4.5064722999999995,4.71131195,4.9161516,5.120991249999999,5.3258309,5.53067055,5.7355102,5.94034985,6.1451895,6.350029149999999,6.5548687999999995,6.75970845,6.9645481,7.16938775,7.3742274,7.579067049999999,7.783906699999999,7.9887463499999996,8.193586
SF11C46882712282050980,8,,2019-05-18T08:00:00-0500,0.005701,0.005701,0.002186,0.001388,0.002850756545,0.0033638921530000005,0.028115997966,0.646002224644,0.0014958625860000002,0.0009476430240000001,0.000472413365,0.000383757114,0.006790911479,0.002850756545,0.0033638921530000005,0.028115997966,0.646002224644,0.0014958625860000002,0.0009476430240000001,0.000472413365,0.000383757114,0.006790911479,0.0,0.0,0.0,0.0,0.0,0.0,0.0,0.0,0.0,0.0,0.0,0.0,0.0,0.0,0.0,0.0,0.0,0.0,0.991347,901441.2754746174,4.096793,4.30163265,4.5064722999999995,4.71131195,4.9161516,5.120991249999999,5.3258309,5.53067055,5.7355102,5.94034985,6.1451895,6.350029149999999,6.5548687999999995,6.75970845,6.9645481,7.16938775,7.3742274,7.579067049999999,7.783906699999999,7.9887463499999996,8.193586
SF11C46882712282050980,9,,2019-05-18T09:00:00-0500,0.005701,0.005701,0.00287,0.00149,0.002850756545,0.0033638921530000005,0.028115997966,0.646002224644,0.0014958625860000002,0.0009476430240000001,0.000472413365,0.000383757114,0.006790911479,0.002850756545,0.0033638921530000005,0.028115997966,0.646002224644,0.0014958625860000002,0.0009476430240000001,0.000472413365,0.000383757114,0.006790911479,0.0,0.0,0.0,0.0,0.0,0.0,0.0,0.0,0.0,0.0,0.0,0.0,0.0,0.0,0.0,0.0,0.0,0.0,0.992212,901441.2754746174,4.096793,4.30163265,4.5064722999999995,4.71131195,4.9161516,5.120991249999999,5.3258309,5.53067055,5.7355102,5.94034985,6.1451895,6.350029149999999,6.5548687999999995,6.75970845,6.9645481,7.16938775,7.3742274,7.579067049999999,7.783906699999999,7.9887463499999996,8.193586
SF11C46882712282050980,10,,2019-05-18T10:00:00-0500,0.020004,0.020004,0.012411,0.002246,0.01000290018,0.011803420212000001,0.098655047064,2.266730135376,0.005248769544000001,0.0033251448960000003,0.00165763146,0.0013465492560000001,0.023828344716,0.01000290018,0.011803420212000001,0.098655047064,2.266730135376,0.005248769544000001,0.0033251448960000003,0.00165763146,0.0013465492560000001,0.023828344716,0.0,0.0,0.0,0.0,0.0,0.0,0.0,0.0,0.0,0.0,0.0,0.0,0.0,0.0,0.0,0.0,0.0,0.0,0.954396,3163029.5166802746,14.356606,15.074436299999999,15.7922666,16.5100969,17.2279272,17.9457575,18.6635878,19.381418099999998,20.0992484,20.8170787,21.534909,22.2527393,22.970569599999997,23.6883999,24.406230199999996,25.1240605,25.841890799999998,26.559721099999997,27.2775514,27.995381699999996,28.713212
SF11C46882712282050980,11,,2019-05-18T11:00:00-0500,0.040008,0.040008,0.029269,0.004114,0.02000580036,0.023606840424000002,0.197310094128,4.533460270752,0.010497539088000002,0.0066502897920000005,0.00331526292,0.0026930985120000002,0.047656689432,0.02000580036,0.023606840424000002,0.197310094128,4.533460270752,0.010497539088000002,0.0066502897920000005,0.00331526292,0.0026930985120000002,0.047656689432,0.0,0.0,0.0,0.0,0.0,0.0,0.0,0.0,0.0,0.0,0.0,0.0,0.0,0.0,0.0,0.0,0.0,0.0,0.859862,6326059.033360549,28.661685,28.899318549999997,29.1369521,29.37458565,29.6122192,29.849852749999997,30.0874863,30.32511985,30.5627534,30.800386949999996,31.0380205,31.27565405,31.513287599999998,31.750921149999996,31.988554699999998,32.22618825,32.4638218,32.701455349999996,32.9390889,33.17672245,33.414356
SF11C46882712282050980,12,,2019-05-18T12:00:00-0500,0.070014,0.070014,0.058404,0.007868,0.03501015063,0.041311970742000007,0.345292664724,7.933555473816001,0.018370693404000004,0.011638007136000002,0.00580171011,0.004712922396000001,0.08339920650600001,0.03501015063,0.041311970742000007,0.345292664724,7.933555473816001,0.018370693404000004,0.011638007136000002,0.00580171011,0.004712922396000001,0.08339920650600001,0.0,0.0,0.0,0.0,0.0,0.0,0.0,0.0,0.0,0.0,0.0,0.0,0.0,0.0,0.0,0.0,0.0,0.0,0.718694,11070603.308380961,50.023092,51.0725149,52.1219378,53.1713607,54.2207836,55.2702065,56.3196294,57.3690523,58.4184752,59.4678981,60.517320999999995,61.5667439,62.6161668,63.6655897,64.7150126,65.7644355,66.8138584,67.8632813,68.91270420000001,69.9621271,71.01155
SF11C46882712282050980,13,,2019-05-18T13:00:00-0500,0.10002,0.10002,0.092587,0.013726,0.050014500899999995,0.05901710106,0.49327523531999995,11.33365067688,0.02624384772,0.01662572448,0.0082881573,0.00673274628,0.11914172358,0.050014500899999995,0.05901710106,0.49327523531999995,11.33365067688,0.02624384772,0.01662572448,0.0082881573,0.00673274628,0.11914172358,0.0,0.0,0.0,0.0,0.0,0.0,0.0,0.0,0.0,0.0,0.0,0.0,0.0,0.0,0.0,0.0,0.0,0.0,0.668988,15815147.583401373,71.269598,72.55497625,73.8403545,75.12573275,76.411111,77.69648925,78.9818675,80.26724575,81.55262400000001,82.83800225,84.1233805,85.40875875,86.69413700000001,87.97951525,89.2648935,90.55027175000001,91.83565,93.12102825000001,94.4064065,95.69178475000001,96.977163
SF11C46882712282050980,14,,2019-05-18T14:00:00-0500,0.130026,0.130026,0.130525,0.021803,0.06501885117,0.07672223137800001,0.641257805916,14.733745879944001,0.034117002036,0.021613441824,0.010774604489999999,0.008752570164,0.154884240654,0.06501885117,0.07672223137800001,0.641257805916,14.733745879944001,0.034117002036,0.021613441824,0.010774604489999999,0.008752570164,0.154884240654,0.0,0.0,0.0,0.0,0.0,0.0,0.0,0.0,0.0,0.0,0.0,0.0,0.0,0.0,0.0,0.0,0.0,0.0,0.703836,20559691.858421784,92.401821,93.0908019,93.77978279999999,94.4687637,95.1577446,95.84672549999999,96.5357064,97.2246873,97.9136682,98.6026491,99.29163,99.9806109,100.6695918,101.3585727,102.0475536,102.7365345,103.4255154,104.1144963,104.8034772,105.4924581,106.181439
SF11C46882712282050980,15,,2019-05-18T15:00:00-0500,0.160032,0.160032,0.170708,0.032099,0.08002320144,0.09442736169600001,0.789240376512,18.133841083008,0.041990156352000006,0.026601159168000002,0.01326105168,0.010772394048000001,0.190626757728,0.08002320144,0.09442736169600001,0.789240376512,18.133841083008,0.041990156352000006,0.026601159168000002,0.01326105168,0.010772394048000001,0.190626757728,0.0,0.0,0.0,0.0,0.0,0.0,0.0,0.0,0.0,0.0,0.0,0.0,0.0,0.0,0.0,0.0,0.0,0.0,0.736568,25304236.133442197,113.420377,119.09139585,124.76241470000001,130.43343355000002,136.1044524,141.77547125,147.4464901,153.11750895,158.7885278,164.45954665,170.1305655,175.80158435,181.4726032,187.14362205,192.8146409,198.48565975000002,204.15667860000002,209.82769745000002,215.4987163,221.16973515,226.840754
SF11C46882712282050980,16,,2019-05-18T16:00:00-0500,0.170034,0.170034,0.189207,0.042963,0.08502465153,0.100329071802,0.838567900044,19.267206150695998,0.044614541124,0.028263731616,0.014089867409999998,0.011445668676,0.202540930086,0.08502465153,0.100329071802,0.838567900044,19.267206150695998,0.044614541124,0.028263731616,0.014089867409999998,0.011445668676,0.202540930086,0.0,0.0,0.0,0.0,0.0,0.0,0.0,0.0,0.0,0.0,0.0,0.0,0.0,0.0,0.0,0.0,0.0,0.0,0.783801,26885750.891782332,120.401408,126.4214784,132.4415488,138.4616192,144.4816896,150.50176,156.5218304,162.5419008,168.56197120000002,174.5820416,180.602112,186.62218239999999,192.6422528,198.6623232,204.6823936,210.70246400000002,216.7225344,222.74260479999998,228.7626752,234.7827456,240.802816
SF11C46882712282050980,17,,2019-05-18T17:00:00-0500,0.120024,0.120024,0.13693,0.049461,0.06001740108,0.070820521272,0.591930282384,13.600380812256,0.031492617264,0.019950869376,0.00994578876,0.008079295536,0.142970068296,0.06001740108,0.070820521272,0.591930282384,13.600380812256,0.031492617264,0.019950869376,0.00994578876,0.008079295536,0.142970068296,0.0,0.0,0.0,0.0,0.0,0.0,0.0,0.0,0.0,0.0,0.0,0.0,0.0,0.0,0.0,0.0,0.0,0.0,0.868512,18978177.10008165,85.370407,89.63892735,93.9074477,98.17596805,102.4444884,106.71300875,110.9815291,115.25004945,119.5185698,123.78709015000001,128.0556105,132.32413085000002,136.5926512,140.86117155,145.1296919,149.39821225,153.6667326,157.93525295,162.20377330000002,166.47229364999998,170.740814
SF11C46882712282050980,18,,2019-05-18T18:00:00-0500,0.070014,0.070014,0.080537,0.05161,0.03501015063,0.041311970742000007,0.345292664724,7.933555473816001,0.018370693404000004,0.011638007136000002,0.00580171011,0.004712922396000001,0.08339920650600001,0.03501015063,0.041311970742000007,0.345292664724,7.933555473816001,0.018370693404000004,0.011638007136000002,0.00580171011,0.004712922396000001,0.08339920650600001,0.0,0.0,0.0,0.0,0.0,0.0,0.0,0.0,0.0,0.0,0.0,0.0,0.0,0.0,0.0,0.0,0.0,0.0,0.929029,11070603.308380961,50.023092,52.5242466,55.0254012,57.5265558,60.0277104,62.528864999999996,65.0300196,67.5311742,70.0323288,72.5334834,75.034638,77.5357926,80.0369472,82.53810179999999,85.0392564,87.540411,90.0415656,92.54272019999999,95.0438748,97.5450294,100.046184
SF11C46882712282050980,19,,2019-05-18T19:00:00-0500,0.040008,0.040008,0.045643,0.051197,0.02000580036,0.023606840424000002,0.197310094128,4.533460270752,0.010497539088000002,0.0066502897920000005,0.00331526292,0.0026930985120000002,0.047656689432,0.02000580036,0.023606840424000002,0.197310094128,4.533460270752,0.010497539088000002,0.0066502897920000005,0.00331526292,0.0026930985120000002,0.047656689432,0.0,0.0,0.0,0.0,0.0,0.0,0.0,0.0,0.0,0.0,0.0,0.0,0.0,0.0,0.0,0.0,0.0,0.0,0.969233,6326059.033360549,28.661685,30.09476925,31.5278535,32.96093775,34.394022,35.82710625,37.26019049999999,38.69327475,40.126358999999994,41.55944325,42.992527499999994,44.425611749999995,45.858695999999995,47.291780249999995,48.724864499999995,50.157948749999996,51.591032999999996,53.024117249999996,54.4572015,55.89028575,57.32337
SF11C46882712282050980,20,,2019-05-18T20:00:00-0500,0.005701,0.005701,0.006344,0.048096,0.002850756545,0.0033638921530000005,0.028115997966,0.646002224644,0.0014958625860000002,0.0009476430240000001,0.000472413365,0.000383757114,0.006790911479,0.002850756545,0.0033638921530000005,0.028115997966,0.646002224644,0.0014958625860000002,0.0009476430240000001,0.000472413365,0.000383757114,0.006790911479,0.0,0.0,0.0,0.0,0.0,0.0,0.0,0.0,0.0,0.0,0.0,0.0,0.0,0.0,0.0,0.0,0.0,0.0,0.998189,901441.2754746174,4.096793,4.30163265,4.5064722999999995,4.71131195,4.9161516,5.120991249999999,5.3258309,5.53067055,5.7355102,5.94034985,6.1451895,6.350029149999999,6.5548687999999995,6.75970845,6.9645481,7.16938775,7.3742274,7.579067049999999,7.783906699999999,7.9887463499999996,8.193586
SF11C46882712282050980,21,,2019-05-18T21:00:00-0500,0.005701,0.005701,0.006081,0.04519,0.002850756545,0.0033638921530000005,0.028115997966,0.646002224644,0.0014958625860000002,0.0009476430240000001,0.000472413365,0.000383757114,0.006790911479,0.002850756545,0.0033638921530000005,0.028115997966,0.646002224644,0.0014958625860000002,0.0009476430240000001,0.000472413365,0.000383757114,0.006790911479,0.0,0.0,0.0,0.0,0.0,0.0,0.0,0.0,0.0,0.0,0.0,0.0,0.0,0.0,0.0,0.0,0.0,0.0,0.999551,901441.2754746174,4.096793,4.30163265,4.5064722999999995,4.71131195,4.9161516,5.120991249999999,5.3258309,5.53067055,5.7355102,5.94034985,6.1451895,6.350029149999999,6.5548687999999995,6.75970845,6.9645481,7.16938775,7.3742274,7.579067049999999,7.783906699999999,7.9887463499999996,8.193586
SF11C46882712282050980,22,,2019-05-18T22:00:00-0500,0.005701,0.005701,0.005723,0.042461,0.002850756545,0.0033638921530000005,0.028115997966,0.646002224644,0.0014958625860000002,0.0009476430240000001,0.000472413365,0.000383757114,0.006790911479,0.002850756545,0.0033638921530000005,0.028115997966,0.646002224644,0.0014958625860000002,0.0009476430240000001,0.000472413365,0.000383757114,0.006790911479,0.0,0.0,0.0,0.0,0.0,0.0,0.0,0.0,0.0,0.0,0.0,0.0,0.0,0.0,0.0,0.0,0.0,0.0,0.999553,901441.2754746174,4.096793,4.30163265,4.5064722999999995,4.71131195,4.9161516,5.120991249999999,5.3258309,5.53067055,5.7355102,5.94034985,6.1451895,6.350029149999999,6.5548687999999995,6.75970845,6.9645481,7.16938775,7.3742274,7.579067049999999,7.783906699999999,7.9887463499999996,8.193586
SF11C46882712282050980,23,,2019-05-18T23:00:00-0500,0.005701,0.005701,0.005277,0.03989,0.002850756545,0.0033638921530000005,0.028115997966,0.646002224644,0.0014958625860000002,0.0009476430240000001,0.000472413365,0.000383757114,0.006790911479,0.002850756545,0.0033638921530000005,0.028115997966,0.646002224644,0.0014958625860000002,0.0009476430240000001,0.000472413365,0.000383757114,0.006790911479,0.0,0.0,0.0,0.0,0.0,0.0,0.0,0.0,0.0,0.0,0.0,0.0,0.0,0.0,0.0,0.0,0.0,0.0,0.999556,901441.2754746174,4.096793,4.30163265,4.5064722999999995,4.71131195,4.9161516,5.120991249999999,5.3258309,5.53067055,5.7355102,5.94034985,6.1451895,6.350029149999999,6.5548687999999995,6.75970845,6.9645481,7.16938775,7.3742274,7.579067049999999,7.783906699999999,7.9887463499999996,8.193586
SF11C46882812282050980,0,,2019-05-18T00:00:00-0500,0.005701,0.005701,0.004403,0.000304,0.010454019936000002,0.012335747759000001,0.129378118793,1.014430341272,0.006135865914,0.000840693877,0.002105470097,0.00068952813,0.030266120253,0.000971741151,0.0011466592330000001,0.009583945399,0.220203855779,0.00050989744,0.000323024361,0.000161030446,0.000130809445,0.002314828339,0.009482278785000001,0.011189088526,0.119794173394,0.7942264854929999,0.005625968473999999,0.000517669516,0.0019444396509999998,0.000558718685,0.027951291914,0.0,0.0,0.0,0.0,0.0,0.0,0.0,0.0,0.0,0.905411,912342.5659712312,9.944366,10.4415843,10.9388026,11.4360209,11.933239200000001,12.430457500000001,12.9276758,13.4248941,13.9221124,14.4193307,14.916549,15.4137673,15.9109856,16.4082039,16.9054222,17.4026405,17.8998588,18.3970771,18.8942954,19.3915137,19.888732
SF11C46882812282050980,1,,2019-05-18T01:00:00-0500,0.005701,0.005701,0.003775,0.000544,0.009101562276000001,0.010739847783000002,0.11229187284900001,0.9011497978040001,0.005333433889999999,0.000766858661,0.001828134621,0.0006098380700000001,0.026279426789000002,0.000971741151,0.0011466592330000001,0.009583945399,0.220203855779,0.00050989744,0.000323024361,0.000161030446,0.000130809445,0.002314828339,0.008129821125,0.009593188550000001,0.10270792745000001,0.680945942025,0.00482353645,0.0004438343,0.001667104175,0.00047902862500000005,0.023964598450000003,0.0,0.0,0.0,0.0,0.0,0.0,0.0,0.0,0.0,0.905411,912342.5659712312,9.944366,10.4415843,10.9388026,11.4360209,11.933239200000001,12.430457500000001,12.9276758,13.4248941,13.9221124,14.4193307,14.916549,15.4137673,15.9109856,16.4082039,16.9054222,17.4026405,17.8998588,18.3970771,18.8942954,19.3915137,19.888732
SF11C46882812282050980,2,,2019-05-18T02:00:00-0500,0.005701,0.005701,0.003325,0.000737,0.008132444526,0.009596288883000001,0.10004854374899999,0.819977433854,0.004758442789999999,0.000713951261,0.001629406971,0.00055273532,0.023422719689,0.000971741151,0.0011466592330000001,0.009583945399,0.220203855779,0.00050989744,0.000323024361,0.000161030446,0.000130809445,0.002314828339,0.007160703375,0.00844962965,0.09046459835,0.599773578075,0.00424854535,0.00039092689999999997,0.0014683765249999998,0.000421925875,0.02110789135,0.0,0.0,0.0,0.0,0.0,0.0,0.0,0.0,0.0,0.936941,912342.5659712312,9.944366,10.4415843,10.9388026,11.4360209,11.933239200000001,12.430457500000001,12.9276758,13.4248941,13.9221124,14.4193307,14.916549,15.4137673,15.9109856,16.4082039,16.9054222,17.4026405,17.8998588,18.3970771,18.8942954,19.3915137,19.888732
SF11C46882812282050980,3,,2019-05-18T03:00:00-0500,0.005701,0.005701,0.003003,0.000893,0.0074389869360000005,0.008778008959,0.091287761593,0.761894097872,0.0043470047139999995,0.000676093077,0.0014872062970000001,0.00051187513,0.021378587053,0.000971741151,0.0011466592330000001,0.009583945399,0.220203855779,0.00050989744,0.000323024361,0.000161030446,0.000130809445,0.002314828339,0.006467245785000001,0.007631349726,0.08170381619400001,0.541690242093,0.003837107274,0.000353068716,0.001326175851,0.000381065685,0.019063758714,0.0,0.0,0.0,0.0,0.0,0.0,0.0,0.0,0.0,0.952705,912342.5659712312,9.944366,10.4415843,10.9388026,11.4360209,11.933239200000001,12.430457500000001,12.9276758,13.4248941,13.9221124,14.4193307,14.916549,15.4137673,15.9109856,16.4082039,16.9054222,17.4026405,17.8998588,18.3970771,18.8942954,19.3915137,19.888732
SF11C46882812282050980,4,,2019-05-18T04:00:00-0500,0.005701,0.005701,0.002771,0.001023,0.006939352896,0.008188440815,0.08497564525700001,0.72004523468,0.0040505648580000005,0.000648816373,0.0013847511529999999,0.00048243549,0.019905795837,0.000971741151,0.0011466592330000001,0.009583945399,0.220203855779,0.00050989744,0.000323024361,0.000161030446,0.000130809445,0.002314828339,0.005967611745,0.007041781582,0.07539169985800001,0.499841378901,0.003540667418,0.000325792012,0.001223720707,0.00035162604500000005,0.017590967498,0.0,0.0,0.0,0.0,0.0,0.0,0.0,0.0,0.0,0.962164,912342.5659712312,9.944366,10.4415843,10.9388026,11.4360209,11.933239200000001,12.430457500000001,12.9276758,13.4248941,13.9221124,14.4193307,14.916549,15.4137673,15.9109856,16.4082039,16.9054222,17.4026405,17.8998588,18.3970771,18.8942954,19.3915137,19.888732
SF11C46882812282050980,5,,2019-05-18T05:00:00-0500,0.005701,0.005701,0.002606,0.001133,0.006584009720999999,0.007769135884999999,0.08048642458699999,0.6902820345649999,0.0038397347879999995,0.000629416993,0.001311884348,0.00046149781499999994,0.018858336567,0.000971741151,0.0011466592330000001,0.009583945399,0.220203855779,0.00050989744,0.000323024361,0.000161030446,0.000130809445,0.002314828339,0.00561226857,0.0066224766519999995,0.070902479188,0.47007817878599994,0.0033298373479999995,0.00030639263199999997,0.001150853902,0.00033068837,0.016543508228,0.0,0.0,0.0,0.0,0.0,0.0,0.0,0.0,0.0,0.96847,912342.5659712312,9.944366,10.4415843,10.9388026,11.4360209,11.933239200000001,12.430457500000001,12.9276758,13.4248941,13.9221124,14.4193307,14.916549,15.4137673,15.9109856,16.4082039,16.9054222,17.4026405,17.8998588,18.3970771,18.8942954,19.3915137,19.888732
SF11C46882812282050980,6,,2019-05-18T06:00:00-0500,0.005701,0.005701,0.002487,0.001226,0.006327731916,0.007466728087,0.077248744225,0.668816453876,0.0036876815859999998,0.000615425925,0.001259331925,0.00044639731,0.018102896245,0.000971741151,0.0011466592330000001,0.009583945399,0.220203855779,0.00050989744,0.000323024361,0.000161030446,0.000130809445,0.002314828339,0.0053559907650000006,0.006320068854,0.067664798826,0.448612598097,0.0031777841459999998,0.000292401564,0.001098301479,0.00031558786500000005,0.015788067906,0.0,0.0,0.0,0.0,0.0,0.0,0.0,0.0,0.0,0.972975,912342.5659712312,9.944366,10.4415843,10.9388026,11.4360209,11.933239200000001,12.430457500000001,12.9276758,13.4248941,13.9221124,14.4193307,14.916549,15.4137673,15.9109856,16.4082039,16.9054222,17.4026405,17.8998588,18.3970771,18.8942954,19.3915137,19.888732
SF11C46882812282050980,7,,2019-05-18T07:00:00-0500,0.005701,0.005701,0.002402,0.001308,0.006144676341,0.007250722517,0.074936115395,0.653483896241,0.003579072156,0.000605432305,0.0012217944799999998,0.00043561123500000006,0.017563296015,0.000971741151,0.0011466592330000001,0.009583945399,0.220203855779,0.00050989744,0.000323024361,0.000161030446,0.000130809445,0.002314828339,0.00517293519,0.0061040632840000004,0.065352169996,0.43328004046199997,0.0030691747159999998,0.000282407944,0.001060764034,0.00030480179000000004,0.015248467676,0.0,0.0,0.0,0.0,0.0,0.0,0.0,0.0,0.0,0.976353,912342.5659712312,9.944366,10.4415843,10.9388026,11.4360209,11.933239200000001,12.430457500000001,12.9276758,13.4248941,13.9221124,14.4193307,14.916549,15.4137673,15.9109856,16.4082039,16.9054222,17.4026405,17.8998588,18.3970771,18.8942954,19.3915137,19.888732
SF11C46882812282050980,8,,2019-05-18T08:00:00-0500,0.005701,0.005701,0.002187,0.001368,0.005681653416,0.006704355487000001,0.06908652482500001,0.614701544576,0.003304354186,0.000580154325,0.001126846825,0.00040832881000000003,0.016198424845000003,0.000971741151,0.0011466592330000001,0.009583945399,0.220203855779,0.00050989744,0.000323024361,0.000161030446,0.000130809445,0.002314828339,0.004709912265,0.005557696254000001,0.059502579426000006,0.394497688797,0.002794456746,0.000257129964,0.000965816379,0.00027751936500000006,0.013883596506000002,0.0,0.0,0.0,0.0,0.0,0.0,0.0,0.0,0.0,0.97898,912342.5659712312,9.944366,10.4415843,10.9388026,11.4360209,11.933239200000001,12.430457500000001,12.9276758,13.4248941,13.9221124,14.4193307,14.916549,15.4137673,15.9109856,16.4082039,16.9054222,17.4026405,17.8998588,18.3970771,18.8942954,19.3915137,19.888732
SF11C46882812282050980,9,,2019-05-18T09:00:00-0500,0.005701,0.005701,0.002871,0.001472,0.007154712396,0.008442565015,0.08769638505699999,0.73808353778,0.004178340657999999,0.000660573573,0.0014289128529999997,0.00049512499,0.020540619637,0.000971741151,0.0011466592330000001,0.009583945399,0.220203855779,0.00050989744,0.000323024361,0.000161030446,0.000130809445,0.002314828339,0.006182971245,0.007295905782,0.078112439658,0.517879682001,0.0036684432179999995,0.000337549212,0.0012678824069999998,0.00036431554500000003,0.018225791298,0.0,0.0,0.0,0.0,0.0,0.0,0.0,0.0,0.0,0.981082,912342.5659712312,9.944366,10.4415843,10.9388026,11.4360209,11.933239200000001,12.430457500000001,12.9276758,13.4248941,13.9221124,14.4193307,14.916549,15.4137673,15.9109856,16.4082039,16.9054222,17.4026405,17.8998588,18.3970771,18.8942954,19.3915137,19.888732
SF11C46882812282050980,10,,2019-05-18T10:00:00-0500,0.020004,0.020004,0.012417,0.002229,0.030150890919,0.03557806644599999,0.371462965362,3.012480177843,0.017655078845999997,0.002593338168,0.006048591273,0.002034646995,0.086948475402,0.003409701804,0.0040234645320000005,0.033628704396,0.772664081916,0.0017891577600000002,0.0011334466440000002,0.000565032984,0.00045899178000000004,0.008122404156,0.026741189115,0.031554601913999995,0.337834260966,2.239816095927,0.015865921085999997,0.001459891524,0.005483558289,0.001575655215,0.078826071246,0.0,0.0,0.0,0.0,0.0,0.0,0.0,0.0,0.0,0.889222,3201280.598086039,34.784685,36.523919250000006,38.2631535,40.002387750000004,41.74162200000001,43.48085625,45.220090500000005,46.95932475000001,48.698559,50.437793250000006,52.17702750000001,53.916261750000004,55.65549600000001,57.39473025000001,59.133964500000005,60.87319875000001,62.61243300000001,64.35166725,66.0909015,67.83013575000001,69.56937
SF11C46882812282050980,11,,2019-05-18T11:00:00-0500,0.040008,0.040008,0.029285,0.0041,0.069887433183,0.08246720103399999,0.864026059222,6.827845226667,0.04099745855,0.005709989308,0.014062819812999998,0.004634103635,0.20215295814200002,0.006819403608,0.008046929064000001,0.067257408792,1.545328163832,0.0035783155200000004,0.0022668932880000004,0.001130065968,0.0009179835600000001,0.016244808312,0.063068029575,0.07442027197,0.79676865043,5.282517062835,0.03741914303,0.0034430960199999996,0.012932753844999999,0.003716120075,0.18590814983,0.0,0.0,0.0,0.0,0.0,0.0,0.0,0.0,0.0,0.67521,6402561.196172078,69.266876,72.7302198,76.19356359999999,79.6569074,83.1202512,86.583595,90.04693879999999,93.5102826,96.9736264,100.43697019999999,103.900314,107.3636578,110.82700159999999,114.29034539999999,117.7536892,121.21703299999999,124.68037679999999,128.1437206,131.60706439999998,135.07040819999997,138.533752
SF11C46882812282050980,12,,2019-05-18T12:00:00-0500,0.070014,0.070014,0.058435,0.007857,0.137779280139,0.162579602132,1.7075647675160002,13.245006703190999,0.08092784089,0.010837383074,0.027783504839000002,0.009021580555,0.399387702076,0.011933956314,0.014082125862000002,0.117700465386,2.704324286706,0.006262052160000001,0.0039670632540000006,0.0019776154440000002,0.00160647123,0.028428414546,0.12584532382500002,0.14849747627,1.58986430213,10.540682416485,0.07466578873,0.00687031982,0.025805889395,0.0074151093250000005,0.37095928753,0.0,0.0,0.0,0.0,0.0,0.0,0.0,0.0,0.0,0.644382,11204482.093301136,120.428735,126.45017175000001,132.4716085,138.49304525,144.51448200000002,150.53591875,156.5573555,162.57879225,168.600229,174.62166575,180.6431025,186.66453925000002,192.685976,198.70741275,204.72884950000002,210.75028625,216.771723,222.79315975000003,228.8145965,234.83603325,240.85747
SF11C46882812282050980,13,,2019-05-18T13:00:00-0500,0.10002,0.10002,0.092636,0.01372,0.21654893544,0.255527816572,2.6885280431079996,20.573282869295998,0.12731217888799998,0.016558633012,0.043734797331999996,0.01405000412,0.6286873961480001,0.017048509019999998,0.02011732266,0.16814352198,3.8633204095799996,0.0089457888,0.00566723322,0.00282516492,0.0022949589,0.04061202078,0.19950042642000002,0.235410493912,2.520384521128,16.709962459716,0.11836639008799998,0.010891399792,0.040909632412,0.01175504522,0.588075375368,0.0,0.0,0.0,0.0,0.0,0.0,0.0,0.0,0.0,0.668988,16006402.990430193,170.92468,179.470914,188.017148,196.563382,205.109616,213.65585,222.202084,230.74831799999998,239.294552,247.84078599999998,256.38702,264.933254,273.479488,282.025722,290.571956,299.11819,307.664424,316.21065799999997,324.756892,333.303126,341.84936
SF11C46882812282050980,14,,2019-05-18T14:00:00-0500,0.130026,0.130026,0.130595,0.021801,0.303411800751,0.35802601844799997,3.7717367203839998,28.579438465898996,0.17849833145,0.022721718526,0.06134568651099999,0.019555299095,0.8818437686239999,0.022163061726,0.026152519458,0.218586578574,5.022316532454,0.011629525440000002,0.007367403186000001,0.0036727143960000003,0.00298344657,0.052795627014,0.28124873902499997,0.33187349898999996,3.5531501418099998,23.557121933444996,0.16686880600999998,0.015354315339999999,0.05767297211499999,0.016571852525,0.82904814161,0.0,0.0,0.0,0.0,0.0,0.0,0.0,0.0,0.0,0.703836,20808323.887559254,220.763376,231.8015448,242.83971359999998,253.87788239999998,264.91605119999997,275.95421999999996,286.99238879999996,298.0305576,309.0687264,320.1068952,331.145064,342.1832328,353.2214016,364.2595704,375.2977392,386.335908,397.3740768,408.4122456,419.4504144,430.4885832,441.526752
SF11C46882812282050980,15,,2019-05-18T15:00:00-0500,0.160032,0.160032,0.170799,0.032104,0.39510948683700003,0.466229308614,4.91602600617,36.990553967097,0.232553050722,0.02914875318,0.07994800585499999,0.025345473345000005,1.14925193541,0.027277614432,0.032187716256000004,0.269029635168,6.181312655328,0.014313262080000002,0.009067573152000002,0.004520263872,0.0036719342400000003,0.064979233248,0.36783187240500004,0.434041592358,4.646996371002,30.809241311769,0.218239788642,0.020081180028,0.075427741983,0.021673539105000004,1.084272702162,0.0,0.0,0.0,0.0,0.0,0.0,0.0,0.0,0.0,0.736568,25610244.784688313,269.953378,283.4510469,296.9487158,310.44638469999995,323.94405359999996,337.44172249999997,350.9393914,364.4370603,377.9347292,391.4323981,404.930067,418.4277359,431.92540479999997,445.4230737,458.9207426,472.41841149999993,485.91608039999994,499.41374929999995,512.9114182,526.4090871,539.906756
SF11C46882812282050980,16,,2019-05-18T16:00:00-0500,0.170034,0.170034,0.189309,0.042975,0.43667738118900007,0.5152794303,5.436449295348001,40.715775911864995,0.25709893018200003,0.031891734222,0.088404853017,0.027923795685000002,1.270819022868,0.028982465333999997,0.034199448522,0.285843987366,6.567644696285999,0.01520784096,0.009634296474,0.004802780364,0.00390143013,0.06904043532599999,0.40769491585500006,0.481079981778,5.1506053079820004,34.148131215579,0.241891089222,0.022257437748,0.083602072653,0.024022365555,1.2017785875420002,0.0,0.0,0.0,0.0,0.0,0.0,0.0,0.0,0.0,0.774308,27210885.083731327,286.207354,300.51772170000004,314.8280894,329.1384571,343.4488248,357.75919250000004,372.0695602,386.3799279,400.6902956,415.00066330000004,429.311031,443.6213987,457.9317664,472.24213410000004,486.5525018,500.8628695,515.1732372,529.4836049,543.7939726,558.1043403,572.414708
SF11C46882812282050980,17,,2019-05-18T17:00:00-0500,0.120024,0.120024,0.137004,0.049477,0.315509340204,0.37230110616,3.9292945819679996,29.349181270619997,0.18579290359199999,0.022908514151999997,0.063893493372,0.020139073259999998,0.918468423888,0.020458210824,0.024140787192000003,0.201772226376,4.635984491496,0.010734946560000002,0.0068006798640000005,0.003390197904,0.00275395068,0.048734424936,0.29505112938,0.348160318968,3.727522355592,24.713196779123997,0.17505795703199997,0.016107834287999997,0.06050329546799999,0.01738512258,0.869733998952,0.0,0.0,0.0,0.0,0.0,0.0,0.0,0.0,0.0,0.840688,19207683.588516235,204.222974,214.4341227,224.64527139999998,234.85642009999998,245.0675688,255.27871749999997,265.4898662,275.7010149,285.9121636,296.12331229999995,306.334461,316.5456097,326.75675839999997,336.9679071,347.1790558,357.3902045,367.60135319999995,377.8125019,388.0236506,398.23479929999996,408.44594799999993
SF11C46882812282050980,18,,2019-05-18T18:00:00-0500,0.070014,0.070014,0.080581,0.051627,0.185472795009,0.218857947464,2.3100998036240004,17.239769307716998,0.109225069558,0.013441132586,0.037563554921,0.011831797225000001,0.539975780824,0.011933956314,0.014082125862000002,0.117700465386,2.704324286706,0.006262052160000001,0.0039670632540000006,0.0019776154440000002,0.00160647123,0.028428414546,0.173538838695,0.204775821602,2.1923993382380003,14.535445021010998,0.102963017398,0.009474069332,0.035585939477,0.010225325995000001,0.511547366278,0.0,0.0,0.0,0.0,0.0,0.0,0.0,0.0,0.0,0.907068,11204482.093301136,120.428735,126.45017175000001,132.4716085,138.49304525,144.51448200000002,150.53591875,156.5573555,162.57879225,168.600229,174.62166575,180.6431025,186.66453925000002,192.685976,198.70741275,204.72884950000002,210.75028625,216.771723,222.79315975000003,228.8145965,234.83603325,240.85747
SF11C46882812282050980,19,,2019-05-18T19:00:00-0500,0.040008,0.040008,0.045668,0.051215,0.10516978006800001,0.12410036871999999,1.309764860656,9.78306042354,0.061930967864,0.007636171384,0.021297831123999997,0.006713024420000001,0.306156141296,0.006819403608,0.008046929064000001,0.067257408792,1.545328163832,0.0035783155200000004,0.0022668932880000004,0.001130065968,0.0009179835600000001,0.016244808312,0.09835037646000001,0.116053439656,1.242507451864,8.237732259708,0.058352652344,0.0053692780959999995,0.020167765156,0.0057950408600000005,0.289911332984,0.0,0.0,0.0,0.0,0.0,0.0,0.0,0.0,0.0,0.946896,6402561.196172078,69.266876,72.7302198,76.19356359999999,79.6569074,83.1202512,86.583595,90.04693879999999,93.5102826,96.9736264,100.43697019999999,103.900314,107.3636578,110.82700159999999,114.29034539999999,117.7536892,121.21703299999999,124.68037679999999,128.1437206,131.60706439999998,135.07040819999997,138.533752
SF11C46882812282050980,20,,2019-05-18T20:00:00-0500,0.005701,0.005701,0.006348,0.048113,0.014642762211000002,0.017278463449,0.18229650790300003,1.365275336567,0.008621105224000001,0.001069371417,0.002964415162,0.0009363389050000002,0.042613443163,0.000971741151,0.0011466592330000001,0.009583945399,0.220203855779,0.00050989744,0.000323024361,0.000161030446,0.000130809445,0.002314828339,0.013671021060000002,0.016131804216000002,0.17271256250400002,1.145071480788,0.008111207784,0.0007463470560000001,0.002803384716,0.0008055294600000001,0.040298614824000004,0.0,0.0,0.0,0.0,0.0,0.0,0.0,0.0,0.0,0.993959,912342.5659712312,9.944366,10.4415843,10.9388026,11.4360209,11.933239200000001,12.430457500000001,12.9276758,13.4248941,13.9221124,14.4193307,14.916549,15.4137673,15.9109856,16.4082039,16.9054222,17.4026405,17.8998588,18.3970771,18.8942954,19.3915137,19.888732
SF11C46882812282050980,21,,2019-05-18T21:00:00-0500,0.005701,0.005701,0.006085,0.045207,0.014076366726000001,0.016610116803,0.17514096222900002,1.317834599414,0.00828505487,0.001038449981,0.002848269891,0.0009029655200000001,0.040943856569,0.000971741151,0.0011466592330000001,0.009583945399,0.220203855779,0.00050989744,0.000323024361,0.000161030446,0.000130809445,0.002314828339,0.013104625575,0.01546345757,0.16555701683000001,1.097630743635,0.00777515743,0.00071542562,0.002687239445,0.0007721560750000001,0.03862902823,0.0,0.0,0.0,0.0,0.0,0.0,0.0,0.0,0.0,0.998493,912342.5659712312,9.944366,10.4415843,10.9388026,11.4360209,11.933239200000001,12.430457500000001,12.9276758,13.4248941,13.9221124,14.4193307,14.916549,15.4137673,15.9109856,16.4082039,16.9054222,17.4026405,17.8998588,18.3970771,18.8942954,19.3915137,19.888732
SF11C46882812282050980,22,,2019-05-18T22:00:00-0500,0.005701,0.005701,0.005726,0.042477,0.013303226121000001,0.015697810925,0.16537350634700002,1.253077091285,0.007826339748,0.000996241633,0.002689729388,0.0008574102150000001,0.038664839127,0.000971741151,0.0011466592330000001,0.009583945399,0.220203855779,0.00050989744,0.000323024361,0.000161030446,0.000130809445,0.002314828339,0.01233148497,0.014551151692,0.155789560948,1.032873235506,0.007316442308,0.000673217272,0.002528698942,0.0007266007700000001,0.036350010788,0.0,0.0,0.0,0.0,0.0,0.0,0.0,0.0,0.0,0.998493,912342.5659712312,9.944366,10.4415843,10.9388026,11.4360209,11.933239200000001,12.430457500000001,12.9276758,13.4248941,13.9221124,14.4193307,14.916549,15.4137673,15.9109856,16.4082039,16.9054222,17.4026405,17.8998588,18.3970771,18.8942954,19.3915137,19.888732
SF11C46882812282050980,23,,2019-05-18T23:00:00-0500,0.005701,0.005701,0.00528,0.039905,0.012342722751000002,0.014564416993,0.15323900683900002,1.172626259459,0.007256459680000001,0.000943804521,0.002492768206,0.0008008150450000001,0.035833524979,0.000971741151,0.0011466592330000001,0.009583945399,0.220203855779,0.00050989744,0.000323024361,0.000161030446,0.000130809445,0.002314828339,0.011370981600000002,0.01341775776,0.14365506144,0.95242240368,0.00674656224,0.0006207801599999999,0.00233173776,0.0006700056000000001,0.03351869664,0.0,0.0,0.0,0.0,0.0,0.0,0.0,0.0,0.0,0.998493,912342.5659712312,9.944366,10.4415843,10.9388026,11.4360209,11.933239200000001,12.430457500000001,12.9276758,13.4248941,13.9221124,14.4193307,14.916549,15.4137673,15.9109856,16.4082039,16.9054222,17.4026405,17.8998588,18.3970771,18.8942954,19.3915137,19.888732
SF11C46882912282050980,0,,2019-05-18T00:00:00-0400,0.005701,0.005701,0.004403,0.000304,0.0043544913149999994,0.005138302478,0.054300795255,0.401413337839,0.0025659634499999996,0.000309074398,0.000882826485,0.00027601817499999995,0.012690659405,0.000256812947,0.00030304235600000004,0.002532857383,0.058195745289,0.000134754537,8.5366774e-05,4.2557965000000006e-05,3.4570864e-05,0.000611768609,0.004097678368,0.004835260122,0.051767937872,0.34321759255,0.0024312089129999996,0.000223707624,0.00084026852,0.00024144731099999997,0.012078890796,0.0,0.0,0.0,0.0,0.0,0.0,0.0,0.0,0.0,0.944139,320823.4205703179,5.875793,6.16958265,6.4633723,6.7571619499999995,7.050951599999999,7.34474125,7.6385309,7.93232055,8.2261102,8.51989985,8.813689499999999,9.10747915,9.4012688,9.69505845,9.9888481,10.28263775,10.5764274,10.87021705,11.1640067,11.457796349999999,11.751586
SF11C46882912282050980,1,,2019-05-18T01:00:00-0400,0.005701,0.005701,0.003775,0.000544,0.003770039347,0.004448649206,0.046917132983,0.352460204039,0.002219200062,0.00027716697400000003,0.000762978965,0.00024158053900000002,0.010967846909,0.000256812947,0.00030304235600000004,0.002532857383,0.058195745289,0.000134754537,8.5366774e-05,4.2557965000000006e-05,3.4570864e-05,0.000611768609,0.0035132264,0.00414560685,0.0443842756,0.29426445875,0.002084445525,0.00019180020000000001,0.0007204210000000001,0.000207009675,0.0103560783,0.0,0.0,0.0,0.0,0.0,0.0,0.0,0.0,0.0,0.944139,320823.4205703179,5.875793,6.16958265,6.4633723,6.7571619499999995,7.050951599999999,7.34474125,7.6385309,7.93232055,8.2261102,8.51989985,8.813689499999999,9.10747915,9.4012688,9.69505845,9.9888481,10.28263775,10.5764274,10.87021705,11.1640067,11.457796349999999,11.751586
SF11C46882912282050980,2,,2019-05-18T02:00:00-0400,0.005701,0.005701,0.003325,0.000737,0.003351244147,0.003954470906,0.041626292183,0.31738232153900003,0.0019707231119999997,0.000254303374,0.000677100965,0.00021690388899999998,0.009733347509,0.000256812947,0.00030304235600000004,0.002532857383,0.058195745289,0.000134754537,8.5366774e-05,4.2557965000000006e-05,3.4570864e-05,0.000611768609,0.0030944312,0.00365142855,0.0390934348,0.25918657625,0.0018359685749999998,0.0001689366,0.000634543,0.00018233302499999997,0.0091215789,0.0,0.0,0.0,0.0,0.0,0.0,0.0,0.0,0.0,0.962759,320823.4205703179,5.875793,6.16958265,6.4633723,6.7571619499999995,7.050951599999999,7.34474125,7.6385309,7.93232055,8.2261102,8.51989985,8.813689499999999,9.10747915,9.4012688,9.69505845,9.9888481,10.28263775,10.5764274,10.87021705,11.1640067,11.457796349999999,11.751586
SF11C46882912282050980,3,,2019-05-18T03:00:00-0400,0.005701,0.005701,0.003003,0.000893,0.003051572915,0.003600858878,0.037840401655,0.29228214783900003,0.0017929240499999998,0.00023794319800000003,0.000615650485,0.000199246375,0.008849994605,0.000256812947,0.00030304235600000004,0.002532857383,0.058195745289,0.000134754537,8.5366774e-05,4.2557965000000006e-05,3.4570864e-05,0.000611768609,0.002794759968,0.003297816522,0.035307544272,0.23408640255000002,0.0016581695129999998,0.000152576424,0.0005730925200000001,0.000164675511,0.008238225996,0.0,0.0,0.0,0.0,0.0,0.0,0.0,0.0,0.0,0.972069,320823.4205703179,5.875793,6.16958265,6.4633723,6.7571619499999995,7.050951599999999,7.34474125,7.6385309,7.93232055,8.2261102,8.51989985,8.813689499999999,9.10747915,9.4012688,9.69505845,9.9888481,10.28263775,10.5764274,10.87021705,11.1640067,11.457796349999999,11.751586
SF11C46882912282050980,4,,2019-05-18T04:00:00-0400,0.005701,0.005701,0.002771,0.001023,0.002835660723,0.0033460825100000004,0.035112679287,0.27419755063900003,0.0016648203779999998,0.00022615574199999998,0.000571375605,0.000186524191,0.008213541581,0.000256812947,0.00030304235600000004,0.002532857383,0.058195745289,0.000134754537,8.5366774e-05,4.2557965000000006e-05,3.4570864e-05,0.000611768609,0.002578847776,0.003043040154,0.032579821904,0.21600180535000002,0.0015300658409999998,0.000140788968,0.00052881764,0.000151953327,0.007601772972,0.0,0.0,0.0,0.0,0.0,0.0,0.0,0.0,0.0,0.977656,320823.4205703179,5.875793,6.16958265,6.4633723,6.7571619499999995,7.050951599999999,7.34474125,7.6385309,7.93232055,8.2261102,8.51989985,8.813689499999999,9.10747915,9.4012688,9.69505845,9.9888481,10.28263775,10.5764274,10.87021705,11.1640067,11.457796349999999,11.751586
SF11C46882912282050980,5,,2019-05-18T05:00:00-0400,0.005701,0.005701,0.002606,0.001133,0.002682102483,0.0031648838,0.033172704327,0.26133566038899997,0.0015737121629999997,0.00021777242199999997,0.0005398870049999999,0.000177476086,0.007760891801,0.000256812947,0.00030304235600000004,0.002532857383,0.058195745289,0.000134754537,8.5366774e-05,4.2557965000000006e-05,3.4570864e-05,0.000611768609,0.0024252895359999998,0.002861841444,0.030639846943999998,0.20313991509999998,0.0014389576259999997,0.00013240564799999998,0.00049732904,0.00014290522199999998,0.0071491231919999995,0.0,0.0,0.0,0.0,0.0,0.0,0.0,0.0,0.0,0.98138,320823.4205703179,5.875793,6.16958265,6.4633723,6.7571619499999995,7.050951599999999,7.34474125,7.6385309,7.93232055,8.2261102,8.51989985,8.813689499999999,9.10747915,9.4012688,9.69505845,9.9888481,10.28263775,10.5764274,10.87021705,11.1640067,11.457796349999999,11.751586
SF11C46882912282050980,6,,2019-05-18T06:00:00-0400,0.005701,0.005701,0.002487,0.001226,0.002571354419,0.0030342010940000003,0.031773570871,0.252059509239,0.001508003814,0.00021172627000000003,0.000517177045,0.000170950483,0.007434435293000001,0.000256812947,0.00030304235600000004,0.002532857383,0.058195745289,0.000134754537,8.5366774e-05,4.2557965000000006e-05,3.4570864e-05,0.000611768609,0.002314541472,0.002731158738,0.029240713488000003,0.19386376395000002,0.001373249277,0.000126359496,0.00047461908,0.000136379619,0.0068226666840000005,0.0,0.0,0.0,0.0,0.0,0.0,0.0,0.0,0.0,0.98404,320823.4205703179,5.875793,6.16958265,6.4633723,6.7571619499999995,7.050951599999999,7.34474125,7.6385309,7.93232055,8.2261102,8.51989985,8.813689499999999,9.10747915,9.4012688,9.69505845,9.9888481,10.28263775,10.5764274,10.87021705,11.1640067,11.457796349999999,11.751586
SF11C46882912282050980,7,,2019-05-18T07:00:00-0400,0.005701,0.005701,0.002402,0.001308,0.0024922486590000003,0.002940856304,0.030774189831000002,0.24543368698900003,0.001461069279,0.00020740759,0.000500955645,0.000166289338,0.007201252073,0.000256812947,0.00030304235600000004,0.002532857383,0.058195745289,0.000134754537,8.5366774e-05,4.2557965000000006e-05,3.4570864e-05,0.000611768609,0.0022354357120000002,0.002637813948,0.028241332448000003,0.18723794170000002,0.001326314742,0.000122040816,0.00045839768000000003,0.000131718474,0.006589483464,0.0,0.0,0.0,0.0,0.0,0.0,0.0,0.0,0.0,0.986035,320823.4205703179,5.875793,6.16958265,6.4633723,6.7571619499999995,7.050951599999999,7.34474125,7.6385309,7.93232055,8.2261102,8.51989985,8.813689499999999,9.10747915,9.4012688,9.69505845,9.9888481,10.28263775,10.5764274,10.87021705,11.1640067,11.457796349999999,11.751586
SF11C46882912282050980,8,,2019-05-18T08:00:00-0400,0.005701,0.005701,0.002187,0.001368,0.002292157619,0.002704748894,0.028246343671000002,0.228674254239,0.001342352514,0.00019648387,0.00045992504500000006,0.00015449938300000001,0.006611435693000001,0.000256812947,0.00030304235600000004,0.002532857383,0.058195745289,0.000134754537,8.5366774e-05,4.2557965000000006e-05,3.4570864e-05,0.000611768609,0.002035344672,0.002401706538,0.025713486288000003,0.17047850895000002,0.001207597977,0.00011111709600000001,0.00041736708000000004,0.00011992851900000001,0.005999667084000001,0.0,0.0,0.0,0.0,0.0,0.0,0.0,0.0,0.0,0.987586,320823.4205703179,5.875793,6.16958265,6.4633723,6.7571619499999995,7.050951599999999,7.34474125,7.6385309,7.93232055,8.2261102,8.51989985,8.813689499999999,9.10747915,9.4012688,9.69505845,9.9888481,10.28263775,10.5764274,10.87021705,11.1640067,11.457796349999999,11.751586
SF11C46882912282050980,9,,2019-05-18T09:00:00-0400,0.005701,0.005701,0.002871,0.001472,0.002928726323,0.00345589991,0.036288421687,0.281992635639,0.0017200374779999998,0.000231236542,0.000590459605,0.000192007891,0.008487874781,0.000256812947,0.00030304235600000004,0.002532857383,0.058195745289,0.000134754537,8.5366774e-05,4.2557965000000006e-05,3.4570864e-05,0.000611768609,0.002671913376,0.0031528575539999997,0.033755564304,0.22379689035,0.0015852829409999999,0.000145869768,0.00054790164,0.000157437027,0.007876106172,0.0,0.0,0.0,0.0,0.0,0.0,0.0,0.0,0.0,0.988828,320823.4205703179,5.875793,6.16958265,6.4633723,6.7571619499999995,7.050951599999999,7.34474125,7.6385309,7.93232055,8.2261102,8.51989985,8.813689499999999,9.10747915,9.4012688,9.69505845,9.9888481,10.28263775,10.5764274,10.87021705,11.1640067,11.457796349999999,11.751586
SF11C46882912282050980,10,,2019-05-18T10:00:00-0400,0.020004,0.020004,0.012417,0.002229,0.012457075739999999,0.014699359181999999,0.15487937093999998,1.172116316406,0.007329141854999999,0.0009304228319999999,0.0025189901400000003,0.000802215285,0.036210562679999996,0.0009011201879999999,0.001063332624,0.008887437132,0.204200611956,0.00047283454799999997,0.000299539896,0.00014932986000000003,0.00012130425600000001,0.002146609236,0.011555955552,0.013636026558,0.145991933808,0.96791570445,0.006856307306999999,0.000630882936,0.00236966028,0.000680911029,0.034063953444,0.0,0.0,0.0,0.0,0.0,0.0,0.0,0.0,0.0,0.934578,1125723.8563565407,20.579362,21.6083301,22.6372982,23.6662663,24.6952344,25.7242025,26.753170599999997,27.782138699999997,28.811106799999997,29.840074899999998,30.869042999999998,31.898011099999998,32.9269792,33.9559473,34.9849154,36.0138835,37.0428516,38.0718197,39.1007878,40.1297559,41.158724
SF11C46882912282050980,11,,2019-05-18T11:00:00-0400,0.040008,0.040008,0.029285,0.0041,0.029056501335999997,0.034286690838,0.36209103610399995,2.6911918661620002,0.017115996830999996,0.002086992072,0.00588740912,0.0018485100569999998,0.084631696092,0.0018022403759999999,0.002126665248,0.017774874264,0.408401223912,0.0009456690959999999,0.000599079792,0.00029865972000000005,0.00024260851200000002,0.004293218472,0.02725426096,0.032160025589999995,0.34431616183999997,2.28279064225,0.016170327734999997,0.0014879122799999998,0.0055887494,0.0016059015449999998,0.08033847762,0.0,0.0,0.0,0.0,0.0,0.0,0.0,0.0,0.0,0.798963,2251447.7127130814,41.052846,43.105488300000005,45.1581306,47.2107729,49.263415200000004,51.3160575,53.3686998,55.421342100000004,57.473984400000006,59.5266267,61.579269000000004,63.6319113,65.6845536,67.7371959,69.7898382,71.84248050000001,73.8951228,75.9477651,78.0004074,80.0530497,82.105692
SF11C46882912282050980,12,,2019-05-18T12:00:00-0400,0.070014,0.070014,0.058436,0.007857,0.057537734674,0.067894560048,0.718162858826,5.269838012446,0.033921585473999996,0.004017405924,0.01167458075,0.003629019828,0.16782248107800002,0.003153920658,0.0037216641840000005,0.031106029962,0.714702141846,0.001654920918,0.0010483896360000001,0.00052265451,0.00042456489600000005,0.007513132326000001,0.054383814016,0.064172895864,0.687056828864,4.5551358706,0.032266664555999996,0.002969016288,0.01115192624,0.003204454932,0.160309348752,0.0,0.0,0.0,0.0,0.0,0.0,0.0,0.0,0.0,0.644382,3940033.497247893,71.565743,75.14403014999999,78.7223173,82.30060445,85.8788916,89.45717875,93.03546589999999,96.61375305,100.1920402,103.77032735,107.3486145,110.92690164999999,114.5051888,118.08347595000001,121.6617631,125.24005025,128.8183374,132.39662455,135.9749117,139.55319885,143.131486
SF11C46882912282050980,13,,2019-05-18T13:00:00-0400,0.10002,0.10002,0.092637,0.01372,0.090718780812,0.10704820795799999,1.133609672748,8.24213595123,0.053515637667,0.006204400176,0.01842549438,0.005686456449,0.264867092664,0.00450560094,0.00531666312,0.044437185659999996,1.02100305978,0.00236417274,0.00149769948,0.0007466493,0.00060652128,0.01073304618,0.086213179872,0.101731544838,1.089172487088,7.22113289145,0.051151464927,0.004706700696,0.017678845080000002,0.005079935169,0.254134046484,0.0,0.0,0.0,0.0,0.0,0.0,0.0,0.0,0.0,0.668988,5628619.2817827035,101.843467,106.93564035,112.02781370000001,117.11998705,122.2121604,127.30433375000001,132.3965071,137.48868045,142.5808538,147.67302715,152.7652005,157.85737385000002,162.9495472,168.04172055,173.1338939,178.22606725000003,183.31824060000002,188.41041395000002,193.50258730000002,198.59476065,203.686934
SF11C46882912282050980,14,,2019-05-18T14:00:00-0400,0.130026,0.130026,0.130595,0.021801,0.127396301542,0.15032769558599998,1.5932291286379998,11.507295233464,0.07518419630699999,0.008582280083999999,0.025893393889999998,0.007949915678999999,0.37221840257399996,0.005857281222,0.0069116620560000005,0.057768341358,1.3273039777139999,0.003073424562,0.001947009324,0.0009706440900000001,0.000788477664,0.013952960034000001,0.12153902032,0.14341603353,1.53546078728,10.17999125575,0.072110771745,0.006635270759999999,0.024922749799999998,0.007161438014999999,0.35826544254,0.0,0.0,0.0,0.0,0.0,0.0,0.0,0.0,0.0,0.703836,7317205.0663175145,131.887831,138.48222255000002,145.0766141,151.67100565,158.2653972,164.85978875,171.45418030000002,178.04857185,184.6429634,191.23735495,197.8317465,204.42613805000002,211.0205296,217.61492115,224.2093127,230.80370425,237.39809580000002,243.99248735,250.5868789,257.18127045,263.775662
SF11C46882912282050980,15,,2019-05-18T15:00:00-0400,0.160032,0.160032,0.1708,0.032104,0.166165006304,0.196074780192,2.0792675162560004,14.947610075648,0.09809348318399999,0.011074325568,0.03379011088,0.010336593648,0.485733979488,0.0072089615039999996,0.008506660992,0.071099497056,1.633604895648,0.0037826763839999998,0.002396319168,0.0011946388800000002,0.0009704340480000001,0.017172873888,0.1589560448,0.1875681192,2.0081680192,13.31400518,0.0943108068,0.0086780064,0.032595472,0.0093661596,0.4685611056,0.0,0.0,0.0,0.0,0.0,0.0,0.0,0.0,0.0,0.736568,9005790.850852326,161.700633,169.78566465,177.87069630000002,185.95572795,194.0407596,202.12579125000002,210.2108229,218.29585455,226.38088620000002,234.46591785000004,242.55094950000003,250.63598115000002,258.72101280000004,266.80604445000006,274.8910761,282.97610775000004,291.0611394,299.14617105,307.23120270000004,315.31623435000006,323.4012660000001
SF11C46882912282050980,16,,2019-05-18T16:00:00-0400,0.170034,0.170034,0.189309,0.042975,0.18384107830200003,0.21693254907,2.301329395638,16.492502664276,0.108550033497,0.012164500787999999,0.03739703337,0.011412223809,0.537583616094,0.007659521597999999,0.009038327304,0.07554321562199999,1.7357052016259997,0.004019093658,0.0025460891159999996,0.00126930381,0.001031086176,0.018246178506,0.17618155670400001,0.207894221766,2.225786180016,14.75679746265,0.104530939839,0.009618411672,0.03612772956,0.010381137633,0.519337437588,0.0,0.0,0.0,0.0,0.0,0.0,0.0,0.0,0.0,0.783801,9568652.779030595,171.587084,180.16643820000002,188.7457924,197.3251466,205.9045008,214.483855,223.06320920000002,231.64256340000003,240.2219176,248.8012718,257.380626,265.9599802,274.53933440000003,283.11868860000004,291.69804280000005,300.277397,308.8567512,317.43610540000003,326.0154596,334.5948138,343.174168
SF11C46882912282050980,17,,2019-05-18T17:00:00-0400,0.120024,0.120024,0.137004,0.049477,0.132910315752,0.15683422643999997,1.6641387404879997,11.904781925136,0.07848664297199999,0.008758138608,0.02704182252,0.008240713883999998,0.38872711274399996,0.005406721128,0.006379995744000001,0.053324622792,1.225203671736,0.002837007288,0.001797239376,0.0008959791600000001,0.000727825536,0.012879655416,0.127503594624,0.15045423069599997,1.6108141176959998,10.679578253399999,0.07564963568399999,0.0069608992319999995,0.02614584336,0.007512888347999999,0.37584745732799996,0.0,0.0,0.0,0.0,0.0,0.0,0.0,0.0,0.0,0.868512,6754343.138139245,121.89886,127.993803,134.088746,140.183689,146.278632,152.373575,158.468518,164.563461,170.658404,176.753347,182.84829,188.943233,195.038176,201.133119,207.228062,213.323005,219.417948,225.512891,231.607834,237.702777,243.79772
SF11C46882912282050980,18,,2019-05-18T18:00:00-0400,0.070014,0.070014,0.08058,0.051627,0.07814618113800001,0.09221252510399999,0.978519255882,6.995981634846,0.046148860098,0.005142498276,0.01590054171,0.004843330356,0.22857082488600003,0.003153920658,0.0037216641840000005,0.031106029962,0.714702141846,0.001654920918,0.0010483896360000001,0.00052265451,0.00042456489600000005,0.007513132326000001,0.07499226048,0.08849086092,0.94741322592,6.281279493,0.04449393918,0.00409410864,0.0153778872,0.00441876546,0.22105769256000002,0.0,0.0,0.0,0.0,0.0,0.0,0.0,0.0,0.0,0.929029,3940033.497247893,71.565743,75.14403014999999,78.7223173,82.30060445,85.8788916,89.45717875,93.03546589999999,96.61375305,100.1920402,103.77032735,107.3486145,110.92690164999999,114.5051888,118.08347595000001,121.6617631,125.24005025,128.8183374,132.39662455,135.9749117,139.55319885,143.131486
SF11C46882912282050980,19,,2019-05-18T19:00:00-0400,0.040008,0.040008,0.045668,0.051215,0.044303438584,0.052278075480000005,0.554712913496,3.9682606417120003,0.026162214323999997,0.002919379536,0.009013940840000002,0.002746904628,0.12957570424800002,0.0018022403759999999,0.002126665248,0.017774874264,0.408401223912,0.0009456690959999999,0.000599079792,0.00029865972000000005,0.00024260851200000002,0.004293218472,0.042501198208,0.050151410232,0.536938039232,3.5598594178000003,0.025216545227999997,0.002320299744,0.008715281120000001,0.002504296116,0.125282485776,0.0,0.0,0.0,0.0,0.0,0.0,0.0,0.0,0.0,0.961105,2251447.7127130814,41.052846,43.105488300000005,45.1581306,47.2107729,49.263415200000004,51.3160575,53.3686998,55.421342100000004,57.473984400000006,59.5266267,61.579269000000004,63.6319113,65.6845536,67.7371959,69.7898382,71.84248050000001,73.8951228,75.9477651,78.0004074,80.0530497,82.105692
SF11C46882912282050980,20,,2019-05-18T20:00:00-0400,0.005701,0.005701,0.006347,0.048113,0.006163686579,0.007273152734,0.07715722751100001,0.552949790239,0.003639383874,0.00040784515000000005,0.0012538194450000002,0.000382621303,0.018023696813,0.000256812947,0.00030304235600000004,0.002532857383,0.058195745289,0.000134754537,8.5366774e-05,4.2557965000000006e-05,3.4570864e-05,0.000611768609,0.005906873632,0.006970110378,0.07462437012800001,0.49475404495,0.003504629337,0.000322478376,0.0012112614800000002,0.000348050439,0.017411928204,0.0,0.0,0.0,0.0,0.0,0.0,0.0,0.0,0.0,0.997402,320823.4205703179,5.875793,6.16958265,6.4633723,6.7571619499999995,7.050951599999999,7.34474125,7.6385309,7.93232055,8.2261102,8.51989985,8.813689499999999,9.10747915,9.4012688,9.69505845,9.9888481,10.28263775,10.5764274,10.87021705,11.1640067,11.457796349999999,11.751586
SF11C46882912282050980,21,,2019-05-18T21:00:00-0400,0.005701,0.005701,0.006085,0.045207,0.005919854707,0.0069854311460000006,0.074076782423,0.532526667539,0.003494715072,0.000394533454,0.0012038193650000001,0.000368254009,0.017304943829,0.000256812947,0.00030304235600000004,0.002532857383,0.058195745289,0.000134754537,8.5366774e-05,4.2557965000000006e-05,3.4570864e-05,0.000611768609,0.00566304176,0.00668238879,0.07154392504,0.47433092225,0.003359960535,0.00030916668,0.0011612614000000002,0.000333683145,0.016693175220000002,0.0,0.0,0.0,0.0,0.0,0.0,0.0,0.0,0.0,0.999356,320823.4205703179,5.875793,6.16958265,6.4633723,6.7571619499999995,7.050951599999999,7.34474125,7.6385309,7.93232055,8.2261102,8.51989985,8.813689499999999,9.10747915,9.4012688,9.69505845,9.9888481,10.28263775,10.5764274,10.87021705,11.1640067,11.457796349999999,11.751586
SF11C46882912282050980,22,,2019-05-18T22:00:00-0400,0.005701,0.005701,0.005726,0.042477,0.005585749203,0.0065911866800000005,0.06985586720700002,0.504542312389,0.003296485683,0.00037629338200000003,0.0011353078050000001,0.000348567526,0.016320087641,0.000256812947,0.00030304235600000004,0.002532857383,0.058195745289,0.000134754537,8.5366774e-05,4.2557965000000006e-05,3.4570864e-05,0.000611768609,0.005328936256,0.006288144324,0.06732300982400001,0.44634656710000004,0.003161731146,0.000290926608,0.0010927498400000002,0.000313996662,0.015708319032,0.0,0.0,0.0,0.0,0.0,0.0,0.0,0.0,0.0,0.999359,320823.4205703179,5.875793,6.16958265,6.4633723,6.7571619499999995,7.050951599999999,7.34474125,7.6385309,7.93232055,8.2261102,8.51989985,8.813689499999999,9.10747915,9.4012688,9.69505845,9.9888481,10.28263775,10.5764274,10.87021705,11.1640067,11.457796349999999,11.751586
SF11C46882912282050980,23,,2019-05-18T23:00:00-0400,0.005701,0.005701,0.00528,0.039905,0.005170676627,0.006101401076,0.064612056103,0.46977623328900003,0.0030502174169999997,0.000353633014,0.001050193165,0.000324110224,0.015096561569000001,0.000256812947,0.00030304235600000004,0.002532857383,0.058195745289,0.000134754537,8.5366774e-05,4.2557965000000006e-05,3.4570864e-05,0.000611768609,0.00491386368,0.00579835872,0.06207919872,0.411580488,0.0029154628799999997,0.00026826624,0.0010076352,0.00028953936,0.014484792960000001,0.0,0.0,0.0,0.0,0.0,0.0,0.0,0.0,0.0,0.999363,320823.4205703179,5.875793,6.16958265,6.4633723,6.7571619499999995,7.050951599999999,7.34474125,7.6385309,7.93232055,8.2261102,8.51989985,8.813689499999999,9.10747915,9.4012688,9.69505845,9.9888481,10.28263775,10.5764274,10.87021705,11.1640067,11.457796349999999,11.751586
SF11C46883012282050980,0,,2019-05-18T00:00:00-0500,0.005701,0.005701,0.004403,0.000304,0.0030637246909999997,0.0036151914449999998,0.038112446950999995,0.28718838455499995,0.0018030749089999998,0.00022672408199999998,0.000619823275,0.000196725662,0.008910005307,0.00021403264300000002,0.0002525543,0.0021109035690000002,0.048500829925,0.00011230969999999999,7.114848e-05,3.5465921e-05,2.8812854000000004e-05,0.000509851832,0.002849692048,0.0033626371449999998,0.036001543382,0.23868755462999997,0.001690765209,0.00015557560199999998,0.000584357354,0.000167912808,0.008400153475,0.0,0.0,0.0,0.0,0.0,0.0,0.0,0.0,0.0,0.952705,231404.04925036032,4.975277,5.22404085,5.4728047,5.721568550000001,5.9703324,6.21909625,6.4678601,6.716623950000001,6.9653878,7.21415165,7.4629155,7.711679350000001,7.9604432,8.20920705,8.4579709,8.70673475,8.9554986,9.20426245,9.453026300000001,9.70179015,9.950554
SF11C46883012282050980,1,,2019-05-18T01:00:00-0500,0.005701,0.005701,0.003775,0.000544,0.002657273043,0.003135578425,0.032977545919,0.253144372675,0.0015619210249999999,0.00020453432999999999,0.0005364763710000001,0.00017277625400000002,0.007711891207000001,0.00021403264300000002,0.0002525543,0.0021109035690000002,0.048500829925,0.00011230969999999999,7.114848e-05,3.5465921e-05,2.8812854000000004e-05,0.000509851832,0.0024432404000000003,0.002883024125,0.03086664235,0.20464354275,0.001449611325,0.00013338585,0.00050101045,0.00014396340000000002,0.007202039375000001,0.0,0.0,0.0,0.0,0.0,0.0,0.0,0.0,0.0,0.952705,231404.04925036032,4.975277,5.22404085,5.4728047,5.721568550000001,5.9703324,6.21909625,6.4678601,6.716623950000001,6.9653878,7.21415165,7.4629155,7.711679350000001,7.9604432,8.20920705,8.4579709,8.70673475,8.9554986,9.20426245,9.453026300000001,9.70179015,9.950554
SF11C46883012282050980,2,,2019-05-18T02:00:00-0500,0.005701,0.005701,0.003325,0.000737,0.002366025843,0.002791906675,0.029298078619,0.22874977817499997,0.0013891196749999998,0.00018863402999999999,0.00047675327099999995,0.000155615054,0.006853369957,0.00021403264300000002,0.0002525543,0.0021109035690000002,0.048500829925,0.00011230969999999999,7.114848e-05,3.5465921e-05,2.8812854000000004e-05,0.000509851832,0.0021519932,0.002539352375,0.027187175049999998,0.18024894824999999,0.0012768099749999999,0.00011748554999999999,0.00044128734999999996,0.0001268022,0.006343518125,0.0,0.0,0.0,0.0,0.0,0.0,0.0,0.0,0.0,0.96847,231404.04925036032,4.975277,5.22404085,5.4728047,5.721568550000001,5.9703324,6.21909625,6.4678601,6.716623950000001,6.9653878,7.21415165,7.4629155,7.711679350000001,7.9604432,8.20920705,8.4579709,8.70673475,8.9554986,9.20426245,9.453026300000001,9.70179015,9.950554
SF11C46883012282050980,3,,2019-05-18T03:00:00-0500,0.005701,0.005701,0.003003,0.000893,0.0021576222910000002,0.002545990445,0.026665215351,0.21129409055499998,0.0012654707089999999,0.00017725648199999998,0.000434018075,0.000143335262,0.006239050307,0.00021403264300000002,0.0002525543,0.0021109035690000002,0.048500829925,0.00011230969999999999,7.114848e-05,3.5465921e-05,2.8812854000000004e-05,0.000509851832,0.0019435896480000001,0.002293436145,0.024554311782,0.16279326063,0.001153161009,0.00010610800199999999,0.000398552154,0.00011452240800000001,0.005729198475000001,0.0,0.0,0.0,0.0,0.0,0.0,0.0,0.0,0.0,0.976353,231404.04925036032,4.975277,5.22404085,5.4728047,5.721568550000001,5.9703324,6.21909625,6.4678601,6.716623950000001,6.9653878,7.21415165,7.4629155,7.711679350000001,7.9604432,8.20920705,8.4579709,8.70673475,8.9554986,9.20426245,9.453026300000001,9.70179015,9.950554
SF11C46883012282050980,4,,2019-05-18T04:00:00-0500,0.005701,0.005701,0.002771,0.001023,0.0020074681790000003,0.002368808565,0.024768245543,0.19871732183500002,0.0011763820129999999,0.000169058994,0.000403227499,0.00013448771,0.005796434907,0.00021403264300000002,0.0002525543,0.0021109035690000002,0.048500829925,0.00011230969999999999,7.114848e-05,3.5465921e-05,2.8812854000000004e-05,0.000509851832,0.0017934355360000002,0.002116254265,0.022657341974,0.15021649191,0.001064072313,9.7910514e-05,0.000367761578,0.00010567485600000001,0.005286583075,0.0,0.0,0.0,0.0,0.0,0.0,0.0,0.0,0.0,0.981082,231404.04925036032,4.975277,5.22404085,5.4728047,5.721568550000001,5.9703324,6.21909625,6.4678601,6.716623950000001,6.9653878,7.21415165,7.4629155,7.711679350000001,7.9604432,8.20920705,8.4579709,8.70673475,8.9554986,9.20426245,9.453026300000001,9.70179015,9.950554
SF11C46883012282050980,5,,2019-05-18T05:00:00-0500,0.005701,0.005701,0.002606,0.001133,0.001900677539,0.00224279559,0.023419107533,0.18977263718499998,0.0011130215179999997,0.00016322888399999998,0.00038132902899999996,0.00012819527,0.005481643782,0.00021403264300000002,0.0002525543,0.0021109035690000002,0.048500829925,0.00011230969999999999,7.114848e-05,3.5465921e-05,2.8812854000000004e-05,0.000509851832,0.0016866448959999998,0.00199024129,0.021308203964,0.14127180726,0.0010007118179999998,9.208040399999998e-05,0.00034586310799999997,9.9382416e-05,0.00497179195,0.0,0.0,0.0,0.0,0.0,0.0,0.0,0.0,0.0,0.984235,231404.04925036032,4.975277,5.22404085,5.4728047,5.721568550000001,5.9703324,6.21909625,6.4678601,6.716623950000001,6.9653878,7.21415165,7.4629155,7.711679350000001,7.9604432,8.20920705,8.4579709,8.70673475,8.9554986,9.20426245,9.453026300000001,9.70179015,9.950554
SF11C46883012282050980,6,,2019-05-18T06:00:00-0500,0.005701,0.005701,0.002487,0.001226,0.0018236588350000003,0.0021519135050000002,0.022446092847,0.18332162219499998,0.001067325161,0.000159024138,0.000365535587,0.000123657086,0.005254612607,0.00021403264300000002,0.0002525543,0.0021109035690000002,0.048500829925,0.00011230969999999999,7.114848e-05,3.5465921e-05,2.8812854000000004e-05,0.000509851832,0.0016096261920000002,0.001899359205,0.020335189277999998,0.13482079227,0.000955015461,8.7875658e-05,0.000330069666,9.484423200000001e-05,0.004744760775000001,0.0,0.0,0.0,0.0,0.0,0.0,0.0,0.0,0.0,0.986487,231404.04925036032,4.975277,5.22404085,5.4728047,5.721568550000001,5.9703324,6.21909625,6.4678601,6.716623950000001,6.9653878,7.21415165,7.4629155,7.711679350000001,7.9604432,8.20920705,8.4579709,8.70673475,8.9554986,9.20426245,9.453026300000001,9.70179015,9.950554
SF11C46883012282050980,7,,2019-05-18T07:00:00-0500,0.005701,0.005701,0.002402,0.001308,0.0017686454750000002,0.00208699773,0.021751082357,0.17871375434499998,0.001034684906,0.00015602074799999998,0.000354254557,0.000120415526,0.005092447482,0.00021403264300000002,0.0002525543,0.0021109035690000002,0.048500829925,0.00011230969999999999,7.114848e-05,3.5465921e-05,2.8812854000000004e-05,0.000509851832,0.001554612832,0.00183444343,0.019640178788,0.13021292442,0.000922375206,8.4872268e-05,0.00031878863600000003,9.1602672e-05,0.00458259565,0.0,0.0,0.0,0.0,0.0,0.0,0.0,0.0,0.0,0.988176,231404.04925036032,4.975277,5.22404085,5.4728047,5.721568550000001,5.9703324,6.21909625,6.4678601,6.716623950000001,6.9653878,7.21415165,7.4629155,7.711679350000001,7.9604432,8.20920705,8.4579709,8.70673475,8.9554986,9.20426245,9.453026300000001,9.70179015,9.950554
SF11C46883012282050980,8,,2019-05-18T08:00:00-0500,0.005701,0.005701,0.002187,0.001368,0.0016294940350000003,0.0019227990050000002,0.019993114647,0.167058559195,0.0009521242610000001,0.000148423938,0.000325720187,0.00011221628600000002,0.0046822651070000006,0.00021403264300000002,0.0002525543,0.0021109035690000002,0.048500829925,0.00011230969999999999,7.114848e-05,3.5465921e-05,2.8812854000000004e-05,0.000509851832,0.0014154613920000002,0.0016702447050000002,0.017882211078,0.11855772927,0.0008398145610000001,7.7275458e-05,0.000290254266,8.340343200000001e-05,0.004172413275000001,0.0,0.0,0.0,0.0,0.0,0.0,0.0,0.0,0.0,0.98949,231404.04925036032,4.975277,5.22404085,5.4728047,5.721568550000001,5.9703324,6.21909625,6.4678601,6.716623950000001,6.9653878,7.21415165,7.4629155,7.711679350000001,7.9604432,8.20920705,8.4579709,8.70673475,8.9554986,9.20426245,9.453026300000001,9.70179015,9.950554
SF11C46883012282050980,9,,2019-05-18T09:00:00-0500,0.005701,0.005701,0.002871,0.001472,0.002072189779,0.002445180065,0.025585904942999997,0.204138342835,0.0012147823129999998,0.000172592394,0.00041649929899999997,0.00013830131,0.005987217407,0.00021403264300000002,0.0002525543,0.0021109035690000002,0.048500829925,0.00011230969999999999,7.114848e-05,3.5465921e-05,2.8812854000000004e-05,0.000509851832,0.001858157136,0.002192625765,0.023475001373999996,0.15563751290999997,0.001102472613,0.00010144391399999999,0.000381033378,0.000109488456,0.005477365575,0.0,0.0,0.0,0.0,0.0,0.0,0.0,0.0,0.0,0.990541,231404.04925036032,4.975277,5.22404085,5.4728047,5.721568550000001,5.9703324,6.21909625,6.4678601,6.716623950000001,6.9653878,7.21415165,7.4629155,7.711679350000001,7.9604432,8.20920705,8.4579709,8.70673475,8.9554986,9.20426245,9.453026300000001,9.70179015,9.950554
SF11C46883012282050980,10,,2019-05-18T10:00:00-0500,0.020004,0.020004,0.012417,0.002229,0.008787491243999999,0.010369226354999999,0.10893562877399998,0.8433107072699999,0.005162244051,0.000688392198,0.00177240429,0.000574634928,0.025478460753,0.000751010172,0.0008861772,0.007406861076,0.1701825297,0.0003940788,0.00024964992,0.000124444884,0.00010110021600000001,0.001788997728,0.008036481072,0.009483049155,0.10152876769799998,0.6731281775699999,0.004768165251,0.0004387422779999999,0.001647959406,0.000473534712,0.023689463025,0.0,0.0,0.0,0.0,0.0,0.0,0.0,0.0,0.0,0.944611,811963.9714443445,17.430319,18.30183495,19.173350900000003,20.044866850000002,20.9163828,21.78789875,22.6594147,23.530930650000002,24.4024466,25.27396255,26.145478500000003,27.016994450000002,27.8885104,28.76002635,29.6315423,30.503058250000002,31.3745742,32.24609015,33.1176061,33.989122050000006,34.860638
SF11C46883012282050980,11,,2019-05-18T11:00:00-0500,0.040008,0.040008,0.029285,0.0041,0.020455740904,0.024137748174999998,0.254265277442,1.92791105925,0.012033685455,0.0015340560299999999,0.004135536398,0.001319013192,0.059448650581000004,0.001502020344,0.0017723544,0.014813722152,0.3403650594,0.0007881576,0.00049929984,0.000248889768,0.00020220043200000002,0.003577995456,0.018953720559999998,0.022365393775,0.23945155528999998,1.58754599985,0.011245527855,0.0010347561899999998,0.0038866466299999998,0.00111681276,0.055870655125,0.0,0.0,0.0,0.0,0.0,0.0,0.0,0.0,0.0,0.829793,1623927.942888689,34.784685,36.523919250000006,38.2631535,40.002387750000004,41.74162200000001,43.48085625,45.220090500000005,46.95932475000001,48.698559,50.437793250000006,52.17702750000001,53.916261750000004,55.65549600000001,57.39473025000001,59.133964500000005,60.87319875000001,62.61243300000001,64.35166725,66.0909015,67.83013575000001,69.56937
SF11C46883012282050980,12,,2019-05-18T12:00:00-0500,0.070014,0.070014,0.058436,0.007857,0.040449249778000004,0.04773006994000001,0.50373146075,3.76346668551,0.023818875107999998,0.002938552344,0.008191066142,0.0025823660520000007,0.11774715374800002,0.002628535602,0.0031016202000000003,0.025924013766000002,0.59563885395,0.0013792758,0.0008737747200000001,0.00043555709400000005,0.0003538507560000001,0.006261492048,0.037820714176000005,0.044628449740000006,0.477807446984,3.16782783156,0.022439599307999998,0.002064777624,0.0077555090480000005,0.0022285152960000005,0.11148566170000002,0.0,0.0,0.0,0.0,0.0,0.0,0.0,0.0,0.0,0.658336,2841873.900055206,60.674543,63.70827015,66.7419973,69.77572445,72.8094516,75.84317874999999,78.8769059,81.91063305,84.9443602,87.97808735,91.0118145,94.04554164999999,97.0792688,100.11299595,103.1467231,106.18045025,109.2141774,112.24790454999999,115.28163169999999,118.31535885,121.349086
SF11C46883012282050980,13,,2019-05-18T13:00:00-0500,0.10002,0.10002,0.092637,0.01372,0.063711199452,0.075179152455,0.7944894437579999,5.872783872269999,0.037543279910999997,0.004521485358,0.012916821786,0.0040383057120000005,0.18568017316500002,0.00375505086,0.004430886,0.03703430538,0.8509126484999999,0.001970394,0.0012482495999999999,0.0006222244199999999,0.00050550108,0.00894498864,0.059956148592,0.070748266455,0.7574551383779999,5.02187122377,0.035572885910999996,0.0032732357579999998,0.012294597366,0.003532804632,0.176735184525,0.0,0.0,0.0,0.0,0.0,0.0,0.0,0.0,0.0,0.668988,4059819.857221722,86.39536,90.71512799999999,95.034896,99.354664,103.674432,107.99419999999999,112.31396799999999,116.633736,120.953504,125.27327199999999,129.59304,133.91280799999998,138.232576,142.552344,146.872112,151.19188,155.51164799999998,159.831416,164.151184,168.470952,172.79072
SF11C46883012282050980,14,,2019-05-18T14:00:00-0500,0.130026,0.130026,0.130595,0.021801,0.089404739638,0.10549751222499999,1.1159668904239999,8.185768818,0.05271038398499999,0.006237168209999999,0.018141198956,0.005637522324,0.260780891107,0.004881566118,0.0057601518,0.048144596994000005,1.10618644305,0.0025615122,0.00162272448,0.000808891746,0.000657151404,0.011628485232,0.08452317352,0.09973736042499999,1.06782229343,7.079582374949999,0.05014887178499999,0.004614443729999999,0.017332307209999998,0.00498037092,0.24915240587499998,0.0,0.0,0.0,0.0,0.0,0.0,0.0,0.0,0.0,0.703836,5277765.814388239,111.948239,117.54565095,123.1430629,128.74047485,134.3378868,139.93529875000002,145.5327107,151.13012265,156.7275346,162.32494655,167.9223585,173.51977045,179.1171824,184.71459435,190.3120063,195.90941825,201.5068302,207.10424215,212.70165409999998,218.29906605,223.896478
SF11C46883012282050980,15,,2019-05-18T15:00:00-0500,0.160032,0.160032,0.1708,0.032104,0.11655257417600001,0.1375319396,1.455817143808,10.6205641056,0.06874034279999999,0.008032246560000001,0.023663793472,0.007322430528000001,0.34016849182400005,0.006008081376,0.0070894176,0.059254888608,1.3614602376,0.0031526304,0.00199719936,0.000995559072,0.0008088017280000001,0.014311981824,0.1105444928,0.130442522,1.3965622552,9.259103868,0.0655877124,0.0060350472,0.0226682344,0.006513628800000001,0.32585651000000004,0.0,0.0,0.0,0.0,0.0,0.0,0.0,0.0,0.0,0.736568,6495711.771554756,137.334277,144.20099084999998,151.06770469999998,157.93441854999998,164.80113239999997,171.66784624999997,178.53456009999996,185.40127395,192.2679878,199.13470164999998,206.00141549999998,212.86812934999998,219.73484319999997,226.60155704999997,233.4682709,240.33498475,247.2016986,254.06841244999998,260.9351263,267.80184015,274.668554
SF11C46883012282050980,16,,2019-05-18T16:00:00-0500,0.170034,0.170034,0.189309,0.042975,0.128907400206,0.152110629135,1.6108611526919998,11.709032147339999,0.07604489372699999,0.008811068525999999,0.026182493376,0.008078839860000001,0.37637492361300007,0.006383586462,0.0075325062,0.062958319146,1.4465515024499997,0.0033496697999999994,0.0021220243199999997,0.001057781514,0.000859351836,0.015206480687999999,0.12252381374400001,0.144578122935,1.547902833546,10.26248064489,0.072695223927,0.006689044206,0.025124711862,0.007219488024,0.36116844292500005,0.0,0.0,0.0,0.0,0.0,0.0,0.0,0.0,0.0,0.783801,6901693.757276927,145.759403,153.04737315,160.33534329999998,167.62331344999998,174.9112836,182.19925375,189.4872239,196.77519404999998,204.0631642,211.35113435,218.63910449999997,225.92707464999998,233.2150448,240.50301495,247.7909851,255.07895524999998,262.3669254,269.65489555,276.94286569999997,284.23083584999995,291.518806
SF11C46883012282050980,17,,2019-05-18T17:00:00-0500,0.120024,0.120024,0.137003,0.049477,0.09317659468000002,0.10994830934500001,1.164659074238,8.44805657883,0.054974035809,0.006338763522,0.018929433458,0.005831347704,0.27211173484300005,0.004506061032,0.0053170632,0.044441166456000006,1.0210951782,0.0023644728,0.0014978995200000001,0.000746669304,0.000606601296,0.010733986368,0.08867053364800001,0.10463124614500001,1.120217907782,7.426961400630001,0.052609563009,0.004840864002,0.018182764154,0.005224746408000001,0.26137774847500006,0.0,0.0,0.0,0.0,0.0,0.0,0.0,0.0,0.0,0.868512,4871783.828666067,103.449204,108.6216642,113.79412439999999,118.96658459999999,124.1390448,129.31150499999998,134.4839652,139.6564254,144.82888559999998,150.0013458,155.17380599999998,160.3462662,165.5187264,170.69118659999998,175.86364679999997,181.036107,186.2085672,191.3810274,196.55348759999998,201.72594779999997,206.898408
SF11C46883012282050980,18,,2019-05-18T18:00:00-0500,0.070014,0.070014,0.08058,0.051627,0.054781200882,0.0646417749,0.6847939582859999,4.963897575749999,0.03232223754,0.0037209884399999997,0.011129973534,0.0034268496360000005,0.15999403054800002,0.002628535602,0.0031016202000000003,0.025924013766000002,0.59563885395,0.0013792758,0.0008737747200000001,0.00043555709400000005,0.0003538507560000001,0.006261492048,0.05215266528,0.0615401547,0.6588699445199999,4.368258721799999,0.030942961739999997,0.0028472137199999996,0.01069441644,0.0030729988800000003,0.15373253850000002,0.0,0.0,0.0,0.0,0.0,0.0,0.0,0.0,0.0,0.929029,2841873.900055206,60.674543,63.70827015,66.7419973,69.77572445,72.8094516,75.84317874999999,78.8769059,81.91063305,84.9443602,87.97808735,91.0118145,94.04554164999999,97.0792688,100.11299595,103.1467231,106.18045025,109.2141774,112.24790454999999,115.28163169999999,118.31535885,121.349086
SF11C46883012282050980,19,,2019-05-18T19:00:00-0500,0.040008,0.040008,0.045668,0.051215,0.031059080632000004,0.03664969102000001,0.388222416944,2.8160369296799996,0.018324806604,0.002112932952,0.006309855392,0.0019437952800000003,0.090704547556,0.001502020344,0.0017723544,0.014813722152,0.3403650594,0.0007881576,0.00049929984,0.000248889768,0.00020220043200000002,0.003577995456,0.029557060288000002,0.034877336620000005,0.373408694792,2.47567187028,0.017536649004,0.001613633112,0.006060965624,0.0017415948480000003,0.0871265521,0.0,0.0,0.0,0.0,0.0,0.0,0.0,0.0,0.0,0.962632,1623927.942888689,34.784685,36.523919250000006,38.2631535,40.002387750000004,41.74162200000001,43.48085625,45.220090500000005,46.95932475000001,48.698559,50.437793250000006,52.17702750000001,53.916261750000004,55.65549600000001,57.39473025000001,59.133964500000005,60.87319875000001,62.61243300000001,64.35166725,66.0909015,67.83013575000001,69.56937
SF11C46883012282050980,20,,2019-05-18T20:00:00-0500,0.005701,0.005701,0.006347,0.048113,0.0043219125950000005,0.005099853405,0.054007745686999994,0.392573032795,0.002549576741,0.000295413378,0.0008778270670000001,0.00027086204600000006,0.012618817107000002,0.00021403264300000002,0.0002525543,0.0021109035690000002,0.048500829925,0.00011230969999999999,7.114848e-05,3.5465921e-05,2.8812854000000004e-05,0.000509851832,0.004107879952000001,0.004847299105,0.051896842118,0.34407220287,0.002437267041,0.000224264898,0.0008423611460000001,0.00024204919200000003,0.012108965275000001,0.0,0.0,0.0,0.0,0.0,0.0,0.0,0.0,0.0,0.997801,231404.04925036032,4.975277,5.22404085,5.4728047,5.721568550000001,5.9703324,6.21909625,6.4678601,6.716623950000001,6.9653878,7.21415165,7.4629155,7.711679350000001,7.9604432,8.20920705,8.4579709,8.70673475,8.9554986,9.20426245,9.453026300000001,9.70179015,9.950554
SF11C46883012282050980,21,,2019-05-18T21:00:00-0500,0.005701,0.005701,0.006085,0.045207,0.004152342003,0.0048997600750000005,0.051865478059,0.378369957775,0.002448967955,0.00028615586999999995,0.0008430549510000001,0.00026087041400000004,0.012118966957000002,0.00021403264300000002,0.0002525543,0.0021109035690000002,0.048500829925,0.00011230969999999999,7.114848e-05,3.5465921e-05,2.8812854000000004e-05,0.000509851832,0.00393830936,0.0046472057750000005,0.04975457449,0.32986912785,0.002336658255,0.00021500738999999998,0.00080758903,0.00023205756000000002,0.011609115125000001,0.0,0.0,0.0,0.0,0.0,0.0,0.0,0.0,0.0,0.999455,231404.04925036032,4.975277,5.22404085,5.4728047,5.721568550000001,5.9703324,6.21909625,6.4678601,6.716623950000001,6.9653878,7.21415165,7.4629155,7.711679350000001,7.9604432,8.20920705,8.4579709,8.70673475,8.9554986,9.20426245,9.453026300000001,9.70179015,9.950554
SF11C46883012282050980,22,,2019-05-18T22:00:00-0500,0.005701,0.005701,0.005726,0.042477,0.003919991459000001,0.00462558639,0.048930080812999995,0.358908492385,0.002311110878,0.000273470964,0.0007954091890000001,0.00024717959,0.011434057782000002,0.00021403264300000002,0.0002525543,0.0021109035690000002,0.048500829925,0.00011230969999999999,7.114848e-05,3.5465921e-05,2.8812854000000004e-05,0.000509851832,0.0037059588160000003,0.00437303209,0.046819177244,0.31040766246,0.002198801178,0.000202322484,0.000759943268,0.00021836673600000002,0.010924205950000002,0.0,0.0,0.0,0.0,0.0,0.0,0.0,0.0,0.0,0.999458,231404.04925036032,4.975277,5.22404085,5.4728047,5.721568550000001,5.9703324,6.21909625,6.4678601,6.716623950000001,6.9653878,7.21415165,7.4629155,7.711679350000001,7.9604432,8.20920705,8.4579709,8.70673475,8.9554986,9.20426245,9.453026300000001,9.70179015,9.950554
SF11C46883012282050980,23,,2019-05-18T23:00:00-0500,0.005701,0.005701,0.00528,0.039905,0.003631333123,0.0042849695,0.045283319888999994,0.334730738725,0.0021398455399999996,0.000257712,0.0007362169610000001,0.000230170934,0.010583167832000001,0.00021403264300000002,0.0002525543,0.0021109035690000002,0.048500829925,0.00011230969999999999,7.114848e-05,3.5465921e-05,2.8812854000000004e-05,0.000509851832,0.00341730048,0.0040324152,0.04317241632,0.2862299088,0.0020275358399999997,0.00018656351999999998,0.0007007510400000001,0.00020135808,0.010073316,0.0,0.0,0.0,0.0,0.0,0.0,0.0,0.0,0.0,0.999461,231404.04925036032,4.975277,5.22404085,5.4728047,5.721568550000001,5.9703324,6.21909625,6.4678601,6.716623950000001,6.9653878,7.21415165,7.4629155,7.711679350000001,7.9604432,8.20920705,8.4579709,8.70673475,8.9554986,9.20426245,9.453026300000001,9.70179015,9.950554
SF11C46883112282050980,0,,2019-05-18T00:00:00-0400,0.005701,0.005701,0.004756,0.000329,0.00021638232099999998,0.000255332582,0.002727627351,0.018434287415,0.000128234788,1.2419030999999999e-05,4.4285579e-05,1.2913175e-05,0.0006366068479999999,2.172081e-06,2.56545e-06,2.1430059e-05,0.0004924010710000001,1.1402000000000001e-06,7.24027e-07,3.59163e-07,2.90751e-07,5.176508e-06,0.00021421024,0.000252767132,0.002706197292,0.017941886344,0.000127094588,1.1695003999999998e-05,4.3926416e-05,1.2622424e-05,0.0006314303399999999,0.0,0.0,0.0,0.0,0.0,0.0,0.0,0.0,0.0,0.978104,10581.627551919279,2.304188,2.4193974,2.5346067999999997,2.6498162,2.7650256,2.880235,2.9954444,3.1106537999999997,3.2258632,3.3410725999999995,3.456282,3.5714913999999998,3.6867007999999997,3.8019102,3.9171195999999995,4.032329,4.1475384,4.2627478,4.377957199999999,4.4931666,4.608376
SF11C46883112282050980,1,,2019-05-18T01:00:00-0400,0.005701,0.005701,0.003952,0.000579,0.00018017016099999996,0.00021260239399999997,0.002270145723,0.015401218318999998,0.000106749496,1.0441994999999999e-05,3.6859835e-05,1.0779359e-05,0.000529863788,2.172081e-06,2.56545e-06,2.1430059e-05,0.0004924010710000001,1.1402000000000001e-06,7.24027e-07,3.59163e-07,2.90751e-07,5.176508e-06,0.00017799807999999996,0.00021003694399999997,0.002248715664,0.014908817247999999,0.000105609296,9.717967999999998e-06,3.6500672e-05,1.0488608e-05,0.00052468728,0.0,0.0,0.0,0.0,0.0,0.0,0.0,0.0,0.0,0.978104,10581.627551919279,2.304188,2.4193974,2.5346067999999997,2.6498162,2.7650256,2.880235,2.9954444,3.1106537999999997,3.2258632,3.3410725999999995,3.456282,3.5714913999999998,3.6867007999999997,3.8019102,3.9171195999999995,4.032329,4.1475384,4.2627478,4.377957199999999,4.4931666,4.608376
SF11C46883112282050980,2,,2019-05-18T02:00:00-0400,0.005701,0.005701,0.0034,0.000774,0.00015530808099999997,0.00018326524999999998,0.001956053859,0.013318812670999998,9.19984e-05,9.084627e-06,3.1761562999999996e-05,9.314351e-06,0.0004565775079999999,2.172081e-06,2.56545e-06,2.1430059e-05,0.0004924010710000001,1.1402000000000001e-06,7.24027e-07,3.59163e-07,2.90751e-07,5.176508e-06,0.00015313599999999998,0.0001806998,0.0019346238,0.012826411599999999,9.085819999999999e-05,8.3606e-06,3.1402399999999996e-05,9.0236e-06,0.00045140099999999993,0.0,0.0,0.0,0.0,0.0,0.0,0.0,0.0,0.0,0.985403,10581.627551919279,2.304188,2.4193974,2.5346067999999997,2.6498162,2.7650256,2.880235,2.9954444,3.1106537999999997,3.2258632,3.3410725999999995,3.456282,3.5714913999999998,3.6867007999999997,3.8019102,3.9171195999999995,4.032329,4.1475384,4.2627478,4.377957199999999,4.4931666,4.608376
SF11C46883112282050980,3,,2019-05-18T03:00:00-0400,0.005701,0.005701,0.00302,0.00093,0.00013819288099999998,0.00016306939,0.0017398311990000001,0.011885272551000001,8.184366000000001e-05,8.150207e-06,2.8251883e-05,8.305831e-06,0.000406126808,2.172081e-06,2.56545e-06,2.1430059e-05,0.0004924010710000001,1.1402000000000001e-06,7.24027e-07,3.59163e-07,2.90751e-07,5.176508e-06,0.0001360208,0.00016050394,0.0017184011400000001,0.01139287148,8.070346000000001e-05,7.42618e-06,2.789272e-05,8.015080000000001e-06,0.0004009503,0.0,0.0,0.0,0.0,0.0,0.0,0.0,0.0,0.0,0.989052,10581.627551919279,2.304188,2.4193974,2.5346067999999997,2.6498162,2.7650256,2.880235,2.9954444,3.1106537999999997,3.2258632,3.3410725999999995,3.456282,3.5714913999999998,3.6867007999999997,3.8019102,3.9171195999999995,4.032329,4.1475384,4.2627478,4.377957199999999,4.4931666,4.608376
SF11C46883112282050980,4,,2019-05-18T04:00:00-0400,0.005701,0.005701,0.002759,0.001056,0.000126437441,0.000149198023,0.0015913203720000003,0.010900656836999999,7.486895700000001e-05,7.508407999999999e-06,2.5841287e-05,7.613137e-06,0.000371475143,2.172081e-06,2.56545e-06,2.1430059e-05,0.0004924010710000001,1.1402000000000001e-06,7.24027e-07,3.59163e-07,2.90751e-07,5.176508e-06,0.00012426536,0.00014663257300000002,0.0015698903130000003,0.010408255766,7.372875700000001e-05,6.7843809999999995e-06,2.5482124e-05,7.3223860000000004e-06,0.000366298635,0.0,0.0,0.0,0.0,0.0,0.0,0.0,0.0,0.0,0.991242,10581.627551919279,2.304188,2.4193974,2.5346067999999997,2.6498162,2.7650256,2.880235,2.9954444,3.1106537999999997,3.2258632,3.3410725999999995,3.456282,3.5714913999999998,3.6867007999999997,3.8019102,3.9171195999999995,4.032329,4.1475384,4.2627478,4.377957199999999,4.4931666,4.608376
SF11C46883112282050980,5,,2019-05-18T05:00:00-0400,0.005701,0.005701,0.00258,0.001162,0.00011837528099999998,0.00013968470999999998,0.001489468119,0.010225383990999998,7.008554e-05,7.068246999999999e-06,2.4188042999999997e-05,7.138071e-06,0.00034771020799999997,2.172081e-06,2.56545e-06,2.1430059e-05,0.0004924010710000001,1.1402000000000001e-06,7.24027e-07,3.59163e-07,2.90751e-07,5.176508e-06,0.00011620319999999999,0.00013711926,0.00146803806,0.00973298292,6.894534e-05,6.344219999999999e-06,2.3828879999999997e-05,6.84732e-06,0.0003425337,0.0,0.0,0.0,0.0,0.0,0.0,0.0,0.0,0.0,0.992701,10581.627551919279,2.304188,2.4193974,2.5346067999999997,2.6498162,2.7650256,2.880235,2.9954444,3.1106537999999997,3.2258632,3.3410725999999995,3.456282,3.5714913999999998,3.6867007999999997,3.8019102,3.9171195999999995,4.032329,4.1475384,4.2627478,4.377957199999999,4.4931666,4.608376
SF11C46883112282050980,6,,2019-05-18T06:00:00-0400,0.005701,0.005701,0.002457,0.001251,0.00011283536099999998,0.000133147629,0.0014194802580000001,0.009761369688999998,6.6798611e-05,6.765789999999999e-06,2.3052015e-05,6.811629e-06,0.00033138011299999997,2.172081e-06,2.56545e-06,2.1430059e-05,0.0004924010710000001,1.1402000000000001e-06,7.24027e-07,3.59163e-07,2.90751e-07,5.176508e-06,0.00011066327999999999,0.000130582179,0.0013980501990000001,0.009268968617999999,6.5658411e-05,6.041762999999999e-06,2.2692852e-05,6.520878e-06,0.000326203605,0.0,0.0,0.0,0.0,0.0,0.0,0.0,0.0,0.0,0.993744,10581.627551919279,2.304188,2.4193974,2.5346067999999997,2.6498162,2.7650256,2.880235,2.9954444,3.1106537999999997,3.2258632,3.3410725999999995,3.456282,3.5714913999999998,3.6867007999999997,3.8019102,3.9171195999999995,4.032329,4.1475384,4.2627478,4.377957199999999,4.4931666,4.608376
SF11C46883112282050980,7,,2019-05-18T07:00:00-0400,0.005701,0.005701,0.002372,0.001329,0.00010900696099999999,0.000128630134,0.001371114663,0.009440709398999998,6.4527156e-05,6.556775e-06,2.2266955e-05,6.586039e-06,0.000320095088,2.172081e-06,2.56545e-06,2.1430059e-05,0.0004924010710000001,1.1402000000000001e-06,7.24027e-07,3.59163e-07,2.90751e-07,5.176508e-06,0.00010683488,0.000126064684,0.001349684604,0.008948308327999999,6.3386956e-05,5.832748e-06,2.1907792e-05,6.295288e-06,0.00031491858,0.0,0.0,0.0,0.0,0.0,0.0,0.0,0.0,0.0,0.994526,10581.627551919279,2.304188,2.4193974,2.5346067999999997,2.6498162,2.7650256,2.880235,2.9954444,3.1106537999999997,3.2258632,3.3410725999999995,3.456282,3.5714913999999998,3.6867007999999997,3.8019102,3.9171195999999995,4.032329,4.1475384,4.2627478,4.377957199999999,4.4931666,4.608376
SF11C46883112282050980,8,,2019-05-18T08:00:00-0400,0.005701,0.005701,0.002186,0.001388,0.000100629521,0.000118744792,0.001265279361,0.008739029235000001,5.9556678e-05,6.099401e-06,2.0549059e-05,6.092395e-06,0.000295400798,2.172081e-06,2.56545e-06,2.1430059e-05,0.0004924010710000001,1.1402000000000001e-06,7.24027e-07,3.59163e-07,2.90751e-07,5.176508e-06,9.845744e-05,0.000116179342,0.001243849302,0.008246628164,5.8416478e-05,5.375374e-06,2.0189896e-05,5.801644e-06,0.00029022429,0.0,0.0,0.0,0.0,0.0,0.0,0.0,0.0,0.0,0.995134,10581.627551919279,2.304188,2.4193974,2.5346067999999997,2.6498162,2.7650256,2.880235,2.9954444,3.1106537999999997,3.2258632,3.3410725999999995,3.456282,3.5714913999999998,3.6867007999999997,3.8019102,3.9171195999999995,4.032329,4.1475384,4.2627478,4.377957199999999,4.4931666,4.608376
SF11C46883112282050980,9,,2019-05-18T09:00:00-0400,0.005701,0.005701,0.00287,0.00149,0.000131436881,0.00015509734,0.0016544801490000001,0.011319401451000001,7.783521000000002e-05,7.781357e-06,2.6866483e-05,7.907731e-06,0.000386212058,2.172081e-06,2.56545e-06,2.1430059e-05,0.0004924010710000001,1.1402000000000001e-06,7.24027e-07,3.59163e-07,2.90751e-07,5.176508e-06,0.0001292648,0.00015253189000000002,0.0016330500900000001,0.01082700038,7.669501000000001e-05,7.05733e-06,2.650732e-05,7.61698e-06,0.00038103555,0.0,0.0,0.0,0.0,0.0,0.0,0.0,0.0,0.0,0.995621,10581.627551919279,2.304188,2.4193974,2.5346067999999997,2.6498162,2.7650256,2.880235,2.9954444,3.1106537999999997,3.2258632,3.3410725999999995,3.456282,3.5714913999999998,3.6867007999999997,3.8019102,3.9171195999999995,4.032329,4.1475384,4.2627478,4.377957199999999,4.4931666,4.608376
SF11C46883112282050980,10,,2019-05-18T10:00:00-0400,0.020004,0.020004,0.012411,0.002246,0.000566612964,0.000668609217,0.007137140913,0.048547940298,0.000335659953,3.3059157e-05,0.00011588824799999998,3.3958998e-05,0.0016659100469999999,7.6215240000000005e-06,9.0018e-06,7.5195036e-05,0.001727765484,4.000800000000001e-06,2.540508e-06,1.260252e-06,1.020204e-06,1.8163632e-05,0.00055899144,0.0006596074170000001,0.007061945877,0.046820174814,0.00033165915300000003,3.0518649e-05,0.00011462799599999999,3.2938794e-05,0.001647746415,0.0,0.0,0.0,0.0,0.0,0.0,0.0,0.0,0.0,0.974356,37129.42949457871,8.079229,8.48319045,8.8871519,9.29111335,9.6950748,10.09903625,10.5029977,10.906959149999999,11.3109206,11.71488205,12.1188435,12.52280495,12.9267664,13.330727849999999,13.7346893,14.13865075,14.5426122,14.94657365,15.3505351,15.754496549999999,16.158458
SF11C46883112282050980,11,,2019-05-18T11:00:00-0400,0.040008,0.040008,0.029269,0.004114,0.001333518808,0.001573563143,0.016804655955,0.113872072474,0.000790157087,7.7053487e-05,0.00027284898799999997,7.9720334e-05,0.003922226049,1.5243048000000001e-05,1.80036e-05,0.000150390072,0.003455530968,8.001600000000001e-06,5.081016e-06,2.520504e-06,2.040408e-06,3.6327264e-05,0.0013182757599999998,0.001555559543,0.016654265883,0.110416541506,0.000782155487,7.1972471e-05,0.000270328484,7.7679926e-05,0.003885898785,0.0,0.0,0.0,0.0,0.0,0.0,0.0,0.0,0.0,0.921199,74258.85898915742,16.14214,16.949247,17.756354,18.563461,19.370568000000002,20.177675,20.984782000000003,21.791889,22.598996,23.406103,24.213210000000004,25.020317000000002,25.827424,26.634531000000003,27.441638,28.248745,29.055852,29.862959000000004,30.670066000000002,31.477173,32.28428
SF11C46883112282050980,12,,2019-05-18T12:00:00-0400,0.070014,0.070014,0.058404,0.007868,0.0026571914939999995,0.003135503688,0.033495467454000005,0.22637475069,0.001574732892,0.00015250721399999998,0.0005438302259999999,0.00015857493,0.007817579771999998,2.6675334e-05,3.15063e-05,0.00026318262600000003,0.006047179194000001,1.4002800000000003e-05,8.891778e-06,4.410882e-06,3.5707140000000004e-06,6.357271200000001e-05,0.0026305161599999996,0.003103997388,0.033232284828,0.220327571496,0.001560730092,0.00014361543599999998,0.0005394193439999999,0.000155004216,0.007754007059999999,0.0,0.0,0.0,0.0,0.0,0.0,0.0,0.0,0.0,0.841819,129953.0032310255,28.205981,29.61628005,31.026579100000003,32.43687815,33.847177200000004,35.25747625,36.6677753,38.07807435,39.4883734,40.89867245000001,42.3089715,43.719270550000005,45.1295696,46.53986865,47.9501677,49.36046675,50.77076580000001,52.18106485,53.591363900000005,55.001662950000004,56.411962
SF11C46883112282050980,13,,2019-05-18T13:00:00-0400,0.10002,0.10002,0.092587,0.013726,0.004208226099999999,0.004965730289000001,0.05305862628900001,0.357920877658,0.0024942064010000002,0.00024037397299999999,0.000861434792,0.000250826918,0.012383131215,3.8107619999999995e-05,4.5008999999999995e-05,0.00037597518,0.00863882742,2.0004e-05,1.270254e-05,6.30126e-06,5.10102e-06,9.081816e-05,0.004170118479999999,0.0049207212890000004,0.05268265110900001,0.349282050238,0.002474202401,0.000227671433,0.0008551335319999999,0.000245725898,0.012292313055,0.0,0.0,0.0,0.0,0.0,0.0,0.0,0.0,0.0,0.772453,185647.14747289356,40.23329,42.2449545,44.25661899999999,46.268283499999995,48.279948,50.2916125,52.303276999999994,54.314941499999996,56.326606,58.33827049999999,60.349934999999995,62.3615995,64.37326399999999,66.3849285,68.396593,70.40825749999999,72.41992199999999,74.4315865,76.44325099999999,78.4549155,80.46658
SF11C46883112282050980,14,,2019-05-18T14:00:00-0400,0.130026,0.130026,0.130525,0.021803,0.005928385906,0.0069955238749999996,0.07475840640900001,0.503632644496,0.003514024775,0.00033747427699999997,0.0012137205379999997,0.000353044676,0.017447215233,4.9539906e-05,5.85117e-05,0.0004887677340000001,0.011230475646,2.6005200000000003e-05,1.6513302e-05,8.191638e-06,6.631326e-06,0.000118063608,0.005878846,0.006937012175,0.07426963867500001,0.49240216885,0.003488019575,0.00032096097499999997,0.0012055288999999999,0.00034641335,0.017329151625,0.0,0.0,0.0,0.0,0.0,0.0,0.0,0.0,0.0,0.724552,241341.29171476164,52.224179,54.83538795,57.4465969,60.05780585,62.6690148,65.28022375,67.8914327,70.50264165,73.1138506,75.72505955,78.3362685,80.94747745000001,83.5586864,86.16989534999999,88.78110430000001,91.39231325,94.00352219999999,96.61473115,99.2259401,101.83714905,104.448358
SF11C46883112282050980,15,,2019-05-18T15:00:00-0400,0.160032,0.160032,0.170708,0.032099,0.007749660512,0.009144632476000001,0.097735607244,0.657813615464,0.004593836284,0.00044009503599999996,0.0015867411039999998,0.000461220664,0.022809356676,6.0972192000000004e-05,7.20144e-05,0.000601560288,0.013822123872,3.2006400000000006e-05,2.0324064e-05,1.0082016e-05,8.161632e-06,0.000145309056,0.0076886883199999995,0.009072618076,0.097134046956,0.643991491592,0.004561829884,0.00041977097199999994,0.0015766590879999999,0.000453059032,0.02266404762,0.0,0.0,0.0,0.0,0.0,0.0,0.0,0.0,0.0,0.736568,297035.4359566297,64.178757,67.38769485,70.5966327,73.80557055,77.01450840000001,80.22344625000001,83.43238410000001,86.64132195,89.8502598,93.05919765000002,96.2681355,99.47707335000001,102.68601120000001,105.89494905000001,109.1038869,112.31282475,115.52176260000002,118.73070045,121.93963830000001,125.14857615000001,128.357514
SF11C46883112282050980,16,,2019-05-18T16:00:00-0400,0.170034,0.170034,0.189207,0.042963,0.008586666233999998,0.010132299728999998,0.108299265255,0.7284644947319999,0.005090185461,0.0004868543309999999,0.0017582279939999997,0.000510827112,0.025274458227,6.4782954e-05,7.651529999999999e-05,0.000639157806,0.014686006614,3.40068e-05,2.1594317999999997e-05,1.0712142e-05,8.671734e-06,0.00015439087199999998,0.008521883279999998,0.010055784428999999,0.107660107449,0.7137784881179999,0.005056178661,0.00046526001299999995,0.0017475158519999997,0.000502155378,0.025120067354999998,0.0,0.0,0.0,0.0,0.0,0.0,0.0,0.0,0.0,0.783801,315600.15070391906,68.155566,71.5633443,74.97112259999999,78.37890089999999,81.7866792,85.1944575,88.60223579999999,92.01001409999999,95.4177924,98.82557069999999,102.23334899999999,105.6411273,109.04890559999998,112.45668389999999,115.86446219999999,119.27224049999998,122.68001879999998,126.08779709999999,129.49557539999998,132.90335369999997,136.311132
SF11C46883112282050980,17,,2019-05-18T17:00:00-0400,0.120024,0.120024,0.13693,0.049461,0.006213056343999999,0.007331429509999999,0.078365298726,0.526931457724,0.00368318519,0.000351953918,0.0012722469919999998,0.00036953344400000003,0.018288493242,4.5729144e-05,5.40108e-05,0.00045117021600000004,0.010366592904,2.40048e-05,1.5243048000000001e-05,7.561512000000001e-06,6.121224000000001e-06,0.000108981792,0.006167327199999999,0.00727741871,0.07791412851,0.51656486482,0.00365918039,0.00033671087,0.0012646854799999998,0.00036341222,0.018179511449999998,0.0,0.0,0.0,0.0,0.0,0.0,0.0,0.0,0.0,0.868512,222776.57696747227,48.231256,50.6428188,53.0543816,55.4659444,57.877507200000004,60.28907,62.7006328,65.1121956,67.5237584,69.9353212,72.346884,74.7584468,77.1700096,79.5815724,81.99313520000001,84.404698,86.81626080000001,89.2278236,91.6393864,94.0509492,96.462512
SF11C46883112282050980,18,,2019-05-18T18:00:00-0400,0.070014,0.070014,0.080537,0.05161,0.0036540618139999995,0.004311806239,0.046089299385000004,0.309870917732,0.002166193051,0.000206932261,0.0007482506139999999,0.00021731591199999998,0.010756067517,2.6675334e-05,3.15063e-05,0.00026318262600000003,0.006047179194000001,1.4002800000000003e-05,8.891778e-06,4.410882e-06,3.5707140000000004e-06,6.357271200000001e-05,0.0036273864799999996,0.004280299939,0.045826116759,0.303823738538,0.002152190251,0.000198040483,0.0007438397319999999,0.000213745198,0.010692494805,0.0,0.0,0.0,0.0,0.0,0.0,0.0,0.0,0.0,0.945473,129953.0032310255,28.205981,29.61628005,31.026579100000003,32.43687815,33.847177200000004,35.25747625,36.6677753,38.07807435,39.4883734,40.89867245000001,42.3089715,43.719270550000005,45.1295696,46.53986865,47.9501677,49.36046675,50.77076580000001,52.18106485,53.591363900000005,55.001662950000004,56.411962
SF11C46883112282050980,19,,2019-05-18T19:00:00-0400,0.040008,0.040008,0.045643,0.051197,0.002071003768,0.002443792121,0.026121576573000002,0.17564256175,0.0012277194890000002,0.000117317153,0.00042407925199999997,0.00012317693,0.006096120159,1.5243048000000001e-05,1.80036e-05,0.000150390072,0.003455530968,8.001600000000001e-06,5.081016e-06,2.520504e-06,2.040408e-06,3.6327264e-05,0.00205576072,0.002425788521,0.025971186501000002,0.172187030782,0.001219717889,0.000112236137,0.000421558748,0.00012113652200000002,0.006059792895,0.0,0.0,0.0,0.0,0.0,0.0,0.0,0.0,0.0,0.982699,74258.85898915742,16.14214,16.949247,17.756354,18.563461,19.370568000000002,20.177675,20.984782000000003,21.791889,22.598996,23.406103,24.213210000000004,25.020317000000002,25.827424,26.634531000000003,27.441638,28.248745,29.055852,29.862959000000004,30.670066000000002,31.477173,32.28428
SF11C46883112282050980,20,,2019-05-18T20:00:00-0400,0.005701,0.005701,0.006344,0.048096,0.000287905841,0.000339730018,0.003631210467,0.024424976127,0.00017067091199999998,1.6323922999999998e-05,5.8952346999999997e-05,1.7127727e-05,0.000847437668,2.172081e-06,2.56545e-06,2.1430059e-05,0.0004924010710000001,1.1402000000000001e-06,7.24027e-07,3.59163e-07,2.90751e-07,5.176508e-06,0.00028573376,0.000337164568,0.003609780408,0.023932575055999997,0.00016953071199999999,1.5599896e-05,5.8593183999999996e-05,1.6836976e-05,0.00084226116,0.0,0.0,0.0,0.0,0.0,0.0,0.0,0.0,0.0,0.998982,10581.627551919279,2.304188,2.4193974,2.5346067999999997,2.6498162,2.7650256,2.880235,2.9954444,3.1106537999999997,3.2258632,3.3410725999999995,3.456282,3.5714913999999998,3.6867007999999997,3.8019102,3.9171195999999995,4.032329,4.1475384,4.2627478,4.377957199999999,4.4931666,4.608376
SF11C46883112282050980,21,,2019-05-18T21:00:00-0400,0.005701,0.005701,0.006081,0.04519,0.000276060321,0.000325752357,0.003481561626,0.023432815465,0.000163642763,1.5677206e-05,5.652327899999999e-05,1.6429724999999998e-05,0.0008125204729999999,2.172081e-06,2.56545e-06,2.1430059e-05,0.0004924010710000001,1.1402000000000001e-06,7.24027e-07,3.59163e-07,2.90751e-07,5.176508e-06,0.00027388824,0.000323186907,0.003460131567,0.022940414394,0.000162502563,1.4953178999999999e-05,5.616411599999999e-05,1.6138973999999998e-05,0.0008073439649999999,0.0,0.0,0.0,0.0,0.0,0.0,0.0,0.0,0.0,0.999747,10581.627551919279,2.304188,2.4193974,2.5346067999999997,2.6498162,2.7650256,2.880235,2.9954444,3.1106537999999997,3.2258632,3.3410725999999995,3.456282,3.5714913999999998,3.6867007999999997,3.8019102,3.9171195999999995,4.032329,4.1475384,4.2627478,4.377957199999999,4.4931666,4.608376
SF11C46883112282050980,22,,2019-05-18T22:00:00-0400,0.005701,0.005701,0.005723,0.042461,0.00025993600099999994,0.000306725731,0.0032778571200000003,0.022082269773,0.000154075929,1.4796883999999998e-05,5.3216791e-05,1.5479593e-05,0.000764990603,2.172081e-06,2.56545e-06,2.1430059e-05,0.0004924010710000001,1.1402000000000001e-06,7.24027e-07,3.59163e-07,2.90751e-07,5.176508e-06,0.00025776391999999995,0.000304160281,0.0032564270610000003,0.021589868701999998,0.000152935729,1.4072856999999998e-05,5.2857628e-05,1.5188842000000001e-05,0.000759814095,0.0,0.0,0.0,0.0,0.0,0.0,0.0,0.0,0.0,0.999749,10581.627551919279,2.304188,2.4193974,2.5346067999999997,2.6498162,2.7650256,2.880235,2.9954444,3.1106537999999997,3.2258632,3.3410725999999995,3.456282,3.5714913999999998,3.6867007999999997,3.8019102,3.9171195999999995,4.032329,4.1475384,4.2627478,4.377957199999999,4.4931666,4.608376
SF11C46883112282050980,23,,2019-05-18T23:00:00-0400,0.005701,0.005701,0.005277,0.03989,0.00023984816099999995,0.000283022169,0.003024079998,0.020399746368999997,0.00014215747099999998,1.370017e-05,4.909753499999999e-05,1.4295909e-05,0.0007057774129999999,2.172081e-06,2.56545e-06,2.1430059e-05,0.0004924010710000001,1.1402000000000001e-06,7.24027e-07,3.59163e-07,2.90751e-07,5.176508e-06,0.00023767607999999996,0.000280456719,0.003002649939,0.019907345297999996,0.00014101727099999998,1.2976142999999999e-05,4.873837199999999e-05,1.4005158e-05,0.0007006009049999999,0.0,0.0,0.0,0.0,0.0,0.0,0.0,0.0,0.0,0.99975,10581.627551919279,2.304188,2.4193974,2.5346067999999997,2.6498162,2.7650256,2.880235,2.9954444,3.1106537999999997,3.2258632,3.3410725999999995,3.456282,3.5714913999999998,3.6867007999999997,3.8019102,3.9171195999999995,4.032329,4.1475384,4.2627478,4.377957199999999,4.4931666,4.608376
SF11C46883212282050980,0,,2019-05-18T00:00:00-0400,0.005701,0.005698,0.004403,0.000304,0.19811704249400003,0.23377811121,2.092186549873,37.768416793057995,0.107378736962,0.05199767294399999,0.034793687299,0.022893482675,0.500159231775,0.14822965234000002,0.174910987482,1.461935295898,33.58989777759,0.077779842448,0.04927414445799999,0.024563770308000003,0.019953991442,0.35310420530000003,0.049887390154,0.058867123727999994,0.6302512539749999,4.178519015468,0.029598894514,0.0027235284859999996,0.010229916991,0.0029394912329999997,0.147055026475,0.0,0.0,0.0,0.0,0.0,0.0,0.0,0.0,0.0,0.696913,119588188.57124884,31.777016,38.58300525,45.3889945,52.194983750000006,59.000973,65.80696225,72.61295150000001,79.41894075,86.22493,93.03091925000001,99.8369085,106.64289775,113.44888700000001,120.25487625000001,127.0608655,133.86685475000002,140.672844,147.47883325,154.28482250000002,161.09081175,167.896801
SF11C46883212282050980,1,,2019-05-18T01:00:00-0400,0.005701,0.005701,0.003775,0.000544,0.19107964578000003,0.22547398260900003,2.0030635074760004,37.190119620355,0.103197997026,0.051635158870999995,0.033347526821000006,0.022484728754,0.479370679225,0.14830769533000002,0.17500307820900002,1.4627050056010003,33.607582876455,0.077820793576,0.049300087321,0.024576703146000002,0.019964497229,0.35329011485,0.04277195045,0.0504709044,0.540358501875,3.5825367439,0.025377203450000003,0.0023350715499999997,0.008770823675,0.002520231525,0.126080564375,0.0,0.0,0.0,0.0,0.0,0.0,0.0,0.0,0.0,0.696913,119588188.57124884,31.777016,39.170370750000004,46.563725500000004,53.957080250000004,61.350435000000004,68.74378975,76.1371445,83.53049925,90.923854,98.31720875,105.7105635,113.10391825,120.497273,127.89062775000001,135.2839825,142.67733725,150.070692,157.46404675,164.8574015,172.25075625,179.644111
SF11C46883212282050980,2,,2019-05-18T02:00:00-0400,0.005701,0.005701,0.003325,0.000737,0.18598100268,0.219457583409,1.9386499112260003,36.763062260154996,0.100172899926,0.051356805970999994,0.032301998171000004,0.022184303804,0.464341207975,0.14830769533000002,0.17500307820900002,1.4627050056010003,33.607582876455,0.077820793576,0.049300087321,0.024576703146000002,0.019964497229,0.35329011485,0.03767330735,0.044454505199999994,0.47594490562499997,3.1554793837,0.02235210635,0.00205671865,0.0077252950249999995,0.002219806575,0.111051093125,0.0,0.0,0.0,0.0,0.0,0.0,0.0,0.0,0.0,0.797942,119588188.57124884,31.777016,37.21591095,42.6548059,48.093700850000005,53.532595799999996,58.97149075,64.4103857,69.84928065,75.2881756,80.72707055,86.1659655,91.60486045,97.04375540000001,102.48265035,107.9215453,113.36044025,118.7993352,124.23823015,129.67712509999998,135.11602005,140.554915
SF11C46883212282050980,3,,2019-05-18T03:00:00-0400,0.005701,0.005701,0.003003,0.000893,0.182332640284,0.21515251553700002,1.8925584045760002,36.457478993523,0.09800827489,0.051157629006999994,0.031553864337,0.021969333062,0.453586786325,0.14830769533000002,0.17500307820900002,1.4627050056010003,33.607582876455,0.077820793576,0.049300087321,0.024576703146000002,0.019964497229,0.35329011485,0.034024944954,0.040149437328,0.42985339897499997,2.849896117068,0.020187481314,0.001857541686,0.006977161191,0.002004835833,0.100296671475,0.0,0.0,0.0,0.0,0.0,0.0,0.0,0.0,0.0,0.848456,119588188.57124884,31.777016,36.0929369,40.4088578,44.7247787,49.040699599999996,53.356620500000005,57.6725414,61.988462299999995,66.3043832,70.6203041,74.93622500000001,79.2521459,83.5680668,87.8839877,92.1999086,96.51582950000001,100.8317504,105.1476713,109.46359220000001,113.7795131,118.09543400000001
SF11C46883212282050980,4,,2019-05-18T04:00:00-0400,0.005701,0.005701,0.002771,0.001023,0.179704006508,0.212050727505,1.8593496171760002,36.237307198931,0.096448669274,0.051014122622999994,0.031014836233,0.021814447310000002,0.445838258925,0.14830769533000002,0.17500307820900002,1.4627050056010003,33.607582876455,0.077820793576,0.049300087321,0.024576703146000002,0.019964497229,0.35329011485,0.031396311178,0.037047649296,0.396644611575,2.629724322476,0.018627875698,0.001714035302,0.006438133087,0.0018499500809999998,0.092548144075,0.0,0.0,0.0,0.0,0.0,0.0,0.0,0.0,0.0,0.878765,119588188.57124884,31.777016,35.3474638,38.9179116,42.4883594,46.058807200000004,49.629255,53.1997028,56.7701506,60.340598400000005,63.9110462,67.481494,71.05194180000001,74.6223896,78.1928374,81.7632852,85.33373300000001,88.9041808,92.4746286,96.0450764,99.61552420000001,103.185972
SF11C46883212282050980,5,,2019-05-18T05:00:00-0400,0.005701,0.005701,0.002606,0.001133,0.17783450403800002,0.20984471446500003,1.8357312985510001,36.080719500190995,0.09533946700399999,0.050912059892999996,0.030631475728000002,0.021704291495,0.4403274528,0.14830769533000002,0.17500307820900002,1.4627050056010003,33.607582876455,0.077820793576,0.049300087321,0.024576703146000002,0.019964497229,0.35329011485,0.029526808707999997,0.034841636255999994,0.37302629294999995,2.473136623736,0.017518673428,0.0016119725719999998,0.006054772581999999,0.0017397942659999998,0.08703733795,0.0,0.0,0.0,0.0,0.0,0.0,0.0,0.0,0.0,0.898971,119588188.57124884,31.777016,34.80932585,37.8416357,40.87394555,43.9062554,46.938565249999996,49.9708751,53.00318495,56.035494799999995,59.06780465,62.100114500000004,65.13242435,68.1647342,71.19704405,74.22935389999999,77.26166375,80.2939736,83.32628344999999,86.3585933,89.39090315,92.423213
SF11C46883212282050980,6,,2019-05-18T06:00:00-0400,0.005701,0.005701,0.002487,0.001226,0.176486196196,0.20825371112100002,1.8186974808760001,35.967786553827,0.094539496882,0.050838451014999994,0.030354991485000003,0.021624845786,0.436352992625,0.14830769533000002,0.17500307820900002,1.4627050056010003,33.607582876455,0.077820793576,0.049300087321,0.024576703146000002,0.019964497229,0.35329011485,0.028178500866,0.033250632912,0.355992475275,2.360203677372,0.016718703306,0.0015383636939999999,0.005778288339,0.001660348557,0.083062877775,0.0,0.0,0.0,0.0,0.0,0.0,0.0,0.0,0.0,0.913404,119588188.57124884,31.777016,34.39877355,37.0205311,39.64228865,42.264046199999996,44.885803749999994,47.50756129999999,50.12931885,52.751076399999995,55.37283394999999,57.9945915,60.61634905,63.238106599999995,65.85986414999999,68.48162169999999,71.10337924999999,73.72513679999999,76.34689434999999,78.96865189999998,81.59040945,84.212167
SF11C46883212282050980,7,,2019-05-18T07:00:00-0400,0.005701,0.005701,0.002402,0.001308,0.17552311916600002,0.207117280161,1.8065304682510002,35.887120163567,0.093968089652,0.050785873244999995,0.03015750274,0.021568098851,0.4335140925,0.14830769533000002,0.17500307820900002,1.4627050056010003,33.607582876455,0.077820793576,0.049300087321,0.024576703146000002,0.019964497229,0.35329011485,0.027215423836,0.032114201952,0.34382546264999997,2.279537287112,0.016147296076,0.0014857859239999999,0.005580799594,0.001603601622,0.08022397765000001,0.0,0.0,0.0,0.0,0.0,0.0,0.0,0.0,0.0,0.924228,119588188.57124884,31.777016,34.07306505,36.3691141,38.66516315,40.9612122,43.25726125,45.5533103,47.84935935,50.145408399999994,52.44145745,54.737506499999995,57.033555549999996,59.329604599999996,61.62565365,63.9217027,66.21775174999999,68.5138008,70.80984984999999,73.1058989,75.40194795,77.697997
SF11C46883212282050980,8,,2019-05-18T08:00:00-0400,0.005701,0.005701,0.002187,0.001368,0.173087100796,0.20424277832100002,1.7757550833760003,35.683081647026995,0.092522765482,0.050652882414999996,0.029657972385000002,0.021424562486000002,0.426333345125,0.14830769533000002,0.17500307820900002,1.4627050056010003,33.607582876455,0.077820793576,0.049300087321,0.024576703146000002,0.019964497229,0.35329011485,0.024779405466000003,0.029239700112,0.313050077775,2.075498770572,0.014701971906000002,0.001352795094,0.005081269239000001,0.001460065257,0.07304323027500001,0.0,0.0,0.0,0.0,0.0,0.0,0.0,0.0,0.0,0.932647,119588188.57124884,31.777016,33.8044249,35.8318338,37.859242699999996,39.8866516,41.9140605,43.9414694,45.9688783,47.9962872,50.023696099999995,52.05110499999999,54.0785139,56.1059228,58.1333317,60.1607406,62.188149499999994,64.21555839999999,66.24296729999999,68.2703762,70.2977851,72.325194
SF11C46883212282050980,9,,2019-05-18T09:00:00-0400,0.005701,0.005701,0.002871,0.001472,0.18083703830800002,0.21338770510500002,1.8736637496760002,36.332208834530995,0.097120913074,0.051075978822999996,0.031247175933000002,0.021881208410000002,0.449178141425,0.14830769533000002,0.17500307820900002,1.4627050056010003,33.607582876455,0.077820793576,0.049300087321,0.024576703146000002,0.019964497229,0.35329011485,0.032529342977999996,0.038384626895999995,0.41095874407499994,2.724625958076,0.019300119498,0.0017758915019999997,0.006670472786999999,0.0019167111809999997,0.09588802657500001,0.0,0.0,0.0,0.0,0.0,0.0,0.0,0.0,0.0,0.939383,119588188.57124884,31.777016,33.59360765,35.4101993,37.22679095,39.0433826,40.85997425,42.6765659,44.49315755,46.3097492,48.126340850000005,49.9429325,51.759524150000004,53.5761158,55.39270745,57.2092991,59.02589075,60.8424824,62.65907405,64.47566570000001,66.29225735,68.108849
SF11C46883212282050980,10,,2019-05-18T10:00:00-0400,0.020004,0.019996,0.012416,0.002229,0.660859770968,0.7798145311800001,6.9076144315959995,129.660066044276,0.356418708704,0.180597895308,0.115048973368,0.07831363045999999,1.6538289318000001,0.52018254268,0.6138153923640001,5.130371740396,117.87707896817999,0.272952918496,0.172917829516,0.086201676216,0.070024572284,1.2391491206,0.140677228288,0.165999138816,1.7772426912,11.782987076096,0.083465790208,0.007680065791999999,0.028847297152,0.008289058176,0.4146798112,0.0,0.0,0.0,0.0,0.0,0.0,0.0,0.0,0.0,0.753242,419617983.5431086,110.394311,121.71385525,133.0333995,144.35294375,155.672488,166.99203225,178.3115765,189.63112074999998,200.950665,212.27020925,223.58975349999997,234.90929774999998,246.228842,257.54838624999996,268.8679305,280.18747475,291.50701899999996,302.82656325,314.14610749999997,325.46565174999995,336.785196
SF11C46883212282050980,11,,2019-05-18T11:00:00-0400,0.040008,0.039997,0.029282,0.0041,1.372269528686,1.6192780501050001,14.453490608947,263.572730037527,0.7428205183879999,0.36399162962099996,0.240458618116,0.159615639515,3.4565924840999998,1.04049515701,1.227784269273,10.262026330297001,235.78363310113497,0.5459740888719999,0.34587889713699993,0.172424907162,0.140066654213,2.47860809045,0.331774371676,0.391493780832,4.19146427865,27.789096936392,0.196846429516,0.018112732484,0.068033710954,0.019548985302,0.97798439365,0.0,0.0,0.0,0.0,0.0,0.0,0.0,0.0,0.0,0.67521,839235967.0862172,217.741897,237.0447367,256.3475764,275.6504161,294.95325579999997,314.2560955,333.5589352,352.8617749,372.1646146,391.4674543,410.770294,430.07313369999997,449.3759734,468.67881309999996,487.9816528,507.2844925,526.5873322,545.8901719,565.1930116,584.4958512999999,603.798691
SF11C46883212282050980,12,,2019-05-18T12:00:00-0400,0.070014,0.069997,0.058432,0.007857,2.482978198386,2.929914290505,26.323157262697002,468.087545464927,1.348290866088,0.641451341921,0.4375140206660001,0.284134370165,6.28926373285,1.8209250570100002,2.1486915392730004,17.959123360297003,412.634621751135,0.955485368872,0.605307527137,0.30175328716200006,0.24512452421300002,4.33770359045,0.662053141376,0.7812227512319999,8.3640339024,55.452923713791996,0.392805497216,0.03614381478399999,0.135760733504,0.039009845951999994,1.9515601424,0.0,0.0,0.0,0.0,0.0,0.0,0.0,0.0,0.0,0.644382,1468662942.40088,373.233964,399.2941202,425.3542764,451.41443260000005,477.4745888,503.53474500000004,529.5949012000001,555.6550574,581.7152136,607.7753698,633.8355260000001,659.8956822,685.9558384000001,712.0159946000001,738.0761508,764.136307,790.1964632,816.2566194000001,842.3167756,868.3769318,894.437088
SF11C46883212282050980,13,,2019-05-18T13:00:00-0400,0.10002,0.100003,0.092632,0.01372,3.651061059966,4.308252081159,38.917227027103,677.430263687857,1.9877914279439999,0.9220866780469998,0.646328443742,0.412045547939,9.29097086695,2.60151104299,3.069782990727,25.657759809703002,589.520980598865,1.365078551128,0.8647880428629998,0.431107532838,0.350203405787,6.19717090955,1.0495500169760001,1.2384690904320002,13.259467217400001,87.909283088992,0.6227128768160001,0.057298635183999996,0.215220910904,0.061842142152,3.0937999574000004,0.0,0.0,0.0,0.0,0.0,0.0,0.0,0.0,0.0,0.574604,2098089917.7155426,522.333611,558.0526534,593.7716958,629.4907382,665.2097806,700.928823,736.6478654,772.3669078,808.0859502000001,843.8049926,879.524035,915.2430774,950.9621198,986.6811622,1022.4002046,1058.119247,1093.8382894000001,1129.5573318000002,1165.2763742,1200.9954166,1236.714459
SF11C46883212282050980,14,,2019-05-18T14:00:00-0400,0.130026,0.130009,0.13059,0.021801,4.86172325659,5.7368334900210005,52.049221890859,890.339385376635,2.652554911804,1.205046570169,0.8638741927440001,0.5424656078510001,12.418190785400002,3.3820970289700005,3.9908744421810005,33.356396259109005,766.4073394465951,1.774671733384,1.124268558589,0.5604617785140001,0.45528228736100007,8.056638228650002,1.47962622762,1.7459590478400002,18.69282563175,123.93204593004,0.8778831784200001,0.08077801158,0.30341241423000004,0.08718332049000001,4.36155255675,0.0,0.0,0.0,0.0,0.0,0.0,0.0,0.0,0.0,0.446985,2727516893.0302057,665.303636,716.93742115,768.5712063,820.20499145,871.8387766,923.47256175,975.1063469,1026.7401320499998,1078.3739172,1130.0077023499998,1181.6414875,1233.2752726499998,1284.9090578,1336.5428429499998,1388.1766281,1439.8104132499998,1491.4441984,1543.0779835499998,1594.7117687,1646.3455538499998,1697.979339
SF11C46883212282050980,15,,2019-05-18T15:00:00-0400,0.160032,0.160015,0.170794,0.032104,6.097833347442,7.195443415779,65.502712170565,1105.379997800989,3.332416991412,1.4893957525429997,1.086638291408,0.674385122069,15.6204244648,4.16268301495,4.911965893635,41.055032708515,943.2936982943249,2.18426491564,1.3837490743149998,0.68981602419,0.560361168935,9.91610554775,1.935150332492,2.283477522144,24.44767946205,162.086299506664,1.148152075772,0.10564667822799999,0.396822267218,0.11402395313399999,5.70431891705,0.0,0.0,0.0,0.0,0.0,0.0,0.0,0.0,0.0,0.319367,3356943868.3448687,802.396033,871.3860261,940.3760192,1009.3660123,1078.3560054,1147.3459985,1216.3359916,1285.3259847,1354.3159778,1423.3059709,1492.295964,1561.2859571,1630.2759502,1699.2659433,1768.2559363999999,1837.2459294999999,1906.2359225999999,1975.2259156999999,2044.2159087999999,2113.2059019,2182.195895
SF11C46883212282050980,16,,2019-05-18T16:00:00-0400,0.170034,0.170028,0.189306,0.042975,6.568061680548,7.750312858908001,70.721578797678,1181.975153561676,3.593543978556,1.58743520136,1.17281451897,0.7218087519780001,16.85920762125,4.4231645012400005,5.219334043452001,43.624067127228,1002.32066327274,2.320946130528,1.4703377033879999,0.7329815264880001,0.5954259840120001,10.536609655800001,2.144897179308,2.530978815456,27.09751167045,179.654490288936,1.272597848028,0.11709749797199999,0.439832992482,0.12638276796599998,6.322597965450001,0.0,0.0,0.0,0.0,0.0,0.0,0.0,0.0,0.0,0.276827,3566752860.116422,846.829414,921.9835917,997.1377694,1072.2919471,1147.4461248,1222.6003025,1297.7544802000002,1372.9086579,1448.0628356000002,1523.2170133,1598.3711910000002,1673.5253687,1748.6795464000002,1823.8337241000002,1898.9879018000001,1974.1420795000001,2049.2962572,2124.4504349,2199.6046126,2274.7587903000003,2349.912968
SF11C46883212282050980,17,,2019-05-18T17:00:00-0400,0.120024,0.120052,0.137011,0.049477,4.675450544658,5.517031698804001,50.41366583442701,837.736176265576,2.55980289237,1.1229139944739999,0.835868635559,0.511883631029,12.015610844275,3.12307234516,3.6852253192680005,30.801729754852005,707.71049631366,1.638754939552,1.0381641962919999,0.517537689192,0.420413580308,7.4396044322,1.552378199498,1.831806379536,19.611936079575,130.025679951916,0.921047952818,0.08474979818199999,0.318330946367,0.09147005072099999,4.576006412075,0.0,0.0,0.0,0.0,0.0,0.0,0.0,0.0,0.0,0.489525,2517707901.2586513,618.312257,664.82519285,711.3381287000001,757.85106455,804.3640004,850.87693625,897.3898721,943.90280795,990.4157438,1036.92867965,1083.4416155,1129.95455135,1176.4674872,1222.98042305,1269.4933589,1316.00629475,1362.5192306,1409.03216645,1455.5451023,1502.05803815,1548.570974
SF11C46883212282050980,18,,2019-05-18T18:00:00-0400,0.070014,0.070042,0.080588,0.051627,2.735183368844,3.227516408466,29.506142104942,489.3792283314379,1.497847469336,0.655545344538,0.489185197168,0.299083546286,7.032036742800001,1.82209570186,2.150072900178,17.970669005841998,412.8998982341099,0.9560996357919999,0.6056966700819999,0.301947279732,0.245282111018,4.3404922337,0.9130876669840001,1.077443508288,11.5354730991,76.479330097328,0.541747833544,0.049848674456,0.18723791743600002,0.053801435268,2.6915445091000003,0.0,0.0,0.0,0.0,0.0,0.0,0.0,0.0,0.0,0.702223,1468662942.40088,373.233964,395.13759915,417.0412343,438.94486945,460.8485046,482.75213974999997,504.6557749,526.55941005,548.4630452,570.36668035,592.2703154999999,614.1739506499999,636.0775858,657.98122095,679.8848561,701.7884912499999,723.6921264,745.5957615499999,767.4993966999999,789.4030318499999,811.306667
SF11C46883212282050980,19,,2019-05-18T19:00:00-0400,0.040008,0.040025,0.045673,0.051215,1.558713172264,1.839281561973,16.80690402425,279.29311805146295,0.853390210174,0.3743726127509999,0.278662124831,0.17065650542799998,4.005767780475,1.04122355825,1.228643782725,10.269210287525,235.94869402387496,0.5463562994,0.34612103052499993,0.17254561365,0.140164708225,2.48034324625,0.517489614014,0.610637779248,6.537693736724999,43.344424027588,0.307033910774,0.028251582225999997,0.10611651118099999,0.030491797202999996,1.5254245342250001,0.0,0.0,0.0,0.0,0.0,0.0,0.0,0.0,0.0,0.829842,839235967.0862172,217.741897,227.575469,237.409041,247.242613,257.076185,266.909757,276.743329,286.576901,296.410473,306.244045,316.07761700000003,325.911189,335.744761,345.578333,355.411905,365.245477,375.079049,384.912621,394.746193,404.579765,414.413337
SF11C46883212282050980,20,,2019-05-18T20:00:00-0400,0.005701,0.00572,0.006353,0.048113,0.220783477854,0.260524506408,2.376956671445,39.748689412268,0.12078779933400001,0.053394116506,0.039419152261000005,0.024272366563,0.566650277225,0.1488019676,0.17558631948000003,1.4675798337200001,33.7195885026,0.07808015072,0.04946439212,0.024658611120000003,0.02003103388,0.354467542,0.071981510254,0.084938186928,0.909376837725,6.029100909668,0.042707648614000004,0.003929724386,0.014760541141,0.004241332683,0.21218273522500003,0.0,0.0,0.0,0.0,0.0,0.0,0.0,0.0,0.0,0.975753,119588188.57124884,31.777016,32.1897044,32.6023928,33.0150812,33.4277696,33.840458,34.2531464,34.6658348,35.0785232,35.4912116,35.9039,36.3165884,36.729276799999994,37.1419652,37.554653599999995,37.967341999999995,38.380030399999995,38.792718799999996,39.205407199999996,39.6180956,40.030784
SF11C46883212282050980,21,,2019-05-18T21:00:00-0400,0.005701,0.005701,0.006085,0.045207,0.21725268036,0.256358165169,2.333719968226,39.382347402715,0.118726828806,0.053064037090999994,0.038714573891,0.024026910164,0.5565219649750001,0.14830769533000002,0.17500307820900002,1.4627050056010003,33.607582876455,0.077820793576,0.049300087321,0.024576703146000002,0.019964497229,0.35329011485,0.06894498503,0.08135508696,0.871014962625,5.77476452626,0.040906035230000005,0.00376394977,0.014137870745,0.004062412935,0.20323185012500003,0.0,0.0,0.0,0.0,0.0,0.0,0.0,0.0,0.0,0.984529,119588188.57124884,31.777016,33.3658668,34.9547176,36.5435684,38.1324192,39.72127,41.3101208,42.898971599999996,44.4878224,46.0766732,47.665524,49.254374799999994,50.8432256,52.4320764,54.0209272,55.609778,57.198628799999994,58.7874796,60.3763304,61.965181199999996,63.55403199999999
SF11C46883212282050980,22,,2019-05-18T22:00:00-0400,0.005701,0.005701,0.005726,0.042477,0.21318509619800002,0.25155841558500003,2.282332232551,39.041650530911,0.116313473564,0.052841973332999996,0.037880474368,0.023787237815,0.5445317868,0.14830769533000002,0.17500307820900002,1.4627050056010003,33.607582876455,0.077820793576,0.049300087321,0.024576703146000002,0.019964497229,0.35329011485,0.06487740086800001,0.076555337376,0.81962722695,5.434067654456,0.038492679988,0.0035418860119999997,0.013303771222,0.003822740586,0.19124167195000003,0.0,0.0,0.0,0.0,0.0,0.0,0.0,0.0,0.0,0.984529,119588188.57124884,31.777016,33.3658668,34.9547176,36.5435684,38.1324192,39.72127,41.3101208,42.898971599999996,44.4878224,46.0766732,47.665524,49.254374799999994,50.8432256,52.4320764,54.0209272,55.609778,57.198628799999994,58.7874796,60.3763304,61.965181199999996,63.55403199999999
SF11C46883212282050980,23,,2019-05-18T23:00:00-0400,0.005701,0.005701,0.00528,0.039905,0.20813177437000002,0.245595495489,2.218491201601,38.618389236135,0.113315266216,0.052566094681,0.036844239306000004,0.023489483309,0.52963591085,0.14830769533000002,0.17500307820900002,1.4627050056010003,33.607582876455,0.077820793576,0.049300087321,0.024576703146000002,0.019964497229,0.35329011485,0.05982407904,0.07059241728,0.755786196,5.01080635968,0.035494472640000004,0.00326600736,0.01226753616,0.0035249860799999996,0.176345796,0.0,0.0,0.0,0.0,0.0,0.0,0.0,0.0,0.0,0.984529,119588188.57124884,31.777016,33.3658668,34.9547176,36.5435684,38.1324192,39.72127,41.3101208,42.898971599999996,44.4878224,46.0766732,47.665524,49.254374799999994,50.8432256,52.4320764,54.0209272,55.609778,57.198628799999994,58.7874796,60.3763304,61.965181199999996,63.55403199999999
SF11C46883312282050980,0,,2019-05-18T00:00:00-0400,0.005701,0.005701,0.004403,0.000304,0.011352740251999999,0.013396235368,0.126373460006,1.829950118119,0.006313659215,0.002329452007,0.002085864765,0.001134729529,0.029984368307,0.006153779121,0.0072614606170000005,0.060692486837,1.394490129078,0.003229040699,0.002045621418,0.001019766375,0.000828395207,0.014659180835,0.005198961130999999,0.006134774750999999,0.065680973169,0.435459989041,0.0030846185159999996,0.00028383058900000003,0.00106609839,0.00030633432199999997,0.015325187472,0.0,0.0,0.0,0.0,0.0,0.0,0.0,0.0,0.0,0.885533,2593261.106227874,12.031031,12.145804850000001,12.2605787,12.37535255,12.490126400000001,12.60490025,12.7196741,12.834447950000001,12.9492218,13.06399565,13.178769500000001,13.29354335,13.4083172,13.52309105,13.6378649,13.752638750000001,13.8674126,13.98218645,14.096960300000001,14.21173415,14.326508
SF11C46883312282050980,1,,2019-05-18T01:00:00-0400,0.005701,0.005701,0.003775,0.000544,0.010611212296,0.012521232292,0.117005381162,1.7678404490030002,0.005873699999,0.002288969243,0.0019338071250000002,0.001091037057,0.027798536435,0.006153779121,0.0072614606170000005,0.060692486837,1.394490129078,0.003229040699,0.002045621418,0.001019766375,0.000828395207,0.014659180835,0.004457433175,0.005259771675,0.056312894325,0.373350319925,0.0026446593,0.00024334782500000002,0.0009140407500000001,0.00026264185,0.013139355600000001,0.0,0.0,0.0,0.0,0.0,0.0,0.0,0.0,0.0,0.885533,2593261.106227874,12.031031,12.192080050000001,12.3531291,12.514178150000001,12.6752272,12.836276250000001,12.9973253,13.15837435,13.3194234,13.48047245,13.6415215,13.80257055,13.963619600000001,14.12466865,14.285717700000001,14.44676675,14.607815800000001,14.76886485,14.9299139,15.090962950000002,15.252012
SF11C46883312282050980,2,,2019-05-18T02:00:00-0400,0.005701,0.005701,0.003325,0.000737,0.010079862645999998,0.011894239642,0.110292585812,1.7233351128530001,0.005558442599,0.002259960893,0.0018248486250000001,0.001059728757,0.026232255635,0.006153779121,0.0072614606170000005,0.060692486837,1.394490129078,0.003229040699,0.002045621418,0.001019766375,0.000828395207,0.014659180835,0.0039260835249999996,0.0046327790249999995,0.049600098975,0.328844983775,0.0023294019,0.00021433947500000002,0.00080508225,0.00023133355,0.0115730748,0.0,0.0,0.0,0.0,0.0,0.0,0.0,0.0,0.0,0.923689,2593261.106227874,12.031031,12.63258255,13.2341341,13.83568565,14.4372372,15.03878875,15.640340300000002,16.241891850000002,16.8434434,17.44499495,18.0465465,18.64809805,19.2496496,19.85120115,20.4527527,21.05430425,21.6558558,22.25740735,22.8589589,23.46051045,24.062062
SF11C46883312282050980,3,,2019-05-18T03:00:00-0400,0.005701,0.005701,0.003003,0.000893,0.009699652452,0.011445591568,0.10548920780599999,1.6914890723190001,0.005332858415,0.002239203807,0.0017468827650000001,0.001037325929,0.025111494707000002,0.006153779121,0.0072614606170000005,0.060692486837,1.394490129078,0.003229040699,0.002045621418,0.001019766375,0.000828395207,0.014659180835,0.0035458733309999997,0.0041841309509999996,0.044796720968999997,0.296998943241,0.0021038177159999998,0.00019358238900000002,0.00072711639,0.00020893072199999998,0.010452313872000001,0.0,0.0,0.0,0.0,0.0,0.0,0.0,0.0,0.0,0.942766,2593261.106227874,12.031031,12.63258255,13.2341341,13.83568565,14.4372372,15.03878875,15.640340300000002,16.241891850000002,16.8434434,17.44499495,18.0465465,18.64809805,19.2496496,19.85120115,20.4527527,21.05430425,21.6558558,22.25740735,22.8589589,23.46051045,24.062062
SF11C46883312282050980,4,,2019-05-18T04:00:00-0400,0.005701,0.005701,0.002771,0.001023,0.009425712188,0.011122342024,0.10202838887,1.668544099015,0.005170325711,0.002224248391,0.0016907086050000002,0.001021184761,0.024303989939,0.006153779121,0.0072614606170000005,0.060692486837,1.394490129078,0.003229040699,0.002045621418,0.001019766375,0.000828395207,0.014659180835,0.003271933067,0.0038608814069999997,0.041335902033,0.274053969937,0.001941285012,0.00017862697300000002,0.0006709422300000001,0.000192789554,0.009644809104,0.0,0.0,0.0,0.0,0.0,0.0,0.0,0.0,0.0,0.954213,2593261.106227874,12.031031,12.63258255,13.2341341,13.83568565,14.4372372,15.03878875,15.640340300000002,16.241891850000002,16.8434434,17.44499495,18.0465465,18.64809805,19.2496496,19.85120115,20.4527527,21.05430425,21.6558558,22.25740735,22.8589589,23.46051045,24.062062
SF11C46883312282050980,5,,2019-05-18T05:00:00-0400,0.005701,0.005701,0.002606,0.001133,0.009230883983,0.010892444719,0.09956703057499999,1.6522254757600001,0.005054731331,0.0022136119960000002,0.0016507571550000001,0.001009705051,0.023729686979,0.006153779121,0.0072614606170000005,0.060692486837,1.394490129078,0.003229040699,0.002045621418,0.001019766375,0.000828395207,0.014659180835,0.003077104862,0.0036309841019999995,0.038874543738,0.257735346682,0.001825690632,0.00016799057800000002,0.00063099078,0.00018130984399999998,0.009070506144,0.0,0.0,0.0,0.0,0.0,0.0,0.0,0.0,0.0,0.961844,2593261.106227874,12.031031,12.63258255,13.2341341,13.83568565,14.4372372,15.03878875,15.640340300000002,16.241891850000002,16.8434434,17.44499495,18.0465465,18.64809805,19.2496496,19.85120115,20.4527527,21.05430425,21.6558558,22.25740735,22.8589589,23.46051045,24.062062
SF11C46883312282050980,6,,2019-05-18T06:00:00-0400,0.005701,0.005701,0.002487,0.001226,0.00909037152,0.010726639996,0.097791869138,1.640456286867,0.004971363263,0.0022059408990000003,0.0016219436850000001,0.001001425745,0.023315492723,0.006153779121,0.0072614606170000005,0.060692486837,1.394490129078,0.003229040699,0.002045621418,0.001019766375,0.000828395207,0.014659180835,0.002936592399,0.003465179379,0.037099382301,0.245966157789,0.001742322564,0.00016031948100000002,0.00060217731,0.000173030538,0.008656311888,0.0,0.0,0.0,0.0,0.0,0.0,0.0,0.0,0.0,0.967295,2593261.106227874,12.031031,12.63258255,13.2341341,13.83568565,14.4372372,15.03878875,15.640340300000002,16.241891850000002,16.8434434,17.44499495,18.0465465,18.64809805,19.2496496,19.85120115,20.4527527,21.05430425,21.6558558,22.25740735,22.8589589,23.46051045,24.062062
SF11C46883312282050980,7,,2019-05-18T07:00:00-0400,0.005701,0.005701,0.002402,0.001308,0.008990005475,0.010608208051,0.096523896683,1.6320497233720002,0.004911814643,0.0022004615440000003,0.0016013626350000001,0.000995511955,0.023019639683000002,0.006153779121,0.0072614606170000005,0.060692486837,1.394490129078,0.003229040699,0.002045621418,0.001019766375,0.000828395207,0.014659180835,0.002836226354,0.0033467474339999997,0.035831409846,0.237559594294,0.001682773944,0.000154840126,0.00058159626,0.000167116748,0.008360458848000001,0.0,0.0,0.0,0.0,0.0,0.0,0.0,0.0,0.0,0.971383,2593261.106227874,12.031031,12.63258255,13.2341341,13.83568565,14.4372372,15.03878875,15.640340300000002,16.241891850000002,16.8434434,17.44499495,18.0465465,18.64809805,19.2496496,19.85120115,20.4527527,21.05430425,21.6558558,22.25740735,22.8589589,23.46051045,24.062062
SF11C46883312282050980,8,,2019-05-18T08:00:00-0400,0.005701,0.005701,0.002187,0.001368,0.00873613842,0.010308644896,0.093316672238,1.610786062767,0.004761191663,0.002186601999,0.0015493046850000001,0.000980553545,0.022271305523000003,0.006153779121,0.0072614606170000005,0.060692486837,1.394490129078,0.003229040699,0.002045621418,0.001019766375,0.000828395207,0.014659180835,0.002582359299,0.003047184279,0.032624185401000004,0.216295933689,0.001532150964,0.00014098058100000003,0.00052953831,0.000152158338,0.007612124688000001,0.0,0.0,0.0,0.0,0.0,0.0,0.0,0.0,0.0,0.974563,2593261.106227874,12.031031,12.63258255,13.2341341,13.83568565,14.4372372,15.03878875,15.640340300000002,16.241891850000002,16.8434434,17.44499495,18.0465465,18.64809805,19.2496496,19.85120115,20.4527527,21.05430425,21.6558558,22.25740735,22.8589589,23.46051045,24.062062
SF11C46883312282050980,9,,2019-05-18T09:00:00-0400,0.005701,0.005701,0.002871,0.001472,0.009543789888,0.011261673724,0.10352012117,1.678434173715,0.005240382910999999,0.0022306946910000004,0.001714921605,0.001028142161,0.024652052339000002,0.006153779121,0.0072614606170000005,0.060692486837,1.394490129078,0.003229040699,0.002045621418,0.001019766375,0.000828395207,0.014659180835,0.0033900107669999997,0.004000213107,0.042827634333,0.28394404463699996,0.0020113422119999998,0.000185073273,0.00069515523,0.00019974695399999998,0.009992871504,0.0,0.0,0.0,0.0,0.0,0.0,0.0,0.0,0.0,0.977107,2593261.106227874,12.031031,12.63258255,13.2341341,13.83568565,14.4372372,15.03878875,15.640340300000002,16.241891850000002,16.8434434,17.44499495,18.0465465,18.64809805,19.2496496,19.85120115,20.4527527,21.05430425,21.6558558,22.25740735,22.8589589,23.46051045,24.062062
SF11C46883312282050980,10,,2019-05-18T10:00:00-0400,0.020004,0.020004,0.012417,0.002229,0.036254445693,0.042780252057,0.398189723439,6.121118553411001,0.02002924812,0.007978232343,0.00658474371,0.003770621586,0.094655893548,0.021592737684,0.025479434868,0.212961323748,4.8930679779120005,0.011330245596,0.0071777952720000005,0.0035782155,0.002906721228,0.05143698534,0.014661708009,0.017300817189,0.185228399691,1.2280505754989999,0.008699002523999999,0.000800437071,0.00300652821,0.0008639003579999999,0.043218908208,0.0,0.0,0.0,0.0,0.0,0.0,0.0,0.0,0.0,0.865942,9099385.225220555,42.056143,44.158950149999995,46.2617573,48.364564449999996,50.4673716,52.57017875,54.6729859,56.77579305,58.878600199999994,60.98140735,63.0842145,65.18702164999999,67.2898288,69.39263595,71.49544309999999,73.59825024999999,75.7010574,77.80386454999999,79.9066717,82.00947885,84.112286
SF11C46883312282050980,11,,2019-05-18T11:00:00-0400,0.040008,0.040008,0.029285,0.0041,0.077764529813,0.091762158081,0.8627764515509999,12.682444331719001,0.043176742212,0.016243389499,0.014247208050000001,0.007850917046,0.20480404452,0.043185475368,0.050958869736,0.425922647496,9.786135955824001,0.022660491192,0.014355590544000001,0.007156431,0.005813442456,0.10287397068,0.034579054445,0.040803288344999994,0.43685380405499996,2.896308375895,0.020516251019999997,0.001887798955,0.00709077705,0.00203747459,0.10193007384,0.0,0.0,0.0,0.0,0.0,0.0,0.0,0.0,0.0,0.67521,18198770.45044111,83.670106,84.09848725,84.5268685,84.95524975000001,85.38363100000001,85.81201225000001,86.2403935,86.66877475,87.097156,87.52553725,87.9539185,88.38229975,88.810681,89.23906225,89.6674435,90.09582474999999,90.52420599999999,90.95258725,91.3809685,91.80934975,92.237731
SF11C46883312282050980,12,,2019-05-18T12:00:00-0400,0.070014,0.070014,0.058436,0.007857,0.144574466666,0.17059789425,1.617073319946,22.905101974384,0.08059448497800001,0.028889243320000008,0.026672862930000003,0.014239150562000001,0.38342319275400005,0.075574581894,0.089178022038,0.745364633118,17.125737922692,0.039655859586,0.025122283452000006,0.012523754250000001,0.010173524298000001,0.18002944869,0.068999884772,0.08141987221199999,0.871708686828,5.779364051692,0.040938625392,0.0037669598680000003,0.014149108680000001,0.004065626264,0.20339374406400001,0.0,0.0,0.0,0.0,0.0,0.0,0.0,0.0,0.0,0.644382,31847848.28827195,145.27212,152.535726,159.799332,167.062938,174.326544,181.59015,188.853756,196.117362,203.380968,210.644574,217.90818000000002,225.171786,232.435392,239.69899800000002,246.962604,254.22621,261.489816,268.753422,276.017028,283.28063399999996,290.54424
SF11C46883312282050980,13,,2019-05-18T13:00:00-0400,0.10002,0.10002,0.092637,0.01372,0.21734732736899998,0.256469881269,2.4467026694909997,33.627208389399,0.121550116344,0.04186063529100001,0.04032127431,0.020978732777999998,0.579619492188,0.10796368842,0.12739717434,1.06480661874,24.46533988956,0.056651227979999996,0.035888976360000005,0.0178910775,0.014533606139999999,0.2571849267,0.109383638949,0.129072706929,1.3818960507509999,9.161868499838999,0.064898888364,0.0059716589310000005,0.02243019681,0.006445126638,0.322434565488,0.0,0.0,0.0,0.0,0.0,0.0,0.0,0.0,0.0,0.668988,45496926.126102775,205.905163,216.20042114999998,226.49567929999998,236.79093744999997,247.0861956,257.38145375,267.6767119,277.97197005,288.2672282,298.56248635,308.85774449999997,319.15300264999996,329.44826079999996,339.74351894999995,350.03877709999995,360.33403524999994,370.62929339999994,380.92455154999993,391.2198096999999,401.5150678499999,411.8103259999999
SF11C46883312282050980,14,,2019-05-18T14:00:00-0400,0.130026,0.130026,0.130595,0.021801,0.294556367261,0.34757656025699996,3.3323764015469997,44.720884910893,0.165137796714,0.055074214753,0.054879368100000006,0.027979704512,0.7888924959899999,0.140352794946,0.165616326642,1.384248604362,31.804941856428,0.073646596374,0.046655669268,0.02325840075,0.018893687981999998,0.33434040471,0.15420357231499998,0.18196023361499997,1.9481277971849997,12.915943054464998,0.09149120034,0.008418545485,0.03162096735,0.00908601653,0.45455209127999996,0.0,0.0,0.0,0.0,0.0,0.0,0.0,0.0,0.0,0.703836,59146003.96393361,265.584478,278.86370189999997,292.1429258,305.4221497,318.7013736,331.9805975,345.25982139999996,358.5390453,371.8182692,385.0974931,398.376717,411.6559409,424.9351648,438.2143887,451.4936126,464.7728365,478.05206039999996,491.3312843,504.6105082,517.8897321,531.168956
SF11C46883312282050980,15,,2019-05-18T15:00:00-0400,0.160032,0.160032,0.1708,0.032104,0.374418613072,0.44181402254400004,4.251569358384,56.036791410896,0.21029966236800002,0.068432642576,0.069981528,0.035137009024,1.00598646192,0.172741901472,0.203835478944,1.703690589984,39.144543823296004,0.090641964768,0.057422362176000004,0.028625724,0.023253769824,0.41149588272,0.2016767116,0.2379785436,2.5478787684,16.8922475876,0.1196576976,0.011010280400000001,0.041355804,0.0118832392,0.5944905792,0.0,0.0,0.0,0.0,0.0,0.0,0.0,0.0,0.0,0.736568,72795081.80176444,324.325065,340.54131825,356.7575715,372.97382475,389.19007799999997,405.40633125,421.6225845,437.83883775000004,454.055091,470.27134424999997,486.4875975,502.70385075,518.920104,535.13635725,551.3526105000001,567.56886375,583.785117,600.00137025,616.2176235,632.4338767500001,648.65013
SF11C46883312282050980,16,,2019-05-18T16:00:00-0400,0.170034,0.170034,0.189309,0.042975,0.40706998340699996,0.480342644331,4.634154751665,60.313879326074996,0.22893167231399997,0.073214685879,0.07625221992,0.037878114803999996,1.096127824206,0.183538270314,0.216575196378,1.810171251858,41.591077812251996,0.096307087566,0.061011259812,0.03041483175,0.024707130437999998,0.43721437538999997,0.223531713093,0.263767447953,2.823983499807,18.722801513823,0.13262458474799999,0.012203426067000001,0.04583738817000001,0.013170984366,0.658913448816,0.0,0.0,0.0,0.0,0.0,0.0,0.0,0.0,0.0,0.726879,77344774.41437472,343.699213,360.88417365,378.0691343,395.25409494999997,412.43905559999996,429.62401624999995,446.8089769,463.99393755,481.1788982,498.36385885,515.5488195,532.73378015,549.9187408,567.10370145,584.2886621,601.47362275,618.6585834,635.84354405,653.0285047,670.21346535,687.398426
SF11C46883312282050980,17,,2019-05-18T17:00:00-0400,0.120024,0.120024,0.137003,0.049477,0.291326417435,0.343765218159,3.3214859454570003,42.908106908713,0.163961939292,0.05189839602100001,0.05464182939000001,0.026972174090000002,0.7854778419120001,0.129556426104,0.152876609208,1.277767942488,29.358407867472,0.067981473576,0.043066771632000005,0.021469293,0.017440327368,0.30862191204,0.161769991331,0.19088860895100002,2.0437180029690003,13.549699041241,0.09598046571600001,0.008831624389000002,0.03317253639000001,0.009531846722,0.4768559298720001,0.0,0.0,0.0,0.0,0.0,0.0,0.0,0.0,0.0,0.807209,54596311.35132334,245.796412,258.0862326,270.3760532,282.6658738,294.9556944,307.245515,319.5353356,331.82515620000004,344.1149768,356.4047974,368.694618,380.9844386,393.2742592,405.5640798,417.85390040000004,430.143721,442.4335416,454.7233622,467.0131828,479.3030034,491.592824
SF11C46883312282050980,18,,2019-05-18T18:00:00-0400,0.070014,0.070014,0.08058,0.051627,0.170721592554,0.20145150589799998,1.947402520458,25.095160115951998,0.096107951346,0.030316711992000006,0.03203458965,0.015779797218,0.46049813061,0.075574581894,0.089178022038,0.745364633118,17.125737922692,0.039655859586,0.025122283452000006,0.012523754250000001,0.010173524298000001,0.18002944869,0.09514701065999999,0.11227348386,1.20203788734,7.96942219326,0.056452091759999996,0.0051944285400000005,0.0195108354,0.00560627292,0.28046868192,0.0,0.0,0.0,0.0,0.0,0.0,0.0,0.0,0.0,0.887538,31847848.28827195,145.27212,152.535726,159.799332,167.062938,174.326544,181.59015,188.853756,196.117362,203.380968,210.644574,217.90818000000002,225.171786,232.435392,239.69899800000002,246.962604,254.22621,261.489816,268.753422,276.017028,283.28063399999996,290.54424
SF11C46883312282050980,19,,2019-05-18T19:00:00-0400,0.040008,0.040008,0.045668,0.051215,0.09710919940400001,0.11458887049199999,1.10716695426,14.302735269820001,0.054654213288000006,0.017299486828,0.01821402384,0.008990747888,0.261827107512,0.043185475368,0.050958869736,0.425922647496,9.786135955824001,0.022660491192,0.014355590544000001,0.007156431,0.005813442456,0.10287397068,0.053923724036,0.06363000075599999,0.6812443067639999,4.516599313996,0.031993722096,0.0029438962840000003,0.01105759284,0.003177305432,0.15895313683200002,0.0,0.0,0.0,0.0,0.0,0.0,0.0,0.0,0.0,0.935736,18198770.45044111,83.670106,87.85361130000001,92.0371166,96.2206219,100.4041272,104.58763250000001,108.7711378,112.9546431,117.1381484,121.32165370000001,125.505159,129.6886643,133.8721696,138.0556749,142.23918020000002,146.4226855,150.6061908,154.78969610000001,158.9732014,163.1567067,167.340212
SF11C46883312282050980,20,,2019-05-18T20:00:00-0400,0.005701,0.005701,0.006347,0.048113,0.01364817074,0.016104843616,0.155372735918,2.0222131702870003,0.007675571183,0.002454768079,0.0025565654850000005,0.001269981385,0.036750701363,0.006153779121,0.0072614606170000005,0.060692486837,1.394490129078,0.003229040699,0.002045621418,0.001019766375,0.000828395207,0.014659180835,0.007494391619,0.008843382999,0.094680249081,0.627723041209,0.0044465304839999996,0.00040914666100000006,0.0015367991100000001,0.000441586178,0.022091520528,0.0,0.0,0.0,0.0,0.0,0.0,0.0,0.0,0.0,0.991153,2593261.106227874,12.031031,12.63258255,13.2341341,13.83568565,14.4372372,15.03878875,15.640340300000002,16.241891850000002,16.8434434,17.44499495,18.0465465,18.64809805,19.2496496,19.85120115,20.4527527,21.05430425,21.6558558,22.25740735,22.8589589,23.46051045,24.062062
SF11C46883312282050980,21,,2019-05-18T21:00:00-0400,0.005701,0.005701,0.006085,0.045207,0.013338807166,0.015739794562,0.151464397292,1.996301174573,0.007492021319,0.002437878773,0.002493127425,0.001251752997,0.035838777875000005,0.006153779121,0.0072614606170000005,0.060692486837,1.394490129078,0.003229040699,0.002045621418,0.001019766375,0.000828395207,0.014659180835,0.007185028045,0.008478333945,0.090771910455,0.601811045495,0.00426298062,0.00039225735500000007,0.00147336105,0.00042335779,0.02117959704,0.0,0.0,0.0,0.0,0.0,0.0,0.0,0.0,0.0,0.997793,2593261.106227874,12.031031,12.63258255,13.2341341,13.83568565,14.4372372,15.03878875,15.640340300000002,16.241891850000002,16.8434434,17.44499495,18.0465465,18.64809805,19.2496496,19.85120115,20.4527527,21.05430425,21.6558558,22.25740735,22.8589589,23.46051045,24.062062
SF11C46883312282050980,22,,2019-05-18T22:00:00-0400,0.005701,0.005701,0.005726,0.042477,0.012914908223,0.015239593759000001,0.146109078335,1.9607958064000002,0.007240515971,0.002414736556,0.0024062027550000005,0.001226775931,0.03458923385900001,0.006153779121,0.0072614606170000005,0.060692486837,1.394490129078,0.003229040699,0.002045621418,0.001019766375,0.000828395207,0.014659180835,0.006761129102,0.007978133142,0.085416591498,0.566305677322,0.004011475272,0.00036911513800000004,0.0013864363800000002,0.00039838072399999997,0.019930053024000003,0.0,0.0,0.0,0.0,0.0,0.0,0.0,0.0,0.0,0.997793,2593261.106227874,12.031031,12.63258255,13.2341341,13.83568565,14.4372372,15.03878875,15.640340300000002,16.241891850000002,16.8434434,17.44499495,18.0465465,18.64809805,19.2496496,19.85120115,20.4527527,21.05430425,21.6558558,22.25740735,22.8589589,23.46051045,24.062062
SF11C46883312282050980,23,,2019-05-18T23:00:00-0400,0.005701,0.005701,0.00528,0.039905,0.012388281681,0.014618174377,0.139455952277,1.916686073238,0.006928060858999999,0.0023859860580000003,0.002298212775,0.001195745927,0.033036875555,0.006153779121,0.0072614606170000005,0.060692486837,1.394490129078,0.003229040699,0.002045621418,0.001019766375,0.000828395207,0.014659180835,0.00623450256,0.0073567137599999995,0.07876346544,0.5221959441599999,0.0036990201599999997,0.00034036464000000005,0.0012784464,0.00036735072,0.01837769472,0.0,0.0,0.0,0.0,0.0,0.0,0.0,0.0,0.0,0.997793,2593261.106227874,12.031031,12.63258255,13.2341341,13.83568565,14.4372372,15.03878875,15.640340300000002,16.241891850000002,16.8434434,17.44499495,18.0465465,18.64809805,19.2496496,19.85120115,20.4527527,21.05430425,21.6558558,22.25740735,22.8589589,23.46051045,24.062062
SF11C46883412282050980,0,,2019-05-18T00:00:00-0500,0.005701,0.0057,0.004403,0.000304,0.011333310000000001,0.0133733058,0.11177633880000001,2.5682092368,0.0059468727,0.0037673922,0.0018780930000000002,0.0015256392000000001,0.0269975655,0.011333310000000001,0.0133733058,0.11177633880000001,2.5682092368,0.0059468727,0.0037673922,0.0018780930000000002,0.0015256392000000001,0.0269975655,0.0,0.0,0.0,0.0,0.0,0.0,0.0,0.0,0.0,0.0,0.0,0.0,0.0,0.0,0.0,0.0,0.0,0.0,0.960817,3587441.6100120377,4.122406,4.431786949999999,4.7411679,5.05054885,5.3599298,5.669310749999999,5.9786917,6.28807265,6.5974536,6.906834549999999,7.2162155,7.52559645,7.8349774,8.14435835,8.453739299999999,8.76312025,9.0725012,9.38188215,9.6912631,10.00064405,10.310025
SF11C46883412282050980,1,,2019-05-18T01:00:00-0500,0.005701,0.005701,0.003775,0.000544,0.011335298300000001,0.013375651994000001,0.11179594868400002,2.568659799824,0.0059479160110000005,0.0037680531460000002,0.0018784224900000002,0.001525906856,0.027002301915000002,0.011335298300000001,0.013375651994000001,0.11179594868400002,2.568659799824,0.0059479160110000005,0.0037680531460000002,0.0018784224900000002,0.001525906856,0.027002301915000002,0.0,0.0,0.0,0.0,0.0,0.0,0.0,0.0,0.0,0.0,0.0,0.0,0.0,0.0,0.0,0.0,0.0,0.0,0.960817,3587441.6100120377,4.122406,4.46937365,4.8163412999999995,5.163308949999999,5.5102766,5.85724425,6.2042119,6.5511795500000005,6.8981472,7.24511485,7.5920825,7.93905015,8.2860178,8.63298545,8.9799531,9.32692075,9.6738884,10.020856049999999,10.367823699999999,10.71479135,11.061759
SF11C46883412282050980,2,,2019-05-18T02:00:00-0500,0.005701,0.005701,0.003325,0.000737,0.011335298300000001,0.013375651994000001,0.11179594868400002,2.568659799824,0.0059479160110000005,0.0037680531460000002,0.0018784224900000002,0.001525906856,0.027002301915000002,0.011335298300000001,0.013375651994000001,0.11179594868400002,2.568659799824,0.0059479160110000005,0.0037680531460000002,0.0018784224900000002,0.001525906856,0.027002301915000002,0.0,0.0,0.0,0.0,0.0,0.0,0.0,0.0,0.0,0.0,0.0,0.0,0.0,0.0,0.0,0.0,0.0,0.0,0.973878,3587441.6100120377,4.122406,4.3499358,4.5774656,4.8049954,5.0325252,5.2600549999999995,5.4875848000000005,5.7151146,5.9426444,6.1701742,6.397704,6.6252338,6.8527636,7.0802934,7.3078232,7.535353000000001,7.7628828,7.990412600000001,8.2179424,8.445472200000001,8.673002
SF11C46883412282050980,3,,2019-05-18T03:00:00-0500,0.005701,0.005701,0.003003,0.000893,0.011335298300000001,0.013375651994000001,0.11179594868400002,2.568659799824,0.0059479160110000005,0.0037680531460000002,0.0018784224900000002,0.001525906856,0.027002301915000002,0.011335298300000001,0.013375651994000001,0.11179594868400002,2.568659799824,0.0059479160110000005,0.0037680531460000002,0.0018784224900000002,0.001525906856,0.027002301915000002,0.0,0.0,0.0,0.0,0.0,0.0,0.0,0.0,0.0,0.0,0.0,0.0,0.0,0.0,0.0,0.0,0.0,0.0,0.980408,3587441.6100120377,4.122406,4.28118765,4.4399693,4.5987509499999994,4.7575326,4.91631425,5.0750959,5.23387755,5.3926592,5.5514408500000005,5.7102225,5.86900415,6.0277858,6.18656745,6.3453491,6.50413075,6.6629124,6.82169405,6.9804757,7.13925735,7.298039
SF11C46883412282050980,4,,2019-05-18T04:00:00-0500,0.005701,0.005701,0.002771,0.001023,0.011335298300000001,0.013375651994000001,0.11179594868400002,2.568659799824,0.0059479160110000005,0.0037680531460000002,0.0018784224900000002,0.001525906856,0.027002301915000002,0.011335298300000001,0.013375651994000001,0.11179594868400002,2.568659799824,0.0059479160110000005,0.0037680531460000002,0.0018784224900000002,0.001525906856,0.027002301915000002,0.0,0.0,0.0,0.0,0.0,0.0,0.0,0.0,0.0,0.0,0.0,0.0,0.0,0.0,0.0,0.0,0.0,0.0,0.984327,3587441.6100120377,4.122406,4.2354616499999995,4.3485173,4.46157295,4.5746286,4.68768425,4.8007399,4.91379555,5.026851199999999,5.13990685,5.2529625,5.3660181499999995,5.4790738,5.59212945,5.7051851,5.818240749999999,5.9312964,6.04435205,6.1574077,6.27046335,6.383519
SF11C46883412282050980,5,,2019-05-18T05:00:00-0500,0.005701,0.005701,0.002606,0.001133,0.011335298300000001,0.013375651994000001,0.11179594868400002,2.568659799824,0.0059479160110000005,0.0037680531460000002,0.0018784224900000002,0.001525906856,0.027002301915000002,0.011335298300000001,0.013375651994000001,0.11179594868400002,2.568659799824,0.0059479160110000005,0.0037680531460000002,0.0018784224900000002,0.001525906856,0.027002301915000002,0.0,0.0,0.0,0.0,0.0,0.0,0.0,0.0,0.0,0.0,0.0,0.0,0.0,0.0,0.0,0.0,0.0,0.0,0.986939,3587441.6100120377,4.122406,4.20238805,4.2823701,4.3623521499999995,4.4423341999999995,4.522316249999999,4.6022983,4.68228035,4.7622624,4.84224445,4.9222265,5.00220855,5.0821906,5.16217265,5.2421546999999995,5.32213675,5.4021188,5.48210085,5.5620829,5.64206495,5.722047
SF11C46883412282050980,6,,2019-05-18T06:00:00-0500,0.005701,0.005701,0.002487,0.001226,0.011335298300000001,0.013375651994000001,0.11179594868400002,2.568659799824,0.0059479160110000005,0.0037680531460000002,0.0018784224900000002,0.001525906856,0.027002301915000002,0.011335298300000001,0.013375651994000001,0.11179594868400002,2.568659799824,0.0059479160110000005,0.0037680531460000002,0.0018784224900000002,0.001525906856,0.027002301915000002,0.0,0.0,0.0,0.0,0.0,0.0,0.0,0.0,0.0,0.0,0.0,0.0,0.0,0.0,0.0,0.0,0.0,0.0,0.988805,3587441.6100120377,4.122406,4.1771132,4.2318204,4.286527599999999,4.3412348,4.395942,4.4506492,4.5053564,4.560063599999999,4.6147708,4.669478,4.7241852,4.7788924,4.833599599999999,4.8883068,4.943014,4.9977212,5.0524284,5.107135599999999,5.1618428,5.21655
SF11C46883412282050980,7,,2019-05-18T07:00:00-0500,0.005701,0.005701,0.002402,0.001308,0.011335298300000001,0.013375651994000001,0.11179594868400002,2.568659799824,0.0059479160110000005,0.0037680531460000002,0.0018784224900000002,0.001525906856,0.027002301915000002,0.011335298300000001,0.013375651994000001,0.11179594868400002,2.568659799824,0.0059479160110000005,0.0037680531460000002,0.0018784224900000002,0.001525906856,0.027002301915000002,0.0,0.0,0.0,0.0,0.0,0.0,0.0,0.0,0.0,0.0,0.0,0.0,0.0,0.0,0.0,0.0,0.0,0.0,0.990204,3587441.6100120377,4.122406,4.1570312,4.191656399999999,4.2262816,4.2609068,4.295532,4.3301572,4.3647824,4.3994076,4.4340328,4.468658,4.5032832,4.5379084,4.5725336,4.6071588000000006,4.641784,4.6764092,4.7110344,4.7456596,4.7802848000000004,4.81491
SF11C46883412282050980,8,,2019-05-18T08:00:00-0500,0.005701,0.005701,0.002187,0.001368,0.011335298300000001,0.013375651994000001,0.11179594868400002,2.568659799824,0.0059479160110000005,0.0037680531460000002,0.0018784224900000002,0.001525906856,0.027002301915000002,0.011335298300000001,0.013375651994000001,0.11179594868400002,2.568659799824,0.0059479160110000005,0.0037680531460000002,0.0018784224900000002,0.001525906856,0.027002301915000002,0.0,0.0,0.0,0.0,0.0,0.0,0.0,0.0,0.0,0.0,0.0,0.0,0.0,0.0,0.0,0.0,0.0,0.0,0.991293,3587441.6100120377,4.122406,4.14060505,4.158804099999999,4.17700315,4.1952022,4.2134012499999995,4.2316003,4.24979935,4.2679984,4.2861974499999995,4.304396499999999,4.32259555,4.3407946,4.3589936499999995,4.3771927,4.39539175,4.4135908,4.4317898499999995,4.449988899999999,4.46818795,4.486387
SF11C46883412282050980,9,,2019-05-18T09:00:00-0500,0.005701,0.005701,0.002871,0.001472,0.011335298300000001,0.013375651994000001,0.11179594868400002,2.568659799824,0.0059479160110000005,0.0037680531460000002,0.0018784224900000002,0.001525906856,0.027002301915000002,0.011335298300000001,0.013375651994000001,0.11179594868400002,2.568659799824,0.0059479160110000005,0.0037680531460000002,0.0018784224900000002,0.001525906856,0.027002301915000002,0.0,0.0,0.0,0.0,0.0,0.0,0.0,0.0,0.0,0.0,0.0,0.0,0.0,0.0,0.0,0.0,0.0,0.0,0.992163,3587441.6100120377,4.122406,4.1268633,4.1313206,4.1357779,4.1402352,4.1446925,4.1491498,4.1536071,4.1580644,4.1625217,4.1669789999999995,4.1714363,4.1758936,4.1803509,4.1848082,4.1892655,4.1937228,4.1981801,4.2026374,4.2070947,4.211552
SF11C46883412282050980,10,,2019-05-18T10:00:00-0500,0.020004,0.020001,0.012417,0.002229,0.0397679883,0.046926226194000005,0.39221728988400006,9.011711043024,0.020867263311000004,0.013219580946000002,0.006590129490000001,0.005353387656,0.09473303641500001,0.0397679883,0.046926226194000005,0.39221728988400006,9.011711043024,0.020867263311000004,0.013219580946000002,0.006590129490000001,0.005353387656,0.09473303641500001,0.0,0.0,0.0,0.0,0.0,0.0,0.0,0.0,0.0,0.0,0.0,0.0,0.0,0.0,0.0,0.0,0.0,0.0,0.954111,12587823.533885423,14.446247,15.01522185,15.5841967,16.15317155,16.7221464,17.29112125,17.8600961,18.42907095,18.9980458,19.56702065,20.1359955,20.70497035,21.2739452,21.84292005,22.4118949,22.98086975,23.5498446,24.11881945,24.6877943,25.25676915,25.825744
SF11C46883412282050980,11,,2019-05-18T11:00:00-0500,0.040008,0.040004,0.029285,0.0041,0.0795399532,0.093857144776,0.784473799536,18.024323212096,0.041736613244,0.026440483784,0.01318091796,0.010707310624,0.18947554566,0.0795399532,0.093857144776,0.784473799536,18.024323212096,0.041736613244,0.026440483784,0.01318091796,0.010707310624,0.18947554566,0.0,0.0,0.0,0.0,0.0,0.0,0.0,0.0,0.0,0.0,0.0,0.0,0.0,0.0,0.0,0.0,0.0,0.0,0.858985,25175647.067770846,28.84032,31.23701535,33.633710699999995,36.030406049999996,38.4271014,40.82379675,43.2204921,45.617187449999996,48.0138828,50.41057815,52.807273499999994,55.203968849999995,57.6006642,59.99735955,62.39405489999999,64.79075025,67.18744559999999,69.58414095,71.98083629999999,74.37753165,76.774227
SF11C46883412282050980,12,,2019-05-18T12:00:00-0500,0.070014,0.070008,0.058436,0.007857,0.1391969064,0.16425234955200002,1.372848759072,31.543016184192,0.073040116488,0.046271507568000005,0.02306693592,0.018738061248,0.33158694132,0.1391969064,0.16425234955200002,1.372848759072,31.543016184192,0.073040116488,0.046271507568000005,0.02306693592,0.018738061248,0.33158694132,0.0,0.0,0.0,0.0,0.0,0.0,0.0,0.0,0.0,0.0,0.0,0.0,0.0,0.0,0.0,0.0,0.0,0.0,0.716935,44057382.36859898,50.334017,55.975342100000006,61.6166672,67.2579923,72.8993174,78.5406425,84.18196760000001,89.8232927,95.4646178,101.1059429,106.74726799999999,112.3885931,118.0299182,123.6712433,129.31256839999998,134.9538935,140.5952186,146.2365437,151.8778688,157.5191939,163.160519
SF11C46883412282050980,13,,2019-05-18T13:00:00-0500,0.10002,0.100014,0.092637,0.01372,0.1988578362,0.23465224671600002,1.9612629383760003,45.062610282336,0.10434570635400002,0.066103853244,0.03295361286,0.026769347184,0.47370780981000005,0.1988578362,0.23465224671600002,1.9612629383760003,45.062610282336,0.10434570635400002,0.066103853244,0.03295361286,0.026769347184,0.47370780981000005,0.0,0.0,0.0,0.0,0.0,0.0,0.0,0.0,0.0,0.0,0.0,0.0,0.0,0.0,0.0,0.0,0.0,0.0,0.668988,62939117.66942711,71.71138,79.2254127,86.73944540000001,94.2534781,101.7675108,109.2815435,116.7955762,124.3096089,131.8236416,139.3376743,146.85170699999998,154.3657397,161.87977239999998,169.3938051,176.90783779999998,184.42187049999998,191.93590319999998,199.44993589999999,206.9639686,214.47800129999996,221.992034
SF11C46883412282050980,14,,2019-05-18T14:00:00-0500,0.130026,0.13002,0.130595,0.021801,0.258518766,0.30505214388,2.54967711768,58.58220438047999,0.13565129622000002,0.08593619892,0.0428402898,0.03480063312,0.6158286783,0.258518766,0.30505214388,2.54967711768,58.58220438047999,0.13565129622000002,0.08593619892,0.0428402898,0.03480063312,0.6158286783,0.0,0.0,0.0,0.0,0.0,0.0,0.0,0.0,0.0,0.0,0.0,0.0,0.0,0.0,0.0,0.0,0.0,0.0,0.703836,81820852.97025524,92.973039,100.47757275000001,107.9821065,115.48664025,122.991174,130.49570775,138.00024150000002,145.50477525,153.009309,160.51384275,168.0183765,175.52291025,183.027444,190.53197775,198.03651150000002,205.54104525,213.045579,220.55011275,228.05464650000002,235.55918025,243.063714
SF11C46883412282050980,15,,2019-05-18T15:00:00-0500,0.160032,0.160026,0.1708,0.032104,0.3181796958,0.37545204104400004,3.1380912969840002,72.101798478624,0.166956886086,0.105768544596,0.05272696674,0.042831919056,0.75794954679,0.3181796958,0.37545204104400004,3.1380912969840002,72.101798478624,0.166956886086,0.105768544596,0.05272696674,0.042831919056,0.75794954679,0.0,0.0,0.0,0.0,0.0,0.0,0.0,0.0,0.0,0.0,0.0,0.0,0.0,0.0,0.0,0.0,0.0,0.0,0.736568,100702588.27108338,114.119621,121.24522325,128.3708255,135.49642775,142.62203,149.74763224999998,156.8732345,163.99883675,171.124439,178.25004124999998,185.3756435,192.50124575,199.626848,206.75245024999998,213.8780525,221.00365475,228.129257,235.25485924999998,242.3804615,249.50606375,256.631666
SF11C46883412282050980,16,,2019-05-18T16:00:00-0500,0.170034,0.170032,0.189309,0.042975,0.33807462559999996,0.398928058208,3.334307796288,76.610132096768,0.177396255952,0.112381970272,0.05602384368,0.045510084991999995,0.80534211528,0.33807462559999996,0.398928058208,3.334307796288,76.610132096768,0.177396255952,0.112381970272,0.05602384368,0.045510084991999995,0.80534211528,0.0,0.0,0.0,0.0,0.0,0.0,0.0,0.0,0.0,0.0,0.0,0.0,0.0,0.0,0.0,0.0,0.0,0.0,0.783801,106996500.03802608,121.143016,126.90524425000001,132.6674725,138.42970075,144.19192900000002,149.95415725,155.7163855,161.47861375000002,167.24084200000001,173.00307025,178.7652985,184.52752675,190.289755,196.05198325,201.8142115,207.57643975000002,213.338668,219.10089625,224.86312450000003,230.62535275000002,236.387581
SF11C46883412282050980,17,,2019-05-18T17:00:00-0500,0.120024,0.120034,0.137003,0.049477,0.2386636022,0.281623050596,2.353852816056,54.082882022816,0.12523279257400002,0.079335992164,0.03955000266,0.032127820304,0.56853083811,0.2386636022,0.281623050596,2.353852816056,54.082882022816,0.12523279257400002,0.079335992164,0.03955000266,0.032127820304,0.56853083811,0.0,0.0,0.0,0.0,0.0,0.0,0.0,0.0,0.0,0.0,0.0,0.0,0.0,0.0,0.0,0.0,0.0,0.0,0.868512,75526941.20331253,85.898637,88.72041175,91.5421865,94.36396124999999,97.18573599999999,100.00751075,102.8292855,105.65106025,108.472835,111.29460975,114.11638450000001,116.93815925,119.759934,122.58170875,125.40348350000001,128.22525825,131.047033,133.86880775,136.6905825,139.51235725,142.334132
SF11C46883412282050980,18,,2019-05-18T18:00:00-0500,0.070014,0.070024,0.08058,0.051627,0.1392287192,0.16428988865600003,1.373162517216,31.550225192576,0.073056809464,0.046282082704000006,0.02307220776,0.018742343744000002,0.33166272396,0.1392287192,0.16428988865600003,1.373162517216,31.550225192576,0.073056809464,0.046282082704000006,0.02307220776,0.018742343744000002,0.33166272396,0.0,0.0,0.0,0.0,0.0,0.0,0.0,0.0,0.0,0.0,0.0,0.0,0.0,0.0,0.0,0.0,0.0,0.0,0.929029,44057382.36859898,50.334017,51.374959350000005,52.4159017,53.45684405,54.4977864,55.538728750000004,56.5796711,57.62061345,58.6615558,59.70249815,60.7434405,61.78438285,62.825325199999995,63.866267549999996,64.9072099,65.94815224999999,66.98909459999999,68.03003695,69.07097929999999,70.11192165,71.152864
SF11C46883412282050980,19,,2019-05-18T19:00:00-0500,0.040008,0.040014,0.045668,0.051215,0.0795598362,0.093880606716,0.7846698983760001,18.028828842336,0.041747046354000006,0.026447093244000002,0.01318421286,0.010709987184,0.18952290981,0.0795598362,0.093880606716,0.7846698983760001,18.028828842336,0.041747046354000006,0.026447093244000002,0.01318421286,0.010709987184,0.18952290981,0.0,0.0,0.0,0.0,0.0,0.0,0.0,0.0,0.0,0.0,0.0,0.0,0.0,0.0,0.0,0.0,0.0,0.0,0.969041,25175647.067770846,28.84032,28.94415445,29.0479889,29.151823349999997,29.255657799999998,29.35949225,29.4633267,29.56716115,29.670995599999998,29.77483005,29.8786645,29.98249895,30.0863334,30.190167849999998,30.2940023,30.39783675,30.5016712,30.60550565,30.7093401,30.81317455,30.917009
SF11C46883412282050980,20,,2019-05-18T20:00:00-0500,0.005701,0.005708,0.006347,0.048113,0.0113492164,0.013392075352000002,0.11193321787200002,2.571813740992,0.005955219188000001,0.0037726797680000005,0.0018807289200000001,0.0015277804480000002,0.02703545682,0.0113492164,0.013392075352000002,0.11193321787200002,2.571813740992,0.005955219188000001,0.0037726797680000005,0.0018807289200000001,0.0015277804480000002,0.02703545682,0.0,0.0,0.0,0.0,0.0,0.0,0.0,0.0,0.0,0.0,0.0,0.0,0.0,0.0,0.0,0.0,0.0,0.0,0.998178,3587441.6100120377,4.122406,4.3285263,4.534646599999999,4.7407669,4.9468872,5.153007499999999,5.3591277999999996,5.5652481,5.7713684,5.977488699999999,6.183609,6.389729299999999,6.595849599999999,6.8019699,7.0080902,7.2142105,7.4203307999999994,7.626451099999999,7.832571399999999,8.0386917,8.244812
SF11C46883412282050980,21,,2019-05-18T21:00:00-0500,0.005701,0.005701,0.006085,0.045207,0.011335298300000001,0.013375651994000001,0.11179594868400002,2.568659799824,0.0059479160110000005,0.0037680531460000002,0.0018784224900000002,0.001525906856,0.027002301915000002,0.011335298300000001,0.013375651994000001,0.11179594868400002,2.568659799824,0.0059479160110000005,0.0037680531460000002,0.0018784224900000002,0.001525906856,0.027002301915000002,0.0,0.0,0.0,0.0,0.0,0.0,0.0,0.0,0.0,0.0,0.0,0.0,0.0,0.0,0.0,0.0,0.0,0.0,0.999548,3587441.6100120377,4.122406,4.3285263,4.534646599999999,4.7407669,4.9468872,5.153007499999999,5.3591277999999996,5.5652481,5.7713684,5.977488699999999,6.183609,6.389729299999999,6.595849599999999,6.8019699,7.0080902,7.2142105,7.4203307999999994,7.626451099999999,7.832571399999999,8.0386917,8.244812
SF11C46883412282050980,22,,2019-05-18T22:00:00-0500,0.005701,0.005701,0.005726,0.042477,0.011335298300000001,0.013375651994000001,0.11179594868400002,2.568659799824,0.0059479160110000005,0.0037680531460000002,0.0018784224900000002,0.001525906856,0.027002301915000002,0.011335298300000001,0.013375651994000001,0.11179594868400002,2.568659799824,0.0059479160110000005,0.0037680531460000002,0.0018784224900000002,0.001525906856,0.027002301915000002,0.0,0.0,0.0,0.0,0.0,0.0,0.0,0.0,0.0,0.0,0.0,0.0,0.0,0.0,0.0,0.0,0.0,0.0,0.999551,3587441.6100120377,4.122406,4.3285263,4.534646599999999,4.7407669,4.9468872,5.153007499999999,5.3591277999999996,5.5652481,5.7713684,5.977488699999999,6.183609,6.389729299999999,6.595849599999999,6.8019699,7.0080902,7.2142105,7.4203307999999994,7.626451099999999,7.832571399999999,8.0386917,8.244812
SF11C46883412282050980,23,,2019-05-18T23:00:00-0500,0.005701,0.005701,0.00528,0.039905,0.011335298300000001,0.013375651994000001,0.11179594868400002,2.568659799824,0.0059479160110000005,0.0037680531460000002,0.0018784224900000002,0.001525906856,0.027002301915000002,0.011335298300000001,0.013375651994000001,0.11179594868400002,2.568659799824,0.0059479160110000005,0.0037680531460000002,0.0018784224900000002,0.001525906856,0.027002301915000002,0.0,0.0,0.0,0.0,0.0,0.0,0.0,0.0,0.0,0.0,0.0,0.0,0.0,0.0,0.0,0.0,0.0,0.0,0.999553,3587441.6100120377,4.122406,4.3285263,4.534646599999999,4.7407669,4.9468872,5.153007499999999,5.3591277999999996,5.5652481,5.7713684,5.977488699999999,6.183609,6.389729299999999,6.595849599999999,6.8019699,7.0080902,7.2142105,7.4203307999999994,7.626451099999999,7.832571399999999,8.0386917,8.244812
SF11C46883512282050980,0,,2019-05-18T00:00:00-0500,0.005701,0.005701,0.004403,0.000304,2.4981782e-05,2.947417e-05,0.00024636301400000004,0.0056604829930000005,1.3106599e-05,8.306357e-06,4.138926e-06,3.3635900000000004e-06,5.9507038e-05,2.4981782e-05,2.947417e-05,0.00024636301400000004,0.0056604829930000005,1.3106599e-05,8.306357e-06,4.138926e-06,3.3635900000000004e-06,5.9507038e-05,0.0,0.0,0.0,0.0,0.0,0.0,0.0,0.0,0.0,0.0,0.0,0.0,0.0,0.0,0.0,0.0,0.0,0.0,0.999269,257.8065009694389,0.076917,0.08076285,0.0846087,0.08845454999999999,0.0923004,0.09614625,0.0999921,0.10383795,0.1076838,0.11152965000000001,0.11537549999999999,0.11922135,0.1230672,0.12691305,0.1307589,0.13460475,0.1384506,0.14229645000000002,0.1461423,0.14998815,0.153834
SF11C46883512282050980,1,,2019-05-18T01:00:00-0500,0.005702,0.005702,0.003776,0.000544,2.4986163999999996e-05,2.947934e-05,0.000246406228,0.005661475886,1.3108897999999999e-05,8.307813999999999e-06,4.139652e-06,3.3641799999999998e-06,5.9517475999999995e-05,2.4986163999999996e-05,2.947934e-05,0.000246406228,0.005661475886,1.3108897999999999e-05,8.307813999999999e-06,4.139652e-06,3.3641799999999998e-06,5.9517475999999995e-05,0.0,0.0,0.0,0.0,0.0,0.0,0.0,0.0,0.0,0.0,0.0,0.0,0.0,0.0,0.0,0.0,0.0,0.0,0.999269,257.8517222465779,0.07693,0.0807765,0.084623,0.0884695,0.092316,0.0961625,0.100009,0.1038555,0.10770199999999999,0.1115485,0.115395,0.1192415,0.123088,0.1269345,0.130781,0.1346275,0.13847399999999999,0.14232050000000002,0.146167,0.1500135,0.15386
SF11C46883512282050980,2,,2019-05-18T02:00:00-0500,0.005701,0.005701,0.003325,0.000737,2.4981782e-05,2.947417e-05,0.00024636301400000004,0.0056604829930000005,1.3106599e-05,8.306357e-06,4.138926e-06,3.3635900000000004e-06,5.9507038e-05,2.4981782e-05,2.947417e-05,0.00024636301400000004,0.0056604829930000005,1.3106599e-05,8.306357e-06,4.138926e-06,3.3635900000000004e-06,5.9507038e-05,0.0,0.0,0.0,0.0,0.0,0.0,0.0,0.0,0.0,0.0,0.0,0.0,0.0,0.0,0.0,0.0,0.0,0.0,0.999513,257.8065009694389,0.076917,0.08076285,0.0846087,0.08845454999999999,0.0923004,0.09614625,0.0999921,0.10383795,0.1076838,0.11152965000000001,0.11537549999999999,0.11922135,0.1230672,0.12691305,0.1307589,0.13460475,0.1384506,0.14229645000000002,0.1461423,0.14998815,0.153834
SF11C46883512282050980,3,,2019-05-18T03:00:00-0500,0.005702,0.005702,0.003003,0.000893,2.4986163999999996e-05,2.947934e-05,0.000246406228,0.005661475886,1.3108897999999999e-05,8.307813999999999e-06,4.139652e-06,3.3641799999999998e-06,5.9517475999999995e-05,2.4986163999999996e-05,2.947934e-05,0.000246406228,0.005661475886,1.3108897999999999e-05,8.307813999999999e-06,4.139652e-06,3.3641799999999998e-06,5.9517475999999995e-05,0.0,0.0,0.0,0.0,0.0,0.0,0.0,0.0,0.0,0.0,0.0,0.0,0.0,0.0,0.0,0.0,0.0,0.0,0.999635,257.8517222465779,0.07693,0.0807765,0.084623,0.0884695,0.092316,0.0961625,0.100009,0.1038555,0.10770199999999999,0.1115485,0.115395,0.1192415,0.123088,0.1269345,0.130781,0.1346275,0.13847399999999999,0.14232050000000002,0.146167,0.1500135,0.15386
SF11C46883512282050980,4,,2019-05-18T04:00:00-0500,0.005701,0.005701,0.002771,0.001023,2.4981782e-05,2.947417e-05,0.00024636301400000004,0.0056604829930000005,1.3106599e-05,8.306357e-06,4.138926e-06,3.3635900000000004e-06,5.9507038e-05,2.4981782e-05,2.947417e-05,0.00024636301400000004,0.0056604829930000005,1.3106599e-05,8.306357e-06,4.138926e-06,3.3635900000000004e-06,5.9507038e-05,0.0,0.0,0.0,0.0,0.0,0.0,0.0,0.0,0.0,0.0,0.0,0.0,0.0,0.0,0.0,0.0,0.0,0.0,0.999708,257.8065009694389,0.076917,0.08076285,0.0846087,0.08845454999999999,0.0923004,0.09614625,0.0999921,0.10383795,0.1076838,0.11152965000000001,0.11537549999999999,0.11922135,0.1230672,0.12691305,0.1307589,0.13460475,0.1384506,0.14229645000000002,0.1461423,0.14998815,0.153834
SF11C46883512282050980,5,,2019-05-18T05:00:00-0500,0.005701,0.005701,0.002606,0.001133,2.4981782e-05,2.947417e-05,0.00024636301400000004,0.0056604829930000005,1.3106599e-05,8.306357e-06,4.138926e-06,3.3635900000000004e-06,5.9507038e-05,2.4981782e-05,2.947417e-05,0.00024636301400000004,0.0056604829930000005,1.3106599e-05,8.306357e-06,4.138926e-06,3.3635900000000004e-06,5.9507038e-05,0.0,0.0,0.0,0.0,0.0,0.0,0.0,0.0,0.0,0.0,0.0,0.0,0.0,0.0,0.0,0.0,0.0,0.0,0.999756,257.8065009694389,0.076917,0.08076285,0.0846087,0.08845454999999999,0.0923004,0.09614625,0.0999921,0.10383795,0.1076838,0.11152965000000001,0.11537549999999999,0.11922135,0.1230672,0.12691305,0.1307589,0.13460475,0.1384506,0.14229645000000002,0.1461423,0.14998815,0.153834
SF11C46883512282050980,6,,2019-05-18T06:00:00-0500,0.005702,0.005702,0.002487,0.001226,2.4986163999999996e-05,2.947934e-05,0.000246406228,0.005661475886,1.3108897999999999e-05,8.307813999999999e-06,4.139652e-06,3.3641799999999998e-06,5.9517475999999995e-05,2.4986163999999996e-05,2.947934e-05,0.000246406228,0.005661475886,1.3108897999999999e-05,8.307813999999999e-06,4.139652e-06,3.3641799999999998e-06,5.9517475999999995e-05,0.0,0.0,0.0,0.0,0.0,0.0,0.0,0.0,0.0,0.0,0.0,0.0,0.0,0.0,0.0,0.0,0.0,0.0,0.999791,257.8517222465779,0.07693,0.0807765,0.084623,0.0884695,0.092316,0.0961625,0.100009,0.1038555,0.10770199999999999,0.1115485,0.115395,0.1192415,0.123088,0.1269345,0.130781,0.1346275,0.13847399999999999,0.14232050000000002,0.146167,0.1500135,0.15386
SF11C46883512282050980,7,,2019-05-18T07:00:00-0500,0.005701,0.005701,0.002402,0.001308,2.4981782e-05,2.947417e-05,0.00024636301400000004,0.0056604829930000005,1.3106599e-05,8.306357e-06,4.138926e-06,3.3635900000000004e-06,5.9507038e-05,2.4981782e-05,2.947417e-05,0.00024636301400000004,0.0056604829930000005,1.3106599e-05,8.306357e-06,4.138926e-06,3.3635900000000004e-06,5.9507038e-05,0.0,0.0,0.0,0.0,0.0,0.0,0.0,0.0,0.0,0.0,0.0,0.0,0.0,0.0,0.0,0.0,0.0,0.0,0.999817,257.8065009694389,0.076917,0.08076285,0.0846087,0.08845454999999999,0.0923004,0.09614625,0.0999921,0.10383795,0.1076838,0.11152965000000001,0.11537549999999999,0.11922135,0.1230672,0.12691305,0.1307589,0.13460475,0.1384506,0.14229645000000002,0.1461423,0.14998815,0.153834
SF11C46883512282050980,8,,2019-05-18T08:00:00-0500,0.005702,0.005702,0.002187,0.001368,2.4986163999999996e-05,2.947934e-05,0.000246406228,0.005661475886,1.3108897999999999e-05,8.307813999999999e-06,4.139652e-06,3.3641799999999998e-06,5.9517475999999995e-05,2.4986163999999996e-05,2.947934e-05,0.000246406228,0.005661475886,1.3108897999999999e-05,8.307813999999999e-06,4.139652e-06,3.3641799999999998e-06,5.9517475999999995e-05,0.0,0.0,0.0,0.0,0.0,0.0,0.0,0.0,0.0,0.0,0.0,0.0,0.0,0.0,0.0,0.0,0.0,0.0,0.999838,257.8517222465779,0.07693,0.0807765,0.084623,0.0884695,0.092316,0.0961625,0.100009,0.1038555,0.10770199999999999,0.1115485,0.115395,0.1192415,0.123088,0.1269345,0.130781,0.1346275,0.13847399999999999,0.14232050000000002,0.146167,0.1500135,0.15386
SF11C46883512282050980,9,,2019-05-18T09:00:00-0500,0.005701,0.005701,0.002871,0.001472,2.4981782e-05,2.947417e-05,0.00024636301400000004,0.0056604829930000005,1.3106599e-05,8.306357e-06,4.138926e-06,3.3635900000000004e-06,5.9507038e-05,2.4981782e-05,2.947417e-05,0.00024636301400000004,0.0056604829930000005,1.3106599e-05,8.306357e-06,4.138926e-06,3.3635900000000004e-06,5.9507038e-05,0.0,0.0,0.0,0.0,0.0,0.0,0.0,0.0,0.0,0.0,0.0,0.0,0.0,0.0,0.0,0.0,0.0,0.0,0.999854,257.8065009694389,0.076917,0.08076285,0.0846087,0.08845454999999999,0.0923004,0.09614625,0.0999921,0.10383795,0.1076838,0.11152965000000001,0.11537549999999999,0.11922135,0.1230672,0.12691305,0.1307589,0.13460475,0.1384506,0.14229645000000002,0.1461423,0.14998815,0.153834
SF11C46883512282050980,10,,2019-05-18T10:00:00-0500,0.020004,0.020004,0.012417,0.002229,8.7657528e-05,0.00010342068,0.0008644528560000001,0.019861831572000003,4.5989196e-05,2.9145828e-05,1.4522904e-05,1.1802360000000001e-05,0.000208801752,8.7657528e-05,0.00010342068,0.0008644528560000001,0.019861831572000003,4.5989196e-05,2.9145828e-05,1.4522904e-05,1.1802360000000001e-05,0.000208801752,0.0,0.0,0.0,0.0,0.0,0.0,0.0,0.0,0.0,0.0,0.0,0.0,0.0,0.0,0.0,0.0,0.0,0.0,0.999144,904.6064278885557,0.269884,0.2833782,0.29687240000000004,0.31036660000000005,0.3238608,0.337355,0.3508492,0.36434340000000004,0.3778376,0.3913318,0.404826,0.41832020000000003,0.43181440000000004,0.44530860000000005,0.45880280000000007,0.472297,0.48579120000000003,0.49928540000000005,0.5127796,0.5262738,0.539768
SF11C46883512282050980,11,,2019-05-18T11:00:00-0500,0.040008,0.040008,0.029285,0.0041,0.000175315056,0.00020684136,0.0017289057120000002,0.039723663144000006,9.1978392e-05,5.8291656e-05,2.9045808e-05,2.3604720000000003e-05,0.000417603504,0.000175315056,0.00020684136,0.0017289057120000002,0.039723663144000006,9.1978392e-05,5.8291656e-05,2.9045808e-05,2.3604720000000003e-05,0.000417603504,0.0,0.0,0.0,0.0,0.0,0.0,0.0,0.0,0.0,0.0,0.0,0.0,0.0,0.0,0.0,0.0,0.0,0.0,0.99737,1809.2128557771114,0.53975,0.5667374999999999,0.593725,0.6207125,0.6476999999999999,0.6746874999999999,0.7016749999999999,0.7286625,0.7556499999999999,0.7826374999999999,0.8096249999999999,0.8366125,0.8635999999999999,0.8905874999999999,0.9175749999999999,0.9445625,0.9715499999999999,0.9985374999999999,1.025525,1.0525125,1.0795
SF11C46883512282050980,12,,2019-05-18T12:00:00-0500,0.070014,0.070014,0.058436,0.007857,0.000306801348,0.00036197238000000006,0.0030255849960000004,0.06951641050200001,0.000160962186,0.000102010398,5.0830164e-05,4.130826e-05,0.000730806132,0.000306801348,0.00036197238000000006,0.0030255849960000004,0.06951641050200001,0.000160962186,0.000102010398,5.0830164e-05,4.130826e-05,0.000730806132,0.0,0.0,0.0,0.0,0.0,0.0,0.0,0.0,0.0,0.0,0.0,0.0,0.0,0.0,0.0,0.0,0.0,0.0,0.994721,3166.122497609945,0.944514,0.9917397,1.0389654,1.0861911,1.1334168,1.1806424999999998,1.2278682,1.2750939,1.3223196,1.3695453,1.4167709999999998,1.4639967,1.5112223999999999,1.5584481,1.6056738,1.6528994999999997,1.7001252,1.7473508999999998,1.7945765999999999,1.8418023,1.8890279999999997
SF11C46883512282050980,13,,2019-05-18T13:00:00-0500,0.10002,0.10002,0.092636,0.01372,0.00043828764,0.0005171034,0.00432226428,0.09930915786,0.00022994597999999997,0.00014572914,7.261452e-05,5.90118e-05,0.00104400876,0.00043828764,0.0005171034,0.00432226428,0.09930915786,0.00022994597999999997,0.00014572914,7.261452e-05,5.90118e-05,0.00104400876,0.0,0.0,0.0,0.0,0.0,0.0,0.0,0.0,0.0,0.0,0.0,0.0,0.0,0.0,0.0,0.0,0.0,0.0,0.992406,4523.032139442778,1.349238,1.4166999,1.4841617999999999,1.5516237,1.6190856,1.6865474999999999,1.7540094,1.8214712999999998,1.8889331999999999,1.9563951,2.0238569999999996,2.0913189,2.1587807999999997,2.2262427,2.2937046,2.3611664999999995,2.4286284,2.4960902999999997,2.5635521999999997,2.6310141,2.6984759999999994
SF11C46883512282050980,14,,2019-05-18T14:00:00-0500,0.130026,0.130026,0.130595,0.021801,0.0005697739319999999,0.00067223442,0.005618943564000001,0.129101905218,0.00029892977399999997,0.000189447882,9.4398876e-05,7.671534000000001e-05,0.0013572113879999998,0.0005697739319999999,0.00067223442,0.005618943564000001,0.129101905218,0.00029892977399999997,0.000189447882,9.4398876e-05,7.671534000000001e-05,0.0013572113879999998,0.0,0.0,0.0,0.0,0.0,0.0,0.0,0.0,0.0,0.0,0.0,0.0,0.0,0.0,0.0,0.0,0.0,0.0,0.990808,5879.941781275612,1.75392,1.841616,1.929312,2.0170079999999997,2.104704,2.1924,2.280096,2.3677919999999997,2.455488,2.543184,2.63088,2.7185759999999997,2.806272,2.893968,2.981664,3.0693599999999996,3.157056,3.244752,3.332448,3.4201439999999996,3.50784
SF11C46883512282050980,15,,2019-05-18T15:00:00-0500,0.160032,0.160032,0.1708,0.032104,0.000701260224,0.00082736544,0.006915622848000001,0.15889465257600002,0.000367913568,0.000233166624,0.000116183232,9.441888000000001e-05,0.001670414016,0.000701260224,0.00082736544,0.006915622848000001,0.15889465257600002,0.000367913568,0.000233166624,0.000116183232,9.441888000000001e-05,0.001670414016,0.0,0.0,0.0,0.0,0.0,0.0,0.0,0.0,0.0,0.0,0.0,0.0,0.0,0.0,0.0,0.0,0.0,0.0,0.989691,7236.8514231084455,2.158562,2.2664901,2.3744182,2.4823462999999997,2.5902743999999998,2.6982025,2.8061306,2.9140587,3.0219867999999996,3.1299148999999997,3.237843,3.3457711,3.4536992,3.5616272999999996,3.6695554,3.7774834999999998,3.8854116,3.9933397,4.1012678,4.209195899999999,4.317124
SF11C46883512282050980,16,,2019-05-18T16:00:00-0500,0.170034,0.170034,0.189309,0.042975,0.0007450889879999999,0.00087907578,0.007347849276,0.168825568362,0.00039090816599999997,0.000247739538,0.00012344468399999998,0.00010032006,0.001774814892,0.0007450889879999999,0.00087907578,0.007347849276,0.168825568362,0.00039090816599999997,0.000247739538,0.00012344468399999998,0.00010032006,0.001774814892,0.0,0.0,0.0,0.0,0.0,0.0,0.0,0.0,0.0,0.0,0.0,0.0,0.0,0.0,0.0,0.0,0.0,0.0,0.990372,7689.154637052723,2.293433,2.40810465,2.5227763,2.63744795,2.7521196,2.86679125,2.9814628999999995,3.0961345499999995,3.2108061999999995,3.3254778499999995,3.4401494999999995,3.5548211499999995,3.6694927999999996,3.7841644499999996,3.8988360999999996,4.01350775,4.1281794,4.24285105,4.3575227,4.47219435,4.586866
SF11C46883512282050980,17,,2019-05-18T17:00:00-0500,0.120024,0.120024,0.137003,0.049477,0.000525945168,0.00062052408,0.005186717136000001,0.11917098943200001,0.000275935176,0.000174874968,8.7137424e-05,7.081416e-05,0.001252810512,0.000525945168,0.00062052408,0.005186717136000001,0.11917098943200001,0.000275935176,0.000174874968,8.7137424e-05,7.081416e-05,0.001252810512,0.0,0.0,0.0,0.0,0.0,0.0,0.0,0.0,0.0,0.0,0.0,0.0,0.0,0.0,0.0,0.0,0.0,0.0,0.994854,5427.638567331334,1.619031,1.69998255,1.7809341,1.86188565,1.9428372,2.02378875,2.1047403,2.1856918500000004,2.2666434000000004,2.3475949500000004,2.4285465000000004,2.5094980500000004,2.5904496000000004,2.6714011500000003,2.7523527000000003,2.8333042500000003,2.9142558000000003,2.9952073500000003,3.0761589000000003,3.1571104500000002,3.238062
SF11C46883512282050980,18,,2019-05-18T18:00:00-0500,0.070014,0.070014,0.08058,0.051627,0.000306801348,0.00036197238000000006,0.0030255849960000004,0.06951641050200001,0.000160962186,0.000102010398,5.0830164e-05,4.130826e-05,0.000730806132,0.000306801348,0.00036197238000000006,0.0030255849960000004,0.06951641050200001,0.000160962186,0.000102010398,5.0830164e-05,4.130826e-05,0.000730806132,0.0,0.0,0.0,0.0,0.0,0.0,0.0,0.0,0.0,0.0,0.0,0.0,0.0,0.0,0.0,0.0,0.0,0.0,0.99818,3166.122497609945,0.944514,0.9917397,1.0389654,1.0861911,1.1334168,1.1806424999999998,1.2278682,1.2750939,1.3223196,1.3695453,1.4167709999999998,1.4639967,1.5112223999999999,1.5584481,1.6056738,1.6528994999999997,1.7001252,1.7473508999999998,1.7945765999999999,1.8418023,1.8890279999999997
SF11C46883512282050980,19,,2019-05-18T19:00:00-0500,0.040008,0.040008,0.045668,0.051215,0.000175315056,0.00020684136,0.0017289057120000002,0.039723663144000006,9.1978392e-05,5.8291656e-05,2.9045808e-05,2.3604720000000003e-05,0.000417603504,0.000175315056,0.00020684136,0.0017289057120000002,0.039723663144000006,9.1978392e-05,5.8291656e-05,2.9045808e-05,2.3604720000000003e-05,0.000417603504,0.0,0.0,0.0,0.0,0.0,0.0,0.0,0.0,0.0,0.0,0.0,0.0,0.0,0.0,0.0,0.0,0.0,0.0,0.999423,1809.2128557771114,0.53975,0.5667374999999999,0.593725,0.6207125,0.6476999999999999,0.6746874999999999,0.7016749999999999,0.7286625,0.7556499999999999,0.7826374999999999,0.8096249999999999,0.8366125,0.8635999999999999,0.8905874999999999,0.9175749999999999,0.9445625,0.9715499999999999,0.9985374999999999,1.025525,1.0525125,1.0795
SF11C46883512282050980,20,,2019-05-18T20:00:00-0500,0.005701,0.005701,0.006347,0.048113,2.4981782e-05,2.947417e-05,0.00024636301400000004,0.0056604829930000005,1.3106599e-05,8.306357e-06,4.138926e-06,3.3635900000000004e-06,5.9507038e-05,2.4981782e-05,2.947417e-05,0.00024636301400000004,0.0056604829930000005,1.3106599e-05,8.306357e-06,4.138926e-06,3.3635900000000004e-06,5.9507038e-05,0.0,0.0,0.0,0.0,0.0,0.0,0.0,0.0,0.0,0.0,0.0,0.0,0.0,0.0,0.0,0.0,0.0,0.0,0.999966,257.8065009694389,0.076917,0.08076285,0.0846087,0.08845454999999999,0.0923004,0.09614625,0.0999921,0.10383795,0.1076838,0.11152965000000001,0.11537549999999999,0.11922135,0.1230672,0.12691305,0.1307589,0.13460475,0.1384506,0.14229645000000002,0.1461423,0.14998815,0.153834
SF11C46883512282050980,21,,2019-05-18T21:00:00-0500,0.005702,0.005702,0.006085,0.045207,2.4986163999999996e-05,2.947934e-05,0.000246406228,0.005661475886,1.3108897999999999e-05,8.307813999999999e-06,4.139652e-06,3.3641799999999998e-06,5.9517475999999995e-05,2.4986163999999996e-05,2.947934e-05,0.000246406228,0.005661475886,1.3108897999999999e-05,8.307813999999999e-06,4.139652e-06,3.3641799999999998e-06,5.9517475999999995e-05,0.0,0.0,0.0,0.0,0.0,0.0,0.0,0.0,0.0,0.0,0.0,0.0,0.0,0.0,0.0,0.0,0.0,0.0,0.999992,257.8517222465779,0.07693,0.0807765,0.084623,0.0884695,0.092316,0.0961625,0.100009,0.1038555,0.10770199999999999,0.1115485,0.115395,0.1192415,0.123088,0.1269345,0.130781,0.1346275,0.13847399999999999,0.14232050000000002,0.146167,0.1500135,0.15386
SF11C46883512282050980,22,,2019-05-18T22:00:00-0500,0.005701,0.005701,0.005726,0.042477,2.4981782e-05,2.947417e-05,0.00024636301400000004,0.0056604829930000005,1.3106599e-05,8.306357e-06,4.138926e-06,3.3635900000000004e-06,5.9507038e-05,2.4981782e-05,2.947417e-05,0.00024636301400000004,0.0056604829930000005,1.3106599e-05,8.306357e-06,4.138926e-06,3.3635900000000004e-06,5.9507038e-05,0.0,0.0,0.0,0.0,0.0,0.0,0.0,0.0,0.0,0.0,0.0,0.0,0.0,0.0,0.0,0.0,0.0,0.0,0.999992,257.8065009694389,0.076917,0.08076285,0.0846087,0.08845454999999999,0.0923004,0.09614625,0.0999921,0.10383795,0.1076838,0.11152965000000001,0.11537549999999999,0.11922135,0.1230672,0.12691305,0.1307589,0.13460475,0.1384506,0.14229645000000002,0.1461423,0.14998815,0.153834
SF11C46883512282050980,23,,2019-05-18T23:00:00-0500,0.005702,0.005702,0.005281,0.039905,2.4986163999999996e-05,2.947934e-05,0.000246406228,0.005661475886,1.3108897999999999e-05,8.307813999999999e-06,4.139652e-06,3.3641799999999998e-06,5.9517475999999995e-05,2.4986163999999996e-05,2.947934e-05,0.000246406228,0.005661475886,1.3108897999999999e-05,8.307813999999999e-06,4.139652e-06,3.3641799999999998e-06,5.9517475999999995e-05,0.0,0.0,0.0,0.0,0.0,0.0,0.0,0.0,0.0,0.0,0.0,0.0,0.0,0.0,0.0,0.0,0.0,0.0,0.999992,257.8517222465779,0.07693,0.0807765,0.084623,0.0884695,0.092316,0.0961625,0.100009,0.1038555,0.10770199999999999,0.1115485,0.115395,0.1192415,0.123088,0.1269345,0.130781,0.1346275,0.13847399999999999,0.14232050000000002,0.146167,0.1500135,0.15386
SF11C46883612282050980,0,,2019-05-18T00:00:00-0500,0.005701,0.005701,0.004403,0.000304,0.010639600236,0.012554726557999999,0.128428745411,1.199784866393,0.006164437588,0.001181088477,0.002096749888,0.000790444925,0.030140794935999998,0.0021604965680000004,0.0025493845820000003,0.021308171620000003,0.48958341446100007,0.0011336666540000002,0.0007181834750000001,0.0003580228,0.000290836515,0.005146606255,0.008479103667999999,0.010005341975999999,0.107120573791,0.7102014519319999,0.005030770934,0.000462905002,0.001738727088,0.00049960841,0.024994188681,0.0,0.0,0.0,0.0,0.0,0.0,0.0,0.0,0.0,0.905127,1246525.0467822675,9.974157,10.47286485,10.9715727,11.47028055,11.9689884,12.46769625,12.9664041,13.46511195,13.9638198,14.46252765,14.9612355,15.45994335,15.9586512,16.45735905,16.9560669,17.45477475,17.9534826,18.45219045,18.9508983,19.44960615,19.948314
SF11C46883612282050980,1,,2019-05-18T01:00:00-0500,0.005701,0.005701,0.003775,0.000544,0.009430225468,0.011127664382,0.11315013529500001,1.0984888155610002,0.0054468986040000006,0.0011150643250000002,0.0018487552000000002,0.000719185765,0.02657587318,0.0021604965680000004,0.0025493845820000003,0.021308171620000003,0.48958341446100007,0.0011336666540000002,0.0007181834750000001,0.0003580228,0.000290836515,0.005146606255,0.0072697289,0.0085782798,0.09184196367500001,0.6089054011,0.00431323195,0.00039688085000000003,0.0014907324000000002,0.00042834925000000005,0.021429266925,0.0,0.0,0.0,0.0,0.0,0.0,0.0,0.0,0.0,0.905127,1246525.0467822675,9.974157,10.47286485,10.9715727,11.47028055,11.9689884,12.46769625,12.9664041,13.46511195,13.9638198,14.46252765,14.9612355,15.45994335,15.9586512,16.45735905,16.9560669,17.45477475,17.9534826,18.45219045,18.9508983,19.44960615,19.948314
SF11C46883612282050980,2,,2019-05-18T02:00:00-0500,0.005701,0.005701,0.003325,0.000737,0.008563635268,0.010105087982,0.102202086645,1.025904065761,0.0049327385040000005,0.001067754025,0.001671052,0.000668124265,0.02402139103,0.0021604965680000004,0.0025493845820000003,0.021308171620000003,0.48958341446100007,0.0011336666540000002,0.0007181834750000001,0.0003580228,0.000290836515,0.005146606255,0.0064031387,0.0075557034,0.080893915025,0.5363206513,0.0037990718500000003,0.00034957055,0.0013130292,0.00037728775,0.018874784775,0.0,0.0,0.0,0.0,0.0,0.0,0.0,0.0,0.0,0.936751,1246525.0467822675,9.974157,10.47286485,10.9715727,11.47028055,11.9689884,12.46769625,12.9664041,13.46511195,13.9638198,14.46252765,14.9612355,15.45994335,15.9586512,16.45735905,16.9560669,17.45477475,17.9534826,18.45219045,18.9508983,19.44960615,19.948314
SF11C46883612282050980,3,,2019-05-18T03:00:00-0500,0.005701,0.005701,0.003003,0.000893,0.007943541836,0.009373377758,0.09436814961100001,0.9739656447930001,0.004564828388,0.001033900877,0.001543895488,0.0006315869249999999,0.022193517136,0.0021604965680000004,0.0025493845820000003,0.021308171620000003,0.48958341446100007,0.0011336666540000002,0.0007181834750000001,0.0003580228,0.000290836515,0.005146606255,0.005783045268,0.006823993176,0.073059977991,0.484382230332,0.0034311617340000004,0.000315717402,0.001185872688,0.00034075041,0.017046910881,0.0,0.0,0.0,0.0,0.0,0.0,0.0,0.0,0.0,0.952564,1246525.0467822675,9.974157,10.47286485,10.9715727,11.47028055,11.9689884,12.46769625,12.9664041,13.46511195,13.9638198,14.46252765,14.9612355,15.45994335,15.9586512,16.45735905,16.9560669,17.45477475,17.9534826,18.45219045,18.9508983,19.44960615,19.948314
SF11C46883612282050980,4,,2019-05-18T04:00:00-0500,0.005701,0.005701,0.002771,0.001023,0.007496766444,0.008846182814,0.08872382230700002,0.936544173785,0.004299750292,0.0010095097890000001,0.001452279616,0.000605261885,0.020876539671999997,0.0021604965680000004,0.0025493845820000003,0.021308171620000003,0.48958341446100007,0.0011336666540000002,0.0007181834750000001,0.0003580228,0.000290836515,0.005146606255,0.005336269876,0.006296798232,0.067415650687,0.446960759324,0.003166083638,0.000291326314,0.001094256816,0.00031442537,0.015729933417,0.0,0.0,0.0,0.0,0.0,0.0,0.0,0.0,0.0,0.962051,1246525.0467822675,9.974157,10.47286485,10.9715727,11.47028055,11.9689884,12.46769625,12.9664041,13.46511195,13.9638198,14.46252765,14.9612355,15.45994335,15.9586512,16.45735905,16.9560669,17.45477475,17.9534826,18.45219045,18.9508983,19.44960615,19.948314
SF11C46883612282050980,5,,2019-05-18T05:00:00-0500,0.005701,0.005701,0.002606,0.001133,0.0071790167040000005,0.008471238134000001,0.084709537802,0.909929765525,0.004111224922000001,0.000992162679,0.001387121776,0.000586539335,0.019939896217,0.0021604965680000004,0.0025493845820000003,0.021308171620000003,0.48958341446100007,0.0011336666540000002,0.0007181834750000001,0.0003580228,0.000290836515,0.005146606255,0.005018520136,0.005921853552,0.063401366182,0.420346351064,0.002977558268,0.000273979204,0.001029098976,0.00029570282,0.014793289961999998,0.0,0.0,0.0,0.0,0.0,0.0,0.0,0.0,0.0,0.968376,1246525.0467822675,9.974157,10.47286485,10.9715727,11.47028055,11.9689884,12.46769625,12.9664041,13.46511195,13.9638198,14.46252765,14.9612355,15.45994335,15.9586512,16.45735905,16.9560669,17.45477475,17.9534826,18.45219045,18.9508983,19.44960615,19.948314
SF11C46883612282050980,6,,2019-05-18T06:00:00-0500,0.005701,0.005701,0.002487,0.001226,0.0069498517400000005,0.008200823486,0.08181438715900001,0.890735131689,0.00397525814,0.0009796517330000001,0.001340129152,0.000573036405,0.019264377604000002,0.0021604965680000004,0.0025493845820000003,0.021308171620000003,0.48958341446100007,0.0011336666540000002,0.0007181834750000001,0.0003580228,0.000290836515,0.005146606255,0.0047893551720000005,0.005651438904,0.060506215539000006,0.40115171722799997,0.0028415914860000003,0.000261468258,0.000982106352,0.00028219989000000003,0.014117771349,0.0,0.0,0.0,0.0,0.0,0.0,0.0,0.0,0.0,0.972893,1246525.0467822675,9.974157,10.47286485,10.9715727,11.47028055,11.9689884,12.46769625,12.9664041,13.46511195,13.9638198,14.46252765,14.9612355,15.45994335,15.9586512,16.45735905,16.9560669,17.45477475,17.9534826,18.45219045,18.9508983,19.44960615,19.948314
SF11C46883612282050980,7,,2019-05-18T07:00:00-0500,0.005701,0.005701,0.002402,0.001308,0.00678616248,0.008007670166,0.07974642241400001,0.877024678949,0.0038781390100000005,0.0009707153430000002,0.0013065629920000002,0.000563391455,0.018781864309,0.0021604965680000004,0.0025493845820000003,0.021308171620000003,0.48958341446100007,0.0011336666540000002,0.0007181834750000001,0.0003580228,0.000290836515,0.005146606255,0.004625665912,0.005458285584,0.058438250794,0.387441264488,0.0027444723560000003,0.000252531868,0.0009485401920000001,0.00027255494000000003,0.013635258054,0.0,0.0,0.0,0.0,0.0,0.0,0.0,0.0,0.0,0.976282,1246525.0467822675,9.974157,10.47286485,10.9715727,11.47028055,11.9689884,12.46769625,12.9664041,13.46511195,13.9638198,14.46252765,14.9612355,15.45994335,15.9586512,16.45735905,16.9560669,17.45477475,17.9534826,18.45219045,18.9508983,19.44960615,19.948314
SF11C46883612282050980,8,,2019-05-18T08:00:00-0500,0.005701,0.005701,0.002187,0.001368,0.006372124940000001,0.007519105886000001,0.07451568805900001,0.8423452984890001,0.0036324847400000006,0.0009481115330000001,0.0012216603520000002,0.000538995405,0.017561389503999998,0.0021604965680000004,0.0025493845820000003,0.021308171620000003,0.48958341446100007,0.0011336666540000002,0.0007181834750000001,0.0003580228,0.000290836515,0.005146606255,0.0042116283720000005,0.004969721304,0.053207516439000006,0.352761884028,0.0024988180860000004,0.00022992805800000002,0.0008636375520000001,0.00024815889,0.012414783249,0.0,0.0,0.0,0.0,0.0,0.0,0.0,0.0,0.0,0.978917,1246525.0467822675,9.974157,10.47286485,10.9715727,11.47028055,11.9689884,12.46769625,12.9664041,13.46511195,13.9638198,14.46252765,14.9612355,15.45994335,15.9586512,16.45735905,16.9560669,17.45477475,17.9534826,18.45219045,18.9508983,19.44960615,19.948314
SF11C46883612282050980,9,,2019-05-18T09:00:00-0500,0.005701,0.005701,0.002871,0.001472,0.007689342044,0.009073422014,0.09115672200700001,0.952674118185,0.004414008092,0.0010200231890000002,0.001491769216,0.000616608885,0.021444202371999996,0.0021604965680000004,0.0025493845820000003,0.021308171620000003,0.48958341446100007,0.0011336666540000002,0.0007181834750000001,0.0003580228,0.000290836515,0.005146606255,0.005528845476,0.006524037432,0.069848550387,0.46309070372399996,0.003280341438,0.000301839714,0.001133746416,0.00032577237,0.016297596116999997,0.0,0.0,0.0,0.0,0.0,0.0,0.0,0.0,0.0,0.981025,1246525.0467822675,9.974157,10.47286485,10.9715727,11.47028055,11.9689884,12.46769625,12.9664041,13.46511195,13.9638198,14.46252765,14.9612355,15.45994335,15.9586512,16.45735905,16.9560669,17.45477475,17.9534826,18.45219045,18.9508983,19.44960615,19.948314
SF11C46883612282050980,10,,2019-05-18T10:00:00-0500,0.020004,0.020004,0.012417,0.002229,0.031492988124000004,0.037161720192,0.37686050622899997,3.7207339231920002,0.018165266442,0.0038254527780000004,0.006159674832,0.0024294610499999997,0.08854538847899998,0.007580875872000001,0.008945428728,0.07476735048000001,1.7178787270440001,0.003977875416000001,0.0025200039,0.0012562512,0.00102050406,0.01805871102,0.023912112252,0.028216291464,0.302093155749,2.002855196148,0.014187391026,0.001305448878,0.004903423632,0.00140895699,0.07048667745899999,0.0,0.0,0.0,0.0,0.0,0.0,0.0,0.0,0.0,0.888889,4373879.501110766,34.888566,36.6329943,38.377422599999996,40.1218509,41.866279199999994,43.6107075,45.3551358,47.099564099999995,48.8439924,50.58842069999999,52.332848999999996,54.07727729999999,55.821705599999994,57.5661339,59.31056219999999,61.054990499999995,62.7994188,64.5438471,66.28827539999999,68.03270369999998,69.777132
SF11C46883612282050980,11,,2019-05-18T11:00:00-0500,0.040008,0.040008,0.029285,0.0041,0.071557516204,0.084437857176,0.862009378105,8.159411671628,0.041416147562,0.00811885699,0.01407703176,0.0053639770699999995,0.20235744373499998,0.015161751744000002,0.017890857456,0.14953470096000002,3.4357574540880003,0.007955750832000001,0.0050400078,0.0025125024,0.00204100812,0.03611742204,0.05639576446,0.06654699972,0.712474677145,4.723654217539999,0.03346039673,0.00307884919,0.01156452936,0.00332296895,0.166240021695,0.0,0.0,0.0,0.0,0.0,0.0,0.0,0.0,0.0,0.67521,8747759.002221532,69.472829,72.94647045,76.42011190000001,79.89375335,83.3673948,86.84103625,90.3146777,93.78831915,97.26196060000001,100.73560205000001,104.20924350000001,107.68288495000002,111.1565264,114.63016785,118.10380930000001,121.57745075,125.0510922,128.52473365,131.9983751,135.47201655,138.945658
SF11C46883612282050980,12,,2019-05-18T12:00:00-0500,0.070014,0.070014,0.058436,0.007857,0.13906654316800002,0.16409849946000002,1.6833749953720003,15.438269854238001,0.08069025196400001,0.014963624074000002,0.027473021856,0.01020249713,0.39492486394200005,0.026533065552000003,0.031309000548,0.26168572668000006,6.012575544654001,0.013922563956000002,0.008820013650000002,0.0043968792,0.0035717642100000003,0.06320548857000001,0.11253347761600001,0.132789498912,1.4216892686920002,9.425694309584,0.06676768800800001,0.006143610424000001,0.023076142656,0.00663073292,0.331719375372,0.0,0.0,0.0,0.0,0.0,0.0,0.0,0.0,0.0,0.644382,15308578.253887683,120.784454,126.8236767,132.8628994,138.90212209999999,144.9413448,150.9805675,157.0197902,163.0590129,169.0982356,175.1374583,181.176681,187.2159037,193.2551264,199.29434909999998,205.33357180000002,211.3727945,217.41201719999998,223.4512399,229.4904626,235.52968529999998,241.568908
SF11C46883612282050980,13,,2019-05-18T13:00:00-0500,0.10002,0.10002,0.092637,0.01372,0.216300637932,0.255234721344,2.627602047489,23.531690229048,0.125734375266,0.022339317858000002,0.042863236752,0.015614040689999999,0.616159250499,0.037904379360000004,0.04472714364,0.3738367524,8.58939363522,0.01988937708,0.0126000195,0.006281255999999999,0.0051025203,0.09029355509999999,0.178396258572,0.210507577704,2.253765295089,14.942296593827999,0.105844998186,0.009739298358,0.036581980752000004,0.01051152039,0.525865695399,0.0,0.0,0.0,0.0,0.0,0.0,0.0,0.0,0.0,0.668988,21869397.50555383,171.426225,179.99753625,188.56884749999998,197.14015874999998,205.71147,214.28278124999997,222.85409249999998,231.42540375,239.996715,248.56802624999997,257.1393375,265.71064874999996,274.28195999999997,282.85327125,291.4245825,299.99589374999994,308.56720499999994,317.13851624999995,325.70982749999996,334.28113874999997,342.85245
SF11C46883612282050980,14,,2019-05-18T14:00:00-0500,0.130026,0.130026,0.130595,0.021801,0.300769797988,0.354908319972,3.663233141335,32.231112614966,0.175071164114,0.03011000008,0.05973707591999999,0.021451891039999997,0.8587207246949999,0.049275693168000005,0.05814528673200001,0.48598777812000005,11.166211725786,0.025856190204000002,0.01638002535,0.0081656328,0.00663327639,0.11738162163,0.25149410482,0.29676303324,3.177245363215,21.06490088918,0.14921497391,0.01372997473,0.05157144312,0.014818614649999999,0.741339103065,0.0,0.0,0.0,0.0,0.0,0.0,0.0,0.0,0.0,0.703836,28430216.757219978,221.406886,232.47723029999997,243.5475746,254.61791889999998,265.6882632,276.7586075,287.82895179999997,298.89929609999996,309.9696404,321.0399847,332.110329,343.18067329999997,354.25101759999995,365.32136189999994,376.39170619999993,387.4620505,398.53239479999996,409.60273909999995,420.6730834,431.7434277,442.813772
SF11C46883612282050980,15,,2019-05-18T15:00:00-0500,0.160032,0.160032,0.1708,0.032104,0.389566131776,0.459687983424,4.75353149144,41.292974851552,0.22697532572800003,0.038116918400000005,0.0774982464,0.02754470848,1.11403757976,0.060647006976000006,0.071563429824,0.5981388038400001,13.743029816352001,0.031823003328000005,0.0201600312,0.0100500096,0.00816403248,0.14446968816,0.3289191248,0.38812455360000003,4.1553926876,27.5499450352,0.19515232240000002,0.0179568872,0.0674482368,0.019380676,0.9695678916,0.0,0.0,0.0,0.0,0.0,0.0,0.0,0.0,0.0,0.736568,34991036.00888613,270.735067,284.27182035000004,297.8085737,311.34532705000004,324.8820804,338.41883375000003,351.9555871,365.49234045000003,379.02909380000006,392.56584715,406.1026005,419.63935385,433.17610720000005,446.7128605500001,460.24961390000004,473.78636725,487.32312060000004,500.85987395000006,514.3966273000001,527.9333806500001,541.470134
SF11C46883612282050980,16,,2019-05-18T16:00:00-0500,0.170034,0.170034,0.189309,0.042975,0.429000387516,0.506220401316,5.241220572153001,45.13740562407,0.25011223963800006,0.041322845556,0.085435502064,0.030155176739999998,1.228135624413,0.064437444912,0.076036144188,0.63552247908,14.601969179873999,0.033811941036,0.02142003315,0.0106781352,0.00867428451,0.15349904366999997,0.364562942604,0.430184257128,4.605698093073,30.535436444195998,0.21630029860200004,0.019902812406,0.074757366864,0.02148089223,1.074636580743,0.0,0.0,0.0,0.0,0.0,0.0,0.0,0.0,0.0,0.773631,37177975.75944151,287.034274,301.3859877,315.7377014,330.0894151,344.4411288,358.7928425,373.1445562,387.49626989999996,401.84798359999996,416.19969729999997,430.551411,444.9031247,459.2548384,473.6065521,487.95826579999994,502.30997949999994,516.6616932,531.0134069,545.3651206,559.7168343,574.068548
SF11C46883612282050980,17,,2019-05-18T17:00:00-0500,0.120024,0.120024,0.137004,0.049477,0.30932153025599995,0.36499936593599996,3.781774007868,32.40594138804,0.180405008808,0.029523801936000002,0.061639838784,0.02166886824,0.886072871628,0.045485255232000005,0.05367257236800001,0.44860410288,10.307272362264001,0.023867252496,0.015120023400000002,0.0075375072,0.00612302436,0.10835226612,0.263836275024,0.31132679356799997,3.333169904988,22.098669025775997,0.156537756312,0.014403778535999999,0.054102331584,0.015545843879999998,0.7777206055079999,0.0,0.0,0.0,0.0,0.0,0.0,0.0,0.0,0.0,0.84021,26243277.006664596,204.819587,215.06056635000002,225.30154570000002,235.54252505000002,245.78350440000003,256.02448375,266.26546310000003,276.50644245,286.7474218,296.98840115,307.22938050000005,317.47035985,327.7113392,337.95231855,348.1932979,358.43427725000004,368.6752566,378.91623595,389.1572153,399.39819465000005,409.639174
SF11C46883612282050980,18,,2019-05-18T18:00:00-0500,0.070014,0.070014,0.08058,0.051627,0.181710484032,0.21441834790800002,2.22211630494,19.010084742174,0.10599149919600001,0.017291711370000004,0.03621759888000001,0.01271517681,0.52062809223,0.026533065552000003,0.031309000548,0.26168572668000006,6.012575544654001,0.013922563956000002,0.008820013650000002,0.0043968792,0.0035717642100000003,0.06320548857000001,0.15517741848,0.18310934736,1.96043057826,12.99750919752,0.09206893524000001,0.00847169772,0.031820719680000005,0.0091434126,0.45742260366,0.0,0.0,0.0,0.0,0.0,0.0,0.0,0.0,0.0,0.906789,15308578.253887683,120.784454,126.8236767,132.8628994,138.90212209999999,144.9413448,150.9805675,157.0197902,163.0590129,169.0982356,175.1374583,181.176681,187.2159037,193.2551264,199.29434909999998,205.33357180000002,211.3727945,217.41201719999998,223.4512399,229.4904626,235.52968529999998,241.568908
SF11C46883612282050980,19,,2019-05-18T19:00:00-0500,0.040008,0.040008,0.045668,0.051215,0.103107176752,0.121666455312,1.2605913359560001,10.80198046268,0.06013500293600001,0.009841267312,0.020546612928000002,0.00722295608,0.295357623876,0.015161751744000002,0.017890857456,0.14953470096000002,3.4357574540880003,0.007955750832000001,0.0050400078,0.0025125024,0.00204100812,0.03611742204,0.087945425008,0.103775597856,1.111056634996,7.366223008592,0.052179252104000005,0.004801259512,0.018034110528,0.00518194796,0.259240201836,0.0,0.0,0.0,0.0,0.0,0.0,0.0,0.0,0.0,0.946737,8747759.002221532,69.472829,72.94647045,76.42011190000001,79.89375335,83.3673948,86.84103625,90.3146777,93.78831915,97.26196060000001,100.73560205000001,104.20924350000001,107.68288495000002,111.1565264,114.63016785,118.10380930000001,121.57745075,125.0510922,128.52473365,131.9983751,135.47201655,138.945658
SF11C46883612282050980,20,,2019-05-18T20:00:00-0500,0.005701,0.005701,0.006348,0.048113,0.014385195656,0.016974528998,0.17574864457600003,1.513512284973,0.008386751798,0.001385574107,0.0028648226080000005,0.001011144075,0.041181834451,0.0021604965680000004,0.0025493845820000003,0.021308171620000003,0.48958341446100007,0.0011336666540000002,0.0007181834750000001,0.0003580228,0.000290836515,0.005146606255,0.012224699088,0.014425144416000001,0.15444047295600002,1.023928870512,0.0072530851440000006,0.0006673906320000001,0.0025067998080000003,0.00072030756,0.036035228196,0.0,0.0,0.0,0.0,0.0,0.0,0.0,0.0,0.0,0.993923,1246525.0467822675,9.974157,10.47286485,10.9715727,11.47028055,11.9689884,12.46769625,12.9664041,13.46511195,13.9638198,14.46252765,14.9612355,15.45994335,15.9586512,16.45735905,16.9560669,17.45477475,17.9534826,18.45219045,18.9508983,19.44960615,19.948314
SF11C46883612282050980,21,,2019-05-18T21:00:00-0500,0.005701,0.005701,0.006085,0.045207,0.013878721828000002,0.016376889902,0.16935011836500002,1.471090531201,0.008086253784000002,0.001357923865,0.00276096496,0.000981301465,0.03968888155,0.0021604965680000004,0.0025493845820000003,0.021308171620000003,0.48958341446100007,0.0011336666540000002,0.0007181834750000001,0.0003580228,0.000290836515,0.005146606255,0.011718225260000001,0.01382750532,0.148041946745,0.98150711674,0.006952587130000001,0.00063974039,0.00240294216,0.00069046495,0.034542275295,0.0,0.0,0.0,0.0,0.0,0.0,0.0,0.0,0.0,0.998484,1246525.0467822675,9.974157,10.47286485,10.9715727,11.47028055,11.9689884,12.46769625,12.9664041,13.46511195,13.9638198,14.46252765,14.9612355,15.45994335,15.9586512,16.45735905,16.9560669,17.45477475,17.9534826,18.45219045,18.9508983,19.44960615,19.948314
SF11C46883612282050980,22,,2019-05-18T22:00:00-0500,0.005701,0.005701,0.005726,0.042477,0.013187375424000001,0.015561101174000001,0.16061600844200002,1.413184030805,0.007676068282000001,0.0013201807590000002,0.002619197296,0.0009405657350000001,0.037650972457,0.0021604965680000004,0.0025493845820000003,0.021308171620000003,0.48958341446100007,0.0011336666540000002,0.0007181834750000001,0.0003580228,0.000290836515,0.005146606255,0.011026878856,0.013011716592,0.13930783682200001,0.923600616344,0.006542401628000001,0.000601997284,0.002261174496,0.00064972922,0.032504366202,0.0,0.0,0.0,0.0,0.0,0.0,0.0,0.0,0.0,0.998484,1246525.0467822675,9.974157,10.47286485,10.9715727,11.47028055,11.9689884,12.46769625,12.9664041,13.46511195,13.9638198,14.46252765,14.9612355,15.45994335,15.9586512,16.45735905,16.9560669,17.45477475,17.9534826,18.45219045,18.9508983,19.44960615,19.948314
SF11C46883612282050980,23,,2019-05-18T23:00:00-0500,0.005701,0.005701,0.00528,0.039905,0.012328488248000001,0.014547614342,0.14976527578,1.341244478781,0.007166478494000001,0.0012732909950000002,0.0024430736800000004,0.0008899581149999999,0.035119196814999996,0.0021604965680000004,0.0025493845820000003,0.021308171620000003,0.48958341446100007,0.0011336666540000002,0.0007181834750000001,0.0003580228,0.000290836515,0.005146606255,0.01016799168,0.01199822976,0.12845710416,0.85166106432,0.006032811840000001,0.00055510752,0.00208505088,0.0005991216,0.029972590559999998,0.0,0.0,0.0,0.0,0.0,0.0,0.0,0.0,0.0,0.998484,1246525.0467822675,9.974157,10.47286485,10.9715727,11.47028055,11.9689884,12.46769625,12.9664041,13.46511195,13.9638198,14.46252765,14.9612355,15.45994335,15.9586512,16.45735905,16.9560669,17.45477475,17.9534826,18.45219045,18.9508983,19.44960615,19.948314
SF11C46883712282050980,0,,2019-05-18T00:00:00-0500,0.005701,0.005701,0.004403,0.000304,0.008922809509,0.010528920406999999,0.11069281804999999,0.8521928626399999,0.0052436982919999995,0.0006910075,0.0018008417829999998,0.000581302892,0.025887074008999998,0.0007338327200000001,0.00086592489,0.007237539221,0.166292030023,0.00038506264300000007,0.00024394008900000002,0.000121608031,9.8786928e-05,0.0017480976300000002,0.008188976789,0.009662995516999999,0.10345527882899999,0.685900832617,0.004858635649,0.000447067411,0.0016792337519999998,0.000482515964,0.024138976378999998,0.0,0.0,0.0,0.0,0.0,0.0,0.0,0.0,0.0,0.857691,914316.1366052167,14.951905,15.69950025,16.4470955,17.19469075,17.942286,18.68988125,19.437476500000002,20.18507175,20.932667000000002,21.68026225,22.427857500000002,23.175452749999998,23.923048,24.67064325,25.4182385,26.16583375,26.913429,27.66102425,28.4086195,29.15621475,29.90381
SF11C46883712282050980,1,,2019-05-18T01:00:00-0500,0.005701,0.005701,0.003775,0.000544,0.007754815545,0.009150687115,0.095936989046,0.754362809748,0.004550710968,0.0006272422640000001,0.001561332631,0.000512481628,0.022444131205000002,0.0007338327200000001,0.00086592489,0.007237539221,0.166292030023,0.00038506264300000007,0.00024394008900000002,0.000121608031,9.8786928e-05,0.0017480976300000002,0.007020982825,0.008284762225,0.088699449825,0.588070779725,0.004165648325,0.00038330217500000003,0.0014397246,0.0004136947,0.020696033575,0.0,0.0,0.0,0.0,0.0,0.0,0.0,0.0,0.0,0.857691,914316.1366052167,14.951905,15.69950025,16.4470955,17.19469075,17.942286,18.68988125,19.437476500000002,20.18507175,20.932667000000002,21.68026225,22.427857500000002,23.175452749999998,23.923048,24.67064325,25.4182385,26.16583375,26.913429,27.66102425,28.4086195,29.15621475,29.90381
SF11C46883712282050980,2,,2019-05-18T02:00:00-0500,0.005701,0.005701,0.003325,0.000737,0.006917877195,0.008163099565,0.085363544696,0.6842616571979999,0.004054143618,0.0005815506140000001,0.0013897098309999998,0.000463167028,0.019977054355,0.0007338327200000001,0.00086592489,0.007237539221,0.166292030023,0.00038506264300000007,0.00024394008900000002,0.000121608031,9.8786928e-05,0.0017480976300000002,0.006184044475,0.0072971746749999995,0.078126005475,0.517969627175,0.003669080975,0.000337610525,0.0012681017999999998,0.0003643801,0.018228956725,0.0,0.0,0.0,0.0,0.0,0.0,0.0,0.0,0.0,0.905127,914316.1366052167,14.951905,15.69950025,16.4470955,17.19469075,17.942286,18.68988125,19.437476500000002,20.18507175,20.932667000000002,21.68026225,22.427857500000002,23.175452749999998,23.923048,24.67064325,25.4182385,26.16583375,26.913429,27.66102425,28.4086195,29.15621475,29.90381
SF11C46883712282050980,3,,2019-05-18T03:00:00-0500,0.005701,0.005701,0.003003,0.000893,0.006319001309,0.007456425807000001,0.07779765785,0.63410038804,0.0036988220919999997,0.0005488557,0.001266904183,0.000427879692,0.018211723809,0.0007338327200000001,0.00086592489,0.007237539221,0.166292030023,0.00038506264300000007,0.00024394008900000002,0.000121608031,9.8786928e-05,0.0017480976300000002,0.005585168589,0.006590500917,0.070560118629,0.467808358017,0.003313759449,0.000304915611,0.0011452961520000001,0.000329092764,0.016463626179,0.0,0.0,0.0,0.0,0.0,0.0,0.0,0.0,0.0,0.928845,914316.1366052167,14.951905,15.69950025,16.4470955,17.19469075,17.942286,18.68988125,19.437476500000002,20.18507175,20.932667000000002,21.68026225,22.427857500000002,23.175452749999998,23.923048,24.67064325,25.4182385,26.16583375,26.913429,27.66102425,28.4086195,29.15621475,29.90381
SF11C46883712282050980,4,,2019-05-18T04:00:00-0500,0.005701,0.005701,0.002771,0.001023,0.0058875130930000005,0.006947269559,0.072346459874,0.597959349392,0.0034428140360000005,0.0005252991160000001,0.001178423095,0.000402455276,0.016939808633,0.0007338327200000001,0.00086592489,0.007237539221,0.166292030023,0.00038506264300000007,0.00024394008900000002,0.000121608031,9.8786928e-05,0.0017480976300000002,0.005153680373000001,0.006081344669,0.065108920653,0.431667319369,0.003057751393,0.000281359027,0.001056815064,0.000303668348,0.015191711003,0.0,0.0,0.0,0.0,0.0,0.0,0.0,0.0,0.0,0.943076,914316.1366052167,14.951905,15.69950025,16.4470955,17.19469075,17.942286,18.68988125,19.437476500000002,20.18507175,20.932667000000002,21.68026225,22.427857500000002,23.175452749999998,23.923048,24.67064325,25.4182385,26.16583375,26.913429,27.66102425,28.4086195,29.15621475,29.90381
SF11C46883712282050980,5,,2019-05-18T05:00:00-0500,0.005701,0.005701,0.002606,0.001133,0.005580635697999999,0.006585154123999999,0.06846953027899999,0.572255593457,0.0032607393409999994,0.000508545511,0.001115494735,0.000384373256,0.016035213787999998,0.0007338327200000001,0.00086592489,0.007237539221,0.166292030023,0.00038506264300000007,0.00024394008900000002,0.000121608031,9.8786928e-05,0.0017480976300000002,0.0048468029779999994,0.005719229233999999,0.06123199105799999,0.405963563434,0.0028756766979999996,0.000264605422,0.000993886704,0.000285586328,0.014287116158,0.0,0.0,0.0,0.0,0.0,0.0,0.0,0.0,0.0,0.952564,914316.1366052167,14.951905,15.69950025,16.4470955,17.19469075,17.942286,18.68988125,19.437476500000002,20.18507175,20.932667000000002,21.68026225,22.427857500000002,23.175452749999998,23.923048,24.67064325,25.4182385,26.16583375,26.913429,27.66102425,28.4086195,29.15621475,29.90381
SF11C46883712282050980,6,,2019-05-18T06:00:00-0500,0.005701,0.005701,0.002487,0.001226,0.005359312001,0.006323992083,0.065673441662,0.553717733116,0.0031294248640000005,0.000496462608,0.001070110039,0.000371332284,0.015382809021000001,0.0007338327200000001,0.00086592489,0.007237539221,0.166292030023,0.00038506264300000007,0.00024394008900000002,0.000121608031,9.8786928e-05,0.0017480976300000002,0.004625479281,0.005458067193,0.058435902441,0.387425703093,0.002744362221,0.000252522519,0.000948502008,0.000272545356,0.013634711391,0.0,0.0,0.0,0.0,0.0,0.0,0.0,0.0,0.0,0.95934,914316.1366052167,14.951905,15.69950025,16.4470955,17.19469075,17.942286,18.68988125,19.437476500000002,20.18507175,20.932667000000002,21.68026225,22.427857500000002,23.175452749999998,23.923048,24.67064325,25.4182385,26.16583375,26.913429,27.66102425,28.4086195,29.15621475,29.90381
SF11C46883712282050980,7,,2019-05-18T07:00:00-0500,0.005701,0.005701,0.002402,0.001308,0.0052012236460000005,0.006137447767999999,0.063676235507,0.540476404301,0.003035628809,0.00048783196300000004,0.001037692399,0.000362017304,0.014916805616000001,0.0007338327200000001,0.00086592489,0.007237539221,0.166292030023,0.00038506264300000007,0.00024394008900000002,0.000121608031,9.8786928e-05,0.0017480976300000002,0.0044673909260000005,0.005271522878,0.056438696286,0.374184374278,0.0026505661660000002,0.00024389187400000002,0.000916084368,0.000263230376,0.013168707986,0.0,0.0,0.0,0.0,0.0,0.0,0.0,0.0,0.0,0.964423,914316.1366052167,14.951905,15.69950025,16.4470955,17.19469075,17.942286,18.68988125,19.437476500000002,20.18507175,20.932667000000002,21.68026225,22.427857500000002,23.175452749999998,23.923048,24.67064325,25.4182385,26.16583375,26.913429,27.66102425,28.4086195,29.15621475,29.90381
SF11C46883712282050980,8,,2019-05-18T08:00:00-0500,0.005701,0.005701,0.002187,0.001368,0.004801353101,0.005665600383,0.058624478762,0.506983631416,0.0027983799640000006,0.00046600150800000004,0.0009556948390000001,0.00033845588400000003,0.013738091121,0.0007338327200000001,0.00086592489,0.007237539221,0.166292030023,0.00038506264300000007,0.00024394008900000002,0.000121608031,9.8786928e-05,0.0017480976300000002,0.0040675203810000005,0.004799675493,0.051386939541,0.34069160139300003,0.0024133173210000003,0.00022206141900000002,0.0008340868080000001,0.00023966895600000004,0.011989993491,0.0,0.0,0.0,0.0,0.0,0.0,0.0,0.0,0.0,0.968376,914316.1366052167,14.951905,15.69950025,16.4470955,17.19469075,17.942286,18.68988125,19.437476500000002,20.18507175,20.932667000000002,21.68026225,22.427857500000002,23.175452749999998,23.923048,24.67064325,25.4182385,26.16583375,26.913429,27.66102425,28.4086195,29.15621475,29.90381
SF11C46883712282050980,9,,2019-05-18T09:00:00-0500,0.005701,0.005701,0.002871,0.001472,0.006073499393,0.007166733458999999,0.07469611417399999,0.6135373832919999,0.003553162336,0.0005354528160000001,0.0012165614949999999,0.000413414076,0.017488047933,0.0007338327200000001,0.00086592489,0.007237539221,0.166292030023,0.00038506264300000007,0.00024394008900000002,0.000121608031,9.8786928e-05,0.0017480976300000002,0.005339666673,0.006300808569,0.06745857495299999,0.44724535326899995,0.003168099693,0.000291512727,0.001094953464,0.000314627148,0.015739950303,0.0,0.0,0.0,0.0,0.0,0.0,0.0,0.0,0.0,0.971538,914316.1366052167,14.951905,15.69950025,16.4470955,17.19469075,17.942286,18.68988125,19.437476500000002,20.18507175,20.932667000000002,21.68026225,22.427857500000002,23.175452749999998,23.923048,24.67064325,25.4182385,26.16583375,26.913429,27.66102425,28.4086195,29.15621475,29.90381
SF11C46883712282050980,10,,2019-05-18T10:00:00-0500,0.020004,0.020004,0.012417,0.002229,0.025668833751,0.030289240023,0.31715207251499994,2.517819605055,0.015053078582999998,0.0021167360850000002,0.0051623504519999995,0.001707383508,0.074208700401,0.00257491488,0.0030384075600000003,0.025395498084,0.5834951356920001,0.0013511301720000003,0.000855951156,0.000426705324,0.000346629312,0.006133826520000001,0.023093918871,0.027250832463,0.29175657443099995,1.934324469363,0.013701948410999998,0.001260784929,0.004735645128,0.001360754196,0.068074873881,0.0,0.0,0.0,0.0,0.0,0.0,0.0,0.0,0.0,0.833334,3208205.5773812933,52.218569,54.829497450000005,57.4404259,60.051354350000004,62.6622828,65.27321125,67.8841397,70.49506815000001,73.1059966,75.71692505,78.3278535,80.93878195,83.54971040000001,86.16063885,88.77156730000002,91.38249575,93.9934242,96.60435265000001,99.2152811,101.82620955000002,104.437138
SF11C46883712282050980,11,,2019-05-18T11:00:00-0500,0.040008,0.040008,0.029285,0.0041,0.059615917715,0.070346818235,0.7388872579229999,5.729017498998999,0.035017759998999996,0.004685413357,0.012022241087999999,0.003902543204,0.17281953204499997,0.00514982976,0.0060768151200000006,0.050790996168,1.1669902713840001,0.0027022603440000005,0.001711902312,0.000853410648,0.000693258624,0.012267653040000001,0.054466087955,0.064270003115,0.6880962617549999,4.562027227614999,0.032315499654999996,0.002973511045,0.01116883044,0.00320928458,0.16055187900499998,0.0,0.0,0.0,0.0,0.0,0.0,0.0,0.0,0.0,0.67521,6416411.154762587,103.755443,108.94321515,114.1309873,119.31875945,124.5065316,129.69430375,134.8820759,140.06984805,145.2576202,150.44539235,155.6331645,160.82093665,166.0087088,171.19648095,176.3842531,181.57202525,186.7597974,191.94756955,197.1353417,202.32311385,207.510886
SF11C46883712282050980,12,,2019-05-18T12:00:00-0500,0.070014,0.070014,0.058436,0.007857,0.11769515634800001,0.138880351064,1.461928230042,11.145412864726001,0.06921208819,0.008929245178,0.023780024058,0.007617086960000001,0.341837510168,0.00901220208,0.01063442646,0.088884243294,2.0422329749220003,0.004728955602000001,0.0029958290460000005,0.001493468634,0.001213202592,0.021468392820000005,0.10868295426800001,0.128245924604,1.373043986748,9.103179889804,0.06448313258800001,0.005933416132000001,0.022286555424,0.006403884368000001,0.320369117348,0.0,0.0,0.0,0.0,0.0,0.0,0.0,0.0,0.0,0.644382,11228719.520834528,179.802011,188.79211155,197.78221209999998,206.77231265,215.7624132,224.75251375,233.74261429999999,242.73271484999998,251.7228154,260.71291594999997,269.7030165,278.69311704999996,287.6832176,296.67331815,305.66341869999997,314.65351925,323.6436198,332.63372035,341.62382089999994,350.61392145,359.604022
SF11C46883712282050980,13,,2019-05-18T13:00:00-0500,0.10002,0.10002,0.092637,0.01372,0.185166703131,0.218496810843,2.303626744311,17.348498942402998,0.108979005531,0.013685838849,0.037463796228,0.011885050115999999,0.538541572941,0.0128745744,0.015192037799999999,0.12697749041999998,2.9174756784599998,0.00675565086,0.00427975578,0.00213352662,0.00173314656,0.0306691326,0.172292128731,0.203304773043,2.176649253891,14.431023263942999,0.102223354671,0.009406083069,0.035330269608,0.010151903556,0.507872440341,0.0,0.0,0.0,0.0,0.0,0.0,0.0,0.0,0.0,0.668988,16041027.886906466,254.364309,267.08252445,279.8007399,292.51895535,305.2371708,317.95538625,330.67360169999995,343.39181714999995,356.11003259999995,368.82824804999996,381.54646349999996,394.26467894999996,406.98289439999996,419.70110984999997,432.41932529999997,445.13754074999997,457.8557562,470.57397165,483.2921871,496.01040255,508.728618
SF11C46883712282050980,14,,2019-05-18T14:00:00-0500,0.130026,0.130026,0.130595,0.021801,0.259625755205,0.30635852934499996,3.2336017706309996,24.136851753703,0.152891708503,0.018823907028999998,0.052580428086,0.016564735388,0.755842986215,0.01673694672,0.01974964914,0.165070737546,3.792718381998,0.008782346118,0.005563682514,0.002773584606,0.002253090528,0.039869872380000004,0.242888808485,0.28660888020499997,3.0685310330849997,20.344133371705,0.144109362385,0.013260224514999999,0.049806843479999995,0.01431164486,0.715973113835,0.0,0.0,0.0,0.0,0.0,0.0,0.0,0.0,0.0,0.703836,20853336.252978407,327.471307,343.84487235,360.21843770000004,376.59200305,392.96556840000005,409.33913375000003,425.7126991,442.08626445000004,458.4598298,474.83339515,491.20696050000004,507.58052585,523.9540912,540.32765655,556.7012219000001,573.07478725,589.4483526,605.8219179499999,622.1954833,638.56904865,654.942614
SF11C46883712282050980,15,,2019-05-18T15:00:00-0500,0.160032,0.160032,0.1708,0.032104,0.33826391944,0.39915160168,4.216373529072,31.275242986736,0.199283937776,0.024190128848000002,0.068554029792,0.021490664896,0.9854633365600001,0.02059931904,0.024307260480000002,0.203163984672,4.6679610855360005,0.010809041376000002,0.006847609248,0.003413642592,0.002773034496,0.049070612160000006,0.3176646004,0.37484434120000004,4.0132095444,26.6072819012,0.1884748964,0.017342519600000002,0.0651403872,0.0187176304,0.9363927244000001,0.0,0.0,0.0,0.0,0.0,0.0,0.0,0.0,0.0,0.680421,25665644.619050346,399.151408,419.1089784,439.0665488,459.02411920000003,478.9816896,498.93926,518.8968304,538.8544008,558.8119712,578.7695416,598.727112,618.6846824,638.6422528,658.5998232,678.5573936000001,698.514964,718.4725344000001,738.4301048,758.3876752000001,778.3452456,798.3028160000001
SF11C46883712282050980,16,,2019-05-18T16:00:00-0500,0.170034,0.170034,0.189309,0.042975,0.373975581147,0.44129137871100005,4.663968792501,34.450328849133,0.220383869709,0.026497452759,0.07582641891,0.023692343844000003,1.090003861857,0.021886776479999998,0.025826464259999998,0.21586173371399997,4.959708653382,0.011484606462,0.007275584826,0.0036269952539999995,0.002946349152,0.05213752542,0.35208880466700004,0.41546491445100003,4.4481070587869995,29.490620195751,0.208899263247,0.019221867933,0.072199423656,0.020745994692000003,1.037866336437,0.0,0.0,0.0,0.0,0.0,0.0,0.0,0.0,0.0,0.660447,27269747.40774099,422.732517,443.86914284999995,465.0057687,486.14239454999995,507.2790204,528.41564625,549.5522721,570.68889795,591.8255237999999,612.9621496499999,634.0987755,655.23540135,676.3720271999999,697.50865305,718.6452789,739.78190475,760.9185305999999,782.0551564499999,803.1917822999999,824.3284081499999,845.465034
SF11C46883712282050980,17,,2019-05-18T17:00:00-0500,0.120024,0.120024,0.137003,0.049477,0.270256299869,0.31890257227700003,3.3714698691330005,24.843344598169004,0.159287262481,0.019046580547,0.05481098409600001,0.017093660636000003,0.7879072472990001,0.015449489280000001,0.01823044536,0.152372988504,3.500970814152,0.008106781032,0.005135706936,0.002560231944,0.0020797758720000003,0.036802959120000006,0.254806810589,0.300672126917,3.2190968806290003,21.342373784017003,0.151180481449,0.013910873611000001,0.05225075215200001,0.015013884764000002,0.7511042881790001,0.0,0.0,0.0,0.0,0.0,0.0,0.0,0.0,0.0,0.760315,19249233.46428776,303.262243,318.42535515000003,333.5884673,348.75157945,363.9146916,379.07780375000004,394.2409159,409.40402805,424.56714020000004,439.73025235,454.8933645,470.05647665000004,485.2195888,500.38270095,515.5458131,530.70892525,545.8720374,561.03514955,576.1982617,591.3613738500001,606.524486
SF11C46883712282050980,18,,2019-05-18T18:00:00-0500,0.070014,0.070014,0.08058,0.051627,0.15887996262,0.18747843708,1.9822356782339998,14.595012691542,0.09364761574199999,0.011177680506000001,0.032225391354,0.010043803632,0.46323962076,0.00901220208,0.01063442646,0.088884243294,2.0422329749220003,0.004728955602000001,0.0029958290460000005,0.001493468634,0.001213202592,0.021468392820000005,0.14986776054,0.17684401062,1.8933514349399998,12.55277971662,0.08891866014,0.00818185146,0.03073192272,0.00883060104,0.44177122794,0.0,0.0,0.0,0.0,0.0,0.0,0.0,0.0,0.0,0.860184,11228719.520834528,179.802011,188.79211155,197.78221209999998,206.77231265,215.7624132,224.75251375,233.74261429999999,242.73271484999998,251.7228154,260.71291594999997,269.7030165,278.69311704999996,287.6832176,296.67331815,305.66341869999997,314.65351925,323.6436198,332.63372035,341.62382089999994,350.61392145,359.604022
SF11C46883712282050980,19,,2019-05-18T19:00:00-0500,0.040008,0.040008,0.045668,0.051215,0.090086053244,0.106301588972,1.1238311218919999,8.281166792836,0.053096121988,0.006348894028,0.01827045516,0.005697923408,0.262637576564,0.00514982976,0.0060768151200000006,0.050790996168,1.1669902713840001,0.0027022603440000005,0.001711902312,0.000853410648,0.000693258624,0.012267653040000001,0.084936223484,0.100224773852,1.0730401257239999,7.114176521452,0.050393861644,0.004636991716,0.017417044512,0.005004664784,0.250369923524,0.0,0.0,0.0,0.0,0.0,0.0,0.0,0.0,0.0,0.920105,6416411.154762587,103.755443,108.94321515,114.1309873,119.31875945,124.5065316,129.69430375,134.8820759,140.06984805,145.2576202,150.44539235,155.6331645,160.82093665,166.0087088,171.19648095,176.3842531,181.57202525,186.7597974,191.94756955,197.1353417,202.32311385,207.510886
SF11C46883712282050980,20,,2019-05-18T20:00:00-0500,0.005701,0.005701,0.006347,0.048113,0.012538383181000002,0.014795298623,0.15637009764200002,1.155029841656,0.007388869244,0.000888395428,0.002542252279,0.000794341964,0.036544846001000005,0.0007338327200000001,0.00086592489,0.007237539221,0.166292030023,0.00038506264300000007,0.00024394008900000002,0.000121608031,9.8786928e-05,0.0017480976300000002,0.011804550461,0.013929373733000001,0.149132558421,0.988737811633,0.007003806601,0.000644455339,0.002420644248,0.000695555036,0.034796748371000004,0.0,0.0,0.0,0.0,0.0,0.0,0.0,0.0,0.0,0.988615,914316.1366052167,14.951905,15.69950025,16.4470955,17.19469075,17.942286,18.68988125,19.437476500000002,20.18507175,20.932667000000002,21.68026225,22.427857500000002,23.175452749999998,23.923048,24.67064325,25.4182385,26.16583375,26.913429,27.66102425,28.4086195,29.15621475,29.90381
SF11C46883712282050980,21,,2019-05-18T21:00:00-0500,0.005701,0.005701,0.006085,0.045207,0.012051099075000002,0.014220303205,0.15021400337600002,1.114215392838,0.007099756698,0.000861792734,0.002442329671,0.000765629908,0.035108459035000004,0.0007338327200000001,0.00086592489,0.007237539221,0.166292030023,0.00038506264300000007,0.00024394008900000002,0.000121608031,9.8786928e-05,0.0017480976300000002,0.011317266355000001,0.013354378315,0.142976464155,0.947923362815,0.006714694055,0.000617852645,0.00232072164,0.00066684298,0.033360361405000004,0.0,0.0,0.0,0.0,0.0,0.0,0.0,0.0,0.0,0.996589,914316.1366052167,14.951905,15.69950025,16.4470955,17.19469075,17.942286,18.68988125,19.437476500000002,20.18507175,20.932667000000002,21.68026225,22.427857500000002,23.175452749999998,23.923048,24.67064325,25.4182385,26.16583375,26.913429,27.66102425,28.4086195,29.15621475,29.90381
SF11C46883712282050980,22,,2019-05-18T22:00:00-0500,0.005701,0.005701,0.005726,0.042477,0.011383408258000001,0.013432427804,0.14177874443900002,1.058290251137,0.006703606301,0.000825340951,0.002305412815,0.000726287816,0.033140279948,0.0007338327200000001,0.00086592489,0.007237539221,0.166292030023,0.00038506264300000007,0.00024394008900000002,0.000121608031,9.8786928e-05,0.0017480976300000002,0.010649575538,0.012566502914000001,0.134541205218,0.8919982211140001,0.006318543658,0.0005814008620000001,0.002183804784,0.000627500888,0.031392182318,0.0,0.0,0.0,0.0,0.0,0.0,0.0,0.0,0.0,0.996589,914316.1366052167,14.951905,15.69950025,16.4470955,17.19469075,17.942286,18.68988125,19.437476500000002,20.18507175,20.932667000000002,21.68026225,22.427857500000002,23.175452749999998,23.923048,24.67064325,25.4182385,26.16583375,26.913429,27.66102425,28.4086195,29.15621475,29.90381
SF11C46883712282050980,23,,2019-05-18T23:00:00-0500,0.005701,0.005701,0.00528,0.039905,0.01055390936,0.012453618809999999,0.131299286261,0.988812219943,0.006211452883,0.0007800554489999999,0.002135315551,0.0006774115680000001,0.03069513267,0.0007338327200000001,0.00086592489,0.007237539221,0.166292030023,0.00038506264300000007,0.00024394008900000002,0.000121608031,9.8786928e-05,0.0017480976300000002,0.00982007664,0.01158769392,0.12406174703999999,0.82252018992,0.00582639024,0.00053611536,0.00201370752,0.0005786246400000001,0.02894703504,0.0,0.0,0.0,0.0,0.0,0.0,0.0,0.0,0.0,0.996589,914316.1366052167,14.951905,15.69950025,16.4470955,17.19469075,17.942286,18.68988125,19.437476500000002,20.18507175,20.932667000000002,21.68026225,22.427857500000002,23.175452749999998,23.923048,24.67064325,25.4182385,26.16583375,26.913429,27.66102425,28.4086195,29.15621475,29.90381
SF11C46883812282050980,0,,2019-05-18T00:00:00-0400,0.005701,0.005701,0.004401,0.000304,0.09138309370900001,0.10783205331500001,1.0977276390880002,10.580298035252001,0.052813887008,0.010679949296,0.017933058087000003,0.006935038812,0.25778771180000004,0.020484268801,0.024171441860000004,0.202028936656,4.641882124739,0.010748614091000001,0.00680933141,0.003394535028,0.002757499587,0.048796460981,0.07089882490800001,0.083660611455,0.8956987024320001,5.938415910513001,0.042065272917,0.003870617886,0.014538523059000002,0.0041775392250000005,0.20899125081900002,0.0,0.0,0.0,0.0,0.0,0.0,0.0,0.0,0.0,0.695288,25056450.045223817,31.946676,33.4577038,34.9687316,36.4797594,37.9907872,39.501815,41.0128428,42.523870599999995,44.0348984,45.5459262,47.056954,48.5679818,50.0790096,51.5900374,53.101065199999994,54.612093,56.123120799999995,57.6341486,59.1451764,60.6562042,62.167232
SF11C46883812282050980,1,,2019-05-18T01:00:00-0400,0.005701,0.005701,0.003776,0.000544,0.081314526209,0.09595114394,0.970526619088,9.736964714627,0.046840063883,0.010130270545999999,0.015868396212,0.006341773187,0.22810819992500003,0.020484268801,0.024171441860000004,0.202028936656,4.641882124739,0.010748614091000001,0.00680933141,0.003394535028,0.002757499587,0.048796460981,0.060830257408,0.07177970208,0.768497682432,5.095082589888,0.036091449792,0.0033209391359999996,0.012473861184,0.0035842736,0.17931173894400002,0.0,0.0,0.0,0.0,0.0,0.0,0.0,0.0,0.0,0.695288,25056450.045223817,31.946676,33.59232555,35.2379751,36.88362465,38.5292742,40.174923750000005,41.82057330000001,43.46622285,45.1118724,46.757521950000005,48.4031715,50.04882105,51.6944706,53.340120150000004,54.985769700000006,56.63141925000001,58.27706880000001,59.92271835000001,61.568367900000005,63.21401745000001,64.859667
SF11C46883812282050980,2,,2019-05-18T02:00:00-0400,0.005701,0.005701,0.003325,0.000737,0.074049047901,0.087377879735,0.878738363056,9.128415390464,0.042529353116,0.00973362236,0.014378536203000001,0.005913672712,0.20669146415599998,0.020484268801,0.024171441860000004,0.202028936656,4.641882124739,0.010748614091000001,0.00680933141,0.003394535028,0.002757499587,0.048796460981,0.0535647791,0.063206437875,0.6767094264,4.486533265725,0.031780739025,0.0029242909499999996,0.010984001175,0.003156173125,0.157895003175,0.0,0.0,0.0,0.0,0.0,0.0,0.0,0.0,0.0,0.796859,25056450.045223817,31.946676,32.83981095,33.7329459,34.62608085,35.5192158,36.41235075,37.3054857,38.19862065,39.0917556,39.98489055,40.8780255,41.77116045,42.6642954,43.557430350000004,44.4505653,45.34370025,46.2368352,47.129970150000005,48.0231051,48.91624005,49.809375
SF11C46883812282050980,3,,2019-05-18T03:00:00-0400,0.005701,0.005701,0.003003,0.000893,0.06886172192500001,0.081256835225,0.813204397552,8.693930063678,0.039451639441999996,0.009450427867999999,0.013314822405000001,0.005608022262,0.191400579638,0.020484268801,0.024171441860000004,0.202028936656,4.641882124739,0.010748614091000001,0.00680933141,0.003394535028,0.002757499587,0.048796460981,0.048377453124000006,0.057085393365,0.6111754608960001,4.052047938939,0.028703025350999996,0.002641096458,0.009920287377,0.0028505226749999998,0.142604118657,0.0,0.0,0.0,0.0,0.0,0.0,0.0,0.0,0.0,0.847644,25056450.045223817,31.946676,32.41352445,32.8803729,33.34722135,33.8140698,34.28091825,34.7477667,35.21461515,35.6814636,36.14831205,36.6151605,37.08200895,37.5488574,38.01570585,38.4825543,38.94940275,39.4162512,39.88309965,40.3499481,40.81679655,41.283645
SF11C46883812282050980,4,,2019-05-18T04:00:00-0400,0.005701,0.005701,0.002772,0.001023,0.065140379377,0.07686565112,0.76619090056,8.382234068375,0.037243714415000004,0.009247266602,0.012551723376000001,0.005388751287,0.18043103204900002,0.020484268801,0.024171441860000004,0.202028936656,4.641882124739,0.010748614091000001,0.00680933141,0.003394535028,0.002757499587,0.048796460981,0.044656110576000003,0.05269420926,0.5641619639040001,3.7403519436360004,0.026495100324,0.002437935192,0.009157188348,0.0026312517,0.13163457106800003,0.0,0.0,0.0,0.0,0.0,0.0,0.0,0.0,0.0,0.878115,25056450.045223817,31.946676,32.1350919,32.3235078,32.5119237,32.7003396,32.8887555,33.0771714,33.2655873,33.4540032,33.6424191,33.830835,34.019250899999996,34.2076668,34.3960827,34.584498599999996,34.7729145,34.961330399999994,35.1497463,35.3381622,35.526578099999995,35.714994
SF11C46883812282050980,5,,2019-05-18T05:00:00-0400,0.005701,0.005701,0.002606,0.001133,0.062466167849,0.07371008159,0.7324063096479999,8.158244738417,0.035657066992999996,0.009101271926,0.012003349182,0.005231179936999999,0.17254815369499998,0.020484268801,0.024171441860000004,0.202028936656,4.641882124739,0.010748614091000001,0.00680933141,0.003394535028,0.002757499587,0.048796460981,0.041981899048,0.04953863972999999,0.5303773729919999,3.516362613678,0.024908452901999997,0.002291940516,0.008608814154,0.0024736803499999997,0.123751692714,0.0,0.0,0.0,0.0,0.0,0.0,0.0,0.0,0.0,0.898429,25056450.045223817,31.946676,33.5440098,35.1413436,36.7386774,38.3360112,39.933345,41.530678800000004,43.1280126,44.7253464,46.3226802,47.920013999999995,49.517347799999996,51.1146816,52.7120154,54.3093492,55.906683,57.5040168,59.1013506,60.6986844,62.2960182,63.89335199999999
SF11C46883812282050980,6,,2019-05-18T06:00:00-0400,0.005701,0.005701,0.002487,0.001226,0.06054911259700001,0.071447956445,0.7081872354400001,7.997674074170001,0.03451965107,0.008996613092,0.011610237561,0.005118222162,0.166897174634,0.020484268801,0.024171441860000004,0.202028936656,4.641882124739,0.010748614091000001,0.00680933141,0.003394535028,0.002757499587,0.048796460981,0.040064843796000005,0.047276514585,0.5061582987840001,3.3557919494310005,0.023771036978999998,0.002187281682,0.008215702533,0.002360722575,0.11810071365300001,0.0,0.0,0.0,0.0,0.0,0.0,0.0,0.0,0.0,0.912939,25056450.045223817,31.946676,33.5440098,35.1413436,36.7386774,38.3360112,39.933345,41.530678800000004,43.1280126,44.7253464,46.3226802,47.920013999999995,49.517347799999996,51.1146816,52.7120154,54.3093492,55.906683,57.5040168,59.1013506,60.6986844,62.2960182,63.89335199999999
SF11C46883812282050980,7,,2019-05-18T07:00:00-0400,0.005701,0.005701,0.002402,0.001308,0.059179787417,0.06983215277,0.6908878967200001,7.8829807425650005,0.033707211125,0.008921856782,0.011329443546,0.005037538037,0.16286076101900002,0.020484268801,0.024171441860000004,0.202028936656,4.641882124739,0.010748614091000001,0.00680933141,0.003394535028,0.002757499587,0.048796460981,0.038695518616000006,0.04566071091,0.48885896006400004,3.241098617826,0.022958597033999998,0.002112525372,0.007934908518,0.0022800384500000002,0.11406430003800001,0.0,0.0,0.0,0.0,0.0,0.0,0.0,0.0,0.0,0.923822,25056450.045223817,31.946676,33.5440098,35.1413436,36.7386774,38.3360112,39.933345,41.530678800000004,43.1280126,44.7253464,46.3226802,47.920013999999995,49.517347799999996,51.1146816,52.7120154,54.3093492,55.906683,57.5040168,59.1013506,60.6986844,62.2960182,63.89335199999999
SF11C46883812282050980,8,,2019-05-18T08:00:00-0400,0.005701,0.005701,0.002187,0.001368,0.05571620019700001,0.06574511994500001,0.6471307458400001,7.5928740802700005,0.03165221597,0.008732767292,0.010619199861000002,0.004833454662,0.15265100893400002,0.020484268801,0.024171441860000004,0.202028936656,4.641882124739,0.010748614091000001,0.00680933141,0.003394535028,0.002757499587,0.048796460981,0.035231931396000005,0.041573678085,0.44510180918400005,2.9509919555310002,0.020903601879,0.0019234358820000002,0.007224664833000001,0.002075955075,0.10385454795300002,0.0,0.0,0.0,0.0,0.0,0.0,0.0,0.0,0.0,0.932286,25056450.045223817,31.946676,33.5440098,35.1413436,36.7386774,38.3360112,39.933345,41.530678800000004,43.1280126,44.7253464,46.3226802,47.920013999999995,49.517347799999996,51.1146816,52.7120154,54.3093492,55.906683,57.5040168,59.1013506,60.6986844,62.2960182,63.89335199999999
SF11C46883812282050980,9,,2019-05-18T09:00:00-0400,0.005701,0.005701,0.002871,0.001472,0.066735240469,0.078747587165,0.786339542128,8.515818066362,0.038189967998,0.009334335716,0.012878765817000001,0.005482724562,0.18513226673,0.020484268801,0.024171441860000004,0.202028936656,4.641882124739,0.010748614091000001,0.00680933141,0.003394535028,0.002757499587,0.048796460981,0.046250971668000004,0.054576145305,0.584310605472,3.873935941623,0.027441353906999998,0.002525004306,0.009484230789,0.0027252249749999996,0.136335805749,0.0,0.0,0.0,0.0,0.0,0.0,0.0,0.0,0.0,0.939058,25056450.045223817,31.946676,33.5440098,35.1413436,36.7386774,38.3360112,39.933345,41.530678800000004,43.1280126,44.7253464,46.3226802,47.920013999999995,49.517347799999996,51.1146816,52.7120154,54.3093492,55.906683,57.5040168,59.1013506,60.6986844,62.2960182,63.89335199999999
SF11C46883812282050980,10,,2019-05-18T10:00:00-0400,0.020004,0.020004,0.012412,0.002229,0.2718300881,0.3207595149,3.2350013662080004,33.035630750712,0.15635070976799997,0.034809157872,0.05291347482,0.021457455448,0.7606312193520001,0.071876392404,0.08481415944000001,0.708890869824,16.287705669756,0.037715361564,0.02389297764,0.011910941712,0.009675674748,0.171219857124,0.199953695696,0.23594535545999998,2.526110496384,16.747925080956,0.11863534820399999,0.010916180232,0.041002533108,0.0117817807,0.5894113622280001,0.0,0.0,0.0,0.0,0.0,0.0,0.0,0.0,0.0,0.753242,87919527.57492672,110.977798,111.4314332,111.88506840000001,112.3387036,112.79233880000001,113.245974,113.6996092,114.1532444,114.6068796,115.0605148,115.51415,115.9677852,116.4214204,116.8750556,117.3286908,117.782326,118.23596119999999,118.6895964,119.1432316,119.5968668,120.050502
SF11C46883812282050980,11,,2019-05-18T11:00:00-0400,0.040008,0.040008,0.029275,0.0041,0.615364486508,0.726130114005,7.375877516448,72.07714407758701,0.3552445983029999,0.07353290793,0.120530645649,0.047139911371,1.732628050473,0.143752784808,0.16962831888000002,1.417781739648,32.575411339512,0.075430723128,0.04778595528,0.023821883424,0.019351349496,0.342439714248,0.4716117017,0.556501795125,5.9580957768000005,39.501732738075,0.27981387517499995,0.02574695265,0.096708762225,0.027788561875,1.390188336225,0.0,0.0,0.0,0.0,0.0,0.0,0.0,0.0,0.0,0.67521,175839055.14985344,218.876578,218.9736273,219.07067659999998,219.1677259,219.2647752,219.3618245,219.4588738,219.5559231,219.6529724,219.7500217,219.847071,219.9441203,220.0411696,220.1382189,220.2352682,220.3323175,220.4293668,220.5264161,220.62346540000001,220.7205147,220.817564
SF11C46883812282050980,12,,2019-05-18T12:00:00-0400,0.070014,0.070014,0.058418,0.007857,1.192664295358,1.40734390023,14.37044474256,135.83232332298002,0.69036984438,0.135003234888,0.23466976385399999,0.089316687668,3.373377859476,0.25156737341400004,0.29684955804,2.481118044384,57.006969844146006,0.13200376547400003,0.08362542174000001,0.041688295992,0.033864861618,0.5992694999340001,0.9410969219440001,1.11049434219,11.889326698176,78.825353478834,0.558366078906,0.051377813147999996,0.192981467862,0.05545182605,2.774108359542,0.0,0.0,0.0,0.0,0.0,0.0,0.0,0.0,0.0,0.644382,307718346.5122435,375.137808,393.8946984,412.6515888,431.4084792,450.1653696,468.92226,487.6791504,506.4360408,525.1929312,543.9498216,562.706712,581.4636024,600.2204928,618.9773832,637.7342736,656.491164,675.2480544,694.0049448,712.7618352,731.5187255999999,750.275616
SF11C46883812282050980,13,,2019-05-18T13:00:00-0400,0.10002,0.10002,0.092616,0.01372,1.8513986781480003,2.18465048148,22.393813818432,206.408382465588,1.073811371892,0.200919363576,0.36550786730400003,0.13629179634,5.254175560524001,0.35938196202,0.4240707972,3.5444543491199996,81.43852834878,0.18857680782,0.1194648882,0.059554708559999996,0.048378373739999994,0.85609928562,1.4920167161280002,1.76057968428,18.849359469312002,124.96985411680801,0.885234564072,0.08145447537600001,0.30595315874400003,0.0879134226,4.3980762749040005,0.0,0.0,0.0,0.0,0.0,0.0,0.0,0.0,0.0,0.572324,439597637.87463355,524.941282,551.1883461,577.4354102,603.6824743,629.9295384,656.1766025,682.4236665999999,708.6707307,734.9177948,761.1648589,787.411923,813.6589871,839.9060512,866.1531153,892.4001794000001,918.6472435000001,944.8943076,971.1413717,997.3884358,1023.6354999,1049.882564
SF11C46883812282050980,14,,2019-05-18T14:00:00-0400,0.130026,0.130026,0.130572,0.021801,2.570673343602,3.03339459462,31.18201718736,282.05523619845,1.49317230309,0.270140600652,0.508760369676,0.18683409256199998,7.313430230573999,0.467196550626,0.55129203636,4.607790653856,105.87008685341401,0.24514985016600002,0.15530435466,0.077421121128,0.062891885862,1.112929071306,2.103476792976,2.48210255826,26.574226533504,176.185149345036,1.2480224529239998,0.114836245992,0.431339248548,0.12394220669999999,6.200501159268,0.0,0.0,0.0,0.0,0.0,0.0,0.0,0.0,0.0,0.444021,571476929.2370237,668.553877,701.98157085,735.4092647000001,768.8369585500001,802.2646524,835.6923462500001,869.1200401000001,902.5477339500001,935.9754278,969.4031216500001,1002.8308155000001,1036.2585093500002,1069.6862032000001,1103.11389705,1136.5415909,1169.96928475,1203.3969786000002,1236.82467245,1270.2523663000002,1303.6800601500001,1337.107754
SF11C46883812282050980,15,,2019-05-18T15:00:00-0400,0.160032,0.160032,0.170776,0.032104,3.3261626326400004,3.9248719626,40.427737185024,360.735391218936,1.9340198813040002,0.34133892225600004,0.6594390478800001,0.239510246584,9.479436168936001,0.575011139232,0.6785132755200001,5.671126958592,130.301645358048,0.301722892512,0.19114382112,0.095287533696,0.077405397984,1.369758856992,2.7511514934080004,3.24635868708,34.756610226432,230.43374586088802,1.632296988792,0.15019510113600001,0.5641515141840001,0.16210484860000002,8.109677311944,0.0,0.0,0.0,0.0,0.0,0.0,0.0,0.0,0.0,0.315718,703356220.5994138,806.231443,808.8998285,811.568214,814.2365995,816.904985,819.5733705,822.241756,824.9101415,827.578527,830.2469125,832.915298,835.5836835,838.252069,840.9204545,843.58884,846.2572255,848.925611,851.5939965,854.262382,856.9307675,859.599153
SF11C46883812282050980,16,,2019-05-18T16:00:00-0400,0.170034,0.170034,0.189298,0.042975,3.660484840418,4.319372167829999,44.55181028784,393.8715956772,2.1299130051599997,0.369575250768,0.7265811863339999,0.261929629408,10.444604367816002,0.610949335434,0.72092035524,6.0255723935039995,138.44549819292598,0.32058057329399997,0.20309030994,0.10124300455199998,0.08224323535799999,1.455368785554,3.049535504984,3.5984518125899996,38.526237894336,255.426097484274,1.8093324318659998,0.166484940828,0.625338181782,0.17968639405,8.989235582262001,0.0,0.0,0.0,0.0,0.0,0.0,0.0,0.0,0.0,0.27295,747315984.3868771,850.847759,855.0095038,859.1712486,863.3329934,867.4947382,871.656483,875.8182278,879.9799726,884.1417174000001,888.3034622,892.465207,896.6269518,900.7886966,904.9504414,909.1121862,913.2739310000001,917.4356758,921.5974206000001,925.7591654,929.9209102000001,934.082655
SF11C46883812282050980,17,,2019-05-18T17:00:00-0400,0.120024,0.120024,0.137035,0.049477,2.638852190204,3.113845622565,32.142932060064,282.632124565491,1.536088732479,0.26387822985,0.524155154337,0.188131096363,7.534730198409,0.431258354424,0.50888495664,4.253345218944,97.726234018536,0.226292169384,0.14335786584000001,0.071465650272,0.058054048488,1.027319142744,2.20759383578,2.6049606659249998,27.88958684112,184.905890546955,1.309796563095,0.12052036400999999,0.45268950406499997,0.130077047875,6.507411055665,0.0,0.0,0.0,0.0,0.0,0.0,0.0,0.0,0.0,0.486788,527517165.4495603,621.354873,652.42261665,683.4903603,714.55810395,745.6258476,776.69359125,807.7613349000001,838.82907855,869.8968222,900.96456585,932.0323095,963.10005315,994.1677968,1025.23554045,1056.3032841,1087.37102775,1118.4387714,1149.50651505,1180.5742587,1211.64200235,1242.709746
SF11C46883812282050980,18,,2019-05-18T18:00:00-0400,0.070014,0.070014,0.080614,0.051627,1.5502353741260002,1.82927776341,18.887810886432003,165.78212553832802,0.9025218093120001,0.15452430614400003,0.30799333981800003,0.11038568576800001,4.427404172400001,0.25156737341400004,0.29684955804,2.481118044384,57.006969844146006,0.13200376547400003,0.08362542174000001,0.041688295992,0.033864861618,0.5992694999340001,1.2986680007120002,1.53242820537,16.406692842048002,108.77515569418202,0.770518043838,0.07089888440400001,0.266305043826,0.07652082415,3.8281346724660006,0.0,0.0,0.0,0.0,0.0,0.0,0.0,0.0,0.0,0.700627,307718346.5122435,375.137808,393.8946984,412.6515888,431.4084792,450.1653696,468.92226,487.6791504,506.4360408,525.1929312,543.9498216,562.706712,581.4636024,600.2204928,618.9773832,637.7342736,656.491164,675.2480544,694.0049448,712.7618352,731.5187255999999,750.275616
SF11C46883812282050980,19,,2019-05-18T19:00:00-0400,0.040008,0.040008,0.045689,0.051215,0.87978923362,1.038151308375,10.716481584096,94.225101077169,0.5121315307409999,0.087968791134,0.174753621675,0.062720490521,2.512083263139,0.143752784808,0.16962831888000002,1.417781739648,32.575411339512,0.075430723128,0.04778595528,0.023821883424,0.019351349496,0.342439714248,0.736036448812,0.868522989495,9.298699844448,61.649689737657006,0.43670080761299995,0.040182835854,0.150931738251,0.043369141025,2.169643548891,0.0,0.0,0.0,0.0,0.0,0.0,0.0,0.0,0.0,0.828929,175839055.14985344,218.876578,229.8204069,240.7642358,251.7080647,262.6518936,273.59572249999997,284.5395514,295.4833803,306.4272092,317.37103809999996,328.314867,339.2586959,350.2025248,361.14635369999996,372.0901826,383.0340115,393.9778404,404.92166929999996,415.8654982,426.8093271,437.753156
SF11C46883812282050980,20,,2019-05-18T20:00:00-0400,0.005701,0.005701,0.006371,0.048113,0.12311921846900001,0.145280679665,1.4986652541280001,13.238484661862001,0.071643377498,0.012412536716,0.024440872316999998,0.008805012062,0.35133753323,0.020484268801,0.024171441860000004,0.202028936656,4.641882124739,0.010748614091000001,0.00680933141,0.003394535028,0.002757499587,0.048796460981,0.102634949668,0.12110923780499999,1.2966363174720001,8.596602537123001,0.060894763406999994,0.005603205306,0.021046337289,0.006047512475,0.302541072249,0.0,0.0,0.0,0.0,0.0,0.0,0.0,0.0,0.0,0.975623,25056450.045223817,31.946676,33.5440098,35.1413436,36.7386774,38.3360112,39.933345,41.530678800000004,43.1280126,44.7253464,46.3226802,47.920013999999995,49.517347799999996,51.1146816,52.7120154,54.3093492,55.906683,57.5040168,59.1013506,60.6986844,62.2960182,63.89335199999999
SF11C46883812282050980,21,,2019-05-18T21:00:00-0400,0.005701,0.005701,0.006085,0.045207,0.11851184198100001,0.139843975535,1.4404580673760001,12.852575334344001,0.068909756036,0.01216100372,0.023496083043,0.008533533712,0.33775618859600004,0.020484268801,0.024171441860000004,0.202028936656,4.641882124739,0.010748614091000001,0.00680933141,0.003394535028,0.002757499587,0.048796460981,0.09802757318000001,0.115672533675,1.2384291307200002,8.210693209605001,0.058161141944999994,0.00535167231,0.020101548015,0.005776034125,0.28895972761500005,0.0,0.0,0.0,0.0,0.0,0.0,0.0,0.0,0.0,0.984362,25056450.045223817,31.946676,33.5440098,35.1413436,36.7386774,38.3360112,39.933345,41.530678800000004,43.1280126,44.7253464,46.3226802,47.920013999999995,49.517347799999996,51.1146816,52.7120154,54.3093492,55.906683,57.5040168,59.1013506,60.6986844,62.2960182,63.89335199999999
SF11C46883812282050980,22,,2019-05-18T22:00:00-0400,0.005701,0.005701,0.005726,0.042477,0.11272845680900001,0.13301958119,1.367393801488,12.368164674977,0.065478392033,0.011845268246,0.022310141262,0.008192761937,0.32070827697500004,0.020484268801,0.024171441860000004,0.202028936656,4.641882124739,0.010748614091000001,0.00680933141,0.003394535028,0.002757499587,0.048796460981,0.09224418800800001,0.10884813933,1.165364864832,7.726282550238,0.054729777942,0.0050359368360000005,0.018915606234,0.00543526235,0.27191181599400005,0.0,0.0,0.0,0.0,0.0,0.0,0.0,0.0,0.0,0.984362,25056450.045223817,31.946676,33.5440098,35.1413436,36.7386774,38.3360112,39.933345,41.530678800000004,43.1280126,44.7253464,46.3226802,47.920013999999995,49.517347799999996,51.1146816,52.7120154,54.3093492,55.906683,57.5040168,59.1013506,60.6986844,62.2960182,63.89335199999999
SF11C46883812282050980,23,,2019-05-18T23:00:00-0400,0.005701,0.005701,0.005281,0.039905,0.10555963674900001,0.124560373715,1.276826675248,11.767711350692,0.061225029968,0.011453896976000001,0.020840102007,0.007770356812,0.29957646452000003,0.020484268801,0.024171441860000004,0.202028936656,4.641882124739,0.010748614091000001,0.00680933141,0.003394535028,0.002757499587,0.048796460981,0.08507536794800001,0.100388931855,1.074797738592,7.125829225953001,0.050476415877,0.004644565566,0.017445566979000002,0.005012857225,0.25078000353900004,0.0,0.0,0.0,0.0,0.0,0.0,0.0,0.0,0.0,0.984362,25056450.045223817,31.946676,33.5440098,35.1413436,36.7386774,38.3360112,39.933345,41.530678800000004,43.1280126,44.7253464,46.3226802,47.920013999999995,49.517347799999996,51.1146816,52.7120154,54.3093492,55.906683,57.5040168,59.1013506,60.6986844,62.2960182,63.89335199999999
SF11C46883912282050980,0,,2019-05-18T00:00:00-0400,0.005701,0.005701,0.004403,0.000304,0.03741144984,0.044145512324000005,0.430373108058,5.312407596323,0.021150554704999998,0.006280072122,0.0070714577139999995,0.003358924062,0.10165216052600001,0.015252991294000002,0.017998530183000003,0.150434727028,3.456436913575,0.008003628199000001,0.005070361081,0.002527640968,0.002053289263,0.036334804709,0.022158458545999998,0.026146982141,0.27993838102999996,1.8559706827479998,0.013146926505999999,0.001209711041,0.004543816746,0.0013056347989999998,0.065317355817,0.0,0.0,0.0,0.0,0.0,0.0,0.0,0.0,0.0,0.69903,14314448.034567334,31.555916,32.2708821,32.9858482,33.7008143,34.4157804,35.1307465,35.8457126,36.5606787,37.2756448,37.9906109,38.705577,39.4205431,40.1355092,40.8504753,41.5654414,42.2804075,42.9953736,43.7103397,44.425305800000004,45.1402719,45.855238
SF11C46883912282050980,1,,2019-05-18T01:00:00-0400,0.005701,0.005701,0.003775,0.000544,0.034250988344000005,0.040416167608,0.390445489778,5.047690451475001,0.019275408249000002,0.006107531006,0.006423373018,0.0031727013380000004,0.092335944434,0.015252991294000002,0.017998530183000003,0.150434727028,3.456436913575,0.008003628199000001,0.005070361081,0.002527640968,0.002053289263,0.036334804709,0.01899799705,0.022417637425,0.24001076275,1.5912535379000001,0.01127178005,0.001037169925,0.00389573205,0.001119412075,0.056001139725,0.0,0.0,0.0,0.0,0.0,0.0,0.0,0.0,0.0,0.69903,14314448.034567334,31.555916,32.40565255,33.2553891,34.10512565,34.9548622,35.80459875,36.6543353,37.50407185,38.3538084,39.20354495,40.0532815,40.90301805,41.7527546,42.60249115,43.452227699999995,44.30196425,45.1517008,46.001437349999996,46.8511739,47.700910449999995,48.550647
SF11C46883912282050980,2,,2019-05-18T02:00:00-0400,0.005701,0.005701,0.003325,0.000737,0.031986326444,0.037743866458,0.361834935278,4.8580045992750005,0.017931752348999998,0.005983894856,0.005958981117999999,0.003039261488,0.085660311884,0.015252991294000002,0.017998530183000003,0.150434727028,3.456436913575,0.008003628199000001,0.005070361081,0.002527640968,0.002053289263,0.036334804709,0.016733335149999997,0.019745336275,0.21140020824999997,1.4015676857,0.009928124149999999,0.0009135337750000001,0.0034313401499999996,0.0009859722249999999,0.049325507175,0.0,0.0,0.0,0.0,0.0,0.0,0.0,0.0,0.0,0.799353,14314448.034567334,31.555916,31.8635028,32.1710896,32.4786764,32.7862632,33.09385,33.4014368,33.7090236,34.016610400000005,34.3241972,34.631784,34.9393708,35.2469576,35.554544400000005,35.8621312,36.169718,36.4773048,36.7848916,37.092478400000005,37.4000652,37.707652
SF11C46883912282050980,3,,2019-05-18T03:00:00-0400,0.005701,0.005701,0.003003,0.000893,0.03036583504,0.035831686524000005,0.341362494058,4.722273833923,0.016970291905,0.005895426322,0.005626682914,0.002943777862,0.08088352592600001,0.015252991294000002,0.017998530183000003,0.150434727028,3.456436913575,0.008003628199000001,0.005070361081,0.002527640968,0.002053289263,0.036334804709,0.015112843745999999,0.017833156341000002,0.19092776703,1.265836920348,0.008966663706,0.0008250652410000001,0.003099041946,0.000890488599,0.044548721217,0.0,0.0,0.0,0.0,0.0,0.0,0.0,0.0,0.0,0.849515,14314448.034567334,31.555916,33.1337118,34.7115076,36.2893034,37.8670992,39.444895,41.0226908,42.600486599999996,44.1782824,45.756078200000005,47.333874,48.9116698,50.4894656,52.0672614,53.6450572,55.222853,56.800648800000005,58.3784446,59.9562404,61.5340362,63.11183200000001
SF11C46883912282050980,4,,2019-05-18T04:00:00-0400,0.005701,0.005701,0.002771,0.001023,0.029198276016000002,0.03445396682,0.326612163738,4.6244802390110005,0.016277562641,0.0058316850180000004,0.00538726309,0.002874982206,0.077441866478,0.015252991294000002,0.017998530183000003,0.150434727028,3.456436913575,0.008003628199000001,0.005070361081,0.002527640968,0.002053289263,0.036334804709,0.013945284721999998,0.016455436637,0.17617743671,1.168043325436,0.008273934442,0.0007613239370000001,0.002859622122,0.000821692943,0.041107061769,0.0,0.0,0.0,0.0,0.0,0.0,0.0,0.0,0.0,0.879612,14314448.034567334,31.555916,33.1337118,34.7115076,36.2893034,37.8670992,39.444895,41.0226908,42.600486599999996,44.1782824,45.756078200000005,47.333874,48.9116698,50.4894656,52.0672614,53.6450572,55.222853,56.800648800000005,58.3784446,59.9562404,61.5340362,63.11183200000001
SF11C46883912282050980,5,,2019-05-18T05:00:00-0400,0.005701,0.005701,0.002606,0.001133,0.028367899986,0.033474123065,0.31612162708799996,4.554928759871,0.015784888811,0.005786351763,0.00521698606,0.002826054261,0.074994134543,0.015252991294000002,0.017998530183000003,0.150434727028,3.456436913575,0.008003628199000001,0.005070361081,0.002527640968,0.002053289263,0.036334804709,0.013114908691999999,0.015475592881999999,0.16568690005999998,1.0984918462959998,0.007781260611999999,0.000715990682,0.0026893450919999997,0.0007727649979999999,0.038659329834,0.0,0.0,0.0,0.0,0.0,0.0,0.0,0.0,0.0,0.899677,14314448.034567334,31.555916,33.1337118,34.7115076,36.2893034,37.8670992,39.444895,41.0226908,42.600486599999996,44.1782824,45.756078200000005,47.333874,48.9116698,50.4894656,52.0672614,53.6450572,55.222853,56.800648800000005,58.3784446,59.9562404,61.5340362,63.11183200000001
SF11C46883912282050980,6,,2019-05-18T06:00:00-0400,0.005701,0.005701,0.002487,0.001226,0.027769022728,0.032767447872000005,0.308555724898,4.504767390067,0.015429566473,0.00575365687,0.005094180202,0.0027907668340000002,0.07322880060200002,0.015252991294000002,0.017998530183000003,0.150434727028,3.456436913575,0.008003628199000001,0.005070361081,0.002527640968,0.002053289263,0.036334804709,0.012516031434,0.014768917689,0.15812099787,1.048330476492,0.007425938274,0.0006832957890000001,0.002566539234,0.000737477571,0.036893995893000006,0.0,0.0,0.0,0.0,0.0,0.0,0.0,0.0,0.0,0.914009,14314448.034567334,31.555916,33.1337118,34.7115076,36.2893034,37.8670992,39.444895,41.0226908,42.600486599999996,44.1782824,45.756078200000005,47.333874,48.9116698,50.4894656,52.0672614,53.6450572,55.222853,56.800648800000005,58.3784446,59.9562404,61.5340362,63.11183200000001
SF11C46883912282050980,7,,2019-05-18T07:00:00-0400,0.005701,0.005701,0.002402,0.001308,0.027341253258,0.032262679877,0.30315150904800003,4.468937840207,0.015175764803000001,0.005730303375,0.005006461732,0.002765561529,0.07196784778700001,0.015252991294000002,0.017998530183000003,0.150434727028,3.456436913575,0.008003628199000001,0.005070361081,0.002527640968,0.002053289263,0.036334804709,0.012088261963999999,0.014264149694,0.15271678202,1.012500926632,0.007172136604,0.0006599422940000001,0.002478820764,0.000712272266,0.035633043078000005,0.0,0.0,0.0,0.0,0.0,0.0,0.0,0.0,0.0,0.924758,14314448.034567334,31.555916,33.1337118,34.7115076,36.2893034,37.8670992,39.444895,41.0226908,42.600486599999996,44.1782824,45.756078200000005,47.333874,48.9116698,50.4894656,52.0672614,53.6450572,55.222853,56.800648800000005,58.3784446,59.9562404,61.5340362,63.11183200000001
SF11C46883912282050980,8,,2019-05-18T08:00:00-0400,0.005701,0.005701,0.002187,0.001368,0.026259248128000002,0.030985913772000002,0.289482021898,4.378310155267,0.014533795873,0.0056712327699999995,0.004784585601999999,0.002701806934,0.068778378902,0.015252991294000002,0.017998530183000003,0.150434727028,3.456436913575,0.008003628199000001,0.005070361081,0.002527640968,0.002053289263,0.036334804709,0.011006256834,0.012987383589000001,0.13904729487,0.921873241692,0.006530167674,0.0006008716890000001,0.002256944634,0.0006485176710000001,0.032443574193,0.0,0.0,0.0,0.0,0.0,0.0,0.0,0.0,0.0,0.933118,14314448.034567334,31.555916,33.1337118,34.7115076,36.2893034,37.8670992,39.444895,41.0226908,42.600486599999996,44.1782824,45.756078200000005,47.333874,48.9116698,50.4894656,52.0672614,53.6450572,55.222853,56.800648800000005,58.3784446,59.9562404,61.5340362,63.11183200000001
SF11C46883912282050980,9,,2019-05-18T09:00:00-0400,0.005701,0.005701,0.002871,0.001472,0.029701534216,0.03504781152,0.33297006473799995,4.666632650611,0.016576152841000003,0.005859159718,0.00549046129,0.0029046355059999997,0.078925340378,0.015252991294000002,0.017998530183000003,0.150434727028,3.456436913575,0.008003628199000001,0.005070361081,0.002527640968,0.002053289263,0.036334804709,0.014448542921999999,0.017049281337,0.18253533770999997,1.210195737036,0.008572524642,0.000788798637,0.0029628203219999997,0.0008513462429999999,0.042590535669,0.0,0.0,0.0,0.0,0.0,0.0,0.0,0.0,0.0,0.939806,14314448.034567334,31.555916,33.1337118,34.7115076,36.2893034,37.8670992,39.444895,41.0226908,42.600486599999996,44.1782824,45.756078200000005,47.333874,48.9116698,50.4894656,52.0672614,53.6450572,55.222853,56.800648800000005,58.3784446,59.9562404,61.5340362,63.11183200000001
SF11C46883912282050980,10,,2019-05-18T10:00:00-0400,0.020004,0.020004,0.012417,0.002229,0.11601015266999999,0.136891984731,1.3173146768819999,17.362211592672,0.06515954072999999,0.021202711023,0.021683253966,0.010886750912999999,0.311696627799,0.053520581976,0.063154288332,0.527854109712,12.128146644300001,0.028083595596000002,0.017791177524,0.008869133472,0.0072047006520000005,0.127493673636,0.06248957069399999,0.07373769639899999,0.7894605671699999,5.234064948372,0.037075945134,0.003411533499,0.012814120493999999,0.0036820502609999995,0.184202954163,0.0,0.0,0.0,0.0,0.0,0.0,0.0,0.0,0.0,0.753242,50227366.86256533,109.633821,115.11551204999999,120.5972031,126.07889415,131.5605852,137.04227625,142.52396729999998,148.00565835,153.4873494,158.96904045,164.45073150000002,169.93242255,175.4141136,180.89580465,186.3774957,191.85918675,197.3408778,202.82256884999998,208.3042599,213.78595095,219.26764200000002
SF11C46883912282050980,11,,2019-05-18T11:00:00-0400,0.040008,0.040008,0.029285,0.0041,0.25442032782199997,0.300215997059,2.9176195272739998,36.60062702566,0.14360933126199998,0.043628320943,0.047959859814,0.023093370209,0.6894226788869999,0.107041163952,0.126308576664,1.055708219424,24.256293288600002,0.056167191192000004,0.035582355048,0.017738266944,0.014409401304000001,0.254987347272,0.14737916387,0.17390742039499998,1.8619113078499998,12.34433373706,0.08744214007,0.008045965895,0.030221592869999998,0.008683968904999999,0.434435331615,0.0,0.0,0.0,0.0,0.0,0.0,0.0,0.0,0.0,0.67521,100454733.72513066,216.262749,227.07588645,237.8890239,248.70216135,259.51529880000004,270.32843625000004,281.14157370000004,291.95471115000004,302.76784860000004,313.58098605000004,324.39412350000003,335.20726095000003,346.02039840000003,356.83353585000003,367.64667330000003,378.45981075000003,389.27294820000003,400.08608565000003,410.89922310000003,421.71236055,432.525498
SF11C46883912282050980,12,,2019-05-18T12:00:00-0400,0.070014,0.070014,0.058436,0.007857,0.481405998668,0.568059098054,5.562792412352,67.08069649762601,0.27277675385800004,0.078324237026,0.091346867304,0.04254465467,1.31311066593,0.18732203691600002,0.22104000916200003,1.8474893839920001,42.44851325505,0.09829258458600001,0.062269121334000005,0.031041967152000003,0.025216452282000004,0.44622785772600004,0.29408396175199997,0.347019088892,3.7153030283599997,24.632183242576,0.174484169272,0.016055115692,0.060304900152,0.017328202388,0.8668828082040001,0.0,0.0,0.0,0.0,0.0,0.0,0.0,0.0,0.0,0.644382,175795784.01897866,370.751507,389.28908235,407.8266577,426.36423305,444.9018084,463.43938375,481.97695910000004,500.51453445000004,519.0521098,537.58968515,556.1272605,574.66483585,593.2024112,611.73998655,630.2775619,648.81513725,667.3527126,685.89028795,704.4278633,722.96543865,741.503014
SF11C46883912282050980,13,,2019-05-18T13:00:00-0400,0.10002,0.10002,0.092637,0.01372,0.733806208614,0.8658913563990001,8.52903929793,99.689462755392,0.41702298155399997,0.11440762545899999,0.139945383894,0.063493430781,2.0117140849229997,0.26760290988,0.31577144166,2.63927054856,60.6407332215,0.14041797798,0.08895588762,0.04434566736,0.03602350326,0.63746836818,0.46620329873399996,0.550119914739,5.88976874937,39.048729533892,0.276605003574,0.025451737839,0.095599716534,0.027469927520999998,1.374245716743,0.0,0.0,0.0,0.0,0.0,0.0,0.0,0.0,0.0,0.577576,251136834.31282663,518.932539,544.87916595,570.8257929,596.77241985,622.7190468,648.66567375,674.6123007000001,700.55892765,726.5055546000001,752.45218155,778.3988085000001,804.34543545,830.2920624000001,856.2386893500001,882.1853163000001,908.1319432500001,934.0785702000001,960.02519715,985.9718241,1011.91845105,1037.865078
SF11C46883912282050980,14,,2019-05-18T14:00:00-0400,0.130026,0.130026,0.130595,0.021801,1.0051138291339998,1.1860343601230001,11.734152524077999,133.88189511697,0.572487243064,0.15152323837099999,0.19242105685799998,0.085556281373,2.766051618339,0.347883782844,0.410502874158,3.431051713128,78.83295318795,0.182543371374,0.115642653906,0.057649367568,0.046830554238000005,0.828708878634,0.6572300462899999,0.775531485965,8.30310081095,55.048941929019996,0.38994387168999994,0.035880584465,0.13477168929,0.038725727135,1.937342739705,0.0,0.0,0.0,0.0,0.0,0.0,0.0,0.0,0.0,0.450848,326477884.6066747,661.063389,694.1165584500001,727.1697279,760.22289735,793.2760668000001,826.32923625,859.3824057,892.43557515,925.4887446,958.5419140500001,991.5950835,1024.64825295,1057.7014224,1090.75459185,1123.8077613,1156.86093075,1189.9141002000001,1222.9672696500002,1256.0204391,1289.07360855,1322.1267779999998
SF11C46883912282050980,15,,2019-05-18T15:00:00-0400,0.160032,0.160032,0.1708,0.032104,1.287729661408,1.5195210542560003,15.082127785696,169.0214921672,0.734660826368,0.18925620779200003,0.247215593376,0.10828544161600001,3.5537228102880003,0.428164655808,0.505234306656,4.222832877696,97.02517315440001,0.22466876476800002,0.142329420192,0.070953067776,0.057637605216000004,1.019949389088,0.8595650055999999,1.0142867476000001,10.859294908,71.9963190128,0.5099920616,0.046926787600000006,0.1762625256,0.0506478364,2.5337734212000003,0.0,0.0,0.0,0.0,0.0,0.0,0.0,0.0,0.0,0.324121,401818934.90052265,797.391082,837.2606360999999,877.1301902,916.9997443,956.8692983999999,996.7388525,1036.6084066,1076.4779607,1116.3475148,1156.2170689,1196.0866230000001,1235.9561770999999,1275.8257312,1315.6952853,1355.5648394,1395.4343935000002,1435.3039476,1475.1735017,1515.0430558,1554.9126099,1594.7821640000002
SF11C46883912282050980,16,,2019-05-18T16:00:00-0400,0.170034,0.170034,0.189309,0.042975,1.407638012634,1.661012913945,16.522838736642,182.88755535239397,0.8039686842839999,0.20323708877699997,0.27075111495,0.11737632123899999,3.892045831257,0.454924946796,0.536811450822,4.486759932551999,103.08924647654999,0.23871056256599998,0.15122500895399998,0.07538763451199999,0.061239955542,1.083696225906,0.952713065838,1.124201463123,12.03607880409,79.798308875844,0.5652581217179999,0.052012079823000004,0.195363480438,0.056136365697,2.808349605351,0.0,0.0,0.0,0.0,0.0,0.0,0.0,0.0,0.0,0.281879,426932618.3318053,841.585291,883.6645555499999,925.7438201,967.8230846499999,1009.9023492,1051.98161375,1094.0608783,1136.1401428499998,1178.2194074,1220.29867195,1262.3779365,1304.45720105,1346.5364656,1388.61573015,1430.6949946999998,1472.77425925,1514.8535238,1556.93278835,1599.0120529,1641.09131745,1683.170582
SF11C46883912282050980,17,,2019-05-18T17:00:00-0400,0.120024,0.120024,0.137004,0.049477,1.0106073561839999,1.19251672278,11.877703344311998,130.519369854264,0.577582091184,0.14438850313200002,0.19460046275999998,0.08385441104399999,2.7973806237720003,0.32112349185600003,0.378925729992,3.1671246582720003,72.7688798658,0.168501573576,0.10674706514400001,0.053214800832,0.043228203912,0.764962041816,0.6894838643279999,0.813590992788,8.710578686039998,57.750489988464,0.40908051760799996,0.037641437988,0.14138566192799998,0.04062620713199999,2.032418581956,0.0,0.0,0.0,0.0,0.0,0.0,0.0,0.0,0.0,0.493091,301364201.175392,614.343221,645.0603820499999,675.7775431,706.49470415,737.2118651999999,767.92902625,798.6461873,829.36334835,860.0805094,890.7976704499999,921.5148314999999,952.23199255,982.9491535999999,1013.66631465,1044.3834757,1075.10063675,1105.8177977999999,1136.5349588499998,1167.2521198999998,1197.96928095,1228.686442
SF11C46883912282050980,18,,2019-05-18T18:00:00-0400,0.070014,0.070014,0.08058,0.051627,0.592847494476,0.699560068422,6.970686009792,76.41492652233,0.33889656774599997,0.08440823459400001,0.114199076712,0.049111081422000005,1.641611126346,0.18732203691600002,0.22104000916200003,1.8474893839920001,42.44851325505,0.09829258458600001,0.062269121334000005,0.031041967152000003,0.025216452282000004,0.44622785772600004,0.40552545755999997,0.47852005926,5.1231966257999995,33.96641326728,0.24060398315999998,0.022139113260000003,0.08315710956,0.02389462914,1.19538326862,0.0,0.0,0.0,0.0,0.0,0.0,0.0,0.0,0.0,0.704303,175795784.01897866,370.751507,389.28908235,407.8266577,426.36423305,444.9018084,463.43938375,481.97695910000004,500.51453445000004,519.0521098,537.58968515,556.1272605,574.66483585,593.2024112,611.73998655,630.2775619,648.81513725,667.3527126,685.89028795,704.4278633,722.96543865,741.503014
SF11C46883912282050980,19,,2019-05-18T19:00:00-0400,0.040008,0.040008,0.045668,0.051215,0.33686911872799996,0.39750557426,3.9592344481039996,43.506456618088,0.192527363728,0.048129501044,0.06486682092,0.027951470348000003,0.9324602079240001,0.107041163952,0.126308576664,1.055708219424,24.256293288600002,0.056167191192000004,0.035582355048,0.017738266944,0.014409401304000001,0.254987347272,0.229827954776,0.271196997596,2.9035262286799997,19.250163329488,0.136360172536,0.012547145996,0.047128553976,0.013542069044,0.6774728606520001,0.0,0.0,0.0,0.0,0.0,0.0,0.0,0.0,0.0,0.83103,100454733.72513066,216.262749,227.07588645,237.8890239,248.70216135,259.51529880000004,270.32843625000004,281.14157370000004,291.95471115000004,302.76784860000004,313.58098605000004,324.39412350000003,335.20726095000003,346.02039840000003,356.83353585000003,367.64667330000003,378.45981075000003,389.27294820000003,400.08608565000003,410.89922310000003,421.71236055,432.525498
SF11C46883912282050980,20,,2019-05-18T20:00:00-0400,0.005701,0.005701,0.006347,0.048113,0.047194789247999996,0.055689853292000005,0.553970703498,6.131850477827,0.026955148193000003,0.00681418029,0.009077630722,0.003935384214,0.13049089314200002,0.015252991294000002,0.017998530183000003,0.150434727028,3.456436913575,0.008003628199000001,0.005070361081,0.002527640968,0.002053289263,0.036334804709,0.031941797954,0.037691323109,0.40353597647,2.675413564252,0.018951519994,0.0017438192090000002,0.006549989754,0.001882094951,0.09415608843300001,0.0,0.0,0.0,0.0,0.0,0.0,0.0,0.0,0.0,0.975922,14314448.034567334,31.555916,33.1337118,34.7115076,36.2893034,37.8670992,39.444895,41.0226908,42.600486599999996,44.1782824,45.756078200000005,47.333874,48.9116698,50.4894656,52.0672614,53.6450572,55.222853,56.800648800000005,58.3784446,59.9562404,61.5340362,63.11183200000001
SF11C46883912282050980,21,,2019-05-18T21:00:00-0400,0.005701,0.005701,0.006085,0.045207,0.045876252764,0.054133980178,0.537313002878,6.021411159435001,0.026172841869,0.006742196576,0.008807251438,0.003857692568,0.12660419152400001,0.015252991294000002,0.017998530183000003,0.150434727028,3.456436913575,0.008003628199000001,0.005070361081,0.002527640968,0.002053289263,0.036334804709,0.03062326147,0.036135449995,0.38687827585,2.5649742458600002,0.01816921367,0.0016718354950000002,0.0062796104699999996,0.001804403305,0.090269386815,0.0,0.0,0.0,0.0,0.0,0.0,0.0,0.0,0.0,0.984744,14314448.034567334,31.555916,33.1337118,34.7115076,36.2893034,37.8670992,39.444895,41.0226908,42.600486599999996,44.1782824,45.756078200000005,47.333874,48.9116698,50.4894656,52.0672614,53.6450572,55.222853,56.800648800000005,58.3784446,59.9562404,61.5340362,63.11183200000001
SF11C46883912282050980,22,,2019-05-18T22:00:00-0400,0.005701,0.005701,0.005726,0.042477,0.044069555826,0.052002077705000004,0.514488138288,5.870084001791,0.025100903051000004,0.006643562403,0.0084367699,0.003751237221,0.12127852022300001,0.015252991294000002,0.017998530183000003,0.150434727028,3.456436913575,0.008003628199000001,0.005070361081,0.002527640968,0.002053289263,0.036334804709,0.028816564532,0.034003547522,0.36405341126,2.413647088216,0.017097274852,0.0015732013220000002,0.005909128932,0.001697947958,0.08494371551400001,0.0,0.0,0.0,0.0,0.0,0.0,0.0,0.0,0.0,0.984744,14314448.034567334,31.555916,33.1337118,34.7115076,36.2893034,37.8670992,39.444895,41.0226908,42.600486599999996,44.1782824,45.756078200000005,47.333874,48.9116698,50.4894656,52.0672614,53.6450572,55.222853,56.800648800000005,58.3784446,59.9562404,61.5340362,63.11183200000001
SF11C46883912282050980,23,,2019-05-18T23:00:00-0400,0.005701,0.005701,0.00528,0.039905,0.041825024254000004,0.049353530343,0.486131899828,5.682084246055,0.023769190758999997,0.006521025241,0.007976505928,0.0036189835030000003,0.114662226629,0.015252991294000002,0.017998530183000003,0.150434727028,3.456436913575,0.008003628199000001,0.005070361081,0.002527640968,0.002053289263,0.036334804709,0.02657203296,0.03135500016,0.3356971728,2.22564733248,0.015765562559999998,0.0014506641600000002,0.00544886496,0.00156569424,0.07832742192,0.0,0.0,0.0,0.0,0.0,0.0,0.0,0.0,0.0,0.984744,14314448.034567334,31.555916,33.1337118,34.7115076,36.2893034,37.8670992,39.444895,41.0226908,42.600486599999996,44.1782824,45.756078200000005,47.333874,48.9116698,50.4894656,52.0672614,53.6450572,55.222853,56.800648800000005,58.3784446,59.9562404,61.5340362,63.11183200000001
SF11C46884012282050980,0,,2019-05-18T00:00:00-0400,0.005701,0.005701,0.004403,0.000304,0.38574682180099995,0.45518124957399997,4.630249160289,44.841267632953,0.222852002902,0.045431676719,0.075649638795,0.02936941831,1.087463563096,0.08772598462400001,0.10351666003200001,0.8652095741280001,19.879334704727,0.04603204038,0.029161658283000002,0.014537447382000001,0.011809268038000002,0.208975827495,0.29802083717699995,0.351664589542,3.765039586161,24.961932928226,0.176819962522,0.016270018436,0.061112191413,0.017560150272,0.8784877356009999,0.0,0.0,0.0,0.0,0.0,0.0,0.0,0.0,0.0,0.05,154313005.91151077,171.760775,177.83856169999999,183.9163484,189.9941351,196.07192179999998,202.1497085,208.2274952,214.3052819,220.3830686,226.4608553,232.53864199999998,238.6164287,244.6942154,250.7720021,256.8497888,262.9275755,269.0053622,275.08314889999997,281.1609356,287.2387223,293.316509
SF11C46884012282050980,1,,2019-05-18T01:00:00-0400,0.005701,0.005701,0.003775,0.000544,0.343240102349,0.405023320382,4.093241470053,41.280946515777,0.19763216723000002,0.043111083583000004,0.066933205407,0.026864813638,0.96216483542,0.08772598462400001,0.10351666003200001,0.8652095741280001,19.879334704727,0.04603204038,0.029161658283000002,0.014537447382000001,0.011809268038000002,0.208975827495,0.255514117725,0.30150666035,3.228031895925,21.401611811050003,0.15160012685000002,0.013949425300000002,0.052395758025,0.015055545600000001,0.753189007925,0.0,0.0,0.0,0.0,0.0,0.0,0.0,0.0,0.0,0.525,154313005.91151077,171.760775,173.2703862,174.77999739999998,176.2896086,177.7992198,179.308831,180.8184422,182.3280534,183.8376646,185.3472758,186.856887,188.3664982,189.87610940000002,191.3857206,192.8953318,194.404943,195.9145542,197.4241654,198.93377660000002,200.4433878,201.952999
SF11C46884012282050980,2,,2019-05-18T02:00:00-0400,0.005701,0.005701,0.003325,0.000737,0.31278146579899996,0.369082129082,3.708442965903,38.729761001877,0.17956062893,0.041448238183,0.060687353457,0.025070112838,0.8723807152699999,0.08772598462400001,0.10351666003200001,0.8652095741280001,19.879334704727,0.04603204038,0.029161658283000002,0.014537447382000001,0.011809268038000002,0.208975827495,0.22505548117499996,0.26556546905,2.843233391775,18.85042629715,0.13352858855,0.0122865799,0.046149906075,0.0132608448,0.663404887775,0.0,0.0,0.0,0.0,0.0,0.0,0.0,0.0,0.0,0.683333,154313005.91151077,171.760775,180.34881375,188.9368525,197.52489125,206.11293,214.70096875,223.2890075,231.87704624999998,240.465085,249.05312375,257.64116249999995,266.22920124999996,274.81723999999997,283.40527875,291.9933175,300.58135625,309.169395,317.75743375,326.34547249999997,334.93351125,343.52154999999993
SF11C46884012282050980,3,,2019-05-18T03:00:00-0400,0.005701,0.005701,0.003003,0.000893,0.290986619201,0.343364209974,3.433098258489,36.904246034153005,0.166629439302,0.040258379919000005,0.056218099395000005,0.023785904710000003,0.8081351892959999,0.08772598462400001,0.10351666003200001,0.8652095741280001,19.879334704727,0.04603204038,0.029161658283000002,0.014537447382000001,0.011809268038000002,0.208975827495,0.20326063457699997,0.239847549942,2.5678886843610003,17.024911329426,0.120597398922,0.011096721636000001,0.041680652013,0.011976636672000001,0.5991593618009999,0.0,0.0,0.0,0.0,0.0,0.0,0.0,0.0,0.0,0.7625,154313005.91151077,171.760775,180.34881375,188.9368525,197.52489125,206.11293,214.70096875,223.2890075,231.87704624999998,240.465085,249.05312375,257.64116249999995,266.22920124999996,274.81723999999997,283.40527875,291.9933175,300.58135625,309.169395,317.75743375,326.34547249999997,334.93351125,343.52154999999993
SF11C46884012282050980,4,,2019-05-18T04:00:00-0400,0.005701,0.005701,0.002771,0.001023,0.275283499913,0.324834529126,3.234713251905,35.588968169209004,0.157312557334,0.039401090735000005,0.052998015723,0.022860636742000003,0.761846487352,0.08772598462400001,0.10351666003200001,0.8652095741280001,19.879334704727,0.04603204038,0.029161658283000002,0.014537447382000001,0.011809268038000002,0.208975827495,0.18755751528899997,0.221317869094,2.369503677777,15.709633464482001,0.111280516954,0.010239432452000001,0.038460568341,0.011051368704000001,0.552870659857,0.0,0.0,0.0,0.0,0.0,0.0,0.0,0.0,0.0,0.81,154313005.91151077,171.760775,180.34881375,188.9368525,197.52489125,206.11293,214.70096875,223.2890075,231.87704624999998,240.465085,249.05312375,257.64116249999995,266.22920124999996,274.81723999999997,283.40527875,291.9933175,300.58135625,309.169395,317.75743375,326.34547249999997,334.93351125,343.52154999999993
SF11C46884012282050980,5,,2019-05-18T05:00:00-0400,0.005701,0.005701,0.002606,0.001133,0.26411533317799996,0.311656092316,3.09362046705,34.653533480779004,0.150686326624,0.038791380755,0.050707870008,0.022202579782,0.7289256432969999,0.08772598462400001,0.10351666003200001,0.8652095741280001,19.879334704727,0.04603204038,0.029161658283000002,0.014537447382000001,0.011809268038000002,0.208975827495,0.17638934855399996,0.208139432284,2.228410892922,14.774198776052,0.104654286244,0.009629722472,0.036170422625999996,0.010393311744,0.519949815802,0.0,0.0,0.0,0.0,0.0,0.0,0.0,0.0,0.0,0.841667,154313005.91151077,171.760775,180.34881375,188.9368525,197.52489125,206.11293,214.70096875,223.2890075,231.87704624999998,240.465085,249.05312375,257.64116249999995,266.22920124999996,274.81723999999997,283.40527875,291.9933175,300.58135625,309.169395,317.75743375,326.34547249999997,334.93351125,343.52154999999993
SF11C46884012282050980,6,,2019-05-18T06:00:00-0400,0.005701,0.005701,0.002487,0.001226,0.256060715957,0.30215164395000005,2.9918626403970006,33.978886644881,0.145907408718,0.038351650527,0.049056189159,0.021727981126000002,0.705182731524,0.08772598462400001,0.10351666003200001,0.8652095741280001,19.879334704727,0.04603204038,0.029161658283000002,0.014537447382000001,0.011809268038000002,0.208975827495,0.16833473133299998,0.19863498391800002,2.126653066269,14.099551940154,0.09987536833800001,0.009189992244,0.034518741777,0.009918713088,0.496206904029,0.0,0.0,0.0,0.0,0.0,0.0,0.0,0.0,0.0,0.864286,154313005.91151077,171.760775,180.34881375,188.9368525,197.52489125,206.11293,214.70096875,223.2890075,231.87704624999998,240.465085,249.05312375,257.64116249999995,266.22920124999996,274.81723999999997,283.40527875,291.9933175,300.58135625,309.169395,317.75743375,326.34547249999997,334.93351125,343.52154999999993
SF11C46884012282050980,7,,2019-05-18T07:00:00-0400,0.005701,0.005701,0.002402,0.001308,0.250307417942,0.29536275226,2.9191784785020003,33.496996047811,0.142493895928,0.038037557507000004,0.047876417124,0.021388982086000003,0.688223508829,0.08772598462400001,0.10351666003200001,0.8652095741280001,19.879334704727,0.04603204038,0.029161658283000002,0.014537447382000001,0.011809268038000002,0.208975827495,0.16258143331799998,0.191846092228,2.053968904374,13.617661343084,0.096461855548,0.008875899224,0.033338969742,0.009579714048000001,0.479247681334,0.0,0.0,0.0,0.0,0.0,0.0,0.0,0.0,0.0,0.866576,154313005.91151077,171.760775,180.34881375,188.9368525,197.52489125,206.11293,214.70096875,223.2890075,231.87704624999998,240.465085,249.05312375,257.64116249999995,266.22920124999996,274.81723999999997,283.40527875,291.9933175,300.58135625,309.169395,317.75743375,326.34547249999997,334.93351125,343.52154999999993
SF11C46884012282050980,8,,2019-05-18T08:00:00-0400,0.005701,0.005701,0.002187,0.001368,0.235754958257,0.27819084975,2.7353303042970003,32.278096302281,0.133859716518,0.037243086927,0.044892287859000006,0.020531513926000004,0.6453266514239999,0.08772598462400001,0.10351666003200001,0.8652095741280001,19.879334704727,0.04603204038,0.029161658283000002,0.014537447382000001,0.011809268038000002,0.208975827495,0.148028973633,0.17467418971800003,1.8701207301690002,12.398761597554001,0.08782767613800001,0.008081428644,0.030354840477000003,0.008722245888000002,0.436350823929,0.0,0.0,0.0,0.0,0.0,0.0,0.0,0.0,0.0,0.866576,154313005.91151077,171.760775,180.34881375,188.9368525,197.52489125,206.11293,214.70096875,223.2890075,231.87704624999998,240.465085,249.05312375,257.64116249999995,266.22920124999996,274.81723999999997,283.40527875,291.9933175,300.58135625,309.169395,317.75743375,326.34547249999997,334.93351125,343.52154999999993
SF11C46884012282050980,9,,2019-05-18T09:00:00-0400,0.005701,0.005701,0.002871,0.001472,0.282052085813,0.332821460526,3.320224030605,36.155898283409,0.16132845473399998,0.039770611935000005,0.054385982823,0.023259459142,0.781798514052,0.08772598462400001,0.10351666003200001,0.8652095741280001,19.879334704727,0.04603204038,0.029161658283000002,0.014537447382000001,0.011809268038000002,0.208975827495,0.19432610118899998,0.22930480049399998,2.455014456477,16.276563578682,0.115296414354,0.010608953652,0.039848535441,0.011450191104,0.572822686557,0.0,0.0,0.0,0.0,0.0,0.0,0.0,0.0,0.0,0.866576,154313005.91151077,171.760775,180.34881375,188.9368525,197.52489125,206.11293,214.70096875,223.2890075,231.87704624999998,240.465085,249.05312375,257.64116249999995,266.22920124999996,274.81723999999997,283.40527875,291.9933175,300.58135625,309.169395,317.75743375,326.34547249999997,334.93351125,343.52154999999993
SF11C46884012282050980,10,,2019-05-18T10:00:00-0400,0.020004,0.020004,0.012415,0.002229,1.148137970781,1.354802803838,13.652060793717002,140.138138181238,0.6600935597300001,0.148200177712,0.22332595539300001,0.09095084671200002,3.210310638785,0.307818031296,0.363225270528,3.0358976181120005,69.753764503308,0.16151989752,0.102324120732,0.051009839928000004,0.041437045752,0.73326652398,0.840319939485,0.9915775333100001,10.616163175605001,70.38437367793,0.49857366221000005,0.04587605698,0.172316115465,0.04951380096000001,2.477044114805,0.0,0.0,0.0,0.0,0.0,0.0,0.0,0.0,0.0,0.531835,541462439.9673499,570.917618,599.4634989,628.0093797999999,656.5552607,685.1011415999999,713.6470224999999,742.1929034,770.7387842999999,799.2846652,827.8305461,856.3764269999999,884.9223078999999,913.4681887999999,942.0140696999999,970.5599505999999,999.1058314999999,1027.6517124,1056.1975932999999,1084.7434742,1113.2893550999997,1141.835236
SF11C46884012282050980,11,,2019-05-18T11:00:00-0400,0.040008,0.040008,0.029281,0.0041,2.597545699971,3.0651039242900007,31.110206347371005,305.51033574551803,1.498934712734,0.312847744036,0.508430326407,0.19965327844800002,7.308685985986999,0.615636062592,0.726450541056,6.071795236224001,139.507529006616,0.32303979504,0.204648241464,0.10201967985600001,0.082874091504,1.46653304796,1.981909637379,2.3386533832340004,25.038411111147003,166.00280673890202,1.1758949176940001,0.108199502572,0.406410646551,0.11677918694400001,5.842152938027,0.0,0.0,0.0,0.0,0.0,0.0,0.0,0.0,0.0,0.24,1082924879.9346998,1060.348505,1113.36593025,1166.3833554999999,1219.40078075,1272.4182059999998,1325.43563125,1378.4530565,1431.4704817499999,1484.487907,1537.5053322499998,1590.5227575,1643.54018275,1696.5576079999998,1749.5750332499997,1802.5924584999998,1855.6098837499999,1908.627309,1961.6447342499998,2014.6621594999997,2067.67958475,2120.69701
SF11C46884012282050980,12,,2019-05-18T12:00:00-0400,0.070014,0.070014,0.05843,0.007857,5.032247850906,5.938052463868001,60.58958965780201,575.3954414886381,2.91180849214,0.5740456597220001,0.989523616278,0.37806158845200005,14.224402034739999,1.0773631095360001,1.2712884468480001,10.625641663392003,244.13817576157803,0.56531964132,0.358134422562,0.178534439748,0.14502966013200003,2.56643283393,3.95488474137,4.66676401702,49.963947994410006,331.25726572706003,2.34648885082,0.21591123716000002,0.81098917653,0.23303192832000003,11.65796920081,0.0,0.0,0.0,0.0,0.0,0.0,0.0,0.0,0.0,0.24,1895118539.8857245,1666.688412,1750.0228326,1833.3572532,1916.6916738,2000.0260944,2083.360515,2166.6949356,2250.0293561999997,2333.3637768,2416.6981974,2500.032618,2583.3670386,2666.7014592,2750.0358797999997,2833.3703004,2916.704721,3000.0391416,3083.3735622,3166.7079828,3250.0424034,3333.376824
SF11C46884012282050980,13,,2019-05-18T13:00:00-0400,0.10002,0.10002,0.09263,0.01372,7.80883127565,9.214420908460001,94.38812240037001,873.9161873,4.52752524922,0.85390809122,1.54072312437,0.5766144178800001,22.14789495211,1.53909015648,1.81612635264,15.179488090560001,348.76882251654,0.8075994876,0.51162060366,0.25504919964,0.20718522876,3.6663326198999995,6.26974111917,7.398294555820001,79.20863430981001,525.14736478346,3.7199257616200003,0.34228748756000005,1.28567392473,0.36942918912000006,18.48156233221,0.0,0.0,0.0,0.0,0.0,0.0,0.0,0.0,0.0,0.24,2707312199.836749,2147.963125,2255.36128125,2362.7594375000003,2470.15759375,2577.5557500000004,2684.9539062500003,2792.3520625,2899.7502187500004,3007.148375,3114.5465312500005,3221.9446875000003,3329.3428437500006,3436.7410000000004,3544.1391562500003,3651.5373125000006,3758.9354687500004,3866.333625,3973.7317812500005,4081.129937500001,4188.52809375,4295.92625
SF11C46884012282050980,14,,2019-05-18T14:00:00-0400,0.130026,0.130026,0.130587,0.021801,10.839710472657,12.790858365750001,131.39929509869702,1193.736497501856,6.294119271618,1.1476534342020002,2.144068556409,0.7901510048760001,30.820985512598998,2.000817203424,2.360964258432,19.733334517728004,453.399469271502,1.0498793338799999,0.665106784758,0.331563959532,0.26934079738800004,4.766232405869999,8.838893269233,10.429894107318,111.66596058096901,740.3370282303541,5.2442399377380005,0.48254664944400005,1.8125045968770002,0.5208102074880001,26.054753106729,0.0,0.0,0.0,0.0,0.0,0.0,0.0,0.0,0.0,0.24,3519505859.7877736,2529.968907,2656.46735235,2782.9657976999997,2909.46424305,3035.9626884,3162.46113375,3288.9595791,3415.45802445,3541.9564698,3668.45491515,3794.9533604999997,3921.45180585,4047.9502512,4174.44869655,4300.9471419,4427.44558725,4553.9440326,4680.4424779500005,4806.940923300001,4933.43936865,5059.937814
SF11C46884012282050980,15,,2019-05-18T15:00:00-0400,0.160032,0.160032,0.170791,0.032104,14.022679794836998,16.546762171598,170.331894994413,1526.2957273697862,8.150950508594,1.449701918548,2.778601609185,1.0126491312,39.942398113037,2.462544250368,2.905802164224,24.287180944896004,558.030116026464,1.29215918016,0.818592965856,0.40807871942400004,0.331496366016,5.86613219184,11.560135544468999,13.640960007374,146.044714049517,968.265611343322,6.858791328434,0.6311089526920001,2.370522889761,0.681152765184,34.076265921197,0.0,0.0,0.0,0.0,0.0,0.0,0.0,0.0,0.0,0.24,4331699519.738799,2833.181215,2974.8402757500003,3116.4993365,3258.1583972500002,3399.817458,3541.47651875,3683.1355795,3824.79464025,3966.4537010000004,4108.112761750001,4249.7718225,4391.43088325,4533.089944,4674.7490047500005,4816.4080655,4958.06712625,5099.726187,5241.38524775,5383.044308500001,5524.703369250001,5666.36243
SF11C46884012282050980,16,,2019-05-18T16:00:00-0400,0.170034,0.170034,0.189305,0.042975,15.429724804010998,18.207075286258,187.681309371987,1666.134050964428,8.97521370199,1.569277133882,3.061074758043,1.107205633212,44.002949598265,2.616453266016,3.0874147994879997,25.805129753952002,592.906998278118,1.3729191289199998,0.869755026222,0.433583639388,0.352214888892,6.232765453829999,12.813271537994998,15.11966048677,161.876179618035,1073.2270526863101,7.60229457307,0.69952210766,2.627491118655,0.75499074432,37.770184144435,0.0,0.0,0.0,0.0,0.0,0.0,0.0,0.0,0.0,0.24,4602430739.722473,2919.655225,3065.63798625,3211.6207475,3357.60350875,3503.58627,3649.56903125,3795.5517925,3941.5345537499998,4087.517315,4233.50007625,4379.4828375,4525.46559875,4671.44836,4817.43112125,4963.4138825,5109.39664375,5255.379405,5401.36216625,5547.3449275,5693.32768875,5839.310450000001
SF11C46884012282050980,17,,2019-05-18T17:00:00-0400,0.120024,0.120024,0.137014,0.049477,11.120818472801998,13.122565811564,135.37712403669002,1195.2962136898361,6.471461048756,1.12024050136,2.207768281962,0.7950647976480001,31.736669006617998,1.846908187776,2.179351623168,18.215385708672002,418.522587019848,0.96911938512,0.613944724392,0.306059039568,0.24862227451200003,4.39959914388,9.273910285025998,10.943214188396,117.161738328018,776.7736266699881,5.502341663636,0.506295776968,1.901709242394,0.5464425231360001,27.337069862737998,0.0,0.0,0.0,0.0,0.0,0.0,0.0,0.0,0.0,0.24,3248774639.804099,2412.303246,2532.9184083,2653.5335706,2774.1487329,2894.7638951999998,3015.3790575,3135.9942198,3256.6093821,3377.2245444,3497.8397066999996,3618.454869,3739.0700312999998,3859.6851936,3980.3003559,4100.9155181999995,4221.5306805,4342.1458428,4462.761005099999,4583.3761674,4703.9913297,4824.606492
SF11C46884012282050980,18,,2019-05-18T18:00:00-0400,0.070014,0.070014,0.080592,0.051627,6.532301858063999,7.708116200736001,79.540488433296,701.038493397642,3.801811673928,0.6559389480660001,1.29712488498,0.46644860874000005,18.646170191994,1.0773631095360001,1.2712884468480001,10.625641663392003,244.13817576157803,0.56531964132,0.358134422562,0.178534439748,0.14502966013200003,2.56643283393,5.454938748527999,6.436827753888,68.914846769904,456.900317636064,3.236492032608,0.297804525504,1.118590445232,0.321418948608,16.079737358063998,0.0,0.0,0.0,0.0,0.0,0.0,0.0,0.0,0.0,0.24,1895118539.8857245,1666.688412,1750.0228326,1833.3572532,1916.6916738,2000.0260944,2083.360515,2166.6949356,2250.0293561999997,2333.3637768,2416.6981974,2500.032618,2583.3670386,2666.7014592,2750.0358797999997,2833.3703004,2916.704721,3000.0391416,3083.3735622,3166.7079828,3250.0424034,3333.376824
SF11C46884012282050980,19,,2019-05-18T19:00:00-0400,0.040008,0.040008,0.045675,0.051215,3.7071876724169996,4.3744814580060005,45.128843407449,398.452858667466,2.15730093249,0.373427049564,0.735973652781,0.265036222704,10.579621243185,0.615636062592,0.726450541056,6.071795236224001,139.507529006616,0.32303979504,0.204648241464,0.10201967985600001,0.082874091504,1.46653304796,3.0915516098249998,3.6480309169500003,39.057048171225,258.94532966085,1.83426113745,0.1687788081,0.633953972925,0.18216213120000002,9.113088195225,0.0,0.0,0.0,0.0,0.0,0.0,0.0,0.0,0.0,0.24,1082924879.9346998,1060.348505,1113.36593025,1166.3833554999999,1219.40078075,1272.4182059999998,1325.43563125,1378.4530565,1431.4704817499999,1484.487907,1537.5053322499998,1590.5227575,1643.54018275,1696.5576079999998,1749.5750332499997,1802.5924584999998,1855.6098837499999,1908.627309,1961.6447342499998,2014.6621594999997,2067.67958475,2120.69701
SF11C46884012282050980,20,,2019-05-18T20:00:00-0400,0.005701,0.005701,0.006356,0.048113,0.517937304428,0.6111660198159999,6.3002746683,55.913412763279,0.30128247912399997,0.052648425755000006,0.102756636258,0.037158419782000005,1.477126644547,0.08772598462400001,0.10351666003200001,0.8652095741280001,19.879334704727,0.04603204038,0.029161658283000002,0.014537447382000001,0.011809268038000002,0.208975827495,0.43021131980399996,0.5076493597839999,5.435065094172,36.034078058552,0.255250438744,0.023486767472,0.088219188876,0.025349151744,1.268150817052,0.0,0.0,0.0,0.0,0.0,0.0,0.0,0.0,0.0,0.866576,154313005.91151077,171.760775,180.34881375,188.9368525,197.52489125,206.11293,214.70096875,223.2890075,231.87704624999998,240.465085,249.05312375,257.64116249999995,266.22920124999996,274.81723999999997,283.40527875,291.9933175,300.58135625,309.169395,317.75743375,326.34547249999997,334.93351125,343.52154999999993
SF11C46884012282050980,21,,2019-05-18T21:00:00-0400,0.005701,0.005701,0.006085,0.045207,0.499594436639,0.589521435722,6.0685404580230005,54.377032153797,0.29039939717,0.051647023303,0.098995245417,0.036077611078000005,1.4230566521899999,0.08772598462400001,0.10351666003200001,0.8652095741280001,19.879334704727,0.04603204038,0.029161658283000002,0.014537447382000001,0.011809268038000002,0.208975827495,0.411868452015,0.48600477569,5.203330883895,34.49769744907,0.24436735679000002,0.022485365020000002,0.084457798035,0.02426834304,1.214080824695,0.0,0.0,0.0,0.0,0.0,0.0,0.0,0.0,0.0,0.866576,154313005.91151077,171.760775,180.34881375,188.9368525,197.52489125,206.11293,214.70096875,223.2890075,231.87704624999998,240.465085,249.05312375,257.64116249999995,266.22920124999996,274.81723999999997,283.40527875,291.9933175,300.58135625,309.169395,317.75743375,326.34547249999997,334.93351125,343.52154999999993
SF11C46884012282050980,22,,2019-05-18T22:00:00-0400,0.005701,0.005701,0.005726,0.042477,0.47529521325799995,0.560848351996,5.761556762490001,52.341753043819004,0.27598232550400004,0.050320442195,0.094012443528,0.034645838662,1.351428876337,0.08772598462400001,0.10351666003200001,0.8652095741280001,19.879334704727,0.04603204038,0.029161658283000002,0.014537447382000001,0.011809268038000002,0.208975827495,0.38756922863399995,0.45733169196400003,4.896347188362,32.462418339092004,0.229950285124,0.021158783912,0.07947499614600001,0.022836570624,1.142453048842,0.0,0.0,0.0,0.0,0.0,0.0,0.0,0.0,0.0,0.866576,154313005.91151077,171.760775,180.34881375,188.9368525,197.52489125,206.11293,214.70096875,223.2890075,231.87704624999998,240.465085,249.05312375,257.64116249999995,266.22920124999996,274.81723999999997,283.40527875,291.9933175,300.58135625,309.169395,317.75743375,326.34547249999997,334.93351125,343.52154999999993
SF11C46884012282050980,23,,2019-05-18T23:00:00-0400,0.005701,0.005701,0.00528,0.039905,0.44510732014399995,0.5252266379520001,5.380178689488001,49.813244734487,0.2580714231,0.048672377643,0.087822110262,0.032867090758000005,1.2624428372549998,0.08772598462400001,0.10351666003200001,0.8652095741280001,19.879334704727,0.04603204038,0.029161658283000002,0.014537447382000001,0.011809268038000002,0.208975827495,0.35738133551999995,0.42170997792000003,4.5149691153600005,29.93391002976,0.21203938272,0.01951071936,0.07328466288,0.02105782272,1.0534670097599999,0.0,0.0,0.0,0.0,0.0,0.0,0.0,0.0,0.0,0.866576,154313005.91151077,171.760775,180.34881375,188.9368525,197.52489125,206.11293,214.70096875,223.2890075,231.87704624999998,240.465085,249.05312375,257.64116249999995,266.22920124999996,274.81723999999997,283.40527875,291.9933175,300.58135625,309.169395,317.75743375,326.34547249999997,334.93351125,343.52154999999993
SF11C46884112282050980,0,,2019-05-18T00:00:00-0700,0.005701,0.005701,0.004403,0.000304,0.021005298493,0.024786253844999995,0.24498763869900003,2.8101760320639997,0.01195819947,0.0031904309390000003,0.00401792468,0.001794487175,0.05775761293099999,0.007356011702000001,0.008680097457,0.072549700285,1.666925304039,0.0038598848540000005,0.002445267219,0.001218999222,0.000990235195,0.017523078185,0.013649286791,0.016106156387999997,0.172437938414,1.143250728025,0.008098314616,0.00074516372,0.0027989254579999998,0.00080425198,0.04023453474599999,0.0,0.0,0.0,0.0,0.0,0.0,0.0,0.0,0.0,0.864754,3888908.850324349,14.211078,14.439956350000001,14.6688347,14.89771305,15.1265914,15.355469750000001,15.5843481,15.81322645,16.0421048,16.27098315,16.4998615,16.72873985,16.9576182,17.18649655,17.4153749,17.64425325,17.8731316,18.10200995,18.330888299999998,18.55976665,18.788645
SF11C46884112282050980,1,,2019-05-18T01:00:00-0700,0.005701,0.005701,0.003775,0.000544,0.019058500377,0.022489032356999998,0.22039281123500004,2.647114152164,0.010803136654000001,0.003084148219,0.003618713872,0.0016797766949999998,0.052018960234999995,0.007356011702000001,0.008680097457,0.072549700285,1.666925304039,0.0038598848540000005,0.002445267219,0.001218999222,0.000990235195,0.017523078185,0.011702488675,0.0138089349,0.14784311095000002,0.980188848125,0.0069432518,0.000638881,0.00239971465,0.0006895415,0.034495882049999996,0.0,0.0,0.0,0.0,0.0,0.0,0.0,0.0,0.0,0.864754,3888908.850324349,14.211078,14.491804100000001,14.7725302,15.053256300000001,15.3339824,15.6147085,15.895434600000002,16.1761607,16.4568868,16.737612900000002,17.018339,17.2990651,17.579791200000003,17.8605173,18.1412434,18.421969500000003,18.702695600000002,18.9834217,19.2641478,19.544873900000002,19.8256
SF11C46884112282050980,2,,2019-05-18T02:00:00-0700,0.005701,0.005701,0.003325,0.000737,0.017663501727,0.020842934156999997,0.202769129135,2.530270448414,0.009975464254,0.003007990219,0.003332655172,0.0015975796949999998,0.04790686833499999,0.007356011702000001,0.008680097457,0.072549700285,1.666925304039,0.0038598848540000005,0.002445267219,0.001218999222,0.000990235195,0.017523078185,0.010307490025,0.012162836699999999,0.13021942885,0.8633451443749999,0.0061155794,0.000562723,0.00211365595,0.0006073445,0.030383790149999996,0.0,0.0,0.0,0.0,0.0,0.0,0.0,0.0,0.0,0.909836,3888908.850324349,14.211078,14.268485100000001,14.3258922,14.383299300000001,14.4407064,14.4981135,14.555520600000001,14.6129277,14.670334800000001,14.7277419,14.785149,14.842556100000001,14.8999632,14.957370300000001,15.0147774,15.0721845,15.129591600000001,15.1869987,15.244405800000001,15.3018129,15.35922
SF11C46884112282050980,3,,2019-05-18T03:00:00-0700,0.005701,0.005701,0.003003,0.000893,0.016665302693,0.019665059445,0.190158405499,2.446662287064,0.00938321867,0.0029534949390000002,0.00312796428,0.001538763175,0.044964438131,0.007356011702000001,0.008680097457,0.072549700285,1.666925304039,0.0038598848540000005,0.002445267219,0.001218999222,0.000990235195,0.017523078185,0.009309290991,0.010984961988,0.117608705214,0.7797369830249999,0.005523333816,0.00050822772,0.0019089650579999999,0.0005485279799999999,0.027441359946,0.0,0.0,0.0,0.0,0.0,0.0,0.0,0.0,0.0,0.932377,3888908.850324349,14.211078,14.921631900000001,15.6321858,16.342739700000003,17.0532936,17.7638475,18.4744014,19.184955300000002,19.8955092,20.6060631,21.316617,22.0271709,22.737724800000002,23.448278700000003,24.158832600000004,24.8693865,25.5799404,26.290494300000002,27.0010482,27.7116021,28.422156
SF11C46884112282050980,4,,2019-05-18T04:00:00-0700,0.005701,0.005701,0.002771,0.001023,0.015946103389000002,0.018816404373,0.18107241828300003,2.3864228664639997,0.008956507566000001,0.002914231259,0.002980485128,0.001496386055,0.042844426307,0.007356011702000001,0.008680097457,0.072549700285,1.666925304039,0.0038598848540000005,0.002445267219,0.001218999222,0.000990235195,0.017523078185,0.008590091687,0.010136306916,0.108522717998,0.719497562425,0.005096622712,0.00046896404,0.001761485906,0.00050615086,0.025321348121999997,0.0,0.0,0.0,0.0,0.0,0.0,0.0,0.0,0.0,0.945902,3888908.850324349,14.211078,14.921631900000001,15.6321858,16.342739700000003,17.0532936,17.7638475,18.4744014,19.184955300000002,19.8955092,20.6060631,21.316617,22.0271709,22.737724800000002,23.448278700000003,24.158832600000004,24.8693865,25.5799404,26.290494300000002,27.0010482,27.7116021,28.422156
SF11C46884112282050980,5,,2019-05-18T05:00:00-0700,0.005701,0.005701,0.002606,0.001133,0.015434603884,0.018212835033,0.174610401513,2.343580175089,0.008653027686,0.002886306659,0.002875596938,0.001466247155,0.04133665927699999,0.007356011702000001,0.008680097457,0.072549700285,1.666925304039,0.0038598848540000005,0.002445267219,0.001218999222,0.000990235195,0.017523078185,0.008078592182,0.009532737575999999,0.102060701228,0.6766548710499999,0.0047931428319999995,0.00044103944,0.0016565977159999998,0.00047601195999999994,0.023813581091999995,0.0,0.0,0.0,0.0,0.0,0.0,0.0,0.0,0.0,0.954918,3888908.850324349,14.211078,14.921631900000001,15.6321858,16.342739700000003,17.0532936,17.7638475,18.4744014,19.184955300000002,19.8955092,20.6060631,21.316617,22.0271709,22.737724800000002,23.448278700000003,24.158832600000004,24.8693865,25.5799404,26.290494300000002,27.0010482,27.7116021,28.422156
SF11C46884112282050980,6,,2019-05-18T06:00:00-0700,0.005701,0.005701,0.002487,0.001226,0.015065704241,0.017777533509,0.169949916691,2.312681506764,0.008434154318,0.0028661670990000002,0.0027999503040000004,0.001444510615,0.040249239418999994,0.007356011702000001,0.008680097457,0.072549700285,1.666925304039,0.0038598848540000005,0.002445267219,0.001218999222,0.000990235195,0.017523078185,0.007709692539000001,0.009097436052,0.09740021640600001,0.645756202725,0.0045742694640000005,0.00042089988000000003,0.001580951082,0.00045427541999999997,0.022726161233999998,0.0,0.0,0.0,0.0,0.0,0.0,0.0,0.0,0.0,0.961358,3888908.850324349,14.211078,14.921631900000001,15.6321858,16.342739700000003,17.0532936,17.7638475,18.4744014,19.184955300000002,19.8955092,20.6060631,21.316617,22.0271709,22.737724800000002,23.448278700000003,24.158832600000004,24.8693865,25.5799404,26.290494300000002,27.0010482,27.7116021,28.422156
SF11C46884112282050980,7,,2019-05-18T07:00:00-0700,0.005701,0.005701,0.002402,0.001308,0.014802204496,0.017466603849,0.16662099896100002,2.290611029389,0.008277816198,0.002851781699,0.002745916994,0.001428984515,0.039472510949,0.007356011702000001,0.008680097457,0.072549700285,1.666925304039,0.0038598848540000005,0.002445267219,0.001218999222,0.000990235195,0.017523078185,0.007446192794,0.008786506392,0.094071298676,0.62368572535,0.004417931344,0.00040651448,0.001526917772,0.00043874931999999996,0.021949432764,0.0,0.0,0.0,0.0,0.0,0.0,0.0,0.0,0.0,0.966189,3888908.850324349,14.211078,14.921631900000001,15.6321858,16.342739700000003,17.0532936,17.7638475,18.4744014,19.184955300000002,19.8955092,20.6060631,21.316617,22.0271709,22.737724800000002,23.448278700000003,24.158832600000004,24.8693865,25.5799404,26.290494300000002,27.0010482,27.7116021,28.422156
SF11C46884112282050980,8,,2019-05-18T08:00:00-0700,0.005701,0.005701,0.002187,0.001368,0.014135705141000002,0.016680134709,0.158200795291,2.234785704264,0.007882372718,0.002815395099,0.002609244504,0.0013897126150000001,0.037507844819,0.007356011702000001,0.008680097457,0.072549700285,1.666925304039,0.0038598848540000005,0.002445267219,0.001218999222,0.000990235195,0.017523078185,0.006779693439000001,0.008000037252,0.08565109500600002,0.5678604002250001,0.004022487864,0.00037012788000000005,0.001390245282,0.00039947742,0.019984766634,0.0,0.0,0.0,0.0,0.0,0.0,0.0,0.0,0.0,0.969945,3888908.850324349,14.211078,14.921631900000001,15.6321858,16.342739700000003,17.0532936,17.7638475,18.4744014,19.184955300000002,19.8955092,20.6060631,21.316617,22.0271709,22.737724800000002,23.448278700000003,24.158832600000004,24.8693865,25.5799404,26.290494300000002,27.0010482,27.7116021,28.422156
SF11C46884112282050980,9,,2019-05-18T09:00:00-0700,0.005701,0.005701,0.002871,0.001472,0.016256103089000003,0.019182203973,0.184988792083,2.412388133964,0.009140434766,0.0029311552590000002,0.0030440537280000003,0.0015146520549999998,0.043758224506999996,0.007356011702000001,0.008680097457,0.072549700285,1.666925304039,0.0038598848540000005,0.002445267219,0.001218999222,0.000990235195,0.017523078185,0.008900091387,0.010502106515999999,0.112439091798,0.7454628299249999,0.005280549912,0.00048588803999999997,0.001825054506,0.0005244168599999999,0.026235146321999997,0.0,0.0,0.0,0.0,0.0,0.0,0.0,0.0,0.0,0.972951,3888908.850324349,14.211078,14.921631900000001,15.6321858,16.342739700000003,17.0532936,17.7638475,18.4744014,19.184955300000002,19.8955092,20.6060631,21.316617,22.0271709,22.737724800000002,23.448278700000003,24.158832600000004,24.8693865,25.5799404,26.290494300000002,27.0010482,27.7116021,28.422156
SF11C46884112282050980,10,,2019-05-18T10:00:00-0700,0.020004,0.020004,0.012417,0.002229,0.064303863957,0.07587856656,0.740862737886,9.073111612431,0.03638202864,0.010681548756,0.01217060835,0.005742684,0.17495231723399998,0.025811201208,0.030457230228,0.25456660314,5.849004346956,0.013543788216000002,0.008580095676,0.004277295288,0.00347459478,0.06148599474,0.038492662749,0.045421336332,0.486296134746,3.224107265475,0.022838240423999998,0.0021014530799999998,0.007893313062,0.0022680892199999996,0.11346632249399999,0.0,0.0,0.0,0.0,0.0,0.0,0.0,0.0,0.0,0.841607,13645629.300454004,49.642822,52.1249631,54.6071042,57.0892453,59.5713864,62.0535275,64.53566860000001,67.0178097,69.49995080000001,71.9820919,74.46423300000001,76.9463741,79.4285152,81.9106563,84.3927974,86.87493850000001,89.3570796,91.8392207,94.3213618,96.80350290000001,99.285644
SF11C46884112282050980,11,,2019-05-18T11:00:00-0700,0.040008,0.040008,0.029285,0.0041,0.142405814561,0.16803887331599998,1.6560432736100001,19.301937281287,0.080950656952,0.022116384752,0.027170655086,0.01229838766,0.39057779234999995,0.051622402416,0.060914460456,0.50913320628,11.698008693912,0.027087576432000004,0.017160191352,0.008554590576,0.00694918956,0.12297198948,0.09078341214499999,0.10712441285999999,1.1469100673300001,7.603928587374999,0.053863080519999995,0.0049561933999999995,0.01861606451,0.005349198099999999,0.26760580286999996,0.0,0.0,0.0,0.0,0.0,0.0,0.0,0.0,0.0,0.67521,27291258.600908007,98.669541,99.1907281,99.71191519999999,100.2331023,100.75428939999999,101.2754765,101.7966636,102.3178507,102.8390378,103.36022489999999,103.881412,104.4025991,104.9237862,105.4449733,105.96616039999999,106.4873475,107.0085346,107.5297217,108.0509088,108.5720959,109.093283
SF11C46884112282050980,12,,2019-05-18T12:00:00-0700,0.070014,0.070014,0.058435,0.007857,0.271487528923,0.320355302058,3.17951614102,35.644319277971,0.15488111807600002,0.039919874266,0.052116844918000005,0.02283481883,0.7491789597599999,0.09033920422800001,0.106600305798,0.89098311099,20.471515214346,0.04740325875600001,0.030030334866000003,0.014970533508000003,0.01216108173,0.21520098159,0.181148324695,0.21375499626,2.28853303003,15.172804063625,0.10747785932000001,0.0098895394,0.03714631141,0.010673737099999999,0.5339779781699999,0.0,0.0,0.0,0.0,0.0,0.0,0.0,0.0,0.0,0.644382,47759702.55158902,171.071128,179.62468439999998,188.1782408,196.7317972,205.28535359999998,213.83891,222.3924664,230.94602279999998,239.49957919999997,248.0531356,256.60669199999995,265.1602484,273.7138048,282.2673612,290.8209176,299.37447399999996,307.9280304,316.48158679999995,325.0351432,333.5886996,342.142256
SF11C46884112282050980,13,,2019-05-18T13:00:00-0700,0.10002,0.10002,0.092636,0.01372,0.41622732813200003,0.49114826859599997,4.900805049068,53.29820693607999,0.23810174207199997,0.058578195019999994,0.080273884736,0.03429386565999999,1.153936074252,0.12905600604,0.15228615114,1.2728330157,29.245021734779996,0.06771894108,0.042900478379999996,0.02138647644,0.017372973899999998,0.30742997369999997,0.287171322092,0.338862117456,3.627972033368,24.053185201299996,0.17038280099199998,0.01567771664,0.058887408296,0.016920891759999997,0.8465061005519999,0.0,0.0,0.0,0.0,0.0,0.0,0.0,0.0,0.0,0.668988,68228146.50227001,242.129074,254.2355277,266.3419814,278.4484351,290.5548888,302.6613425,314.7677962,326.8742499,338.98070359999997,351.0871573,363.19361100000003,375.3000647,387.4065184,399.51297209999996,411.6194258,423.7258795,435.8323332,447.93878689999997,460.0452406,472.15169430000003,484.258148
SF11C46884112282050980,14,,2019-05-18T14:00:00-0700,0.130026,0.130026,0.130595,0.021801,0.572616916067,0.6756879841019999,6.76927128452,71.92786934683899,0.328234350244,0.077872519694,0.11081983254199998,0.04643934876999999,1.5930337250999997,0.16777280785200002,0.197971996482,1.65468292041,38.018528255213994,0.088034623404,0.055770621894,0.027802419372000002,0.022584866069999997,0.39965896581,0.404844108215,0.47771598761999995,5.11458836411,33.909341091624995,0.24019972684,0.0221018978,0.08301741316999998,0.023854482699999995,1.1933747592899997,0.0,0.0,0.0,0.0,0.0,0.0,0.0,0.0,0.0,0.703836,88696590.45295103,311.868313,327.46172865,343.0551443,358.64855995,374.2419756,389.83539125,405.42880690000004,421.02222255000004,436.61563820000003,452.20905385000003,467.80246950000003,483.39588515,498.9893008,514.58271645,530.1761321,545.76954775,561.3629634,576.95637905,592.5497947,608.14321035,623.736626
SF11C46884112282050980,15,,2019-05-18T15:00:00-0700,0.160032,0.160032,0.170799,0.032104,0.7359659972670001,0.8684399006279999,8.725660111782002,91.140452012973,0.42249612405600007,0.097546788168,0.142792895418,0.05899490358,2.052646145538,0.206489609664,0.243657841824,2.03653282512,46.792034775648,0.10835030572800002,0.068640765408,0.034218362304,0.02779675824,0.49188795792,0.5294763876030001,0.624782058804,6.689127286662001,44.348417237325,0.31414581832800004,0.02890602276,0.108574533114,0.03119814534,1.560758187618,0.0,0.0,0.0,0.0,0.0,0.0,0.0,0.0,0.0,0.696283,109165034.40363203,380.313319,399.32898494999995,418.3446509,437.36031685,456.3759828,475.39164874999994,494.4073147,513.42298065,532.4386466,551.4543125499999,570.4699785,589.48564445,608.5013104,627.5169763499999,646.5326422999999,665.54830825,684.5639742,703.5796401499999,722.5953061,741.61097205,760.626638
SF11C46884112282050980,16,,2019-05-18T16:00:00-0700,0.170034,0.170034,0.189309,0.042975,0.8062525423410001,0.951378021702,9.577864203732,98.87112520070099,0.46331294288400005,0.104969468406,0.156698090922,0.06411323757,2.252533189728,0.219395210268,0.258886456938,2.16381612669,49.716536949125995,0.115122199836,0.072930813246,0.036357009948,0.029534055629999997,0.5226309552899999,0.5868573320730001,0.692491564764,7.4140480770420005,49.154588251575,0.348190743048,0.03203865516,0.120341080974,0.03457918194,1.729902234438,0.0,0.0,0.0,0.0,0.0,0.0,0.0,0.0,0.0,0.677301,115987849.05385903,402.844878,422.9871219,443.1293658,463.2716097,483.4138536,503.55609749999996,523.6983414,543.8405852999999,563.9828292,584.1250731,604.267317,624.4095609,644.5518048,664.6940486999999,684.8362926,704.9785365,725.1207804000001,745.2630243,765.4052682,785.5475121,805.689756
SF11C46884112282050980,17,,2019-05-18T17:00:00-0700,0.120024,0.120024,0.137004,0.049477,0.579579196236,0.683903465352,6.8929883797919995,70.667481167436,0.33325035038399997,0.074667131016,0.112755296472,0.04587271932,1.6208560543679997,0.15486720724800002,0.182743381368,1.52739961884,35.094026081736,0.08126272929600001,0.051480574056000004,0.025663771728000002,0.02084756868,0.36891596843999996,0.424711988988,0.5011600839839999,5.365588760952,35.5734550857,0.251987621088,0.023186556959999997,0.08709152474399999,0.025025150639999997,1.2519400859279997,0.0,0.0,0.0,0.0,0.0,0.0,0.0,0.0,0.0,0.772212,81873775.80272403,288.766903,303.20524815,317.6435933,332.08193845,346.5202836,360.95862875,375.39697390000003,389.83531905,404.2736642,418.71200935,433.15035450000005,447.58869965,462.0270448,476.46538995000003,490.9037351,505.34208025,519.7804254,534.21877055,548.6571157000001,563.09546085,577.533806
SF11C46884112282050980,18,,2019-05-18T18:00:00-0700,0.070014,0.070014,0.080581,0.051627,0.34014006248500006,0.40136528147399997,4.046836282768,41.394587418521,0.195613635788,0.043667863306000004,0.066194747074,0.02688000719,0.951548709132,0.09033920422800001,0.106600305798,0.89098311099,20.471515214346,0.04740325875600001,0.030030334866000003,0.014970533508000003,0.01216108173,0.21520098159,0.24980085825700002,0.29476497567599996,3.1558531717780003,20.923072204175,0.148210377032,0.01363752844,0.051224213565999994,0.014718925459999999,0.736347727542,0.0,0.0,0.0,0.0,0.0,0.0,0.0,0.0,0.0,0.867124,47759702.55158902,171.071128,179.62468439999998,188.1782408,196.7317972,205.28535359999998,213.83891,222.3924664,230.94602279999998,239.49957919999997,248.0531356,256.60669199999995,265.1602484,273.7138048,282.2673612,290.8209176,299.37447399999996,307.9280304,316.48158679999995,325.0351432,333.5886996,342.142256
SF11C46884112282050980,19,,2019-05-18T19:00:00-0700,0.040008,0.040008,0.045668,0.051215,0.19319306541200001,0.227967821784,2.297662793264,23.555827055812,0.11108345012800001,0.024889043672,0.037585098824,0.015290906439999998,0.540285351456,0.051622402416,0.060914460456,0.50913320628,11.698008693912,0.027087576432000004,0.017160191352,0.008554590576,0.00694918956,0.12297198948,0.14157066299600002,0.167053361328,1.788529586984,11.8578183619,0.083995873696,0.00772885232,0.029030508248,0.008341716879999999,0.41731336197599994,0.0,0.0,0.0,0.0,0.0,0.0,0.0,0.0,0.0,0.924071,27291258.600908007,98.669541,103.60301804999999,108.5364951,113.46997214999999,118.4034492,123.33692624999999,128.2704033,133.20388035,138.13735739999998,143.07083445,148.0043115,152.93778855,157.8712656,162.80474264999998,167.7382197,172.67169675,177.6051738,182.53865084999998,187.47212789999998,192.40560495,197.339082
SF11C46884112282050980,20,,2019-05-18T20:00:00-0700,0.005701,0.005701,0.006348,0.048113,0.027034792658000004,0.031901056065,0.32116110910900003,3.315200484939,0.015535583510000001,0.0035196027390000002,0.0052543339500000005,0.002149760875,0.07553098792099999,0.007356011702000001,0.008680097457,0.072549700285,1.666925304039,0.0038598848540000005,0.002445267219,0.001218999222,0.000990235195,0.017523078185,0.019678780956,0.023220958608,0.24861140882400004,1.6482751809,0.011675698656,0.0010743355200000001,0.004035334728,0.00115952568,0.058007909736,0.0,0.0,0.0,0.0,0.0,0.0,0.0,0.0,0.0,0.98918,3888908.850324349,14.211078,14.921631900000001,15.6321858,16.342739700000003,17.0532936,17.7638475,18.4744014,19.184955300000002,19.8955092,20.6060631,21.316617,22.0271709,22.737724800000002,23.448278700000003,24.158832600000004,24.8693865,25.5799404,26.290494300000002,27.0010482,27.7116021,28.422156
SF11C46884112282050980,21,,2019-05-18T21:00:00-0700,0.005701,0.005701,0.006085,0.045207,0.026219493447000003,0.030939003117,0.31086104601500003,3.2469118314139997,0.015051854974,0.003475092619,0.005087148532,0.002101721295,0.07312769865499999,0.007356011702000001,0.008680097457,0.072549700285,1.666925304039,0.0038598848540000005,0.002445267219,0.001218999222,0.000990235195,0.017523078185,0.018863481745,0.022258905659999998,0.23831134573,1.579986527375,0.01119197012,0.0010298254,0.00386814931,0.0011114860999999999,0.05560462047,0.0,0.0,0.0,0.0,0.0,0.0,0.0,0.0,0.0,0.996919,3888908.850324349,14.211078,14.921631900000001,15.6321858,16.342739700000003,17.0532936,17.7638475,18.4744014,19.184955300000002,19.8955092,20.6060631,21.316617,22.0271709,22.737724800000002,23.448278700000003,24.158832600000004,24.8693865,25.5799404,26.290494300000002,27.0010482,27.7116021,28.422156
SF11C46884112282050980,22,,2019-05-18T22:00:00-0700,0.005701,0.005701,0.005726,0.042477,0.025106594524,0.029625782552999996,0.296801264073,3.153696521089,0.014391556326000001,0.003414335459,0.0048589372580000005,0.002036146355,0.069847163117,0.007356011702000001,0.008680097457,0.072549700285,1.666925304039,0.0038598848540000005,0.002445267219,0.001218999222,0.000990235195,0.017523078185,0.017750582822,0.020945685095999998,0.224251563788,1.48677121705,0.010531671472000001,0.00096906824,0.003639938036,0.00104591116,0.052324084932,0.0,0.0,0.0,0.0,0.0,0.0,0.0,0.0,0.0,0.996919,3888908.850324349,14.211078,14.921631900000001,15.6321858,16.342739700000003,17.0532936,17.7638475,18.4744014,19.184955300000002,19.8955092,20.6060631,21.316617,22.0271709,22.737724800000002,23.448278700000003,24.158832600000004,24.8693865,25.5799404,26.290494300000002,27.0010482,27.7116021,28.422156
SF11C46884112282050980,23,,2019-05-18T23:00:00-0700,0.005701,0.005701,0.00528,0.039905,0.023723995862000004,0.027994316336999996,0.27933423692500003,3.037891428039,0.013571241014,0.003338854419,0.004575421301999999,0.001954679995,0.06577162314499999,0.007356011702000001,0.008680097457,0.072549700285,1.666925304039,0.0038598848540000005,0.002445267219,0.001218999222,0.000990235195,0.017523078185,0.01636798416,0.019314218879999998,0.20678453664000002,1.370966124,0.00971135616,0.0008935872,0.0033564220799999996,0.0009644447999999999,0.048248544959999994,0.0,0.0,0.0,0.0,0.0,0.0,0.0,0.0,0.0,0.996919,3888908.850324349,14.211078,14.921631900000001,15.6321858,16.342739700000003,17.0532936,17.7638475,18.4744014,19.184955300000002,19.8955092,20.6060631,21.316617,22.0271709,22.737724800000002,23.448278700000003,24.158832600000004,24.8693865,25.5799404,26.290494300000002,27.0010482,27.7116021,28.422156
SF11C46884212282050980,0,,2019-05-18T00:00:00-0400,0.005701,0.005701,0.004403,0.000304,0.283966836905,0.335080867864,3.153560743721,46.155537922061,0.15774015758999999,0.059011436072000004,0.052068515509999996,0.028585938854,0.748484870422,0.156605170172,0.184794101031,1.5445399815960001,35.487849736872,0.082174687183,0.052058310935000005,0.025951715934,0.021081465654,0.37305588092,0.12736166673299998,0.150286766833,1.609020762125,10.667688185188998,0.07556547040699998,0.006953125137,0.026116799576,0.007504473199999999,0.375428989502,0.0,0.0,0.0,0.0,0.0,0.0,0.0,0.0,0.0,0.05,196966052.32037058,146.276534,156.70708305,167.1376321,177.56818115,187.9987302,198.42927924999998,208.8598283,219.29037735,229.7209264,240.15147545,250.5820245,261.01257355,271.4431226,281.87367165,292.3042207,302.73476975,313.1653188,323.59586785,334.02641689999996,344.45696595,354.887515
SF11C46884212282050980,1,,2019-05-18T01:00:00-0400,0.005701,0.005701,0.003775,0.000544,0.265801239197,0.313645462556,2.924066072221,44.634005289697,0.146962252658,0.05801971166000001,0.048343475734,0.027515575654,0.69493742427,0.156605170172,0.184794101031,1.5445399815960001,35.487849736872,0.082174687183,0.052058310935000005,0.025951715934,0.021081465654,0.37305588092,0.109196069025,0.12885136152499999,1.379526090625,9.146155552825,0.064787565475,0.0059614007250000005,0.0223917598,0.00643411,0.32188154335,0.0,0.0,0.0,0.0,0.0,0.0,0.0,0.0,0.0,0.525,196966052.32037058,146.276534,151.42956005,156.5825861,161.73561215,166.8886382,172.04166425,177.1946903,182.34771634999998,187.50074239999998,192.65376845,197.8067945,202.95982055,208.11284659999998,213.26587265,218.4188987,223.57192475,228.7249508,233.87797684999998,239.03100289999998,244.18402894999997,249.337055
SF11C46884212282050980,2,,2019-05-18T02:00:00-0400,0.005701,0.005701,0.003325,0.000737,0.25278448924700003,0.298285697606,2.759619253471,43.543735091347,0.139239231608,0.05730908111000001,0.045674259334,0.026748595654,0.65656743897,0.156605170172,0.184794101031,1.5445399815960001,35.487849736872,0.082174687183,0.052058310935000005,0.025951715934,0.021081465654,0.37305588092,0.09617931907499999,0.11349159657499998,1.2150792718749999,8.055885354474999,0.057064544424999995,0.005250770175,0.0197225434,0.005667129999999999,0.28351155804999995,0.0,0.0,0.0,0.0,0.0,0.0,0.0,0.0,0.0,0.683333,196966052.32037058,146.276534,148.6860336,151.0955332,153.5050328,155.91453239999998,158.324032,160.7335316,163.1430312,165.5525308,167.9620304,170.37153,172.78102959999998,175.1905292,177.6000288,180.0095284,182.419028,184.82852759999997,187.23802719999998,189.64752679999998,192.05702639999998,194.466526
SF11C46884212282050980,3,,2019-05-18T03:00:00-0400,0.005701,0.005701,0.003003,0.000893,0.243470281505,0.287294932464,2.6419484187210003,42.763586193861,0.13371298099,0.056800585472,0.04376428671,0.026199778854,0.629111582822,0.156605170172,0.184794101031,1.5445399815960001,35.487849736872,0.082174687183,0.052058310935000005,0.025951715934,0.021081465654,0.37305588092,0.086865111333,0.102500831433,1.097408437125,7.275736456989,0.051538293806999994,0.004742274537,0.017812570776,0.005118313199999999,0.256055701902,0.0,0.0,0.0,0.0,0.0,0.0,0.0,0.0,0.0,0.7625,196966052.32037058,146.276534,147.1139061,147.9512782,148.7886503,149.6260224,150.4633945,151.3007666,152.1381387,152.9755108,153.8128829,154.65025500000002,155.4876271,156.3249992,157.1623713,157.9997434,158.8371155,159.6744876,160.5118597,161.3492318,162.1866039,163.023976
SF11C46884212282050980,4,,2019-05-18T04:00:00-0400,0.005701,0.005701,0.002771,0.001023,0.23675942375300002,0.279376120312,2.557166947721,42.201491336045,0.12973133458199998,0.056434215944000006,0.042388157366000004,0.025804358054,0.6093297237340001,0.156605170172,0.184794101031,1.5445399815960001,35.487849736872,0.082174687183,0.052058310935000005,0.025951715934,0.021081465654,0.37305588092,0.08015425358099999,0.09458201928099999,1.012626966125,6.713641599173,0.04755664739899999,0.004375905009000001,0.016436441432,0.0047228923999999995,0.236273842814,0.0,0.0,0.0,0.0,0.0,0.0,0.0,0.0,0.0,0.81,196966052.32037058,146.276534,153.5903607,160.9041874,168.2180141,175.5318408,182.8456675,190.15949419999998,197.4733209,204.7871476,212.1009743,219.414801,226.7286277,234.0424544,241.3562811,248.67010779999998,255.9839345,263.29776119999997,270.6115879,277.92541459999995,285.2392413,292.553068
SF11C46884212282050980,5,,2019-05-18T05:00:00-0400,0.005701,0.005701,0.002606,0.001133,0.231986615438,0.273744206497,2.496869780846,41.80172559665,0.126899560197,0.056173651409000006,0.041409444685999997,0.025523132054,0.595260729124,0.156605170172,0.184794101031,1.5445399815960001,35.487849736872,0.082174687183,0.052058310935000005,0.025951715934,0.021081465654,0.37305588092,0.07538144526599999,0.08895010546599999,0.9523297992499998,6.313875859777999,0.044724873013999994,0.004115340474,0.015457728752,0.0044416664,0.22220484820399997,0.0,0.0,0.0,0.0,0.0,0.0,0.0,0.0,0.0,0.841667,196966052.32037058,146.276534,153.5903607,160.9041874,168.2180141,175.5318408,182.8456675,190.15949419999998,197.4733209,204.7871476,212.1009743,219.414801,226.7286277,234.0424544,241.3562811,248.67010779999998,255.9839345,263.29776119999997,270.6115879,277.92541459999995,285.2392413,292.553068
SF11C46884212282050980,6,,2019-05-18T06:00:00-0400,0.005701,0.005701,0.002487,0.001226,0.22854440822900002,0.269682401988,2.453382733221,41.513409699753,0.124857250186,0.055985729108,0.040703585238,0.025320308454,0.585113999678,0.156605170172,0.184794101031,1.5445399815960001,35.487849736872,0.082174687183,0.052058310935000005,0.025951715934,0.021081465654,0.37305588092,0.071939238057,0.08488830095699999,0.908842751625,6.025559962881,0.042682563002999996,0.003927418173,0.014751869304000001,0.0042388428,0.21205811875799999,0.0,0.0,0.0,0.0,0.0,0.0,0.0,0.0,0.0,0.864286,196966052.32037058,146.276534,153.5903607,160.9041874,168.2180141,175.5318408,182.8456675,190.15949419999998,197.4733209,204.7871476,212.1009743,219.414801,226.7286277,234.0424544,241.3562811,248.67010779999998,255.9839345,263.29776119999997,270.6115879,277.92541459999995,285.2392413,292.553068
SF11C46884212282050980,7,,2019-05-18T07:00:00-0400,0.005701,0.005701,0.002402,0.001308,0.226085688794,0.266781113053,2.422320556346,41.307469773398,0.123398457321,0.05585149889300001,0.040199399918,0.025175434454,0.5778663357880001,0.156605170172,0.184794101031,1.5445399815960001,35.487849736872,0.082174687183,0.052058310935000005,0.025951715934,0.021081465654,0.37305588092,0.069480518622,0.081987012022,0.8777805747499999,5.819620036526,0.041223770138,0.0037931879580000005,0.014247683984,0.0040939688,0.204810454868,0.0,0.0,0.0,0.0,0.0,0.0,0.0,0.0,0.0,0.88125,196966052.32037058,146.276534,153.5903607,160.9041874,168.2180141,175.5318408,182.8456675,190.15949419999998,197.4733209,204.7871476,212.1009743,219.414801,226.7286277,234.0424544,241.3562811,248.67010779999998,255.9839345,263.29776119999997,270.6115879,277.92541459999995,285.2392413,292.553068
SF11C46884212282050980,8,,2019-05-18T08:00:00-0400,0.005701,0.005701,0.002187,0.001368,0.21986657492900002,0.259442558688,2.3437515207210002,40.786562900853,0.119708569486,0.05551197540800001,0.038924107638,0.024808988454,0.559534009478,0.156605170172,0.184794101031,1.5445399815960001,35.487849736872,0.082174687183,0.052058310935000005,0.025951715934,0.021081465654,0.37305588092,0.063261404757,0.074648457657,0.799211539125,5.298713163981001,0.037533882303,0.0034536644730000007,0.012972391704,0.0037275228,0.186478128558,0.0,0.0,0.0,0.0,0.0,0.0,0.0,0.0,0.0,0.886746,196966052.32037058,146.276534,153.5903607,160.9041874,168.2180141,175.5318408,182.8456675,190.15949419999998,197.4733209,204.7871476,212.1009743,219.414801,226.7286277,234.0424544,241.3562811,248.67010779999998,255.9839345,263.29776119999997,270.6115879,277.92541459999995,285.2392413,292.553068
SF11C46884212282050980,9,,2019-05-18T09:00:00-0400,0.005701,0.005701,0.002871,0.001472,0.23965203485300002,0.282789401412,2.593710685221,42.443773602345,0.13144756148199999,0.056592133844000005,0.042981316566,0.025974798054,0.617856387134,0.156605170172,0.184794101031,1.5445399815960001,35.487849736872,0.082174687183,0.052058310935000005,0.025951715934,0.021081465654,0.37305588092,0.08304686468099999,0.09799530038099999,1.049170703625,6.955923865472999,0.04927287429899999,0.004533822909,0.017029600632,0.0048933323999999995,0.24480050621399999,0.0,0.0,0.0,0.0,0.0,0.0,0.0,0.0,0.0,0.886746,196966052.32037058,146.276534,153.5903607,160.9041874,168.2180141,175.5318408,182.8456675,190.15949419999998,197.4733209,204.7871476,212.1009743,219.414801,226.7286277,234.0424544,241.3562811,248.67010779999998,255.9839345,263.29776119999997,270.6115879,277.92541459999995,285.2392413,292.553068
SF11C46884212282050980,10,,2019-05-18T10:00:00-0400,0.020004,0.020004,0.012417,0.002229,0.908680839375,1.072243391511,9.957207502959,154.60601783235902,0.501443210505,0.202273891383,0.1647134664,0.095135406216,2.3677559420580003,0.549505319088,0.648416277324,5.419571617584,124.52182882588801,0.288339316332,0.18266522574,0.091060888536,0.073971871416,1.3090001476800002,0.35917552028699995,0.4238271141869999,4.537635885374999,30.084189006470996,0.21310389417299996,0.019608665643,0.073652577864,0.021163534799999998,1.058755794378,0.0,0.0,0.0,0.0,0.0,0.0,0.0,0.0,0.0,0.602608,691125927.1385183,490.149497,514.65697185,539.1644467,563.67192155,588.1793964,612.68687125,637.1943461000001,661.70182095,686.2092958000001,710.71677065,735.2242455,759.7317203499999,784.2391952,808.74667005,833.2541449,857.76161975,882.2690946,906.77656945,931.2840443,955.79151915,980.298994
SF11C46884212282050980,11,,2019-05-18T11:00:00-0400,0.040008,0.040008,0.029285,0.0041,1.9461117988110002,2.296411924783,21.540976762043,319.996019337731,1.0792756803289998,0.411576708495,0.355828448792,0.197857096832,5.11503367205,1.099010638176,1.296832554648,10.839143235168,249.04365765177602,0.576678632664,0.36533045148,0.182121777072,0.147943742832,2.6180002953600003,0.847101160635,0.9995793701349999,10.701833526875,70.952361685955,0.5025970476649999,0.046246257015,0.17370667171999998,0.04991335399999999,2.4970333766899997,0.0,0.0,0.0,0.0,0.0,0.0,0.0,0.0,0.0,0.24,1382251854.2770367,920.237362,927.67897375,935.1205855,942.5621972499999,950.0038089999999,957.4454207499999,964.8870324999999,972.3286442499999,979.7702559999999,987.2118677499999,994.6534795,1002.09509125,1009.536703,1016.97831475,1024.4199265,1031.86153825,1039.30315,1046.74476175,1054.1863735,1061.62798525,1069.069597
SF11C46884212282050980,12,,2019-05-18T12:00:00-0400,0.070014,0.070013,0.058436,0.007857,3.6135673694320003,4.264009499899,40.322928182648,577.400241179204,2.012067544363,0.731600062699,0.665327067854,0.358496170502,9.564076104384,1.923241147036,2.269424556303,18.968229737148,435.8201760441361,1.009173193079,0.639319158655,0.318708557742,0.258897852102,4.58143507996,1.690326222396,1.994584943596,21.3546984455,141.580065135068,1.0028943512839998,0.09228090404400001,0.346618510112,0.0995983184,4.982641024424,0.0,0.0,0.0,0.0,0.0,0.0,0.0,0.0,0.0,0.24,2418940744.984814,1468.603431,1470.471958,1472.340485,1474.209012,1476.077539,1477.946066,1479.814593,1481.68312,1483.551647,1485.4201739999999,1487.288701,1489.157228,1491.025755,1492.894282,1494.7628089999998,1496.631336,1498.499863,1500.3683899999999,1502.236917,1504.1054439999998,1505.973971
SF11C46884212282050980,13,,2019-05-18T13:00:00-0400,0.10002,0.100019,0.092637,0.01372,5.427127270374999,6.404010184895999,60.950609271399,847.0459423152989,3.03154328093,1.059607402288,1.00478477865,0.527746162026,14.443780475337999,2.747499125668,3.2420489722889996,27.097587163524,622.602919282968,1.441682167577,0.9133169972649999,0.45529989054599995,0.369855659226,6.54493530148,2.679628144707,3.161961212607,33.853022107875,224.44302303233098,1.5898611133529998,0.146290405023,0.549484888104,0.1578905028,7.898845173858,0.0,0.0,0.0,0.0,0.0,0.0,0.0,0.0,0.0,0.24,3455629635.6925917,1919.33037,2015.2968884999998,2111.263407,2207.2299255,2303.1964439999997,2399.1629625,2495.129481,2591.0959995,2687.0625179999997,2783.0290365,2878.995555,2974.9620735,3070.9285919999998,3166.8951104999996,3262.861629,3358.8281475,3454.794666,3550.7611844999997,3646.7277029999996,3742.6942215,3838.66074
SF11C46884212282050980,14,,2019-05-18T14:00:00-0400,0.130026,0.130025,0.130595,0.021801,7.349362570344999,8.672247840819999,82.951238578025,1125.794188196285,4.11549766213,1.3935477173800002,1.3665274805899998,0.7033995843499999,19.64383159023,3.5717571043,4.214673388275,35.2269445899,809.3856625218,1.874191142075,1.187314835875,0.59189122335,0.48081346635,8.508435523000001,3.7776054660449994,4.457574452544999,47.72429398812499,316.40852567448496,2.2413065200549998,0.206232881505,0.77463625724,0.22258611799999997,11.13539606723,0.0,0.0,0.0,0.0,0.0,0.0,0.0,0.0,0.0,0.24,4492318526.400369,2289.803279,2404.29344295,2518.7836069000004,2633.2737708500003,2747.7639348000002,2862.25409875,2976.7442627,3091.2344266500004,3205.7245906000003,3320.21475455,3434.7049185000005,3549.1950824500004,3663.6852464000003,3778.17541035,3892.6655743,4007.1557382500005,4121.6459022,4236.13606615,4350.626230100001,4465.116394050001,4579.606558
SF11C46884212282050980,15,,2019-05-18T15:00:00-0400,0.160032,0.160031,0.1708,0.032104,9.336594841732001,11.017181923060999,105.77300566627599,1409.986516601032,5.238015661773,1.731036447685,1.741598469754,0.882882793474,25.035476831720004,4.396015082932,5.187297804261,43.356302016276004,996.168405760632,2.306700116573,1.461312674485,0.7284825561539999,0.591771273474,10.471935744520001,4.9405797588,5.8298841188,62.416703649999995,413.8181108404,2.9313155452,0.2697237732,1.0131159136,0.29111152,14.5635410872,0.0,0.0,0.0,0.0,0.0,0.0,0.0,0.0,0.0,0.24,5529007417.108147,2594.311764,2724.0273522,2853.7429404,2983.4585286,3113.1741168,3242.889705,3372.6052932000002,3502.3208814,3632.0364696,3761.7520578000003,3891.467646,4021.1832342000002,4150.8988224,4280.6144106,4410.3299988,4540.0455870000005,4669.7611752,4799.4767634,4929.192351600001,5058.9079398,5188.623528
SF11C46884212282050980,16,,2019-05-18T16:00:00-0400,0.170034,0.170034,0.189309,0.042975,10.146768359547,11.973186674853,115.246942773339,1517.0976805299151,5.699856170942999,1.8516072161009998,1.896921302484,0.9514191666359999,27.268242471186,4.670795212248,5.5115383572539995,46.066358749464,1058.435545020048,2.4508841888219997,1.5526544187899998,0.7740175525559999,0.628760907036,11.12650125528,5.475973147299,6.461648317599,69.180584023875,458.66213550986697,3.2489719821209997,0.29895279731100005,1.1229037499280001,0.3226582596,16.141741215906,0.0,0.0,0.0,0.0,0.0,0.0,0.0,0.0,0.0,0.24,5874570380.677405,2683.250009,2817.41250945,2951.5750098999997,3085.73751035,3219.9000108,3354.0625112499997,3488.2250117,3622.3875121499996,3756.5500125999997,3890.71251305,4024.8750134999996,4159.037513949999,4293.200014399999,4427.36251485,4561.5250153,4695.68751575,4829.8500162,4964.01251665,5098.175017099999,5232.33751755,5366.500017999999
SF11C46884212282050980,17,,2019-05-18T17:00:00-0400,0.120024,0.120025,0.137004,0.049477,7.260052295744,8.566861716519,82.5840827544,1079.073593923452,4.081349814150999,1.3123543255910002,1.359021713718,0.67734454395,19.535936247536,3.2970593843000002,3.890530078275,32.517700629900006,747.1371978018001,1.7300503120750002,1.096000485875,0.54636988335,0.44383492635000005,7.8540663230000005,3.9629929114439997,4.676331638243999,50.066382124499995,331.93639612165197,2.3512995020759995,0.216353839716,0.8126518303679999,0.23350961759999997,11.681869924535999,0.0,0.0,0.0,0.0,0.0,0.0,0.0,0.0,0.0,0.24,4146755562.83111,2174.290163,2283.00467115,2391.7191793,2500.43368745,2609.1481956000002,2717.86270375,2826.5772119000003,2935.29172005,3044.0062282,3152.72073635,3261.4352445000004,3370.14975265,3478.8642608,3587.5787689500003,3696.2932771,3805.00778525,3913.7222934,4022.4368015500004,4131.151309700001,4239.86581785,4348.580326
SF11C46884212282050980,18,,2019-05-18T18:00:00-0400,0.070014,0.070015,0.08058,0.051627,4.254162110959999,5.019911295344999,48.41571526343999,631.06367592162,2.3921376572649997,0.7665876653449999,0.79668534537,0.39624579980999997,11.452351321519998,1.9232960865799997,2.2694893849649995,18.968771585939997,435.83262573708,1.009202021245,0.639337421525,0.31871766200999996,0.25890524780999996,4.581565953799999,2.3308660243799997,2.7504219103799996,29.4469436775,195.23105018453998,1.3829356360199998,0.12725024382,0.47796768336,0.137340552,6.87078536772,0.0,0.0,0.0,0.0,0.0,0.0,0.0,0.0,0.0,0.24,2418940744.984814,1468.603431,1472.09059725,1475.5777635,1479.06492975,1482.552096,1486.0392622499999,1489.5264285,1493.01359475,1496.500761,1499.98792725,1503.4750935,1506.96225975,1510.449426,1513.9365922499999,1517.4237584999998,1520.91092475,1524.398091,1527.88525725,1531.3724235,1534.85958975,1538.346756
SF11C46884212282050980,19,,2019-05-18T19:00:00-0400,0.040008,0.040009,0.045668,0.051215,2.420035745096,2.855642181727,27.528208201064,359.695347872132,1.360459547439,0.437457529487,0.453010272662,0.22578397988600002,6.512022373792,1.099038107948,1.296864968979,10.839414159564,249.04988249824802,0.5766930467470001,0.365339582915,0.182126329206,0.14794744068600002,2.6180657322800003,1.320997637148,1.558777212748,16.6887940415,110.645465373884,0.7837665006919999,0.072117946572,0.27088394345600003,0.0778365392,3.8939566415119997,0.0,0.0,0.0,0.0,0.0,0.0,0.0,0.0,0.0,0.24,1382251854.2770367,920.237362,929.17056765,938.1037733,947.0369789499999,955.9701845999999,964.9033902499999,973.8365958999999,982.7698015499999,991.7030071999999,1000.6362128499999,1009.5694185,1018.50262415,1027.4358298,1036.36903545,1045.3022411,1054.23544675,1063.1686524,1072.10185805,1081.0350637,1089.96826935,1098.901475
SF11C46884212282050980,20,,2019-05-18T20:00:00-0400,0.005701,0.005702,0.006348,0.048113,0.340255592572,0.40150159959,3.8646073624919994,50.874152848068,0.19113518487799996,0.062092070661999996,0.063610014084,0.031904694707999996,0.914393910472,0.15663263994399998,0.18482651536199998,1.5448109059919999,35.494074583344,0.08218910126599999,0.052067442369999994,0.025956268067999996,0.021085163507999997,0.37312131783999997,0.183622952628,0.216675084228,2.3197964564999998,15.380078264724,0.10894608361199999,0.010024628292000001,0.037653746016,0.0108195312,0.541272592632,0.0,0.0,0.0,0.0,0.0,0.0,0.0,0.0,0.0,0.886746,196966052.32037058,146.276534,153.5903607,160.9041874,168.2180141,175.5318408,182.8456675,190.15949419999998,197.4733209,204.7871476,212.1009743,219.414801,226.7286277,234.0424544,241.3562811,248.67010779999998,255.9839345,263.29776119999997,270.6115879,277.92541459999995,285.2392413,292.553068
SF11C46884212282050980,21,,2019-05-18T21:00:00-0400,0.005701,0.005701,0.006085,0.045207,0.332620555607,0.392492255966,3.7682264084710004,50.230725641227,0.186607094048,0.06166761515000001,0.062045453254,0.031452739654,0.8919033488100001,0.156605170172,0.184794101031,1.5445399815960001,35.487849736872,0.082174687183,0.052058310935000005,0.025951715934,0.021081465654,0.37305588092,0.176015385435,0.207698154935,2.223686426875,14.742875904355,0.104432406865,0.009609304215000001,0.03609373732,0.010371274,0.51884746789,0.0,0.0,0.0,0.0,0.0,0.0,0.0,0.0,0.0,0.886746,196966052.32037058,146.276534,153.5903607,160.9041874,168.2180141,175.5318408,182.8456675,190.15949419999998,197.4733209,204.7871476,212.1009743,219.414801,226.7286277,234.0424544,241.3562811,248.67010779999998,255.9839345,263.29776119999997,270.6115879,277.92541459999995,285.2392413,292.553068
SF11C46884212282050980,22,,2019-05-18T22:00:00-0400,0.005701,0.005701,0.005726,0.042477,0.322236081758,0.380238576817,3.637034390846,49.36093230521,0.180445839477,0.061100689889000005,0.059916011726,0.030840860054,0.861292627204,0.156605170172,0.184794101031,1.5445399815960001,35.487849736872,0.082174687183,0.052058310935000005,0.025951715934,0.021081465654,0.37305588092,0.165630911586,0.195444475786,2.09249440925,13.873082568338,0.09827115229399999,0.009042378954,0.033964295792,0.0097593944,0.488236746284,0.0,0.0,0.0,0.0,0.0,0.0,0.0,0.0,0.0,0.886746,196966052.32037058,146.276534,153.5903607,160.9041874,168.2180141,175.5318408,182.8456675,190.15949419999998,197.4733209,204.7871476,212.1009743,219.414801,226.7286277,234.0424544,241.3562811,248.67010779999998,255.9839345,263.29776119999997,270.6115879,277.92541459999995,285.2392413,292.553068
SF11C46884212282050980,23,,2019-05-18T23:00:00-0400,0.005701,0.005701,0.00528,0.039905,0.309335036252,0.365015343111,3.474049321596,48.280353397512,0.172791467503,0.060396376055000006,0.057270521694,0.030080697654,0.8232637084400001,0.156605170172,0.184794101031,1.5445399815960001,35.487849736872,0.082174687183,0.052058310935000005,0.025951715934,0.021081465654,0.37305588092,0.15272986608,0.18022124207999998,1.9295093399999999,12.79250366064,0.09061678031999999,0.00833806512,0.03131880576,0.008999232,0.45020782752,0.0,0.0,0.0,0.0,0.0,0.0,0.0,0.0,0.0,0.886746,196966052.32037058,146.276534,153.5903607,160.9041874,168.2180141,175.5318408,182.8456675,190.15949419999998,197.4733209,204.7871476,212.1009743,219.414801,226.7286277,234.0424544,241.3562811,248.67010779999998,255.9839345,263.29776119999997,270.6115879,277.92541459999995,285.2392413,292.553068
SF11C46884312282050980,0,,2019-05-18T00:00:00-0600,0.005701,0.005701,0.004403,0.000304,0.0,0.0,0.0,0.0,0.0,0.0,0.0,0.0,0.0,0.0,0.0,0.0,0.0,0.0,0.0,0.0,0.0,0.0,0.0,0.0,0.0,0.0,0.0,0.0,0.0,0.0,0.0,0.0,0.0,0.0,0.0,0.0,0.0,0.0,0.0,0.0,0.994813,,0.0,0.0,0.0,0.0,0.0,0.0,0.0,0.0,0.0,0.0,0.0,0.0,0.0,0.0,0.0,0.0,0.0,0.0,0.0,0.0,0.0
SF11C46884312282050980,1,,2019-05-18T01:00:00-0600,0.005701,0.005701,0.003775,0.000544,0.0,0.0,0.0,0.0,0.0,0.0,0.0,0.0,0.0,0.0,0.0,0.0,0.0,0.0,0.0,0.0,0.0,0.0,0.0,0.0,0.0,0.0,0.0,0.0,0.0,0.0,0.0,0.0,0.0,0.0,0.0,0.0,0.0,0.0,0.0,0.0,0.994813,,0.0,0.0,0.0,0.0,0.0,0.0,0.0,0.0,0.0,0.0,0.0,0.0,0.0,0.0,0.0,0.0,0.0,0.0,0.0,0.0,0.0
SF11C46884312282050980,2,,2019-05-18T02:00:00-0600,0.005701,0.005701,0.003325,0.000737,0.0,0.0,0.0,0.0,0.0,0.0,0.0,0.0,0.0,0.0,0.0,0.0,0.0,0.0,0.0,0.0,0.0,0.0,0.0,0.0,0.0,0.0,0.0,0.0,0.0,0.0,0.0,0.0,0.0,0.0,0.0,0.0,0.0,0.0,0.0,0.0,0.996542,,0.0,0.0,0.0,0.0,0.0,0.0,0.0,0.0,0.0,0.0,0.0,0.0,0.0,0.0,0.0,0.0,0.0,0.0,0.0,0.0,0.0
SF11C46884312282050980,3,,2019-05-18T03:00:00-0600,0.005701,0.005701,0.003003,0.000893,0.0,0.0,0.0,0.0,0.0,0.0,0.0,0.0,0.0,0.0,0.0,0.0,0.0,0.0,0.0,0.0,0.0,0.0,0.0,0.0,0.0,0.0,0.0,0.0,0.0,0.0,0.0,0.0,0.0,0.0,0.0,0.0,0.0,0.0,0.0,0.0,0.997406,,0.0,0.0,0.0,0.0,0.0,0.0,0.0,0.0,0.0,0.0,0.0,0.0,0.0,0.0,0.0,0.0,0.0,0.0,0.0,0.0,0.0
SF11C46884312282050980,4,,2019-05-18T04:00:00-0600,0.005701,0.005701,0.002771,0.001023,0.0,0.0,0.0,0.0,0.0,0.0,0.0,0.0,0.0,0.0,0.0,0.0,0.0,0.0,0.0,0.0,0.0,0.0,0.0,0.0,0.0,0.0,0.0,0.0,0.0,0.0,0.0,0.0,0.0,0.0,0.0,0.0,0.0,0.0,0.0,0.0,0.997925,,0.0,0.0,0.0,0.0,0.0,0.0,0.0,0.0,0.0,0.0,0.0,0.0,0.0,0.0,0.0,0.0,0.0,0.0,0.0,0.0,0.0
SF11C46884312282050980,5,,2019-05-18T05:00:00-0600,0.005701,0.005701,0.002606,0.001133,0.0,0.0,0.0,0.0,0.0,0.0,0.0,0.0,0.0,0.0,0.0,0.0,0.0,0.0,0.0,0.0,0.0,0.0,0.0,0.0,0.0,0.0,0.0,0.0,0.0,0.0,0.0,0.0,0.0,0.0,0.0,0.0,0.0,0.0,0.0,0.0,0.998271,,0.0,0.0,0.0,0.0,0.0,0.0,0.0,0.0,0.0,0.0,0.0,0.0,0.0,0.0,0.0,0.0,0.0,0.0,0.0,0.0,0.0
SF11C46884312282050980,6,,2019-05-18T06:00:00-0600,0.005701,0.005701,0.002487,0.001226,0.0,0.0,0.0,0.0,0.0,0.0,0.0,0.0,0.0,0.0,0.0,0.0,0.0,0.0,0.0,0.0,0.0,0.0,0.0,0.0,0.0,0.0,0.0,0.0,0.0,0.0,0.0,0.0,0.0,0.0,0.0,0.0,0.0,0.0,0.0,0.0,0.998518,,0.0,0.0,0.0,0.0,0.0,0.0,0.0,0.0,0.0,0.0,0.0,0.0,0.0,0.0,0.0,0.0,0.0,0.0,0.0,0.0,0.0
SF11C46884312282050980,7,,2019-05-18T07:00:00-0600,0.005701,0.005701,0.002402,0.001308,0.0,0.0,0.0,0.0,0.0,0.0,0.0,0.0,0.0,0.0,0.0,0.0,0.0,0.0,0.0,0.0,0.0,0.0,0.0,0.0,0.0,0.0,0.0,0.0,0.0,0.0,0.0,0.0,0.0,0.0,0.0,0.0,0.0,0.0,0.0,0.0,0.998703,,0.0,0.0,0.0,0.0,0.0,0.0,0.0,0.0,0.0,0.0,0.0,0.0,0.0,0.0,0.0,0.0,0.0,0.0,0.0,0.0,0.0
SF11C46884312282050980,8,,2019-05-18T08:00:00-0600,0.005701,0.005701,0.002187,0.001368,0.0,0.0,0.0,0.0,0.0,0.0,0.0,0.0,0.0,0.0,0.0,0.0,0.0,0.0,0.0,0.0,0.0,0.0,0.0,0.0,0.0,0.0,0.0,0.0,0.0,0.0,0.0,0.0,0.0,0.0,0.0,0.0,0.0,0.0,0.0,0.0,0.998847,,0.0,0.0,0.0,0.0,0.0,0.0,0.0,0.0,0.0,0.0,0.0,0.0,0.0,0.0,0.0,0.0,0.0,0.0,0.0,0.0,0.0
SF11C46884312282050980,9,,2019-05-18T09:00:00-0600,0.005701,0.005701,0.002871,0.001472,0.0,0.0,0.0,0.0,0.0,0.0,0.0,0.0,0.0,0.0,0.0,0.0,0.0,0.0,0.0,0.0,0.0,0.0,0.0,0.0,0.0,0.0,0.0,0.0,0.0,0.0,0.0,0.0,0.0,0.0,0.0,0.0,0.0,0.0,0.0,0.0,0.998963,,0.0,0.0,0.0,0.0,0.0,0.0,0.0,0.0,0.0,0.0,0.0,0.0,0.0,0.0,0.0,0.0,0.0,0.0,0.0,0.0,0.0
SF11C46884312282050980,10,,2019-05-18T10:00:00-0600,0.020004,0.020004,0.012417,0.002229,0.0,0.0,0.0,0.0,0.0,0.0,0.0,0.0,0.0,0.0,0.0,0.0,0.0,0.0,0.0,0.0,0.0,0.0,0.0,0.0,0.0,0.0,0.0,0.0,0.0,0.0,0.0,0.0,0.0,0.0,0.0,0.0,0.0,0.0,0.0,0.0,0.993925,,0.0,0.0,0.0,0.0,0.0,0.0,0.0,0.0,0.0,0.0,0.0,0.0,0.0,0.0,0.0,0.0,0.0,0.0,0.0,0.0,0.0
SF11C46884312282050980,11,,2019-05-18T11:00:00-0600,0.040008,0.040008,0.029285,0.0041,0.0,0.0,0.0,0.0,0.0,0.0,0.0,0.0,0.0,0.0,0.0,0.0,0.0,0.0,0.0,0.0,0.0,0.0,0.0,0.0,0.0,0.0,0.0,0.0,0.0,0.0,0.0,0.0,0.0,0.0,0.0,0.0,0.0,0.0,0.0,0.0,0.981332,,0.0,0.0,0.0,0.0,0.0,0.0,0.0,0.0,0.0,0.0,0.0,0.0,0.0,0.0,0.0,0.0,0.0,0.0,0.0,0.0,0.0
SF11C46884312282050980,12,,2019-05-18T12:00:00-0600,0.070014,0.070014,0.058436,0.007857,0.0,0.0,0.0,0.0,0.0,0.0,0.0,0.0,0.0,0.0,0.0,0.0,0.0,0.0,0.0,0.0,0.0,0.0,0.0,0.0,0.0,0.0,0.0,0.0,0.0,0.0,0.0,0.0,0.0,0.0,0.0,0.0,0.0,0.0,0.0,0.0,0.962526,,0.0,0.0,0.0,0.0,0.0,0.0,0.0,0.0,0.0,0.0,0.0,0.0,0.0,0.0,0.0,0.0,0.0,0.0,0.0,0.0,0.0
SF11C46884312282050980,13,,2019-05-18T13:00:00-0600,0.10002,0.10002,0.092637,0.01372,0.0,0.0,0.0,0.0,0.0,0.0,0.0,0.0,0.0,0.0,0.0,0.0,0.0,0.0,0.0,0.0,0.0,0.0,0.0,0.0,0.0,0.0,0.0,0.0,0.0,0.0,0.0,0.0,0.0,0.0,0.0,0.0,0.0,0.0,0.0,0.0,0.946093,,0.0,0.0,0.0,0.0,0.0,0.0,0.0,0.0,0.0,0.0,0.0,0.0,0.0,0.0,0.0,0.0,0.0,0.0,0.0,0.0,0.0
SF11C46884312282050980,14,,2019-05-18T14:00:00-0600,0.130026,0.130026,0.130595,0.021801,0.0,0.0,0.0,0.0,0.0,0.0,0.0,0.0,0.0,0.0,0.0,0.0,0.0,0.0,0.0,0.0,0.0,0.0,0.0,0.0,0.0,0.0,0.0,0.0,0.0,0.0,0.0,0.0,0.0,0.0,0.0,0.0,0.0,0.0,0.0,0.0,0.934745,,0.0,0.0,0.0,0.0,0.0,0.0,0.0,0.0,0.0,0.0,0.0,0.0,0.0,0.0,0.0,0.0,0.0,0.0,0.0,0.0,0.0
SF11C46884312282050980,15,,2019-05-18T15:00:00-0600,0.160032,0.160032,0.1708,0.032104,0.0,0.0,0.0,0.0,0.0,0.0,0.0,0.0,0.0,0.0,0.0,0.0,0.0,0.0,0.0,0.0,0.0,0.0,0.0,0.0,0.0,0.0,0.0,0.0,0.0,0.0,0.0,0.0,0.0,0.0,0.0,0.0,0.0,0.0,0.0,0.0,0.926815,,0.0,0.0,0.0,0.0,0.0,0.0,0.0,0.0,0.0,0.0,0.0,0.0,0.0,0.0,0.0,0.0,0.0,0.0,0.0,0.0,0.0
SF11C46884312282050980,16,,2019-05-18T16:00:00-0600,0.170034,0.170034,0.189309,0.042975,0.0,0.0,0.0,0.0,0.0,0.0,0.0,0.0,0.0,0.0,0.0,0.0,0.0,0.0,0.0,0.0,0.0,0.0,0.0,0.0,0.0,0.0,0.0,0.0,0.0,0.0,0.0,0.0,0.0,0.0,0.0,0.0,0.0,0.0,0.0,0.0,0.931653,,0.0,0.0,0.0,0.0,0.0,0.0,0.0,0.0,0.0,0.0,0.0,0.0,0.0,0.0,0.0,0.0,0.0,0.0,0.0,0.0,0.0
SF11C46884312282050980,17,,2019-05-18T17:00:00-0600,0.120024,0.120024,0.137003,0.049477,0.0,0.0,0.0,0.0,0.0,0.0,0.0,0.0,0.0,0.0,0.0,0.0,0.0,0.0,0.0,0.0,0.0,0.0,0.0,0.0,0.0,0.0,0.0,0.0,0.0,0.0,0.0,0.0,0.0,0.0,0.0,0.0,0.0,0.0,0.0,0.0,0.963471,,0.0,0.0,0.0,0.0,0.0,0.0,0.0,0.0,0.0,0.0,0.0,0.0,0.0,0.0,0.0,0.0,0.0,0.0,0.0,0.0,0.0
SF11C46884312282050980,18,,2019-05-18T18:00:00-0600,0.070014,0.070014,0.08058,0.051627,0.0,0.0,0.0,0.0,0.0,0.0,0.0,0.0,0.0,0.0,0.0,0.0,0.0,0.0,0.0,0.0,0.0,0.0,0.0,0.0,0.0,0.0,0.0,0.0,0.0,0.0,0.0,0.0,0.0,0.0,0.0,0.0,0.0,0.0,0.0,0.0,0.987082,,0.0,0.0,0.0,0.0,0.0,0.0,0.0,0.0,0.0,0.0,0.0,0.0,0.0,0.0,0.0,0.0,0.0,0.0,0.0,0.0,0.0
SF11C46884312282050980,19,,2019-05-18T19:00:00-0600,0.040008,0.040008,0.045668,0.051215,0.0,0.0,0.0,0.0,0.0,0.0,0.0,0.0,0.0,0.0,0.0,0.0,0.0,0.0,0.0,0.0,0.0,0.0,0.0,0.0,0.0,0.0,0.0,0.0,0.0,0.0,0.0,0.0,0.0,0.0,0.0,0.0,0.0,0.0,0.0,0.0,0.995901,,0.0,0.0,0.0,0.0,0.0,0.0,0.0,0.0,0.0,0.0,0.0,0.0,0.0,0.0,0.0,0.0,0.0,0.0,0.0,0.0,0.0
SF11C46884312282050980,20,,2019-05-18T20:00:00-0600,0.005701,0.005701,0.006347,0.048113,0.0,0.0,0.0,0.0,0.0,0.0,0.0,0.0,0.0,0.0,0.0,0.0,0.0,0.0,0.0,0.0,0.0,0.0,0.0,0.0,0.0,0.0,0.0,0.0,0.0,0.0,0.0,0.0,0.0,0.0,0.0,0.0,0.0,0.0,0.0,0.0,0.999759,,0.0,0.0,0.0,0.0,0.0,0.0,0.0,0.0,0.0,0.0,0.0,0.0,0.0,0.0,0.0,0.0,0.0,0.0,0.0,0.0,0.0
SF11C46884312282050980,21,,2019-05-18T21:00:00-0600,0.005701,0.005701,0.006085,0.045207,0.0,0.0,0.0,0.0,0.0,0.0,0.0,0.0,0.0,0.0,0.0,0.0,0.0,0.0,0.0,0.0,0.0,0.0,0.0,0.0,0.0,0.0,0.0,0.0,0.0,0.0,0.0,0.0,0.0,0.0,0.0,0.0,0.0,0.0,0.0,0.0,0.99994,,0.0,0.0,0.0,0.0,0.0,0.0,0.0,0.0,0.0,0.0,0.0,0.0,0.0,0.0,0.0,0.0,0.0,0.0,0.0,0.0,0.0
SF11C46884312282050980,22,,2019-05-18T22:00:00-0600,0.005701,0.005701,0.005726,0.042477,0.0,0.0,0.0,0.0,0.0,0.0,0.0,0.0,0.0,0.0,0.0,0.0,0.0,0.0,0.0,0.0,0.0,0.0,0.0,0.0,0.0,0.0,0.0,0.0,0.0,0.0,0.0,0.0,0.0,0.0,0.0,0.0,0.0,0.0,0.0,0.0,0.999941,,0.0,0.0,0.0,0.0,0.0,0.0,0.0,0.0,0.0,0.0,0.0,0.0,0.0,0.0,0.0,0.0,0.0,0.0,0.0,0.0,0.0
SF11C46884312282050980,23,,2019-05-18T23:00:00-0600,0.005701,0.005701,0.00528,0.039905,0.0,0.0,0.0,0.0,0.0,0.0,0.0,0.0,0.0,0.0,0.0,0.0,0.0,0.0,0.0,0.0,0.0,0.0,0.0,0.0,0.0,0.0,0.0,0.0,0.0,0.0,0.0,0.0,0.0,0.0,0.0,0.0,0.0,0.0,0.0,0.0,0.999941,,0.0,0.0,0.0,0.0,0.0,0.0,0.0,0.0,0.0,0.0,0.0,0.0,0.0,0.0,0.0,0.0,0.0,0.0,0.0,0.0,0.0
SF11C46884412282050980,0,,2019-05-18T00:00:00-0600,0.005701,0.005701,0.004404,0.000304,0.0,0.0,0.0,0.0,0.0,0.0,0.0,0.0,0.0,0.0,0.0,0.0,0.0,0.0,0.0,0.0,0.0,0.0,0.0,0.0,0.0,0.0,0.0,0.0,0.0,0.0,0.0,0.0,0.0,0.0,0.0,0.0,0.0,0.0,0.0,0.0,0.997406,,0.0,0.0,0.0,0.0,0.0,0.0,0.0,0.0,0.0,0.0,0.0,0.0,0.0,0.0,0.0,0.0,0.0,0.0,0.0,0.0,0.0
SF11C46884412282050980,1,,2019-05-18T01:00:00-0600,0.005701,0.005701,0.003775,0.000544,0.0,0.0,0.0,0.0,0.0,0.0,0.0,0.0,0.0,0.0,0.0,0.0,0.0,0.0,0.0,0.0,0.0,0.0,0.0,0.0,0.0,0.0,0.0,0.0,0.0,0.0,0.0,0.0,0.0,0.0,0.0,0.0,0.0,0.0,0.0,0.0,0.997406,,0.0,0.0,0.0,0.0,0.0,0.0,0.0,0.0,0.0,0.0,0.0,0.0,0.0,0.0,0.0,0.0,0.0,0.0,0.0,0.0,0.0
SF11C46884412282050980,2,,2019-05-18T02:00:00-0600,0.005701,0.005701,0.003325,0.000737,0.0,0.0,0.0,0.0,0.0,0.0,0.0,0.0,0.0,0.0,0.0,0.0,0.0,0.0,0.0,0.0,0.0,0.0,0.0,0.0,0.0,0.0,0.0,0.0,0.0,0.0,0.0,0.0,0.0,0.0,0.0,0.0,0.0,0.0,0.0,0.0,0.998271,,0.0,0.0,0.0,0.0,0.0,0.0,0.0,0.0,0.0,0.0,0.0,0.0,0.0,0.0,0.0,0.0,0.0,0.0,0.0,0.0,0.0
SF11C46884412282050980,3,,2019-05-18T03:00:00-0600,0.005701,0.005701,0.003003,0.000893,0.0,0.0,0.0,0.0,0.0,0.0,0.0,0.0,0.0,0.0,0.0,0.0,0.0,0.0,0.0,0.0,0.0,0.0,0.0,0.0,0.0,0.0,0.0,0.0,0.0,0.0,0.0,0.0,0.0,0.0,0.0,0.0,0.0,0.0,0.0,0.0,0.998703,,0.0,0.0,0.0,0.0,0.0,0.0,0.0,0.0,0.0,0.0,0.0,0.0,0.0,0.0,0.0,0.0,0.0,0.0,0.0,0.0,0.0
SF11C46884412282050980,4,,2019-05-18T04:00:00-0600,0.005701,0.005701,0.002771,0.001023,0.0,0.0,0.0,0.0,0.0,0.0,0.0,0.0,0.0,0.0,0.0,0.0,0.0,0.0,0.0,0.0,0.0,0.0,0.0,0.0,0.0,0.0,0.0,0.0,0.0,0.0,0.0,0.0,0.0,0.0,0.0,0.0,0.0,0.0,0.0,0.0,0.998963,,0.0,0.0,0.0,0.0,0.0,0.0,0.0,0.0,0.0,0.0,0.0,0.0,0.0,0.0,0.0,0.0,0.0,0.0,0.0,0.0,0.0
SF11C46884412282050980,5,,2019-05-18T05:00:00-0600,0.005701,0.005701,0.002606,0.001133,0.0,0.0,0.0,0.0,0.0,0.0,0.0,0.0,0.0,0.0,0.0,0.0,0.0,0.0,0.0,0.0,0.0,0.0,0.0,0.0,0.0,0.0,0.0,0.0,0.0,0.0,0.0,0.0,0.0,0.0,0.0,0.0,0.0,0.0,0.0,0.0,0.999135,,0.0,0.0,0.0,0.0,0.0,0.0,0.0,0.0,0.0,0.0,0.0,0.0,0.0,0.0,0.0,0.0,0.0,0.0,0.0,0.0,0.0
SF11C46884412282050980,6,,2019-05-18T06:00:00-0600,0.005701,0.005701,0.002487,0.001226,0.0,0.0,0.0,0.0,0.0,0.0,0.0,0.0,0.0,0.0,0.0,0.0,0.0,0.0,0.0,0.0,0.0,0.0,0.0,0.0,0.0,0.0,0.0,0.0,0.0,0.0,0.0,0.0,0.0,0.0,0.0,0.0,0.0,0.0,0.0,0.0,0.999259,,0.0,0.0,0.0,0.0,0.0,0.0,0.0,0.0,0.0,0.0,0.0,0.0,0.0,0.0,0.0,0.0,0.0,0.0,0.0,0.0,0.0
SF11C46884412282050980,7,,2019-05-18T07:00:00-0600,0.005701,0.005701,0.002402,0.001308,0.0,0.0,0.0,0.0,0.0,0.0,0.0,0.0,0.0,0.0,0.0,0.0,0.0,0.0,0.0,0.0,0.0,0.0,0.0,0.0,0.0,0.0,0.0,0.0,0.0,0.0,0.0,0.0,0.0,0.0,0.0,0.0,0.0,0.0,0.0,0.0,0.999352,,0.0,0.0,0.0,0.0,0.0,0.0,0.0,0.0,0.0,0.0,0.0,0.0,0.0,0.0,0.0,0.0,0.0,0.0,0.0,0.0,0.0
SF11C46884412282050980,8,,2019-05-18T08:00:00-0600,0.005701,0.005701,0.002187,0.001368,0.0,0.0,0.0,0.0,0.0,0.0,0.0,0.0,0.0,0.0,0.0,0.0,0.0,0.0,0.0,0.0,0.0,0.0,0.0,0.0,0.0,0.0,0.0,0.0,0.0,0.0,0.0,0.0,0.0,0.0,0.0,0.0,0.0,0.0,0.0,0.0,0.999424,,0.0,0.0,0.0,0.0,0.0,0.0,0.0,0.0,0.0,0.0,0.0,0.0,0.0,0.0,0.0,0.0,0.0,0.0,0.0,0.0,0.0
SF11C46884412282050980,9,,2019-05-18T09:00:00-0600,0.005701,0.005701,0.002871,0.001472,0.0,0.0,0.0,0.0,0.0,0.0,0.0,0.0,0.0,0.0,0.0,0.0,0.0,0.0,0.0,0.0,0.0,0.0,0.0,0.0,0.0,0.0,0.0,0.0,0.0,0.0,0.0,0.0,0.0,0.0,0.0,0.0,0.0,0.0,0.0,0.0,0.999481,,0.0,0.0,0.0,0.0,0.0,0.0,0.0,0.0,0.0,0.0,0.0,0.0,0.0,0.0,0.0,0.0,0.0,0.0,0.0,0.0,0.0
SF11C46884412282050980,10,,2019-05-18T10:00:00-0600,0.020004,0.020004,0.012417,0.002229,0.0,0.0,0.0,0.0,0.0,0.0,0.0,0.0,0.0,0.0,0.0,0.0,0.0,0.0,0.0,0.0,0.0,0.0,0.0,0.0,0.0,0.0,0.0,0.0,0.0,0.0,0.0,0.0,0.0,0.0,0.0,0.0,0.0,0.0,0.0,0.0,0.996962,,0.0,0.0,0.0,0.0,0.0,0.0,0.0,0.0,0.0,0.0,0.0,0.0,0.0,0.0,0.0,0.0,0.0,0.0,0.0,0.0,0.0
SF11C46884412282050980,11,,2019-05-18T11:00:00-0600,0.040008,0.040008,0.029285,0.0041,0.0,0.0,0.0,0.0,0.0,0.0,0.0,0.0,0.0,0.0,0.0,0.0,0.0,0.0,0.0,0.0,0.0,0.0,0.0,0.0,0.0,0.0,0.0,0.0,0.0,0.0,0.0,0.0,0.0,0.0,0.0,0.0,0.0,0.0,0.0,0.0,0.990666,,0.0,0.0,0.0,0.0,0.0,0.0,0.0,0.0,0.0,0.0,0.0,0.0,0.0,0.0,0.0,0.0,0.0,0.0,0.0,0.0,0.0
SF11C46884412282050980,12,,2019-05-18T12:00:00-0600,0.070014,0.070014,0.058436,0.007857,0.0,0.0,0.0,0.0,0.0,0.0,0.0,0.0,0.0,0.0,0.0,0.0,0.0,0.0,0.0,0.0,0.0,0.0,0.0,0.0,0.0,0.0,0.0,0.0,0.0,0.0,0.0,0.0,0.0,0.0,0.0,0.0,0.0,0.0,0.0,0.0,0.981263,,0.0,0.0,0.0,0.0,0.0,0.0,0.0,0.0,0.0,0.0,0.0,0.0,0.0,0.0,0.0,0.0,0.0,0.0,0.0,0.0,0.0
SF11C46884412282050980,13,,2019-05-18T13:00:00-0600,0.10002,0.10002,0.092637,0.01372,0.0,0.0,0.0,0.0,0.0,0.0,0.0,0.0,0.0,0.0,0.0,0.0,0.0,0.0,0.0,0.0,0.0,0.0,0.0,0.0,0.0,0.0,0.0,0.0,0.0,0.0,0.0,0.0,0.0,0.0,0.0,0.0,0.0,0.0,0.0,0.0,0.973046,,0.0,0.0,0.0,0.0,0.0,0.0,0.0,0.0,0.0,0.0,0.0,0.0,0.0,0.0,0.0,0.0,0.0,0.0,0.0,0.0,0.0
SF11C46884412282050980,14,,2019-05-18T14:00:00-0600,0.130026,0.130026,0.130595,0.021801,0.0,0.0,0.0,0.0,0.0,0.0,0.0,0.0,0.0,0.0,0.0,0.0,0.0,0.0,0.0,0.0,0.0,0.0,0.0,0.0,0.0,0.0,0.0,0.0,0.0,0.0,0.0,0.0,0.0,0.0,0.0,0.0,0.0,0.0,0.0,0.0,0.967373,,0.0,0.0,0.0,0.0,0.0,0.0,0.0,0.0,0.0,0.0,0.0,0.0,0.0,0.0,0.0,0.0,0.0,0.0,0.0,0.0,0.0
SF11C46884412282050980,15,,2019-05-18T15:00:00-0600,0.160032,0.160032,0.1708,0.032104,0.0,0.0,0.0,0.0,0.0,0.0,0.0,0.0,0.0,0.0,0.0,0.0,0.0,0.0,0.0,0.0,0.0,0.0,0.0,0.0,0.0,0.0,0.0,0.0,0.0,0.0,0.0,0.0,0.0,0.0,0.0,0.0,0.0,0.0,0.0,0.0,0.963408,,0.0,0.0,0.0,0.0,0.0,0.0,0.0,0.0,0.0,0.0,0.0,0.0,0.0,0.0,0.0,0.0,0.0,0.0,0.0,0.0,0.0
SF11C46884412282050980,16,,2019-05-18T16:00:00-0600,0.170034,0.170034,0.189309,0.042975,0.0,0.0,0.0,0.0,0.0,0.0,0.0,0.0,0.0,0.0,0.0,0.0,0.0,0.0,0.0,0.0,0.0,0.0,0.0,0.0,0.0,0.0,0.0,0.0,0.0,0.0,0.0,0.0,0.0,0.0,0.0,0.0,0.0,0.0,0.0,0.0,0.965826,,0.0,0.0,0.0,0.0,0.0,0.0,0.0,0.0,0.0,0.0,0.0,0.0,0.0,0.0,0.0,0.0,0.0,0.0,0.0,0.0,0.0
SF11C46884412282050980,17,,2019-05-18T17:00:00-0600,0.120024,0.120024,0.137003,0.049477,0.0,0.0,0.0,0.0,0.0,0.0,0.0,0.0,0.0,0.0,0.0,0.0,0.0,0.0,0.0,0.0,0.0,0.0,0.0,0.0,0.0,0.0,0.0,0.0,0.0,0.0,0.0,0.0,0.0,0.0,0.0,0.0,0.0,0.0,0.0,0.0,0.981736,,0.0,0.0,0.0,0.0,0.0,0.0,0.0,0.0,0.0,0.0,0.0,0.0,0.0,0.0,0.0,0.0,0.0,0.0,0.0,0.0,0.0
SF11C46884412282050980,18,,2019-05-18T18:00:00-0600,0.070014,0.070014,0.08058,0.051627,0.0,0.0,0.0,0.0,0.0,0.0,0.0,0.0,0.0,0.0,0.0,0.0,0.0,0.0,0.0,0.0,0.0,0.0,0.0,0.0,0.0,0.0,0.0,0.0,0.0,0.0,0.0,0.0,0.0,0.0,0.0,0.0,0.0,0.0,0.0,0.0,0.993541,,0.0,0.0,0.0,0.0,0.0,0.0,0.0,0.0,0.0,0.0,0.0,0.0,0.0,0.0,0.0,0.0,0.0,0.0,0.0,0.0,0.0
SF11C46884412282050980,19,,2019-05-18T19:00:00-0600,0.040008,0.040008,0.045668,0.051215,0.0,0.0,0.0,0.0,0.0,0.0,0.0,0.0,0.0,0.0,0.0,0.0,0.0,0.0,0.0,0.0,0.0,0.0,0.0,0.0,0.0,0.0,0.0,0.0,0.0,0.0,0.0,0.0,0.0,0.0,0.0,0.0,0.0,0.0,0.0,0.0,0.997951,,0.0,0.0,0.0,0.0,0.0,0.0,0.0,0.0,0.0,0.0,0.0,0.0,0.0,0.0,0.0,0.0,0.0,0.0,0.0,0.0,0.0
SF11C46884412282050980,20,,2019-05-18T20:00:00-0600,0.005701,0.005701,0.006347,0.048113,0.0,0.0,0.0,0.0,0.0,0.0,0.0,0.0,0.0,0.0,0.0,0.0,0.0,0.0,0.0,0.0,0.0,0.0,0.0,0.0,0.0,0.0,0.0,0.0,0.0,0.0,0.0,0.0,0.0,0.0,0.0,0.0,0.0,0.0,0.0,0.0,0.999879,,0.0,0.0,0.0,0.0,0.0,0.0,0.0,0.0,0.0,0.0,0.0,0.0,0.0,0.0,0.0,0.0,0.0,0.0,0.0,0.0,0.0
SF11C46884412282050980,21,,2019-05-18T21:00:00-0600,0.005701,0.005701,0.006085,0.045207,0.0,0.0,0.0,0.0,0.0,0.0,0.0,0.0,0.0,0.0,0.0,0.0,0.0,0.0,0.0,0.0,0.0,0.0,0.0,0.0,0.0,0.0,0.0,0.0,0.0,0.0,0.0,0.0,0.0,0.0,0.0,0.0,0.0,0.0,0.0,0.0,0.99997,,0.0,0.0,0.0,0.0,0.0,0.0,0.0,0.0,0.0,0.0,0.0,0.0,0.0,0.0,0.0,0.0,0.0,0.0,0.0,0.0,0.0
SF11C46884412282050980,22,,2019-05-18T22:00:00-0600,0.005701,0.005701,0.005726,0.042477,0.0,0.0,0.0,0.0,0.0,0.0,0.0,0.0,0.0,0.0,0.0,0.0,0.0,0.0,0.0,0.0,0.0,0.0,0.0,0.0,0.0,0.0,0.0,0.0,0.0,0.0,0.0,0.0,0.0,0.0,0.0,0.0,0.0,0.0,0.0,0.0,0.99997,,0.0,0.0,0.0,0.0,0.0,0.0,0.0,0.0,0.0,0.0,0.0,0.0,0.0,0.0,0.0,0.0,0.0,0.0,0.0,0.0,0.0
SF11C46884412282050980,23,,2019-05-18T23:00:00-0600,0.005701,0.005701,0.00528,0.039905,0.0,0.0,0.0,0.0,0.0,0.0,0.0,0.0,0.0,0.0,0.0,0.0,0.0,0.0,0.0,0.0,0.0,0.0,0.0,0.0,0.0,0.0,0.0,0.0,0.0,0.0,0.0,0.0,0.0,0.0,0.0,0.0,0.0,0.0,0.0,0.0,0.99997,,0.0,0.0,0.0,0.0,0.0,0.0,0.0,0.0,0.0,0.0,0.0,0.0,0.0,0.0,0.0,0.0,0.0,0.0,0.0,0.0,0.0
SF11C46884512282050980,0,,2019-05-18T00:00:00-0700,0.005701,0.005701,0.004756,0.000329,0.0,0.0,0.0,0.0,0.0,0.0,0.0,0.0,0.0,0.0,0.0,0.0,0.0,0.0,0.0,0.0,0.0,0.0,0.0,0.0,0.0,0.0,0.0,0.0,0.0,0.0,0.0,0.0,0.0,0.0,0.0,0.0,0.0,0.0,0.0,0.0,0.997406,,0.0,0.0,0.0,0.0,0.0,0.0,0.0,0.0,0.0,0.0,0.0,0.0,0.0,0.0,0.0,0.0,0.0,0.0,0.0,0.0,0.0
SF11C46884512282050980,1,,2019-05-18T01:00:00-0700,0.005701,0.005701,0.003952,0.000579,0.0,0.0,0.0,0.0,0.0,0.0,0.0,0.0,0.0,0.0,0.0,0.0,0.0,0.0,0.0,0.0,0.0,0.0,0.0,0.0,0.0,0.0,0.0,0.0,0.0,0.0,0.0,0.0,0.0,0.0,0.0,0.0,0.0,0.0,0.0,0.0,0.997406,,0.0,0.0,0.0,0.0,0.0,0.0,0.0,0.0,0.0,0.0,0.0,0.0,0.0,0.0,0.0,0.0,0.0,0.0,0.0,0.0,0.0
SF11C46884512282050980,2,,2019-05-18T02:00:00-0700,0.005701,0.005701,0.0034,0.000774,0.0,0.0,0.0,0.0,0.0,0.0,0.0,0.0,0.0,0.0,0.0,0.0,0.0,0.0,0.0,0.0,0.0,0.0,0.0,0.0,0.0,0.0,0.0,0.0,0.0,0.0,0.0,0.0,0.0,0.0,0.0,0.0,0.0,0.0,0.0,0.0,0.998271,,0.0,0.0,0.0,0.0,0.0,0.0,0.0,0.0,0.0,0.0,0.0,0.0,0.0,0.0,0.0,0.0,0.0,0.0,0.0,0.0,0.0
SF11C46884512282050980,3,,2019-05-18T03:00:00-0700,0.005701,0.005701,0.00302,0.00093,0.0,0.0,0.0,0.0,0.0,0.0,0.0,0.0,0.0,0.0,0.0,0.0,0.0,0.0,0.0,0.0,0.0,0.0,0.0,0.0,0.0,0.0,0.0,0.0,0.0,0.0,0.0,0.0,0.0,0.0,0.0,0.0,0.0,0.0,0.0,0.0,0.998703,,0.0,0.0,0.0,0.0,0.0,0.0,0.0,0.0,0.0,0.0,0.0,0.0,0.0,0.0,0.0,0.0,0.0,0.0,0.0,0.0,0.0
SF11C46884512282050980,4,,2019-05-18T04:00:00-0700,0.005701,0.005701,0.002759,0.001056,0.0,0.0,0.0,0.0,0.0,0.0,0.0,0.0,0.0,0.0,0.0,0.0,0.0,0.0,0.0,0.0,0.0,0.0,0.0,0.0,0.0,0.0,0.0,0.0,0.0,0.0,0.0,0.0,0.0,0.0,0.0,0.0,0.0,0.0,0.0,0.0,0.998963,,0.0,0.0,0.0,0.0,0.0,0.0,0.0,0.0,0.0,0.0,0.0,0.0,0.0,0.0,0.0,0.0,0.0,0.0,0.0,0.0,0.0
SF11C46884512282050980,5,,2019-05-18T05:00:00-0700,0.005701,0.005701,0.00258,0.001162,0.0,0.0,0.0,0.0,0.0,0.0,0.0,0.0,0.0,0.0,0.0,0.0,0.0,0.0,0.0,0.0,0.0,0.0,0.0,0.0,0.0,0.0,0.0,0.0,0.0,0.0,0.0,0.0,0.0,0.0,0.0,0.0,0.0,0.0,0.0,0.0,0.999135,,0.0,0.0,0.0,0.0,0.0,0.0,0.0,0.0,0.0,0.0,0.0,0.0,0.0,0.0,0.0,0.0,0.0,0.0,0.0,0.0,0.0
SF11C46884512282050980,6,,2019-05-18T06:00:00-0700,0.005701,0.005701,0.002457,0.001251,0.0,0.0,0.0,0.0,0.0,0.0,0.0,0.0,0.0,0.0,0.0,0.0,0.0,0.0,0.0,0.0,0.0,0.0,0.0,0.0,0.0,0.0,0.0,0.0,0.0,0.0,0.0,0.0,0.0,0.0,0.0,0.0,0.0,0.0,0.0,0.0,0.999259,,0.0,0.0,0.0,0.0,0.0,0.0,0.0,0.0,0.0,0.0,0.0,0.0,0.0,0.0,0.0,0.0,0.0,0.0,0.0,0.0,0.0
SF11C46884512282050980,7,,2019-05-18T07:00:00-0700,0.005701,0.005701,0.002372,0.001329,0.0,0.0,0.0,0.0,0.0,0.0,0.0,0.0,0.0,0.0,0.0,0.0,0.0,0.0,0.0,0.0,0.0,0.0,0.0,0.0,0.0,0.0,0.0,0.0,0.0,0.0,0.0,0.0,0.0,0.0,0.0,0.0,0.0,0.0,0.0,0.0,0.999352,,0.0,0.0,0.0,0.0,0.0,0.0,0.0,0.0,0.0,0.0,0.0,0.0,0.0,0.0,0.0,0.0,0.0,0.0,0.0,0.0,0.0
SF11C46884512282050980,8,,2019-05-18T08:00:00-0700,0.005701,0.005701,0.002186,0.001388,0.0,0.0,0.0,0.0,0.0,0.0,0.0,0.0,0.0,0.0,0.0,0.0,0.0,0.0,0.0,0.0,0.0,0.0,0.0,0.0,0.0,0.0,0.0,0.0,0.0,0.0,0.0,0.0,0.0,0.0,0.0,0.0,0.0,0.0,0.0,0.0,0.999424,,0.0,0.0,0.0,0.0,0.0,0.0,0.0,0.0,0.0,0.0,0.0,0.0,0.0,0.0,0.0,0.0,0.0,0.0,0.0,0.0,0.0
SF11C46884512282050980,9,,2019-05-18T09:00:00-0700,0.005701,0.005701,0.00287,0.00149,0.0,0.0,0.0,0.0,0.0,0.0,0.0,0.0,0.0,0.0,0.0,0.0,0.0,0.0,0.0,0.0,0.0,0.0,0.0,0.0,0.0,0.0,0.0,0.0,0.0,0.0,0.0,0.0,0.0,0.0,0.0,0.0,0.0,0.0,0.0,0.0,0.999481,,0.0,0.0,0.0,0.0,0.0,0.0,0.0,0.0,0.0,0.0,0.0,0.0,0.0,0.0,0.0,0.0,0.0,0.0,0.0,0.0,0.0
SF11C46884512282050980,10,,2019-05-18T10:00:00-0700,0.020004,0.020004,0.012411,0.002246,0.0,0.0,0.0,0.0,0.0,0.0,0.0,0.0,0.0,0.0,0.0,0.0,0.0,0.0,0.0,0.0,0.0,0.0,0.0,0.0,0.0,0.0,0.0,0.0,0.0,0.0,0.0,0.0,0.0,0.0,0.0,0.0,0.0,0.0,0.0,0.0,0.996962,,0.0,0.0,0.0,0.0,0.0,0.0,0.0,0.0,0.0,0.0,0.0,0.0,0.0,0.0,0.0,0.0,0.0,0.0,0.0,0.0,0.0
SF11C46884512282050980,11,,2019-05-18T11:00:00-0700,0.040008,0.040008,0.029269,0.004114,0.0,0.0,0.0,0.0,0.0,0.0,0.0,0.0,0.0,0.0,0.0,0.0,0.0,0.0,0.0,0.0,0.0,0.0,0.0,0.0,0.0,0.0,0.0,0.0,0.0,0.0,0.0,0.0,0.0,0.0,0.0,0.0,0.0,0.0,0.0,0.0,0.990666,,0.0,0.0,0.0,0.0,0.0,0.0,0.0,0.0,0.0,0.0,0.0,0.0,0.0,0.0,0.0,0.0,0.0,0.0,0.0,0.0,0.0
SF11C46884512282050980,12,,2019-05-18T12:00:00-0700,0.070014,0.070014,0.058404,0.007868,0.0,0.0,0.0,0.0,0.0,0.0,0.0,0.0,0.0,0.0,0.0,0.0,0.0,0.0,0.0,0.0,0.0,0.0,0.0,0.0,0.0,0.0,0.0,0.0,0.0,0.0,0.0,0.0,0.0,0.0,0.0,0.0,0.0,0.0,0.0,0.0,0.981263,,0.0,0.0,0.0,0.0,0.0,0.0,0.0,0.0,0.0,0.0,0.0,0.0,0.0,0.0,0.0,0.0,0.0,0.0,0.0,0.0,0.0
SF11C46884512282050980,13,,2019-05-18T13:00:00-0700,0.10002,0.10002,0.092587,0.013726,0.0,0.0,0.0,0.0,0.0,0.0,0.0,0.0,0.0,0.0,0.0,0.0,0.0,0.0,0.0,0.0,0.0,0.0,0.0,0.0,0.0,0.0,0.0,0.0,0.0,0.0,0.0,0.0,0.0,0.0,0.0,0.0,0.0,0.0,0.0,0.0,0.973046,,0.0,0.0,0.0,0.0,0.0,0.0,0.0,0.0,0.0,0.0,0.0,0.0,0.0,0.0,0.0,0.0,0.0,0.0,0.0,0.0,0.0
SF11C46884512282050980,14,,2019-05-18T14:00:00-0700,0.130026,0.130026,0.130525,0.021803,0.0,0.0,0.0,0.0,0.0,0.0,0.0,0.0,0.0,0.0,0.0,0.0,0.0,0.0,0.0,0.0,0.0,0.0,0.0,0.0,0.0,0.0,0.0,0.0,0.0,0.0,0.0,0.0,0.0,0.0,0.0,0.0,0.0,0.0,0.0,0.0,0.967373,,0.0,0.0,0.0,0.0,0.0,0.0,0.0,0.0,0.0,0.0,0.0,0.0,0.0,0.0,0.0,0.0,0.0,0.0,0.0,0.0,0.0
SF11C46884512282050980,15,,2019-05-18T15:00:00-0700,0.160032,0.160032,0.170708,0.032099,0.0,0.0,0.0,0.0,0.0,0.0,0.0,0.0,0.0,0.0,0.0,0.0,0.0,0.0,0.0,0.0,0.0,0.0,0.0,0.0,0.0,0.0,0.0,0.0,0.0,0.0,0.0,0.0,0.0,0.0,0.0,0.0,0.0,0.0,0.0,0.0,0.963408,,0.0,0.0,0.0,0.0,0.0,0.0,0.0,0.0,0.0,0.0,0.0,0.0,0.0,0.0,0.0,0.0,0.0,0.0,0.0,0.0,0.0
SF11C46884512282050980,16,,2019-05-18T16:00:00-0700,0.170034,0.170034,0.189207,0.042963,0.0,0.0,0.0,0.0,0.0,0.0,0.0,0.0,0.0,0.0,0.0,0.0,0.0,0.0,0.0,0.0,0.0,0.0,0.0,0.0,0.0,0.0,0.0,0.0,0.0,0.0,0.0,0.0,0.0,0.0,0.0,0.0,0.0,0.0,0.0,0.0,0.965826,,0.0,0.0,0.0,0.0,0.0,0.0,0.0,0.0,0.0,0.0,0.0,0.0,0.0,0.0,0.0,0.0,0.0,0.0,0.0,0.0,0.0
SF11C46884512282050980,17,,2019-05-18T17:00:00-0700,0.120024,0.120024,0.13693,0.049461,0.0,0.0,0.0,0.0,0.0,0.0,0.0,0.0,0.0,0.0,0.0,0.0,0.0,0.0,0.0,0.0,0.0,0.0,0.0,0.0,0.0,0.0,0.0,0.0,0.0,0.0,0.0,0.0,0.0,0.0,0.0,0.0,0.0,0.0,0.0,0.0,0.981736,,0.0,0.0,0.0,0.0,0.0,0.0,0.0,0.0,0.0,0.0,0.0,0.0,0.0,0.0,0.0,0.0,0.0,0.0,0.0,0.0,0.0
SF11C46884512282050980,18,,2019-05-18T18:00:00-0700,0.070014,0.070014,0.080537,0.05161,0.0,0.0,0.0,0.0,0.0,0.0,0.0,0.0,0.0,0.0,0.0,0.0,0.0,0.0,0.0,0.0,0.0,0.0,0.0,0.0,0.0,0.0,0.0,0.0,0.0,0.0,0.0,0.0,0.0,0.0,0.0,0.0,0.0,0.0,0.0,0.0,0.993541,,0.0,0.0,0.0,0.0,0.0,0.0,0.0,0.0,0.0,0.0,0.0,0.0,0.0,0.0,0.0,0.0,0.0,0.0,0.0,0.0,0.0
SF11C46884512282050980,19,,2019-05-18T19:00:00-0700,0.040008,0.040008,0.045643,0.051197,0.0,0.0,0.0,0.0,0.0,0.0,0.0,0.0,0.0,0.0,0.0,0.0,0.0,0.0,0.0,0.0,0.0,0.0,0.0,0.0,0.0,0.0,0.0,0.0,0.0,0.0,0.0,0.0,0.0,0.0,0.0,0.0,0.0,0.0,0.0,0.0,0.997951,,0.0,0.0,0.0,0.0,0.0,0.0,0.0,0.0,0.0,0.0,0.0,0.0,0.0,0.0,0.0,0.0,0.0,0.0,0.0,0.0,0.0
SF11C46884512282050980,20,,2019-05-18T20:00:00-0700,0.005701,0.005701,0.006344,0.048096,0.0,0.0,0.0,0.0,0.0,0.0,0.0,0.0,0.0,0.0,0.0,0.0,0.0,0.0,0.0,0.0,0.0,0.0,0.0,0.0,0.0,0.0,0.0,0.0,0.0,0.0,0.0,0.0,0.0,0.0,0.0,0.0,0.0,0.0,0.0,0.0,0.999879,,0.0,0.0,0.0,0.0,0.0,0.0,0.0,0.0,0.0,0.0,0.0,0.0,0.0,0.0,0.0,0.0,0.0,0.0,0.0,0.0,0.0
SF11C46884512282050980,21,,2019-05-18T21:00:00-0700,0.005701,0.005701,0.006082,0.04519,0.0,0.0,0.0,0.0,0.0,0.0,0.0,0.0,0.0,0.0,0.0,0.0,0.0,0.0,0.0,0.0,0.0,0.0,0.0,0.0,0.0,0.0,0.0,0.0,0.0,0.0,0.0,0.0,0.0,0.0,0.0,0.0,0.0,0.0,0.0,0.0,0.99997,,0.0,0.0,0.0,0.0,0.0,0.0,0.0,0.0,0.0,0.0,0.0,0.0,0.0,0.0,0.0,0.0,0.0,0.0,0.0,0.0,0.0
SF11C46884512282050980,22,,2019-05-18T22:00:00-0700,0.005701,0.005701,0.005723,0.042461,0.0,0.0,0.0,0.0,0.0,0.0,0.0,0.0,0.0,0.0,0.0,0.0,0.0,0.0,0.0,0.0,0.0,0.0,0.0,0.0,0.0,0.0,0.0,0.0,0.0,0.0,0.0,0.0,0.0,0.0,0.0,0.0,0.0,0.0,0.0,0.0,0.99997,,0.0,0.0,0.0,0.0,0.0,0.0,0.0,0.0,0.0,0.0,0.0,0.0,0.0,0.0,0.0,0.0,0.0,0.0,0.0,0.0,0.0
SF11C46884512282050980,23,,2019-05-18T23:00:00-0700,0.005701,0.005701,0.005278,0.03989,0.0,0.0,0.0,0.0,0.0,0.0,0.0,0.0,0.0,0.0,0.0,0.0,0.0,0.0,0.0,0.0,0.0,0.0,0.0,0.0,0.0,0.0,0.0,0.0,0.0,0.0,0.0,0.0,0.0,0.0,0.0,0.0,0.0,0.0,0.0,0.0,0.99997,,0.0,0.0,0.0,0.0,0.0,0.0,0.0,0.0,0.0,0.0,0.0,0.0,0.0,0.0,0.0,0.0,0.0,0.0,0.0,0.0,0.0
SF11C46884612282050980,0,,2019-05-18T00:00:00-0700,0.005701,0.005701,0.004755,0.000329,0.07533912204599999,0.088900162418,0.86353029203,10.860741023734999,0.042514876193,0.01296308044,0.014195691819,0.006850358596,0.204063073791,0.031854884796,0.037588762463000004,0.31417315943,7.218544030595,0.016715064053000002,0.010589122915,0.005278806744,0.004288155376,0.075882881151,0.043484237249999995,0.051311399954999996,0.5493571326,3.64219699314,0.02579981214,0.002373957525,0.008916885074999999,0.00256220322,0.12818019264,0.0,0.0,0.0,0.0,0.0,0.0,0.0,0.0,0.0,0.745995,24956628.638456415,26.648167,28.5192994,30.3904318,32.2615642,34.1326966,36.003828999999996,37.874961400000004,39.7460938,41.6172262,43.4883586,45.359491,47.2306234,49.1017558,50.9728882,52.84402059999999,54.715153,56.586285399999994,58.4574178,60.328550199999995,62.199682599999996,64.070815
SF11C46884612282050980,1,,2019-05-18T01:00:00-0700,0.005701,0.005701,0.003952,0.000579,0.067995727196,0.08023495649500001,0.77075767847,10.245665485251,0.038157936309,0.012562178675,0.012689854024,0.006417666864000001,0.18241666060700001,0.031854884796,0.037588762463000004,0.31417315943,7.218544030595,0.016715064053000002,0.010589122915,0.005278806744,0.004288155376,0.075882881151,0.0361408424,0.042646194032,0.45658451903999997,3.027121454656,0.021442872256,0.00197305576,0.007411047279999999,0.002129511488,0.106533779456,0.0,0.0,0.0,0.0,0.0,0.0,0.0,0.0,0.0,0.745995,24956628.638456415,26.648167,28.70246005,30.7567531,32.811046149999996,34.8653392,36.91963225,38.9739253,41.028218349999996,43.0825114,45.13680445,47.1910975,49.245390549999996,51.299683599999994,53.35397664999999,55.40826969999999,57.46256275,59.516855799999995,61.57114884999999,63.62544189999999,65.67973495,67.734028
SF11C46884612282050980,2,,2019-05-18T02:00:00-0700,0.005701,0.005701,0.0034,0.000774,0.062947714796,0.074278301863,0.7069837274299999,9.822848925795,0.035162879253000004,0.012286589915,0.011654707744,0.006120224976,0.16753643635100002,0.031854884796,0.037588762463000004,0.31417315943,7.218544030595,0.016715064053000002,0.010589122915,0.005278806744,0.004288155376,0.075882881151,0.03109283,0.0366895394,0.39281056799999997,2.6043048952,0.0184478152,0.0016974669999999998,0.006375901,0.0018320696,0.0916535552,0.0,0.0,0.0,0.0,0.0,0.0,0.0,0.0,0.0,0.830664,24956628.638456415,26.648167,27.9443855,29.240604,30.5368225,31.833041,33.1292595,34.425478,35.7216965,37.017915,38.3141335,39.610352,40.9065705,42.202788999999996,43.4990075,44.795226,46.091444499999994,47.387662999999996,48.6838815,49.98009999999999,51.276318499999995,52.572537
SF11C46884612282050980,3,,2019-05-18T03:00:00-0700,0.005701,0.005701,0.00302,0.00093,0.059472633796,0.070177706283,0.66308136983,9.531779555155,0.033101064613000004,0.012096873015,0.010942107044000001,0.005915464256,0.15729280371100002,0.031854884796,0.037588762463000004,0.31417315943,7.218544030595,0.016715064053000002,0.010589122915,0.005278806744,0.004288155376,0.075882881151,0.027617749,0.03258894382,0.34890821040000003,2.31323552456,0.016386000560000002,0.0015077501,0.0056633003,0.00162730888,0.08140992256,0.0,0.0,0.0,0.0,0.0,0.0,0.0,0.0,0.0,0.872998,24956628.638456415,26.648167,27.5123119,28.3764568,29.2406017,30.1047466,30.968891499999998,31.833036399999997,32.6971813,33.561326199999996,34.425471099999996,35.289615999999995,36.153760899999995,37.017905799999994,37.88205069999999,38.7461956,39.6103405,40.4744854,41.3386303,42.2027752,43.0669201,43.931065
SF11C46884612282050980,4,,2019-05-18T04:00:00-0700,0.005701,0.005701,0.002759,0.001056,0.057085801846,0.067361244582,0.6329273821100001,9.331860855847001,0.031684923505000004,0.01196656746,0.010452662879,0.005774825972,0.150257045503,0.031854884796,0.037588762463000004,0.31417315943,7.218544030595,0.016715064053000002,0.010589122915,0.005278806744,0.004288155376,0.075882881151,0.02523091705,0.029772482119,0.31875422268000003,2.1133168252520003,0.014969859452000002,0.001377444545,0.005173856135,0.001486670596,0.074374164352,0.0,0.0,0.0,0.0,0.0,0.0,0.0,0.0,0.0,0.898398,24956628.638456415,26.648167,27.2279066,27.8076462,28.3873858,28.9671254,29.546865,30.1266046,30.7063442,31.2860838,31.8658234,32.445563,33.0253026,33.6050422,34.184781799999996,34.7645214,35.344261,35.9240006,36.503740199999996,37.0834798,37.6632194,38.242959
SF11C46884612282050980,5,,2019-05-18T05:00:00-0700,0.005701,0.005701,0.00258,0.001162,0.055448855796,0.065429648243,0.6122470610299999,9.194751862835,0.030713700293000003,0.011877200815,0.010116990444,0.005678372896,0.145431755391,0.031854884796,0.037588762463000004,0.31417315943,7.218544030595,0.016715064053000002,0.010589122915,0.005278806744,0.004288155376,0.075882881151,0.023593971,0.027840885779999998,0.29807390159999997,1.9762078322399999,0.013998636239999999,0.0012880779,0.004838183699999999,0.0013902175199999999,0.06954887424,0.0,0.0,0.0,0.0,0.0,0.0,0.0,0.0,0.0,0.915332,24956628.638456415,26.648167,27.02417,27.400173000000002,27.776176,28.152179,28.528182,28.904185000000002,29.280188000000003,29.656191,30.032194,30.408197,30.784200000000002,31.160203000000003,31.536206,31.912209,32.288212,32.664215,33.040218,33.416221,33.792224000000004,34.168227
SF11C46884612282050980,6,,2019-05-18T06:00:00-0700,0.005701,0.005701,0.002457,0.001251,0.054324026946,0.0641023502,0.59803656107,9.100537303391,0.030046323449000004,0.011815792450000001,0.009886332849,0.005612095084000001,0.142116053247,0.031854884796,0.037588762463000004,0.31417315943,7.218544030595,0.016715064053000002,0.010589122915,0.005278806744,0.004288155376,0.075882881151,0.02246914215,0.026513587737,0.28386340164,1.881993272796,0.013331259396,0.001226669535,0.004607526105,0.0013239397079999999,0.066233172096,0.0,0.0,0.0,0.0,0.0,0.0,0.0,0.0,0.0,0.927427,24956628.638456415,26.648167,26.869754450000002,27.0913419,27.31292935,27.534516800000002,27.75610425,27.9776917,28.199279150000002,28.4208666,28.64245405,28.8640415,29.08562895,29.3072164,29.52880385,29.7503913,29.97197875,30.1935662,30.41515365,30.636741100000002,30.85832855,31.079916
SF11C46884612282050980,7,,2019-05-18T07:00:00-0700,0.005701,0.005701,0.002372,0.001329,0.053546706196,0.063185111715,0.58821629687,9.035429681011,0.029585128069000002,0.011773355775000001,0.009726935324,0.005566293344,0.139824714367,0.031854884796,0.037588762463000004,0.31417315943,7.218544030595,0.016715064053000002,0.010589122915,0.005278806744,0.004288155376,0.075882881151,0.0216918214,0.025596349251999998,0.27404313744000003,1.816885650416,0.012870064016,0.00118423286,0.00444812858,0.001278137968,0.063941833216,0.0,0.0,0.0,0.0,0.0,0.0,0.0,0.0,0.0,0.936499,24956628.638456415,26.648167,26.7478872,26.8476074,26.9473276,27.0470478,27.146768,27.2464882,27.346208400000002,27.445928600000002,27.545648800000002,27.645369000000002,27.7450892,27.8448094,27.9445296,28.0442498,28.14397,28.2436902,28.3434104,28.4431306,28.5428508,28.642571
SF11C46884612282050980,8,,2019-05-18T08:00:00-0700,0.005701,0.005701,0.002186,0.001388,0.051845745496000004,0.061177978089,0.5667272481500001,8.892958883803,0.028575924061000003,0.011680494345,0.009378136034,0.0054660683600000004,0.134810725759,0.031854884796,0.037588762463000004,0.31417315943,7.218544030595,0.016715064053000002,0.010589122915,0.005278806744,0.004288155376,0.075882881151,0.019990860699999998,0.023589215626,0.25255408872,1.674414853208,0.011860860008,0.00109137143,0.00409932929,0.001177912984,0.058927844608000005,0.0,0.0,0.0,0.0,0.0,0.0,0.0,0.0,0.0,0.943555,24956628.638456415,26.648167,27.980575350000002,29.3129837,30.64539205,31.9778004,33.31020875,34.6426171,35.975025450000004,37.3074338,38.63984215,39.9722505,41.30465885,42.637067200000004,43.96947555,45.30188390000001,46.63429225,47.9667006,49.299108950000004,50.6315173,51.96392565000001,53.296334
SF11C46884612282050980,9,,2019-05-18T09:00:00-0700,0.005701,0.005701,0.00287,0.00149,0.058100891296000004,0.06855905013300001,0.64575149183,9.416883750955,0.032287190413,0.012021984765,0.010660817294000001,0.005834637656,0.15324926451100002,0.031854884796,0.037588762463000004,0.31417315943,7.218544030595,0.016715064053000002,0.010589122915,0.005278806744,0.004288155376,0.075882881151,0.026246006500000002,0.030970287670000003,0.3315783324,2.1983397203600004,0.01557212636,0.0014328618500000002,0.00538201055,0.00154648228,0.07736638336000001,0.0,0.0,0.0,0.0,0.0,0.0,0.0,0.0,0.0,0.949199,24956628.638456415,26.648167,27.980575350000002,29.3129837,30.64539205,31.9778004,33.31020875,34.6426171,35.975025450000004,37.3074338,38.63984215,39.9722505,41.30465885,42.637067200000004,43.96947555,45.30188390000001,46.63429225,47.9667006,49.299108950000004,50.6315173,51.96392565000001,53.296334
SF11C46884612282050980,10,,2019-05-18T10:00:00-0700,0.020004,0.020004,0.012409,0.002246,0.225253954934,0.26579966122099996,2.5360320744,34.833793551832,0.12597988746400002,0.043350984955000005,0.041792747160999996,0.0217330439,0.600770781356,0.111774270384,0.131893633452,1.10238903372,25.32884665638,0.058650787812000005,0.037155729660000004,0.018522583776,0.015046528704,0.26626226180400003,0.11347968455,0.13390602776899999,1.43364304068,9.504946895452,0.067329099652,0.006195255295,0.023270163385,0.006686515196,0.334508519552,0.0,0.0,0.0,0.0,0.0,0.0,0.0,0.0,0.0,0.753242,87569268.42372954,92.725828,95.1045282,97.4832284,99.86192860000001,102.24062880000001,104.61932900000001,106.9980292,109.3767294,111.75542960000001,114.13412980000001,116.51283000000001,118.8915302,121.2702304,123.6489306,126.0276308,128.40633100000002,130.7850312,133.16373140000002,135.54243160000001,137.9211318,140.299832
SF11C46884612282050980,11,,2019-05-18T11:00:00-0700,0.040008,0.040007,0.029267,0.004114,0.491188204822,0.579602070488,5.586013221850001,73.074130467141,0.27609635174700004,0.08892129799000001,0.091927622363,0.045862652579999996,1.321459624933,0.223542953172,0.263780673541,2.20472295901,50.656427123665,0.117298643671,0.07430960190500001,0.037044241608,0.030092305232,0.532511213157,0.26764525165,0.315821396947,3.3812902628400003,22.417703343476003,0.15879770807600002,0.014611696085,0.054883380755,0.015770347348,0.7889484117760001,0.0,0.0,0.0,0.0,0.0,0.0,0.0,0.0,0.0,0.67521,175138536.84745908,183.302135,186.82178215,190.3414293,193.86107644999998,197.38072359999998,200.90037074999998,204.4200179,207.93966505,211.4593122,214.97895935,218.4986065,222.01825365,225.5379008,229.05754795,232.57719509999998,236.09684225,239.61648939999998,243.13613655,246.6557837,250.17543085,253.695078
SF11C46884612282050980,12,,2019-05-18T12:00:00-0700,0.070014,0.070013,0.058401,0.007868,0.925278583698,1.09182870916,10.605521210110002,133.383229515463,0.522148606417,0.15920018765,0.174345468537,0.084131126732,2.506216157991,0.391204358748,0.46162112371900005,3.85830650959,88.649697108235,0.20527482538900002,0.130043196395,0.06482811727200001,0.052662098288,0.9319046058630001,0.53407422495,0.630207585441,6.747214700520001,44.733532407228005,0.316873781028,0.029156991255,0.10951735126500001,0.031469028444,1.5743115521280002,0.0,0.0,0.0,0.0,0.0,0.0,0.0,0.0,0.0,0.644382,306492439.48305345,315.244932,318.42243615,321.5999403,324.77744445,327.9549486,331.13245274999997,334.3099569,337.48746105,340.6649652,343.84246935,347.0199735,350.19747765,353.3749818,356.55248595,359.7299901,362.90749425,366.08499839999996,369.26250254999997,372.44000669999997,375.61751085,378.795015
SF11C46884612282050980,13,,2019-05-18T13:00:00-0700,0.10002,0.100019,0.092583,0.013726,1.4055326701739999,1.6585285228,16.20823735933,197.558955361129,0.795590440831,0.23199931655,0.266229652431,0.125119685396,3.8270512635930003,0.5588657643239999,0.659461573897,5.51189006017,126.642967092805,0.293251007107,0.185776790885,0.09261199293599999,0.07523189134399999,1.331297998569,0.8466669058499999,0.999066948903,10.696347299160001,70.915988268324,0.502339433724,0.046222525665,0.173617659495,0.049887794052,2.495753265024,0.0,0.0,0.0,0.0,0.0,0.0,0.0,0.0,0.0,0.643494,437846342.1186477,442.626481,444.21349430000004,445.8005076,447.3875209,448.9745342,450.5615475,452.1485608,453.7355741,455.3225874,456.9096007,458.496614,460.0836273,461.6706406,463.2576539,464.8446672,466.43168049999997,468.0186938,469.60570709999996,471.1927204,472.77973369999995,474.366747
SF11C46884612282050980,14,,2019-05-18T14:00:00-0700,0.130026,0.130025,0.13052,0.021803,1.9201260438999999,2.2657486953949997,22.24477812115,264.61090617193497,1.089406259385,0.306673147975,0.36515545639999997,0.16813160327999999,5.249109633835,0.7265271699,0.857302024075,7.16547361075,164.636237077375,0.381227188825,0.241510385375,0.1203958686,0.09780168439999999,1.7306913912750002,1.1935988739999999,1.40844667132,15.0793045104,99.97466909456,0.70817907056,0.0651627626,0.24475958779999998,0.07032991888,3.51841824256,0.0,0.0,0.0,0.0,0.0,0.0,0.0,0.0,0.0,0.536542,569200244.7542421,565.604465,570.08199975,574.5595345,579.0370692500001,583.514604,587.99213875,592.4696735,596.94720825,601.424743,605.90227775,610.3798125000001,614.85734725,619.334882,623.81241675,628.2899515,632.76748625,637.2450210000001,641.7225557500001,646.2000905,650.67762525,655.15516
SF11C46884612282050980,15,,2019-05-18T15:00:00-0700,0.160032,0.160031,0.170703,0.032099,2.455258975326,2.897205546076,28.54080492289,333.383230157629,1.395408487627,0.38246830613,0.46829310555899994,0.212353764788,6.731713264365,0.894188575476,1.055142474253,8.81905716133,202.629507061945,0.46920337054300004,0.297243979865,0.148179744264,0.12037147745599999,2.130084783981,1.56107039985,1.842063071823,19.72174776156,130.753723095684,0.926205117084,0.085224326265,0.32011336129499995,0.09198228733199999,4.601628480384,0.0,0.0,0.0,0.0,0.0,0.0,0.0,0.0,0.0,0.42959,700554147.3898363,684.331115,692.4131335,700.495152,708.5771705,716.659189,724.7412075,732.823226,740.9052445,748.987263,757.0692815,765.1513,773.2333185,781.315337,789.3973555,797.479374,805.5613925,813.643411,821.7254295,829.807448,837.8894665,845.971485
SF11C46884612282050980,16,,2019-05-18T16:00:00-0700,0.170034,0.170034,0.189205,0.042963,2.680351563014,3.162814796747,31.22963723322,360.22093413696996,1.525125483142,0.410285244385,0.512251476421,0.229847473004,7.363614787574001,0.9500812982639999,1.121095884342,9.370306786619999,215.29519657922998,0.49853169640199996,0.31582370211,0.15744196209599998,0.127895493984,2.263229225334,1.7302702647500001,2.041718912405,21.8593304466,144.92573755774,1.0265937867400001,0.094461542275,0.354809514325,0.10195197902,5.1003855622400005,0.0,0.0,0.0,0.0,0.0,0.0,0.0,0.0,0.0,0.393939,744338781.601701,722.987474,732.5430839,742.0986938,751.6543037,761.2099136,770.7655235,780.3211334,789.8767433,799.4323532000001,808.9879631,818.543573,828.0991829000001,837.6547928,847.2104027,856.7660126000001,866.3216225000001,875.8772324,885.4328423000001,894.9884522000001,904.5440621,914.099672
SF11C46884612282050980,17,,2019-05-18T17:00:00-0700,0.120024,0.120025,0.136936,0.049461,1.9229240830999998,2.269050384451,22.43495046947,256.86349175358305,1.0948988418330001,0.291302218055,0.36792771664,0.16406706638399998,5.288960773883001,0.6706512098999999,0.791368394075,6.61438931075,151.97434612737501,0.351907658825,0.222936235375,0.1111364286,0.0902799244,1.597586881275,1.2522728732,1.477681990376,15.82056115872,104.889145626208,0.742991183008,0.06836598268,0.25679128804,0.073787141984,3.6913738926080004,0.0,0.0,0.0,0.0,0.0,0.0,0.0,0.0,0.0,0.572192,525415610.54237723,525.091582,529.01483955,532.9380971,536.8613546500001,540.7846122,544.70786975,548.6311273,552.55438485,556.4776424,560.40089995,564.3241575,568.24741505,572.1706726,576.09393015,580.0171877,583.94044525,587.8637028,591.7869603500001,595.7102179,599.63347545,603.556733
SF11C46884612282050980,18,,2019-05-18T18:00:00-0700,0.070014,0.070015,0.080544,0.05161,1.12778638674,1.330787916749,13.16386801733,150.346680509657,0.642298579727,0.17025890594499998,0.21587131332,0.096064253776,3.1031500355970003,0.3912155339399999,0.461634310445,3.85841672645,88.65222948642499,0.20528068929499999,0.13004691122499998,0.06482996916,0.052663602639999994,0.931931226765,0.7365708528,0.8691536063040001,9.30545129088,61.694451023232006,0.437017890432,0.040211994720000005,0.15104134416,0.043400651136,2.171218808832,0.0,0.0,0.0,0.0,0.0,0.0,0.0,0.0,0.0,0.750445,306492439.48305345,315.244932,315.3027492,315.3605664,315.4183836,315.4762008,315.534018,315.5918352,315.6496524,315.7074696,315.7652868,315.823104,315.8809212,315.9387384,315.9965556,316.0543728,316.11219,316.1700072,316.2278244,316.2856416,316.3434588,316.401276
SF11C46884612282050980,19,,2019-05-18T19:00:00-0700,0.040008,0.040009,0.045648,0.051197,0.6410028059639999,0.756383299835,7.47866164883,85.624050635999,0.364982704121,0.09710330897500001,0.12264819021600001,0.054690960496,1.763067683403,0.223554128364,0.263793860267,2.20483317587,50.658959501855,0.117304507577,0.07431331673500001,0.037046093496,0.030093809584,0.532537834059,0.4174486776,0.492589439568,5.27382847296,34.965091134144004,0.247678196544,0.02278999224,0.08560209672,0.024597150912,1.230529849344,0.0,0.0,0.0,0.0,0.0,0.0,0.0,0.0,0.0,0.857397,175138536.84745908,183.302135,192.46724175,201.63234849999998,210.79745524999998,219.962562,229.12766875,238.2927755,247.45788224999998,256.62298899999996,265.78809575,274.9532025,284.11830925,293.283416,302.44852275,311.6136295,320.77873624999995,329.943843,339.10894974999997,348.27405650000003,357.43916325,366.60427
SF11C46884612282050980,20,,2019-05-18T20:00:00-0700,0.005701,0.005702,0.006349,0.048096,0.089921759942,0.106107675135,1.0477442373399999,12.082966625462,0.051166577978,0.013760750325,0.017185790173,0.0077100281079999985,0.247045727474,0.031860472391999996,0.037595355825999995,0.31422826785999997,7.219810219689999,0.016717996005999998,0.01059098033,0.0052797326879999995,0.004288907551999999,0.075896191602,0.05806128754999999,0.068512319309,0.73351596948,4.863156405772,0.034448581972,0.0031697699949999997,0.011906057485,0.0034211205559999997,0.171149535872,0.0,0.0,0.0,0.0,0.0,0.0,0.0,0.0,0.0,0.97968,24956628.638456415,26.648167,27.980575350000002,29.3129837,30.64539205,31.9778004,33.31020875,34.6426171,35.975025450000004,37.3074338,38.63984215,39.9722505,41.30465885,42.637067200000004,43.96947555,45.30188390000001,46.63429225,47.9667006,49.299108950000004,50.6315173,51.96392565000001,53.296334
SF11C46884612282050980,21,,2019-05-18T21:00:00-0700,0.005701,0.005701,0.006082,0.04519,0.087474470696,0.103219873825,1.01684194607,11.877185904891,0.049714949949,0.013625591825,0.016684168473999998,0.007565404584000001,0.239834917247,0.031854884796,0.037588762463000004,0.31417315943,7.218544030595,0.016715064053000002,0.010589122915,0.005278806744,0.004288155376,0.075882881151,0.0556195859,0.06563111136199999,0.70266878664,4.658641874296,0.032999885895999996,0.00303646891,0.011405361729999999,0.003277249208,0.163952036096,0.0,0.0,0.0,0.0,0.0,0.0,0.0,0.0,0.0,0.989134,24956628.638456415,26.648167,27.980575350000002,29.3129837,30.64539205,31.9778004,33.31020875,34.6426171,35.975025450000004,37.3074338,38.63984215,39.9722505,41.30465885,42.637067200000004,43.96947555,45.30188390000001,46.63429225,47.9667006,49.299108950000004,50.6315173,51.96392565000001,53.296334
SF11C46884612282050980,22,,2019-05-18T22:00:00-0700,0.005701,0.005701,0.005723,0.042461,0.084191433646,0.099345890106,0.97536577139,11.602201946839,0.047767077697000004,0.01344635928,0.016010948339,0.007371959588,0.230157380095,0.031854884796,0.037588762463000004,0.31417315943,7.218544030595,0.016715064053000002,0.010589122915,0.005278806744,0.004288155376,0.075882881151,0.05233654885,0.061757127642999995,0.66119261196,4.383657916244,0.031052013644,0.002857236365,0.010732141595,0.003083804212,0.154274498944,0.0,0.0,0.0,0.0,0.0,0.0,0.0,0.0,0.0,0.989134,24956628.638456415,26.648167,27.980575350000002,29.3129837,30.64539205,31.9778004,33.31020875,34.6426171,35.975025450000004,37.3074338,38.63984215,39.9722505,41.30465885,42.637067200000004,43.96947555,45.30188390000001,46.63429225,47.9667006,49.299108950000004,50.6315173,51.96392565000001,53.296334
SF11C46884612282050980,23,,2019-05-18T23:00:00-0700,0.005701,0.005701,0.005278,0.03989,0.080121930896,0.09454387686099999,0.92395379999,11.261344394379,0.045352584237000004,0.013224190805000001,0.015176455414,0.007132174008,0.218161547135,0.031854884796,0.037588762463000004,0.31417315943,7.218544030595,0.016715064053000002,0.010589122915,0.005278806744,0.004288155376,0.075882881151,0.048267046099999995,0.056955114397999995,0.60978064056,4.042800363784,0.028637520184,0.00263506789,0.009897648669999998,0.002844018632,0.142278665984,0.0,0.0,0.0,0.0,0.0,0.0,0.0,0.0,0.0,0.989134,24956628.638456415,26.648167,27.980575350000002,29.3129837,30.64539205,31.9778004,33.31020875,34.6426171,35.975025450000004,37.3074338,38.63984215,39.9722505,41.30465885,42.637067200000004,43.96947555,45.30188390000001,46.63429225,47.9667006,49.299108950000004,50.6315173,51.96392565000001,53.296334
SF11C46884712282050980,0,,2019-05-18T00:00:00-0400,0.005701,0.005701,0.004403,0.000304,0.00045719739600000005,0.000539497032,0.004509183146,0.10360446683400001,0.00023990378100000002,0.000151982959,7.576629e-05,6.1547996e-05,0.001089113339,0.00045719739600000005,0.000539497032,0.004509183146,0.10360446683400001,0.00023990378100000002,0.000151982959,7.576629e-05,6.1547996e-05,0.001089113339,0.0,0.0,0.0,0.0,0.0,0.0,0.0,0.0,0.0,0.0,0.0,0.0,0.0,0.0,0.0,0.0,0.0,0.0,0.997843,13931.247037911127,0.227084,0.2289176,0.23075120000000002,0.2325848,0.2344184,0.23625200000000002,0.2380856,0.2399192,0.2417528,0.2435864,0.24542,0.2472536,0.2490872,0.2509208,0.2527544,0.254588,0.25642159999999997,0.2582552,0.2600888,0.2619224,0.263756
SF11C46884712282050980,1,,2019-05-18T01:00:00-0400,0.005701,0.005701,0.003775,0.000544,0.00045719739600000005,0.000539497032,0.004509183146,0.10360446683400001,0.00023990378100000002,0.000151982959,7.576629e-05,6.1547996e-05,0.001089113339,0.00045719739600000005,0.000539497032,0.004509183146,0.10360446683400001,0.00023990378100000002,0.000151982959,7.576629e-05,6.1547996e-05,0.001089113339,0.0,0.0,0.0,0.0,0.0,0.0,0.0,0.0,0.0,0.0,0.0,0.0,0.0,0.0,0.0,0.0,0.0,0.0,0.997843,13931.247037911127,0.227084,0.22987770000000002,0.2326714,0.2354651,0.2382588,0.2410525,0.2438462,0.2466399,0.2494336,0.2522273,0.255021,0.2578147,0.26060839999999996,0.2634021,0.2661958,0.2689895,0.2717832,0.2745769,0.27737059999999997,0.2801643,0.282958
SF11C46884712282050980,2,,2019-05-18T02:00:00-0400,0.005701,0.005701,0.003325,0.000737,0.00045719739600000005,0.000539497032,0.004509183146,0.10360446683400001,0.00023990378100000002,0.000151982959,7.576629e-05,6.1547996e-05,0.001089113339,0.00045719739600000005,0.000539497032,0.004509183146,0.10360446683400001,0.00023990378100000002,0.000151982959,7.576629e-05,6.1547996e-05,0.001089113339,0.0,0.0,0.0,0.0,0.0,0.0,0.0,0.0,0.0,0.0,0.0,0.0,0.0,0.0,0.0,0.0,0.0,0.0,0.998562,13931.247037911127,0.227084,0.23843820000000002,0.2497924,0.2611466,0.2725008,0.283855,0.2952092,0.30656340000000004,0.3179176,0.3292718,0.340626,0.3519802,0.3633344,0.37468860000000004,0.3860428,0.397397,0.4087512,0.4201054,0.4314596,0.44281380000000004,0.454168
SF11C46884712282050980,3,,2019-05-18T03:00:00-0400,0.005701,0.005701,0.003003,0.000893,0.00045719739600000005,0.000539497032,0.004509183146,0.10360446683400001,0.00023990378100000002,0.000151982959,7.576629e-05,6.1547996e-05,0.001089113339,0.00045719739600000005,0.000539497032,0.004509183146,0.10360446683400001,0.00023990378100000002,0.000151982959,7.576629e-05,6.1547996e-05,0.001089113339,0.0,0.0,0.0,0.0,0.0,0.0,0.0,0.0,0.0,0.0,0.0,0.0,0.0,0.0,0.0,0.0,0.0,0.0,0.998921,13931.247037911127,0.227084,0.23843820000000002,0.2497924,0.2611466,0.2725008,0.283855,0.2952092,0.30656340000000004,0.3179176,0.3292718,0.340626,0.3519802,0.3633344,0.37468860000000004,0.3860428,0.397397,0.4087512,0.4201054,0.4314596,0.44281380000000004,0.454168
SF11C46884712282050980,4,,2019-05-18T04:00:00-0400,0.005701,0.005701,0.002771,0.001023,0.00045719739600000005,0.000539497032,0.004509183146,0.10360446683400001,0.00023990378100000002,0.000151982959,7.576629e-05,6.1547996e-05,0.001089113339,0.00045719739600000005,0.000539497032,0.004509183146,0.10360446683400001,0.00023990378100000002,0.000151982959,7.576629e-05,6.1547996e-05,0.001089113339,0.0,0.0,0.0,0.0,0.0,0.0,0.0,0.0,0.0,0.0,0.0,0.0,0.0,0.0,0.0,0.0,0.0,0.0,0.999137,13931.247037911127,0.227084,0.23843820000000002,0.2497924,0.2611466,0.2725008,0.283855,0.2952092,0.30656340000000004,0.3179176,0.3292718,0.340626,0.3519802,0.3633344,0.37468860000000004,0.3860428,0.397397,0.4087512,0.4201054,0.4314596,0.44281380000000004,0.454168
SF11C46884712282050980,5,,2019-05-18T05:00:00-0400,0.005701,0.005701,0.002606,0.001133,0.00045719739600000005,0.000539497032,0.004509183146,0.10360446683400001,0.00023990378100000002,0.000151982959,7.576629e-05,6.1547996e-05,0.001089113339,0.00045719739600000005,0.000539497032,0.004509183146,0.10360446683400001,0.00023990378100000002,0.000151982959,7.576629e-05,6.1547996e-05,0.001089113339,0.0,0.0,0.0,0.0,0.0,0.0,0.0,0.0,0.0,0.0,0.0,0.0,0.0,0.0,0.0,0.0,0.0,0.0,0.999281,13931.247037911127,0.227084,0.23843820000000002,0.2497924,0.2611466,0.2725008,0.283855,0.2952092,0.30656340000000004,0.3179176,0.3292718,0.340626,0.3519802,0.3633344,0.37468860000000004,0.3860428,0.397397,0.4087512,0.4201054,0.4314596,0.44281380000000004,0.454168
SF11C46884712282050980,6,,2019-05-18T06:00:00-0400,0.005701,0.005701,0.002487,0.001226,0.00045719739600000005,0.000539497032,0.004509183146,0.10360446683400001,0.00023990378100000002,0.000151982959,7.576629e-05,6.1547996e-05,0.001089113339,0.00045719739600000005,0.000539497032,0.004509183146,0.10360446683400001,0.00023990378100000002,0.000151982959,7.576629e-05,6.1547996e-05,0.001089113339,0.0,0.0,0.0,0.0,0.0,0.0,0.0,0.0,0.0,0.0,0.0,0.0,0.0,0.0,0.0,0.0,0.0,0.0,0.999384,13931.247037911127,0.227084,0.23843820000000002,0.2497924,0.2611466,0.2725008,0.283855,0.2952092,0.30656340000000004,0.3179176,0.3292718,0.340626,0.3519802,0.3633344,0.37468860000000004,0.3860428,0.397397,0.4087512,0.4201054,0.4314596,0.44281380000000004,0.454168
SF11C46884712282050980,7,,2019-05-18T07:00:00-0400,0.005701,0.005701,0.002402,0.001308,0.00045719739600000005,0.000539497032,0.004509183146,0.10360446683400001,0.00023990378100000002,0.000151982959,7.576629e-05,6.1547996e-05,0.001089113339,0.00045719739600000005,0.000539497032,0.004509183146,0.10360446683400001,0.00023990378100000002,0.000151982959,7.576629e-05,6.1547996e-05,0.001089113339,0.0,0.0,0.0,0.0,0.0,0.0,0.0,0.0,0.0,0.0,0.0,0.0,0.0,0.0,0.0,0.0,0.0,0.0,0.999461,13931.247037911127,0.227084,0.23843820000000002,0.2497924,0.2611466,0.2725008,0.283855,0.2952092,0.30656340000000004,0.3179176,0.3292718,0.340626,0.3519802,0.3633344,0.37468860000000004,0.3860428,0.397397,0.4087512,0.4201054,0.4314596,0.44281380000000004,0.454168
SF11C46884712282050980,8,,2019-05-18T08:00:00-0400,0.005701,0.005701,0.002187,0.001368,0.00045719739600000005,0.000539497032,0.004509183146,0.10360446683400001,0.00023990378100000002,0.000151982959,7.576629e-05,6.1547996e-05,0.001089113339,0.00045719739600000005,0.000539497032,0.004509183146,0.10360446683400001,0.00023990378100000002,0.000151982959,7.576629e-05,6.1547996e-05,0.001089113339,0.0,0.0,0.0,0.0,0.0,0.0,0.0,0.0,0.0,0.0,0.0,0.0,0.0,0.0,0.0,0.0,0.0,0.0,0.999521,13931.247037911127,0.227084,0.23843820000000002,0.2497924,0.2611466,0.2725008,0.283855,0.2952092,0.30656340000000004,0.3179176,0.3292718,0.340626,0.3519802,0.3633344,0.37468860000000004,0.3860428,0.397397,0.4087512,0.4201054,0.4314596,0.44281380000000004,0.454168
SF11C46884712282050980,9,,2019-05-18T09:00:00-0400,0.005701,0.005701,0.002871,0.001472,0.00045719739600000005,0.000539497032,0.004509183146,0.10360446683400001,0.00023990378100000002,0.000151982959,7.576629e-05,6.1547996e-05,0.001089113339,0.00045719739600000005,0.000539497032,0.004509183146,0.10360446683400001,0.00023990378100000002,0.000151982959,7.576629e-05,6.1547996e-05,0.001089113339,0.0,0.0,0.0,0.0,0.0,0.0,0.0,0.0,0.0,0.0,0.0,0.0,0.0,0.0,0.0,0.0,0.0,0.0,0.999569,13931.247037911127,0.227084,0.23843820000000002,0.2497924,0.2611466,0.2725008,0.283855,0.2952092,0.30656340000000004,0.3179176,0.3292718,0.340626,0.3519802,0.3633344,0.37468860000000004,0.3860428,0.397397,0.4087512,0.4201054,0.4314596,0.44281380000000004,0.454168
SF11C46884712282050980,10,,2019-05-18T10:00:00-0400,0.020004,0.020003,0.012417,0.002229,0.0016041605880000001,0.0018929238959999998,0.015821292838,0.36351519910200003,0.000841746243,0.000533259977,0.00026583987,0.000215952388,0.0038213531169999995,0.0016041605880000001,0.0018929238959999998,0.015821292838,0.36351519910200003,0.000841746243,0.000533259977,0.00026583987,0.000215952388,0.0038213531169999995,0.0,0.0,0.0,0.0,0.0,0.0,0.0,0.0,0.0,0.0,0.0,0.0,0.0,0.0,0.0,0.0,0.0,0.0,0.997473,48882.768943408904,0.796748,0.8365854,0.8764228000000001,0.9162602,0.9560976,0.995935,1.0357724,1.0756098,1.1154472,1.1552846,1.195122,1.2349594000000002,1.2747968,1.3146342,1.3544716,1.394309,1.4341464,1.4739838,1.5138212000000002,1.5536586,1.593496
SF11C46884712282050980,11,,2019-05-18T11:00:00-0400,0.040008,0.040006,0.029285,0.0041,0.0032083211760000003,0.0037858477919999996,0.031642585676,0.7270303982040001,0.001683492486,0.001066519954,0.00053167974,0.000431904776,0.007642706233999999,0.0032083211760000003,0.0037858477919999996,0.031642585676,0.7270303982040001,0.001683492486,0.001066519954,0.00053167974,0.000431904776,0.007642706233999999,0.0,0.0,0.0,0.0,0.0,0.0,0.0,0.0,0.0,0.0,0.0,0.0,0.0,0.0,0.0,0.0,0.0,0.0,0.992236,97765.53788681781,1.593337,1.6118666,1.6303962,1.6489258,1.6674554,1.685985,1.7045146,1.7230442,1.7415738,1.7601034,1.7786330000000001,1.7971626,1.8156922,1.8342218,1.8527514,1.871281,1.8898106000000001,1.9083402,1.9268698,1.9453994,1.963929
SF11C46884712282050980,12,,2019-05-18T12:00:00-0400,0.070014,0.070011,0.058436,0.007857,0.005614602156000001,0.0066252809519999995,0.055374920406000006,1.2723122833740002,0.002946132891,0.001866423249,0.00093044619,0.000755838756,0.013374831428999999,0.005614602156000001,0.0066252809519999995,0.055374920406000006,1.2723122833740002,0.002946132891,0.001866423249,0.00093044619,0.000755838756,0.013374831428999999,0.0,0.0,0.0,0.0,0.0,0.0,0.0,0.0,0.0,0.0,0.0,0.0,0.0,0.0,0.0,0.0,0.0,0.0,0.984415,171089.6913019312,2.787923,2.85721295,2.9265029,2.99579285,3.0650828,3.13437275,3.2036626999999998,3.27295265,3.3422426,3.41153255,3.4808225,3.55011245,3.6194024,3.6886923499999997,3.7579822999999997,3.82727225,3.8965622,3.96585215,4.0351421,4.10443205,4.173722
SF11C46884712282050980,13,,2019-05-18T13:00:00-0400,0.10002,0.100017,0.092637,0.01372,0.008020963332,0.009464808743999999,0.079108046082,1.8176123415780001,0.004208815377,0.002666353203,0.0013292259299999998,0.001079783532,0.019107147662999997,0.008020963332,0.009464808743999999,0.079108046082,1.8176123415780001,0.004208815377,0.002666353203,0.0013292259299999998,0.001079783532,0.019107147662999997,0.0,0.0,0.0,0.0,0.0,0.0,0.0,0.0,0.0,0.0,0.0,0.0,0.0,0.0,0.0,0.0,0.0,0.0,0.97758,244413.84471704453,3.982152,4.1045497,4.2269474,4.3493451,4.4717428,4.5941405,4.7165382000000005,4.8389359,4.961333600000001,5.0837313,5.206129000000001,5.3285267,5.4509244,5.5733221,5.6957198,5.8181175000000005,5.9405152,6.062912900000001,6.1853106,6.3077083,6.430106
SF11C46884712282050980,14,,2019-05-18T14:00:00-0400,0.130026,0.130023,0.130595,0.021801,0.010427324508,0.012304336535999999,0.102841171758,2.362912399782,0.005471497863,0.003466283157,0.00172800567,0.001403728308,0.024839463896999998,0.010427324508,0.012304336535999999,0.102841171758,2.362912399782,0.005471497863,0.003466283157,0.00172800567,0.001403728308,0.024839463896999998,0.0,0.0,0.0,0.0,0.0,0.0,0.0,0.0,0.0,0.0,0.0,0.0,0.0,0.0,0.0,0.0,0.0,0.0,0.972861,317737.9981321579,5.176024,5.3392461,5.5024682,5.6656903,5.8289124,5.992134500000001,6.1553566,6.3185787,6.4818008,6.645022900000001,6.808245,6.9714671,7.1346892,7.297911300000001,7.4611334000000005,7.6243555,7.7875776000000005,7.950799700000001,8.1140218,8.2772439,8.440466
SF11C46884712282050980,15,,2019-05-18T15:00:00-0400,0.160032,0.160029,0.1708,0.032104,0.012833685684000002,0.015143864327999999,0.126574297434,2.9082124579860005,0.006734180349,0.004266213111,0.00212678541,0.001727673084,0.030571780131,0.012833685684000002,0.015143864327999999,0.126574297434,2.9082124579860005,0.006734180349,0.004266213111,0.00212678541,0.001727673084,0.030571780131,0.0,0.0,0.0,0.0,0.0,0.0,0.0,0.0,0.0,0.0,0.0,0.0,0.0,0.0,0.0,0.0,0.0,0.0,0.969563,391062.15154727123,6.36954,6.563130849999999,6.7567217,6.95031255,7.1439034,7.33749425,7.5310851,7.72467595,7.9182668,8.111857650000001,8.3054485,8.49903935,8.6926302,8.88622105,9.0798119,9.27340275,9.4669936,9.66058445,9.854175300000001,10.047766150000001,10.241357
SF11C46884712282050980,16,,2019-05-18T16:00:00-0400,0.170034,0.170033,0.189309,0.042975,0.013635966468,0.016090562856,0.134486921218,3.090015490122,0.0071551586729999995,0.004532909746999999,0.0022597385699999997,0.0018356762679999999,0.032482934287,0.013635966468,0.016090562856,0.134486921218,3.090015490122,0.0071551586729999995,0.004532909746999999,0.0022597385699999997,0.0018356762679999999,0.032482934287,0.0,0.0,0.0,0.0,0.0,0.0,0.0,0.0,0.0,0.0,0.0,0.0,0.0,0.0,0.0,0.0,0.0,0.0,0.971575,415503.53601897566,6.767299,6.93862645,7.109953900000001,7.28128135,7.4526088,7.62393625,7.7952637,7.96659115,8.137918599999999,8.30924605,8.4805735,8.65190095,8.8232284,8.99455585,9.165883299999999,9.33721075,9.5085382,9.67986565,9.8511931,10.02252055,10.193848
SF11C46884712282050980,17,,2019-05-18T17:00:00-0400,0.120024,0.120029,0.137004,0.049477,0.009625845684,0.011358584327999998,0.094936457434,2.181291097986,0.005050940349,0.003199853111,0.00159518541,0.001295833084,0.022930220130999997,0.009625845684,0.011358584327999998,0.094936457434,2.181291097986,0.005050940349,0.003199853111,0.00159518541,0.001295833084,0.022930220130999997,0.0,0.0,0.0,0.0,0.0,0.0,0.0,0.0,0.0,0.0,0.0,0.0,0.0,0.0,0.0,0.0,0.0,0.0,0.984808,293296.6136604534,4.778106,4.823195650000001,4.8682853,4.91337495,4.9584646,5.0035542500000005,5.0486439,5.09373355,5.1388232,5.1839128500000005,5.2290025,5.2740921499999995,5.3191818,5.36427145,5.4093611,5.4544507499999995,5.4995404,5.54463005,5.5897197,5.634809349999999,5.679899
SF11C46884712282050980,18,,2019-05-18T18:00:00-0400,0.070014,0.070019,0.08058,0.051627,0.005615243724,0.006626038007999999,0.055381247974,1.272457667646,0.0029464695389999998,0.001866636521,0.00093055251,0.000755925124,0.013376359740999998,0.005615243724,0.006626038007999999,0.055381247974,1.272457667646,0.0029464695389999998,0.001866636521,0.00093055251,0.000755925124,0.013376359740999998,0.0,0.0,0.0,0.0,0.0,0.0,0.0,0.0,0.0,0.0,0.0,0.0,0.0,0.0,0.0,0.0,0.0,0.0,0.994628,171089.6913019312,2.787923,2.92731915,3.0667153000000003,3.2061114500000003,3.3455076000000004,3.48490375,3.6242999,3.76369605,3.9030922,4.04248835,4.181884500000001,4.32128065,4.4606768,4.60007295,4.7394691,4.8788652500000005,5.0182614,5.15765755,5.2970537,5.436449850000001,5.575846
SF11C46884712282050980,19,,2019-05-18T19:00:00-0400,0.040008,0.040011,0.045668,0.051215,0.003208722156,0.0037863209519999994,0.031646540406,0.727121263374,0.001683702891,0.001066653249,0.0005317461899999999,0.000431958756,0.007643661428999999,0.003208722156,0.0037863209519999994,0.031646540406,0.727121263374,0.001683702891,0.001066653249,0.0005317461899999999,0.000431958756,0.007643661428999999,0.0,0.0,0.0,0.0,0.0,0.0,0.0,0.0,0.0,0.0,0.0,0.0,0.0,0.0,0.0,0.0,0.0,0.0,0.998295,97765.53788681781,1.593337,1.67300385,1.7526707,1.83233755,1.9120044,1.99167125,2.0713381,2.15100495,2.2306718,2.31033865,2.3900055,2.4696723499999997,2.5493392,2.62900605,2.7086729,2.78833975,2.8680066,2.94767345,3.0273402999999997,3.1070071500000003,3.186674
SF11C46884712282050980,20,,2019-05-18T20:00:00-0400,0.005701,0.005705,0.006347,0.048113,0.00045751818,0.0005398755599999999,0.00451234693,0.10367715897,0.00024007210500000002,0.00015208959499999998,7.581945e-05,6.159118e-05,0.001089877495,0.00045751818,0.0005398755599999999,0.00451234693,0.10367715897,0.00024007210500000002,0.00015208959499999998,7.581945e-05,6.159118e-05,0.001089877495,0.0,0.0,0.0,0.0,0.0,0.0,0.0,0.0,0.0,0.0,0.0,0.0,0.0,0.0,0.0,0.0,0.0,0.0,0.9999,13931.247037911127,0.227084,0.23843820000000002,0.2497924,0.2611466,0.2725008,0.283855,0.2952092,0.30656340000000004,0.3179176,0.3292718,0.340626,0.3519802,0.3633344,0.37468860000000004,0.3860428,0.397397,0.4087512,0.4201054,0.4314596,0.44281380000000004,0.454168
SF11C46884712282050980,21,,2019-05-18T21:00:00-0400,0.005701,0.005701,0.006085,0.045207,0.00045719739600000005,0.000539497032,0.004509183146,0.10360446683400001,0.00023990378100000002,0.000151982959,7.576629e-05,6.1547996e-05,0.001089113339,0.00045719739600000005,0.000539497032,0.004509183146,0.10360446683400001,0.00023990378100000002,0.000151982959,7.576629e-05,6.1547996e-05,0.001089113339,0.0,0.0,0.0,0.0,0.0,0.0,0.0,0.0,0.0,0.0,0.0,0.0,0.0,0.0,0.0,0.0,0.0,0.0,0.999975,13931.247037911127,0.227084,0.23843820000000002,0.2497924,0.2611466,0.2725008,0.283855,0.2952092,0.30656340000000004,0.3179176,0.3292718,0.340626,0.3519802,0.3633344,0.37468860000000004,0.3860428,0.397397,0.4087512,0.4201054,0.4314596,0.44281380000000004,0.454168
SF11C46884712282050980,22,,2019-05-18T22:00:00-0400,0.005701,0.005701,0.005726,0.042477,0.00045719739600000005,0.000539497032,0.004509183146,0.10360446683400001,0.00023990378100000002,0.000151982959,7.576629e-05,6.1547996e-05,0.001089113339,0.00045719739600000005,0.000539497032,0.004509183146,0.10360446683400001,0.00023990378100000002,0.000151982959,7.576629e-05,6.1547996e-05,0.001089113339,0.0,0.0,0.0,0.0,0.0,0.0,0.0,0.0,0.0,0.0,0.0,0.0,0.0,0.0,0.0,0.0,0.0,0.0,0.999975,13931.247037911127,0.227084,0.23843820000000002,0.2497924,0.2611466,0.2725008,0.283855,0.2952092,0.30656340000000004,0.3179176,0.3292718,0.340626,0.3519802,0.3633344,0.37468860000000004,0.3860428,0.397397,0.4087512,0.4201054,0.4314596,0.44281380000000004,0.454168
SF11C46884712282050980,23,,2019-05-18T23:00:00-0400,0.005701,0.005701,0.00528,0.039905,0.00045719739600000005,0.000539497032,0.004509183146,0.10360446683400001,0.00023990378100000002,0.000151982959,7.576629e-05,6.1547996e-05,0.001089113339,0.00045719739600000005,0.000539497032,0.004509183146,0.10360446683400001,0.00023990378100000002,0.000151982959,7.576629e-05,6.1547996e-05,0.001089113339,0.0,0.0,0.0,0.0,0.0,0.0,0.0,0.0,0.0,0.0,0.0,0.0,0.0,0.0,0.0,0.0,0.0,0.0,0.999975,13931.247037911127,0.227084,0.23843820000000002,0.2497924,0.2611466,0.2725008,0.283855,0.2952092,0.30656340000000004,0.3179176,0.3292718,0.340626,0.3519802,0.3633344,0.37468860000000004,0.3860428,0.397397,0.4087512,0.4201054,0.4314596,0.44281380000000004,0.454168
SF11C46884812282050980,0,,2019-05-18T00:00:00-0500,0.005701,0.005701,0.004403,0.000304,0.000206877888,0.00024411682,0.002040376498,0.046880394788000004,0.000108552741,6.877116300000001e-05,3.4280113e-05,2.7849385e-05,0.000492817244,0.000206877888,0.00024411682,0.002040376498,0.046880394788000004,0.000108552741,6.877116300000001e-05,3.4280113e-05,2.7849385e-05,0.000492817244,0.0,0.0,0.0,0.0,0.0,0.0,0.0,0.0,0.0,0.0,0.0,0.0,0.0,0.0,0.0,0.0,0.0,0.0,0.993948,17683.70906125604,0.636985,0.6688342500000001,0.7006835,0.7325327500000001,0.764382,0.7962312500000001,0.8280805,0.85992975,0.8917790000000001,0.92362825,0.9554775,0.98732675,1.019176,1.0510252500000001,1.0828745,1.11472375,1.146573,1.1784222500000001,1.2102715000000002,1.2421207500000002,1.27397
SF11C46884812282050980,1,,2019-05-18T01:00:00-0500,0.005701,0.005701,0.003775,0.000544,0.000206877888,0.00024411682,0.002040376498,0.046880394788000004,0.000108552741,6.877116300000001e-05,3.4280113e-05,2.7849385e-05,0.000492817244,0.000206877888,0.00024411682,0.002040376498,0.046880394788000004,0.000108552741,6.877116300000001e-05,3.4280113e-05,2.7849385e-05,0.000492817244,0.0,0.0,0.0,0.0,0.0,0.0,0.0,0.0,0.0,0.0,0.0,0.0,0.0,0.0,0.0,0.0,0.0,0.0,0.993948,17683.70906125604,0.636985,0.6688342500000001,0.7006835,0.7325327500000001,0.764382,0.7962312500000001,0.8280805,0.85992975,0.8917790000000001,0.92362825,0.9554775,0.98732675,1.019176,1.0510252500000001,1.0828745,1.11472375,1.146573,1.1784222500000001,1.2102715000000002,1.2421207500000002,1.27397
SF11C46884812282050980,2,,2019-05-18T02:00:00-0500,0.005701,0.005701,0.003325,0.000737,0.000206877888,0.00024411682,0.002040376498,0.046880394788000004,0.000108552741,6.877116300000001e-05,3.4280113e-05,2.7849385e-05,0.000492817244,0.000206877888,0.00024411682,0.002040376498,0.046880394788000004,0.000108552741,6.877116300000001e-05,3.4280113e-05,2.7849385e-05,0.000492817244,0.0,0.0,0.0,0.0,0.0,0.0,0.0,0.0,0.0,0.0,0.0,0.0,0.0,0.0,0.0,0.0,0.0,0.0,0.995965,17683.70906125604,0.636985,0.6688342500000001,0.7006835,0.7325327500000001,0.764382,0.7962312500000001,0.8280805,0.85992975,0.8917790000000001,0.92362825,0.9554775,0.98732675,1.019176,1.0510252500000001,1.0828745,1.11472375,1.146573,1.1784222500000001,1.2102715000000002,1.2421207500000002,1.27397
SF11C46884812282050980,3,,2019-05-18T03:00:00-0500,0.005701,0.005701,0.003003,0.000893,0.000206877888,0.00024411682,0.002040376498,0.046880394788000004,0.000108552741,6.877116300000001e-05,3.4280113e-05,2.7849385e-05,0.000492817244,0.000206877888,0.00024411682,0.002040376498,0.046880394788000004,0.000108552741,6.877116300000001e-05,3.4280113e-05,2.7849385e-05,0.000492817244,0.0,0.0,0.0,0.0,0.0,0.0,0.0,0.0,0.0,0.0,0.0,0.0,0.0,0.0,0.0,0.0,0.0,0.0,0.996974,17683.70906125604,0.636985,0.6688342500000001,0.7006835,0.7325327500000001,0.764382,0.7962312500000001,0.8280805,0.85992975,0.8917790000000001,0.92362825,0.9554775,0.98732675,1.019176,1.0510252500000001,1.0828745,1.11472375,1.146573,1.1784222500000001,1.2102715000000002,1.2421207500000002,1.27397
SF11C46884812282050980,4,,2019-05-18T04:00:00-0500,0.005701,0.005701,0.002771,0.001023,0.000206877888,0.00024411682,0.002040376498,0.046880394788000004,0.000108552741,6.877116300000001e-05,3.4280113e-05,2.7849385e-05,0.000492817244,0.000206877888,0.00024411682,0.002040376498,0.046880394788000004,0.000108552741,6.877116300000001e-05,3.4280113e-05,2.7849385e-05,0.000492817244,0.0,0.0,0.0,0.0,0.0,0.0,0.0,0.0,0.0,0.0,0.0,0.0,0.0,0.0,0.0,0.0,0.0,0.0,0.997579,17683.70906125604,0.636985,0.6688342500000001,0.7006835,0.7325327500000001,0.764382,0.7962312500000001,0.8280805,0.85992975,0.8917790000000001,0.92362825,0.9554775,0.98732675,1.019176,1.0510252500000001,1.0828745,1.11472375,1.146573,1.1784222500000001,1.2102715000000002,1.2421207500000002,1.27397
SF11C46884812282050980,5,,2019-05-18T05:00:00-0500,0.005701,0.005701,0.002606,0.001133,0.000206877888,0.00024411682,0.002040376498,0.046880394788000004,0.000108552741,6.877116300000001e-05,3.4280113e-05,2.7849385e-05,0.000492817244,0.000206877888,0.00024411682,0.002040376498,0.046880394788000004,0.000108552741,6.877116300000001e-05,3.4280113e-05,2.7849385e-05,0.000492817244,0.0,0.0,0.0,0.0,0.0,0.0,0.0,0.0,0.0,0.0,0.0,0.0,0.0,0.0,0.0,0.0,0.0,0.0,0.997983,17683.70906125604,0.636985,0.6688342500000001,0.7006835,0.7325327500000001,0.764382,0.7962312500000001,0.8280805,0.85992975,0.8917790000000001,0.92362825,0.9554775,0.98732675,1.019176,1.0510252500000001,1.0828745,1.11472375,1.146573,1.1784222500000001,1.2102715000000002,1.2421207500000002,1.27397
SF11C46884812282050980,6,,2019-05-18T06:00:00-0500,0.005701,0.005701,0.002487,0.001226,0.000206877888,0.00024411682,0.002040376498,0.046880394788000004,0.000108552741,6.877116300000001e-05,3.4280113e-05,2.7849385e-05,0.000492817244,0.000206877888,0.00024411682,0.002040376498,0.046880394788000004,0.000108552741,6.877116300000001e-05,3.4280113e-05,2.7849385e-05,0.000492817244,0.0,0.0,0.0,0.0,0.0,0.0,0.0,0.0,0.0,0.0,0.0,0.0,0.0,0.0,0.0,0.0,0.0,0.0,0.998271,17683.70906125604,0.636985,0.6688342500000001,0.7006835,0.7325327500000001,0.764382,0.7962312500000001,0.8280805,0.85992975,0.8917790000000001,0.92362825,0.9554775,0.98732675,1.019176,1.0510252500000001,1.0828745,1.11472375,1.146573,1.1784222500000001,1.2102715000000002,1.2421207500000002,1.27397
SF11C46884812282050980,7,,2019-05-18T07:00:00-0500,0.005701,0.005701,0.002402,0.001308,0.000206877888,0.00024411682,0.002040376498,0.046880394788000004,0.000108552741,6.877116300000001e-05,3.4280113e-05,2.7849385e-05,0.000492817244,0.000206877888,0.00024411682,0.002040376498,0.046880394788000004,0.000108552741,6.877116300000001e-05,3.4280113e-05,2.7849385e-05,0.000492817244,0.0,0.0,0.0,0.0,0.0,0.0,0.0,0.0,0.0,0.0,0.0,0.0,0.0,0.0,0.0,0.0,0.0,0.0,0.998487,17683.70906125604,0.636985,0.6688342500000001,0.7006835,0.7325327500000001,0.764382,0.7962312500000001,0.8280805,0.85992975,0.8917790000000001,0.92362825,0.9554775,0.98732675,1.019176,1.0510252500000001,1.0828745,1.11472375,1.146573,1.1784222500000001,1.2102715000000002,1.2421207500000002,1.27397
SF11C46884812282050980,8,,2019-05-18T08:00:00-0500,0.005701,0.005701,0.002187,0.001368,0.000206877888,0.00024411682,0.002040376498,0.046880394788000004,0.000108552741,6.877116300000001e-05,3.4280113e-05,2.7849385e-05,0.000492817244,0.000206877888,0.00024411682,0.002040376498,0.046880394788000004,0.000108552741,6.877116300000001e-05,3.4280113e-05,2.7849385e-05,0.000492817244,0.0,0.0,0.0,0.0,0.0,0.0,0.0,0.0,0.0,0.0,0.0,0.0,0.0,0.0,0.0,0.0,0.0,0.0,0.998655,17683.70906125604,0.636985,0.6688342500000001,0.7006835,0.7325327500000001,0.764382,0.7962312500000001,0.8280805,0.85992975,0.8917790000000001,0.92362825,0.9554775,0.98732675,1.019176,1.0510252500000001,1.0828745,1.11472375,1.146573,1.1784222500000001,1.2102715000000002,1.2421207500000002,1.27397
SF11C46884812282050980,9,,2019-05-18T09:00:00-0500,0.005701,0.005701,0.002871,0.001472,0.000206877888,0.00024411682,0.002040376498,0.046880394788000004,0.000108552741,6.877116300000001e-05,3.4280113e-05,2.7849385e-05,0.000492817244,0.000206877888,0.00024411682,0.002040376498,0.046880394788000004,0.000108552741,6.877116300000001e-05,3.4280113e-05,2.7849385e-05,0.000492817244,0.0,0.0,0.0,0.0,0.0,0.0,0.0,0.0,0.0,0.0,0.0,0.0,0.0,0.0,0.0,0.0,0.0,0.0,0.99879,17683.70906125604,0.636985,0.6688342500000001,0.7006835,0.7325327500000001,0.764382,0.7962312500000001,0.8280805,0.85992975,0.8917790000000001,0.92362825,0.9554775,0.98732675,1.019176,1.0510252500000001,1.0828745,1.11472375,1.146573,1.1784222500000001,1.2102715000000002,1.2421207500000002,1.27397
SF11C46884812282050980,10,,2019-05-18T10:00:00-0500,0.020004,0.020004,0.012417,0.002229,0.000725905152,0.00085657128,0.007159391592,0.164496652752,0.000380896164,0.00024130825200000002,0.00012028405200000001,9.771954e-05,0.001729225776,0.000725905152,0.00085657128,0.007159391592,0.164496652752,0.000380896164,0.00024130825200000002,0.00012028405200000001,9.771954e-05,0.001729225776,0.0,0.0,0.0,0.0,0.0,0.0,0.0,0.0,0.0,0.0,0.0,0.0,0.0,0.0,0.0,0.0,0.0,0.0,0.992912,62049.62569046936,2.234644,2.3463762,2.4581084,2.5698406,2.6815727999999996,2.7933049999999997,2.9050371999999998,3.0167694,3.1285016,3.2402337999999995,3.351966,3.4636981999999996,3.5754303999999997,3.6871625999999997,3.7988948,3.910627,4.0223591999999995,4.1340914,4.2458236,4.3575558,4.469288
SF11C46884812282050980,11,,2019-05-18T11:00:00-0500,0.040008,0.040008,0.029285,0.0041,0.001451810304,0.00171314256,0.014318783184,0.328993305504,0.000761792328,0.00048261650400000005,0.00024056810400000002,0.00019543908,0.003458451552,0.001451810304,0.00171314256,0.014318783184,0.328993305504,0.000761792328,0.00048261650400000005,0.00024056810400000002,0.00019543908,0.003458451552,0.0,0.0,0.0,0.0,0.0,0.0,0.0,0.0,0.0,0.0,0.0,0.0,0.0,0.0,0.0,0.0,0.0,0.0,0.97822,124099.25138093872,4.468039,4.6914409500000005,4.9148429,5.13824485,5.3616468,5.58504875,5.8084507,6.03185265,6.255254600000001,6.47865655,6.7020585,6.92546045,7.1488624000000005,7.37226435,7.5956663,7.819068250000001,8.0424702,8.26587215,8.4892741,8.71267605,8.936078
SF11C46884812282050980,12,,2019-05-18T12:00:00-0500,0.070014,0.070014,0.058436,0.007857,0.002540668032,0.00299799948,0.025057870572000002,0.575738284632,0.001333136574,0.0008445788820000002,0.00042099418200000003,0.00034201839,0.006052290216,0.002540668032,0.00299799948,0.025057870572000002,0.575738284632,0.001333136574,0.0008445788820000002,0.00042099418200000003,0.00034201839,0.006052290216,0.0,0.0,0.0,0.0,0.0,0.0,0.0,0.0,0.0,0.0,0.0,0.0,0.0,0.0,0.0,0.0,0.0,0.0,0.95628,217173.68991664276,7.815792,8.2065816,8.5973712,8.9881608,9.3789504,9.76974,10.1605296,10.5513192,10.9421088,11.332898400000001,11.723688,12.1144776,12.5052672,12.8960568,13.2868464,13.677636,14.068425600000001,14.4592152,14.8500048,15.2407944,15.631584
SF11C46884812282050980,13,,2019-05-18T13:00:00-0500,0.10002,0.10002,0.092637,0.01372,0.00362952576,0.0042828564,0.03579695796,0.82248326376,0.0019044808199999998,0.00120654126,0.00060142026,0.0004885976999999999,0.00864612888,0.00362952576,0.0042828564,0.03579695796,0.82248326376,0.0019044808199999998,0.00120654126,0.00060142026,0.0004885976999999999,0.00864612888,0.0,0.0,0.0,0.0,0.0,0.0,0.0,0.0,0.0,0.0,0.0,0.0,0.0,0.0,0.0,0.0,0.0,0.0,0.937108,310248.1284523468,11.160741,11.71877805,12.2768151,12.83485215,13.392889199999999,13.95092625,14.5089633,15.06700035,15.6250374,16.18307445,16.741111500000002,17.299148549999998,17.8571856,18.41522265,18.9732597,19.531296750000003,20.0893338,20.64737085,21.2054079,21.76344495,22.321482000000003
SF11C46884812282050980,14,,2019-05-18T14:00:00-0500,0.130026,0.130026,0.130595,0.021801,0.004718383488,0.00556771332,0.046536045348,1.069228242888,0.002475825066,0.0015685036380000002,0.000781846338,0.00063517701,0.011239967544,0.004718383488,0.00556771332,0.046536045348,1.069228242888,0.002475825066,0.0015685036380000002,0.000781846338,0.00063517701,0.011239967544,0.0,0.0,0.0,0.0,0.0,0.0,0.0,0.0,0.0,0.0,0.0,0.0,0.0,0.0,0.0,0.0,0.0,0.0,0.923869,403322.5669880508,14.502887,15.22803135,15.9531757,16.67832005,17.4034644,18.128608749999998,18.8537531,19.57889745,20.3040418,21.02918615,21.7543305,22.47947485,23.2046192,23.929763549999997,24.654907899999998,25.38005225,26.1051966,26.83034095,27.5554853,28.28062965,29.005774
SF11C46884812282050980,15,,2019-05-18T15:00:00-0500,0.160032,0.160032,0.1708,0.032104,0.005807241216,0.00685257024,0.057275132736,1.315973222016,0.003047169312,0.0019304660160000002,0.0009622724160000001,0.00078175632,0.013833806208,0.005807241216,0.00685257024,0.057275132736,1.315973222016,0.003047169312,0.0019304660160000002,0.0009622724160000001,0.00078175632,0.013833806208,0.0,0.0,0.0,0.0,0.0,0.0,0.0,0.0,0.0,0.0,0.0,0.0,0.0,0.0,0.0,0.0,0.0,0.0,0.914618,496397.00552375487,17.842232,18.7343436,19.6264552,20.5185668,21.4106784,22.302789999999998,23.1949016,24.0870132,24.9791248,25.8712364,26.763348,27.6554596,28.5475712,29.4396828,30.3317944,31.223906,32.1160176,33.0081292,33.9002408,34.7923524,35.684464
SF11C46884812282050980,16,,2019-05-18T16:00:00-0500,0.170034,0.170034,0.189309,0.042975,0.0061701937919999995,0.007280855879999999,0.06085482853199999,1.398221548392,0.0032376173939999997,0.002051120142,0.0010224144419999999,0.0008306160899999999,0.014698419095999999,0.0061701937919999995,0.007280855879999999,0.06085482853199999,1.398221548392,0.0032376173939999997,0.002051120142,0.0010224144419999999,0.0008306160899999999,0.014698419095999999,0.0,0.0,0.0,0.0,0.0,0.0,0.0,0.0,0.0,0.0,0.0,0.0,0.0,0.0,0.0,0.0,0.0,0.0,0.920262,527421.8183689895,18.954726,19.9024623,20.850198600000002,21.7979349,22.7456712,23.6934075,24.641143800000002,25.5888801,26.5366164,27.484352700000002,28.432089,29.3798253,30.327561600000003,31.2752979,32.2230342,33.1707705,34.118506800000006,35.0662431,36.013979400000004,36.9617157,37.909452
SF11C46884812282050980,17,,2019-05-18T17:00:00-0500,0.120024,0.120024,0.137003,0.049477,0.004355430912,0.00513942768,0.042956349552,0.9869799165120001,0.002285376984,0.001447849512,0.000721704312,0.00058631724,0.010375354655999999,0.004355430912,0.00513942768,0.042956349552,0.9869799165120001,0.002285376984,0.001447849512,0.000721704312,0.00058631724,0.010375354655999999,0.0,0.0,0.0,0.0,0.0,0.0,0.0,0.0,0.0,0.0,0.0,0.0,0.0,0.0,0.0,0.0,0.0,0.0,0.957383,372297.7541428162,13.389149,14.05860645,14.7280639,15.39752135,16.0669788,16.73643625,17.4058937,18.07535115,18.7448086,19.414266050000002,20.083723499999998,20.75318095,21.4226384,22.09209585,22.7615533,23.43101075,24.1004682,24.769925649999998,25.4393831,26.10884055,26.778298
SF11C46884812282050980,18,,2019-05-18T18:00:00-0500,0.070014,0.070014,0.08058,0.051627,0.002540668032,0.00299799948,0.025057870572000002,0.575738284632,0.001333136574,0.0008445788820000002,0.00042099418200000003,0.00034201839,0.006052290216,0.002540668032,0.00299799948,0.025057870572000002,0.575738284632,0.001333136574,0.0008445788820000002,0.00042099418200000003,0.00034201839,0.006052290216,0.0,0.0,0.0,0.0,0.0,0.0,0.0,0.0,0.0,0.0,0.0,0.0,0.0,0.0,0.0,0.0,0.0,0.0,0.984929,217173.68991664276,7.815792,8.2065816,8.5973712,8.9881608,9.3789504,9.76974,10.1605296,10.5513192,10.9421088,11.332898400000001,11.723688,12.1144776,12.5052672,12.8960568,13.2868464,13.677636,14.068425600000001,14.4592152,14.8500048,15.2407944,15.631584
SF11C46884812282050980,19,,2019-05-18T19:00:00-0500,0.040008,0.040008,0.045668,0.051215,0.001451810304,0.00171314256,0.014318783184,0.328993305504,0.000761792328,0.00048261650400000005,0.00024056810400000002,0.00019543908,0.003458451552,0.001451810304,0.00171314256,0.014318783184,0.328993305504,0.000761792328,0.00048261650400000005,0.00024056810400000002,0.00019543908,0.003458451552,0.0,0.0,0.0,0.0,0.0,0.0,0.0,0.0,0.0,0.0,0.0,0.0,0.0,0.0,0.0,0.0,0.0,0.0,0.995218,124099.25138093872,4.468039,4.6914409500000005,4.9148429,5.13824485,5.3616468,5.58504875,5.8084507,6.03185265,6.255254600000001,6.47865655,6.7020585,6.92546045,7.1488624000000005,7.37226435,7.5956663,7.819068250000001,8.0424702,8.26587215,8.4892741,8.71267605,8.936078
SF11C46884812282050980,20,,2019-05-18T20:00:00-0500,0.005701,0.005701,0.006347,0.048113,0.000206877888,0.00024411682,0.002040376498,0.046880394788000004,0.000108552741,6.877116300000001e-05,3.4280113e-05,2.7849385e-05,0.000492817244,0.000206877888,0.00024411682,0.002040376498,0.046880394788000004,0.000108552741,6.877116300000001e-05,3.4280113e-05,2.7849385e-05,0.000492817244,0.0,0.0,0.0,0.0,0.0,0.0,0.0,0.0,0.0,0.0,0.0,0.0,0.0,0.0,0.0,0.0,0.0,0.0,0.999719,17683.70906125604,0.636985,0.6688342500000001,0.7006835,0.7325327500000001,0.764382,0.7962312500000001,0.8280805,0.85992975,0.8917790000000001,0.92362825,0.9554775,0.98732675,1.019176,1.0510252500000001,1.0828745,1.11472375,1.146573,1.1784222500000001,1.2102715000000002,1.2421207500000002,1.27397
SF11C46884812282050980,21,,2019-05-18T21:00:00-0500,0.005701,0.005701,0.006085,0.045207,0.000206877888,0.00024411682,0.002040376498,0.046880394788000004,0.000108552741,6.877116300000001e-05,3.4280113e-05,2.7849385e-05,0.000492817244,0.000206877888,0.00024411682,0.002040376498,0.046880394788000004,0.000108552741,6.877116300000001e-05,3.4280113e-05,2.7849385e-05,0.000492817244,0.0,0.0,0.0,0.0,0.0,0.0,0.0,0.0,0.0,0.0,0.0,0.0,0.0,0.0,0.0,0.0,0.0,0.0,0.99993,17683.70906125604,0.636985,0.6688342500000001,0.7006835,0.7325327500000001,0.764382,0.7962312500000001,0.8280805,0.85992975,0.8917790000000001,0.92362825,0.9554775,0.98732675,1.019176,1.0510252500000001,1.0828745,1.11472375,1.146573,1.1784222500000001,1.2102715000000002,1.2421207500000002,1.27397
SF11C46884812282050980,22,,2019-05-18T22:00:00-0500,0.005701,0.005701,0.005726,0.042477,0.000206877888,0.00024411682,0.002040376498,0.046880394788000004,0.000108552741,6.877116300000001e-05,3.4280113e-05,2.7849385e-05,0.000492817244,0.000206877888,0.00024411682,0.002040376498,0.046880394788000004,0.000108552741,6.877116300000001e-05,3.4280113e-05,2.7849385e-05,0.000492817244,0.0,0.0,0.0,0.0,0.0,0.0,0.0,0.0,0.0,0.0,0.0,0.0,0.0,0.0,0.0,0.0,0.0,0.0,0.999931,17683.70906125604,0.636985,0.6688342500000001,0.7006835,0.7325327500000001,0.764382,0.7962312500000001,0.8280805,0.85992975,0.8917790000000001,0.92362825,0.9554775,0.98732675,1.019176,1.0510252500000001,1.0828745,1.11472375,1.146573,1.1784222500000001,1.2102715000000002,1.2421207500000002,1.27397
SF11C46884812282050980,23,,2019-05-18T23:00:00-0500,0.005701,0.005701,0.00528,0.039905,0.000206877888,0.00024411682,0.002040376498,0.046880394788000004,0.000108552741,6.877116300000001e-05,3.4280113e-05,2.7849385e-05,0.000492817244,0.000206877888,0.00024411682,0.002040376498,0.046880394788000004,0.000108552741,6.877116300000001e-05,3.4280113e-05,2.7849385e-05,0.000492817244,0.0,0.0,0.0,0.0,0.0,0.0,0.0,0.0,0.0,0.0,0.0,0.0,0.0,0.0,0.0,0.0,0.0,0.0,0.999931,17683.70906125604,0.636985,0.6688342500000001,0.7006835,0.7325327500000001,0.764382,0.7962312500000001,0.8280805,0.85992975,0.8917790000000001,0.92362825,0.9554775,0.98732675,1.019176,1.0510252500000001,1.0828745,1.11472375,1.146573,1.1784222500000001,1.2102715000000002,1.2421207500000002,1.27397
SF11C46884912282050980,0,,2019-05-18T00:00:00-0700,0.005701,0.005701,0.004755,0.000329,0.0,0.0,0.0,0.0,0.0,0.0,0.0,0.0,0.0,0.0,0.0,0.0,0.0,0.0,0.0,0.0,0.0,0.0,0.0,0.0,0.0,0.0,0.0,0.0,0.0,0.0,0.0,0.0,0.0,0.0,0.0,0.0,0.0,0.0,0.0,0.0,0.955812,,0.0,0.0,0.0,0.0,0.0,0.0,0.0,0.0,0.0,0.0,0.0,0.0,0.0,0.0,0.0,0.0,0.0,0.0,0.0,0.0,0.0
SF11C46884912282050980,1,,2019-05-18T01:00:00-0700,0.005701,0.005701,0.00417,0.000594,0.0,0.0,0.0,0.0,0.0,0.0,0.0,0.0,0.0,0.0,0.0,0.0,0.0,0.0,0.0,0.0,0.0,0.0,0.0,0.0,0.0,0.0,0.0,0.0,0.0,0.0,0.0,0.0,0.0,0.0,0.0,0.0,0.0,0.0,0.0,0.0,0.955812,,0.0,0.0,0.0,0.0,0.0,0.0,0.0,0.0,0.0,0.0,0.0,0.0,0.0,0.0,0.0,0.0,0.0,0.0,0.0,0.0,0.0
SF11C46884912282050980,2,,2019-05-18T02:00:00-0700,0.005701,0.005701,0.003478,0.000794,0.0,0.0,0.0,0.0,0.0,0.0,0.0,0.0,0.0,0.0,0.0,0.0,0.0,0.0,0.0,0.0,0.0,0.0,0.0,0.0,0.0,0.0,0.0,0.0,0.0,0.0,0.0,0.0,0.0,0.0,0.0,0.0,0.0,0.0,0.0,0.0,0.970541,,0.0,0.0,0.0,0.0,0.0,0.0,0.0,0.0,0.0,0.0,0.0,0.0,0.0,0.0,0.0,0.0,0.0,0.0,0.0,0.0,0.0
SF11C46884912282050980,3,,2019-05-18T03:00:00-0700,0.005701,0.005701,0.003028,0.000948,0.0,0.0,0.0,0.0,0.0,0.0,0.0,0.0,0.0,0.0,0.0,0.0,0.0,0.0,0.0,0.0,0.0,0.0,0.0,0.0,0.0,0.0,0.0,0.0,0.0,0.0,0.0,0.0,0.0,0.0,0.0,0.0,0.0,0.0,0.0,0.0,0.977906,,0.0,0.0,0.0,0.0,0.0,0.0,0.0,0.0,0.0,0.0,0.0,0.0,0.0,0.0,0.0,0.0,0.0,0.0,0.0,0.0,0.0
SF11C46884912282050980,4,,2019-05-18T04:00:00-0700,0.005701,0.005701,0.002734,0.001072,0.0,0.0,0.0,0.0,0.0,0.0,0.0,0.0,0.0,0.0,0.0,0.0,0.0,0.0,0.0,0.0,0.0,0.0,0.0,0.0,0.0,0.0,0.0,0.0,0.0,0.0,0.0,0.0,0.0,0.0,0.0,0.0,0.0,0.0,0.0,0.0,0.982325,,0.0,0.0,0.0,0.0,0.0,0.0,0.0,0.0,0.0,0.0,0.0,0.0,0.0,0.0,0.0,0.0,0.0,0.0,0.0,0.0,0.0
SF11C46884912282050980,5,,2019-05-18T05:00:00-0700,0.005701,0.005701,0.002543,0.001174,0.0,0.0,0.0,0.0,0.0,0.0,0.0,0.0,0.0,0.0,0.0,0.0,0.0,0.0,0.0,0.0,0.0,0.0,0.0,0.0,0.0,0.0,0.0,0.0,0.0,0.0,0.0,0.0,0.0,0.0,0.0,0.0,0.0,0.0,0.0,0.0,0.985271,,0.0,0.0,0.0,0.0,0.0,0.0,0.0,0.0,0.0,0.0,0.0,0.0,0.0,0.0,0.0,0.0,0.0,0.0,0.0,0.0,0.0
SF11C46884912282050980,6,,2019-05-18T06:00:00-0700,0.005701,0.005701,0.002418,0.00126,0.0,0.0,0.0,0.0,0.0,0.0,0.0,0.0,0.0,0.0,0.0,0.0,0.0,0.0,0.0,0.0,0.0,0.0,0.0,0.0,0.0,0.0,0.0,0.0,0.0,0.0,0.0,0.0,0.0,0.0,0.0,0.0,0.0,0.0,0.0,0.0,0.987375,,0.0,0.0,0.0,0.0,0.0,0.0,0.0,0.0,0.0,0.0,0.0,0.0,0.0,0.0,0.0,0.0,0.0,0.0,0.0,0.0,0.0
SF11C46884912282050980,7,,2019-05-18T07:00:00-0700,0.005701,0.005701,0.002337,0.001334,0.0,0.0,0.0,0.0,0.0,0.0,0.0,0.0,0.0,0.0,0.0,0.0,0.0,0.0,0.0,0.0,0.0,0.0,0.0,0.0,0.0,0.0,0.0,0.0,0.0,0.0,0.0,0.0,0.0,0.0,0.0,0.0,0.0,0.0,0.0,0.0,0.988953,,0.0,0.0,0.0,0.0,0.0,0.0,0.0,0.0,0.0,0.0,0.0,0.0,0.0,0.0,0.0,0.0,0.0,0.0,0.0,0.0,0.0
SF11C46884912282050980,8,,2019-05-18T08:00:00-0700,0.005701,0.005701,0.002186,0.001393,0.0,0.0,0.0,0.0,0.0,0.0,0.0,0.0,0.0,0.0,0.0,0.0,0.0,0.0,0.0,0.0,0.0,0.0,0.0,0.0,0.0,0.0,0.0,0.0,0.0,0.0,0.0,0.0,0.0,0.0,0.0,0.0,0.0,0.0,0.0,0.0,0.99018,,0.0,0.0,0.0,0.0,0.0,0.0,0.0,0.0,0.0,0.0,0.0,0.0,0.0,0.0,0.0,0.0,0.0,0.0,0.0,0.0,0.0
SF11C46884912282050980,9,,2019-05-18T09:00:00-0700,0.005701,0.005701,0.002869,0.001495,0.0,0.0,0.0,0.0,0.0,0.0,0.0,0.0,0.0,0.0,0.0,0.0,0.0,0.0,0.0,0.0,0.0,0.0,0.0,0.0,0.0,0.0,0.0,0.0,0.0,0.0,0.0,0.0,0.0,0.0,0.0,0.0,0.0,0.0,0.0,0.0,0.991162,,0.0,0.0,0.0,0.0,0.0,0.0,0.0,0.0,0.0,0.0,0.0,0.0,0.0,0.0,0.0,0.0,0.0,0.0,0.0,0.0,0.0
SF11C46884912282050980,10,,2019-05-18T10:00:00-0700,0.020004,0.020004,0.012408,0.00225,0.0,0.0,0.0,0.0,0.0,0.0,0.0,0.0,0.0,0.0,0.0,0.0,0.0,0.0,0.0,0.0,0.0,0.0,0.0,0.0,0.0,0.0,0.0,0.0,0.0,0.0,0.0,0.0,0.0,0.0,0.0,0.0,0.0,0.0,0.0,0.0,0.948249,,0.0,0.0,0.0,0.0,0.0,0.0,0.0,0.0,0.0,0.0,0.0,0.0,0.0,0.0,0.0,0.0,0.0,0.0,0.0,0.0,0.0
SF11C46884912282050980,11,,2019-05-18T11:00:00-0700,0.040008,0.040008,0.029264,0.004118,0.0,0.0,0.0,0.0,0.0,0.0,0.0,0.0,0.0,0.0,0.0,0.0,0.0,0.0,0.0,0.0,0.0,0.0,0.0,0.0,0.0,0.0,0.0,0.0,0.0,0.0,0.0,0.0,0.0,0.0,0.0,0.0,0.0,0.0,0.0,0.0,0.840972,,0.0,0.0,0.0,0.0,0.0,0.0,0.0,0.0,0.0,0.0,0.0,0.0,0.0,0.0,0.0,0.0,0.0,0.0,0.0,0.0,0.0
SF11C46884912282050980,12,,2019-05-18T12:00:00-0700,0.070014,0.070014,0.058394,0.007871,0.0,0.0,0.0,0.0,0.0,0.0,0.0,0.0,0.0,0.0,0.0,0.0,0.0,0.0,0.0,0.0,0.0,0.0,0.0,0.0,0.0,0.0,0.0,0.0,0.0,0.0,0.0,0.0,0.0,0.0,0.0,0.0,0.0,0.0,0.0,0.0,0.680776,,0.0,0.0,0.0,0.0,0.0,0.0,0.0,0.0,0.0,0.0,0.0,0.0,0.0,0.0,0.0,0.0,0.0,0.0,0.0,0.0,0.0
SF11C46884912282050980,13,,2019-05-18T13:00:00-0700,0.10002,0.10002,0.092571,0.013728,0.0,0.0,0.0,0.0,0.0,0.0,0.0,0.0,0.0,0.0,0.0,0.0,0.0,0.0,0.0,0.0,0.0,0.0,0.0,0.0,0.0,0.0,0.0,0.0,0.0,0.0,0.0,0.0,0.0,0.0,0.0,0.0,0.0,0.0,0.0,0.0,0.668988,,0.0,0.0,0.0,0.0,0.0,0.0,0.0,0.0,0.0,0.0,0.0,0.0,0.0,0.0,0.0,0.0,0.0,0.0,0.0,0.0,0.0
SF11C46884912282050980,14,,2019-05-18T14:00:00-0700,0.130026,0.130026,0.130502,0.021803,0.0,0.0,0.0,0.0,0.0,0.0,0.0,0.0,0.0,0.0,0.0,0.0,0.0,0.0,0.0,0.0,0.0,0.0,0.0,0.0,0.0,0.0,0.0,0.0,0.0,0.0,0.0,0.0,0.0,0.0,0.0,0.0,0.0,0.0,0.0,0.0,0.703836,,0.0,0.0,0.0,0.0,0.0,0.0,0.0,0.0,0.0,0.0,0.0,0.0,0.0,0.0,0.0,0.0,0.0,0.0,0.0,0.0,0.0
SF11C46884912282050980,15,,2019-05-18T15:00:00-0700,0.160032,0.160032,0.170679,0.032097,0.0,0.0,0.0,0.0,0.0,0.0,0.0,0.0,0.0,0.0,0.0,0.0,0.0,0.0,0.0,0.0,0.0,0.0,0.0,0.0,0.0,0.0,0.0,0.0,0.0,0.0,0.0,0.0,0.0,0.0,0.0,0.0,0.0,0.0,0.0,0.0,0.736568,,0.0,0.0,0.0,0.0,0.0,0.0,0.0,0.0,0.0,0.0,0.0,0.0,0.0,0.0,0.0,0.0,0.0,0.0,0.0,0.0,0.0
SF11C46884912282050980,16,,2019-05-18T16:00:00-0700,0.170034,0.170034,0.189175,0.042959,0.0,0.0,0.0,0.0,0.0,0.0,0.0,0.0,0.0,0.0,0.0,0.0,0.0,0.0,0.0,0.0,0.0,0.0,0.0,0.0,0.0,0.0,0.0,0.0,0.0,0.0,0.0,0.0,0.0,0.0,0.0,0.0,0.0,0.0,0.0,0.0,0.783801,,0.0,0.0,0.0,0.0,0.0,0.0,0.0,0.0,0.0,0.0,0.0,0.0,0.0,0.0,0.0,0.0,0.0,0.0,0.0,0.0,0.0
SF11C46884912282050980,17,,2019-05-18T17:00:00-0700,0.120024,0.120024,0.136906,0.049455,0.0,0.0,0.0,0.0,0.0,0.0,0.0,0.0,0.0,0.0,0.0,0.0,0.0,0.0,0.0,0.0,0.0,0.0,0.0,0.0,0.0,0.0,0.0,0.0,0.0,0.0,0.0,0.0,0.0,0.0,0.0,0.0,0.0,0.0,0.0,0.0,0.868512,,0.0,0.0,0.0,0.0,0.0,0.0,0.0,0.0,0.0,0.0,0.0,0.0,0.0,0.0,0.0,0.0,0.0,0.0,0.0,0.0,0.0
SF11C46884912282050980,18,,2019-05-18T18:00:00-0700,0.070014,0.070014,0.080523,0.051603,0.0,0.0,0.0,0.0,0.0,0.0,0.0,0.0,0.0,0.0,0.0,0.0,0.0,0.0,0.0,0.0,0.0,0.0,0.0,0.0,0.0,0.0,0.0,0.0,0.0,0.0,0.0,0.0,0.0,0.0,0.0,0.0,0.0,0.0,0.0,0.0,0.929029,,0.0,0.0,0.0,0.0,0.0,0.0,0.0,0.0,0.0,0.0,0.0,0.0,0.0,0.0,0.0,0.0,0.0,0.0,0.0,0.0,0.0
SF11C46884912282050980,19,,2019-05-18T19:00:00-0700,0.040008,0.040008,0.045635,0.051191,0.0,0.0,0.0,0.0,0.0,0.0,0.0,0.0,0.0,0.0,0.0,0.0,0.0,0.0,0.0,0.0,0.0,0.0,0.0,0.0,0.0,0.0,0.0,0.0,0.0,0.0,0.0,0.0,0.0,0.0,0.0,0.0,0.0,0.0,0.0,0.0,0.965086,,0.0,0.0,0.0,0.0,0.0,0.0,0.0,0.0,0.0,0.0,0.0,0.0,0.0,0.0,0.0,0.0,0.0,0.0,0.0,0.0,0.0
SF11C46884912282050980,20,,2019-05-18T20:00:00-0700,0.005701,0.005701,0.006343,0.048089,0.0,0.0,0.0,0.0,0.0,0.0,0.0,0.0,0.0,0.0,0.0,0.0,0.0,0.0,0.0,0.0,0.0,0.0,0.0,0.0,0.0,0.0,0.0,0.0,0.0,0.0,0.0,0.0,0.0,0.0,0.0,0.0,0.0,0.0,0.0,0.0,0.997945,,0.0,0.0,0.0,0.0,0.0,0.0,0.0,0.0,0.0,0.0,0.0,0.0,0.0,0.0,0.0,0.0,0.0,0.0,0.0,0.0,0.0
SF11C46884912282050980,21,,2019-05-18T21:00:00-0700,0.005701,0.005701,0.00608,0.045185,0.0,0.0,0.0,0.0,0.0,0.0,0.0,0.0,0.0,0.0,0.0,0.0,0.0,0.0,0.0,0.0,0.0,0.0,0.0,0.0,0.0,0.0,0.0,0.0,0.0,0.0,0.0,0.0,0.0,0.0,0.0,0.0,0.0,0.0,0.0,0.0,0.99949,,0.0,0.0,0.0,0.0,0.0,0.0,0.0,0.0,0.0,0.0,0.0,0.0,0.0,0.0,0.0,0.0,0.0,0.0,0.0,0.0,0.0
SF11C46884912282050980,22,,2019-05-18T22:00:00-0700,0.005701,0.005701,0.005722,0.042456,0.0,0.0,0.0,0.0,0.0,0.0,0.0,0.0,0.0,0.0,0.0,0.0,0.0,0.0,0.0,0.0,0.0,0.0,0.0,0.0,0.0,0.0,0.0,0.0,0.0,0.0,0.0,0.0,0.0,0.0,0.0,0.0,0.0,0.0,0.0,0.0,0.999493,,0.0,0.0,0.0,0.0,0.0,0.0,0.0,0.0,0.0,0.0,0.0,0.0,0.0,0.0,0.0,0.0,0.0,0.0,0.0,0.0,0.0
SF11C46884912282050980,23,,2019-05-18T23:00:00-0700,0.005701,0.005701,0.005277,0.039885,0.0,0.0,0.0,0.0,0.0,0.0,0.0,0.0,0.0,0.0,0.0,0.0,0.0,0.0,0.0,0.0,0.0,0.0,0.0,0.0,0.0,0.0,0.0,0.0,0.0,0.0,0.0,0.0,0.0,0.0,0.0,0.0,0.0,0.0,0.0,0.0,0.999496,,0.0,0.0,0.0,0.0,0.0,0.0,0.0,0.0,0.0,0.0,0.0,0.0,0.0,0.0,0.0,0.0,0.0,0.0,0.0,0.0,0.0
SF11C46885012282050980,0,,2019-05-18T00:00:00-0400,0.005701,0.005698,0.004403,0.000304,0.11658534495299999,0.13757070936000002,1.183691375748,24.673843909141,0.06201325318999999,0.035360737237,0.019800558547,0.014769413098999998,0.28463305310299997,0.10436797540399999,0.123154213028,1.029343506268,23.65052899902,0.054764515035999994,0.034693748781999996,0.017295264756,0.014049535807999999,0.24861943229199998,0.012217369549,0.014416496332,0.15434786947999998,1.023314910121,0.007248738154,0.000666988455,0.002505293791,0.000719877291,0.036013620811,0.0,0.0,0.0,0.0,0.0,0.0,0.0,0.0,0.0,0.797309,57746828.339752555,21.279106,25.48713395,29.6951619,33.90318985,38.1112178,42.31924575,46.527273699999995,50.73530165,54.9433296,59.15135755,63.3593855,67.56741345,71.7754414,75.98346935000001,80.1914973,84.39952525,88.6075532,92.81558115,97.0236091,101.23163705,105.439665
SF11C46885012282050980,1,,2019-05-18T01:00:00-0400,0.005701,0.005701,0.003775,0.000544,0.11489773102300001,0.135579324886,1.1622186851660001,24.540340493915,0.061008199032,0.035283870934,0.019452334397,0.014674134071000001,0.279627327729,0.104422925198,0.12321905378600001,1.029885456166,23.66298101499,0.054793348582,0.034712015059,0.017304370722,0.014056932896000001,0.248750330554,0.010474805825,0.0123602711,0.132333229,0.877359478925,0.00621485045,0.0005718558750000001,0.002147963675,0.000617201175,0.030876997175000004,0.0,0.0,0.0,0.0,0.0,0.0,0.0,0.0,0.0,0.797309,57746828.339752555,21.279106,25.8671075,30.455109,35.0431105,39.631112,44.2191135,48.807114999999996,53.3951165,57.983118,62.571119499999995,67.159121,71.74712249999999,76.335124,80.9231255,85.511127,90.09912849999999,94.68713,99.2751315,103.86313299999999,108.4511345,113.039136
SF11C46885012282050980,2,,2019-05-18T02:00:00-0400,0.005701,0.005701,0.003325,0.000737,0.113649078673,0.134105915086,1.146443863166,24.435754595764998,0.060267355932,0.035215702684,0.019196285747,0.014600560421,0.275946626079,0.104422925198,0.12321905378600001,1.029885456166,23.66298101499,0.054793348582,0.034712015059,0.017304370722,0.014056932896000001,0.248750330554,0.009226153475,0.0108868613,0.116558407,0.7727735807749999,0.00547400735,0.0005036876250000001,0.0018919150249999998,0.0005436275249999999,0.027196295525,0.0,0.0,0.0,0.0,0.0,0.0,0.0,0.0,0.0,0.864873,57746828.339752555,21.279106,24.6434535,28.007801,31.372148499999998,34.736496,38.100843499999996,41.465191,44.8295385,48.193886,51.5582335,54.922581,58.2869285,61.651275999999996,65.0156235,68.379971,71.74431849999999,75.108666,78.47301350000001,81.837361,85.2017085,88.566056
SF11C46885012282050980,3,,2019-05-18T03:00:00-0400,0.005701,0.005701,0.003003,0.000893,0.11275559854700001,0.13305160851800002,1.1351561016460001,24.360917575311,0.059737241536000005,0.035166924514,0.019013068713,0.014547914387000002,0.273312879565,0.104422925198,0.12321905378600001,1.029885456166,23.66298101499,0.054793348582,0.034712015059,0.017304370722,0.014056932896000001,0.248750330554,0.008332673349000001,0.009832554731999999,0.10527064548000001,0.697936560321,0.004943892954,0.00045490945500000006,0.0017086979909999999,0.000490981491,0.024562549011000002,0.0,0.0,0.0,0.0,0.0,0.0,0.0,0.0,0.0,0.898654,57746828.339752555,21.279106,23.93954015,26.5999743,29.26040845,31.9208426,34.58127675,37.2417109,39.90214505,42.5625792,45.22301335,47.8834475,50.54388165,53.2043158,55.864749950000004,58.525184100000004,61.185618250000005,63.846052400000005,66.50648655,69.1669207,71.82735485,74.487789
SF11C46885012282050980,4,,2019-05-18T04:00:00-0400,0.005701,0.005701,0.002771,0.001023,0.11211184889100001,0.13229198391000002,1.127023304526,24.306997734487,0.05935529576,0.035131779993999995,0.018881061409,0.014509983083000002,0.271415273381,0.104422925198,0.12321905378600001,1.029885456166,23.66298101499,0.054793348582,0.034712015059,0.017304370722,0.014056932896000001,0.248750330554,0.0076889236930000006,0.009072930124,0.09713784836,0.644016719497,0.0045619471779999995,0.00041976493500000005,0.001576690687,0.000453050187,0.022664942827,0.0,0.0,0.0,0.0,0.0,0.0,0.0,0.0,0.0,0.918924,57746828.339752555,21.279106,23.4716545,25.664203,27.856751499999998,30.0493,32.2418485,34.434397,36.6269455,38.819494,41.0120425,43.204591,45.397139499999994,47.589687999999995,49.782236499999996,51.974785,54.1673335,56.359882,58.5524305,60.744979,62.9375275,65.130076
SF11C46885012282050980,5,,2019-05-18T05:00:00-0400,0.005701,0.005701,0.002606,0.001133,0.111654009696,0.13175173365,1.1212392031260001,24.268649571832,0.05908365329,0.035106784969,0.018787176904000003,0.014483006078,0.270065682776,0.104422925198,0.12321905378600001,1.029885456166,23.66298101499,0.054793348582,0.034712015059,0.017304370722,0.014056932896000001,0.248750330554,0.007231084498,0.008532679864,0.09135374696,0.6056685568419999,0.004290304708,0.00039476991,0.0014828061819999998,0.000426073182,0.021315352222,0.0,0.0,0.0,0.0,0.0,0.0,0.0,0.0,0.0,0.932436,57746828.339752555,21.279106,23.133457699999997,24.9878094,26.8421611,28.6965128,30.5508645,32.4052162,34.2595679,36.1139196,37.9682713,39.822623,41.6769747,43.5313264,45.3856781,47.2400298,49.0943815,50.9487332,52.8030849,54.6574366,56.5117883,58.36614
SF11C46885012282050980,6,,2019-05-18T06:00:00-0400,0.005701,0.005701,0.002487,0.001226,0.111323810519,0.131362098614,1.117067639086,24.240992412098997,0.058887741448000006,0.035088758254,0.018719466261,0.014463549935,0.269092341673,0.104422925198,0.12321905378600001,1.029885456166,23.66298101499,0.054793348582,0.034712015059,0.017304370722,0.014056932896000001,0.248750330554,0.006900885321000001,0.008143044828,0.08718218292,0.578011397109,0.004094392866,0.00037674319500000006,0.001415095539,0.000406617039,0.020342011119,0.0,0.0,0.0,0.0,0.0,0.0,0.0,0.0,0.0,0.942088,57746828.339752555,21.279106,22.87515475,24.471203499999998,26.06725225,27.663300999999997,29.25934975,30.8553985,32.45144725,34.047495999999995,35.64354475,37.2395935,38.83564225,40.431691,42.027739749999995,43.6237885,45.21983725,46.815886,48.41193475,50.007983499999995,51.60403225,53.200081
SF11C46885012282050980,7,,2019-05-18T07:00:00-0400,0.005701,0.005701,0.002402,0.001308,0.11108795396400001,0.13108378787400002,1.114087950486,24.221237298004,0.058747804418,0.035075882029,0.018671101516000002,0.014449652690000002,0.268397098028,0.104422925198,0.12321905378600001,1.029885456166,23.66298101499,0.054793348582,0.034712015059,0.017304370722,0.014056932896000001,0.248750330554,0.006665028766,0.007864734088,0.08420249432,0.558256283014,0.003954455836,0.00036386697000000004,0.0013667307939999999,0.000392719794,0.019646767474,0.0,0.0,0.0,0.0,0.0,0.0,0.0,0.0,0.0,0.949327,57746828.339752555,21.279106,22.6700269,24.060947799999997,25.4518687,26.8427896,28.2337105,29.6246314,31.0155523,32.4064732,33.7973941,35.188315,36.5792359,37.9701568,39.361077699999996,40.7519986,42.1429195,43.5338404,44.9247613,46.3156822,47.706603099999995,49.097524
SF11C46885012282050980,8,,2019-05-18T08:00:00-0400,0.005701,0.005701,0.002187,0.001368,0.110491375619,0.130379825414,1.1065510910860001,24.171268479999,0.058393846048000006,0.035043312754,0.018548767161000002,0.014414500835000002,0.266638540573,0.104422925198,0.12321905378600001,1.029885456166,23.66298101499,0.054793348582,0.034712015059,0.017304370722,0.014056932896000001,0.248750330554,0.006068450421000001,0.007160771628,0.07666563492,0.508287465009,0.003600497466,0.000331297695,0.001244396439,0.00035756793900000003,0.017888210019,0.0,0.0,0.0,0.0,0.0,0.0,0.0,0.0,0.0,0.954958,57746828.339752555,21.279106,22.50176385,23.7244217,24.947079549999998,26.1697374,27.39239525,28.6150531,29.83771095,31.0603688,32.283026650000004,33.5056845,34.728342350000005,35.9510002,37.17365805,38.396315900000005,39.61897375,40.8416316,42.064289450000004,43.28694730000001,44.50960515,45.732263
SF11C46885012282050980,9,,2019-05-18T09:00:00-0400,0.005701,0.005701,0.002871,0.001472,0.112389327191,0.13261940831000002,1.130528820526,24.330239045187,0.059519927560000005,0.035146928494,0.018937961109,0.014526332783000001,0.272233207081,0.104422925198,0.12321905378600001,1.029885456166,23.66298101499,0.054793348582,0.034712015059,0.017304370722,0.014056932896000001,0.248750330554,0.007966401993,0.009400354524,0.10064336436,0.6672580301969999,0.004726578978,0.000434913435,0.0016335903869999998,0.000469399887,0.023482876527,0.0,0.0,0.0,0.0,0.0,0.0,0.0,0.0,0.0,0.959462,57746828.339752555,21.279106,22.36397765,23.4488493,24.53372095,25.6185926,26.70346425,27.7883359,28.87320755,29.9580792,31.04295085,32.1278225,33.212694150000004,34.2975658,35.38243745,36.4673091,37.552180750000005,38.6370524,39.72192405,40.8067957,41.891667350000006,42.976539
SF11C46885012282050980,10,,2019-05-18T10:00:00-0400,0.020004,0.019995,0.012417,0.002229,0.400694857521,0.472819939818,4.04737599189,85.878559989669,0.212617914696,0.12362572544999999,0.06775649913899999,0.05133173376899999,0.973999743759,0.36624037700999995,0.43216365207,3.61209607017,82.99268644005,0.19217558409,0.12174473620499998,0.06069126338999999,0.04930159151999999,0.87243691623,0.034454480511,0.040656287747999995,0.43527992171999996,2.885873549619,0.020442330606,0.001880989245,0.007065235749,0.002030142249,0.10156282752899999,0.0,0.0,0.0,0.0,0.0,0.0,0.0,0.0,0.0,0.762618,202625426.0846185,74.168433,83.64832365,93.1282143,102.60810495,112.0879956,121.56788625,131.0477769,140.52766755,150.0075582,159.48744885000002,168.9673395,178.44723015,187.9271208,197.40701145000003,206.88690210000001,216.36679275,225.84668340000002,235.32657405000003,244.80646470000002,254.28635535,263.766246
SF11C46885012282050980,11,,2019-05-18T11:00:00-0400,0.040008,0.039996,0.029285,0.0041,0.813850173763,0.960343221196,8.251866400735999,172.81649475053499,0.4326212579019999,0.24796224318899995,0.13806381585699998,0.10340598686099998,1.984667513029,0.7325906536079999,0.864456985656,7.2252760401359994,166.01027691203998,0.3844088352719999,0.24352600496399995,0.12140073871199998,0.09861797721599999,1.7451356289839999,0.081259520155,0.09588623553999999,1.0265903606,6.806217838495,0.048212422629999994,0.004436238225,0.016663077145,0.004788009645,0.239531884045,0.0,0.0,0.0,0.0,0.0,0.0,0.0,0.0,0.0,0.67521,405250852.169237,146.961627,163.76659415,180.57156129999998,197.37652845,214.1814956,230.98646275,247.7914299,264.59639705,281.4013642,298.20633135,315.01129849999995,331.81626565,348.62123280000003,365.42619994999995,382.2311671,399.03613425,415.84110139999996,432.64606855,449.45103570000003,466.25600284999996,483.06097
SF11C46885012282050980,12,,2019-05-18T12:00:00-0400,0.070014,0.069995,0.058436,0.007857,1.444217496398,1.7041766744540001,14.69307769993,304.107578260702,0.7689389227379999,0.435034863665,0.245707272082,0.18214050221199998,3.5320423531619998,1.2820702770099999,1.5128429520700002,12.644594370170001,290.52628594005,0.6727346840899999,0.426182686205,0.21245736339,0.17258639152,3.05407461623,0.16214721938800003,0.191333722384,2.0484833297600002,13.581292320652,0.096204238648,0.008852177460000001,0.033249908692,0.009554110692,0.477967736932,0.0,0.0,0.0,0.0,0.0,0.0,0.0,0.0,0.0,0.644382,709188991.2961648,253.628496,276.6605076,299.6925192,322.7245308,345.7565424,368.788554,391.8205656,414.8525772,437.88458879999996,460.9166004,483.948612,506.98062359999994,530.0126352,553.0446468,576.0766583999999,599.10867,622.1406816,645.1726931999999,668.2047048,691.2367164,714.268728
SF11C46885012282050980,13,,2019-05-18T13:00:00-0400,0.10002,0.100001,0.092637,0.01372,2.0887256893690003,2.4646963550140004,21.312582106886,436.601402665149,1.113637771748,0.622915104704,0.356245410411,0.26171793728500004,5.121028274423,1.831678116598,2.1613802135860003,18.065177249966002,415.07134967199,0.961127811182,0.608881988759,0.303535235322,0.24657206569600001,4.363319032754,0.257047572771,0.303316141428,3.24740485692,21.530052993159,0.152509960566,0.014033115945,0.05271017508899999,0.015145871589,0.757709241669,0.0,0.0,0.0,0.0,0.0,0.0,0.0,0.0,0.0,0.668988,1013127130.4230924,357.342417,381.88537525000004,406.4283335,430.97129175000003,455.51425,480.05720825000003,504.6001665,529.14312475,553.686083,578.22904125,602.7719995,627.3149577500001,651.857916,676.40087425,700.9438325000001,725.48679075,750.029749,774.5727072500001,799.1156655,823.6586237500001,848.201582
SF11C46885012282050980,14,,2019-05-18T14:00:00-0400,0.130026,0.130007,0.130595,0.021801,2.743658742071,3.237517370282,28.063788749962,569.968403112595,1.4645218374839999,0.811364474888,0.468921270469,0.341909630587,6.740743964792999,2.3812859561860003,2.8099174751020004,23.485760129762003,539.61641340393,1.249520938274,0.791581291313,0.394613107254,0.32055773987200004,5.672563449278,0.362372785885,0.42759989517999997,4.5780286202,30.351989708665,0.21500089920999998,0.019783183575,0.07430816321499999,0.021351890715,1.068180515515,0.0,0.0,0.0,0.0,0.0,0.0,0.0,0.0,0.0,0.630169,1317065269.5500202,458.185139,488.3704153,518.5556916,548.7409679,578.9262441999999,609.1115205,639.2967968,669.4820731,699.6673493999999,729.8526257,760.037902,790.2231783,820.4084545999999,850.5937309,880.7790072,910.9642835,941.1495597999999,971.3348360999998,1001.5201124,1031.7053887,1061.890665
SF11C46885012282050980,15,,2019-05-18T15:00:00-0400,0.160032,0.160013,0.1708,0.032104,3.404826732174,4.0176956118180005,34.893764337558004,703.85763581147,1.8191051797659998,1.0001542318669998,0.582875666786,0.422468701648,8.378838625401999,2.9308937957739998,3.458454736618,28.906343009558,664.16147713587,1.5379140653659997,0.9742805938669998,0.48569097918599996,0.394543414048,6.981807865801999,0.47393293640000006,0.5592408752,5.987421328000001,39.6961586756,0.2811911144,0.025873638,0.0971846876,0.0279252876,1.3970307596,0.0,0.0,0.0,0.0,0.0,0.0,0.0,0.0,0.0,0.544823,1621003408.676948,556.236148,596.5823138,636.9284796,677.2746453999999,717.6208111999999,757.966977,798.3131428,838.6593086,879.0054744,919.3516402,959.697806,1000.0439718,1040.3901376000001,1080.7363034,1121.0824692,1161.4286350000002,1201.7748008,1242.1209666,1282.4671324,1322.8132982000002,1363.159464
SF11C46885012282050980,16,,2019-05-18T16:00:00-0400,0.170034,0.170028,0.189309,0.042975,3.6396259196910004,4.2947586578040005,37.351809703488,749.7283499887831,1.9458328673579999,1.063936989117,0.6238059820890001,0.450188813061,8.967212005245,3.114334524744,3.6749148004080006,30.715552419048002,705.73045711572,1.634170053096,1.035259515252,0.516089729016,0.419237359488,7.418789897112,0.5252913949470001,0.619843857396,6.63625728444,43.997892873063,0.311662814262,0.028677473865,0.10771625307299999,0.030951453573000002,1.548422108133,0.0,0.0,0.0,0.0,0.0,0.0,0.0,0.0,0.0,0.516374,1722316121.719257,588.312858,632.23277325,676.1526885,720.07260375,763.992519,807.9124342499999,851.8323495,895.75226475,939.67218,983.5920952499999,1027.5120105,1071.43192575,1115.351841,1159.27175625,1203.1916715,1247.1115867499998,1291.0315019999998,1334.9514172499998,1378.8713324999999,1422.79124775,1466.711163
SF11C46885012282050980,17,,2019-05-18T17:00:00-0400,0.120024,0.120055,0.137003,0.049477,2.579152768239,3.043400317962,26.49059375361,530.150218657771,1.379420959964,0.7517398611999999,0.44235987870099996,0.318418712771,6.358923988481,2.19899917289,2.59481906723,21.68793166813,498.30892575944995,1.1538704550099999,0.730985961745,0.36440558270999995,0.29601913327999996,5.23833028147,0.38015359534900006,0.44858125073200006,4.802662085480001,31.841292898321004,0.225550504954,0.020753899455000002,0.07795429599100001,0.022399579491000004,1.1205937070110001,0.0,0.0,0.0,0.0,0.0,0.0,0.0,0.0,0.0,0.658617,1215752556.507711,424.884968,451.9443288,479.00368960000003,506.0630504,533.1224112,560.181772,587.2411328000001,614.3004936,641.3598544,668.4192152,695.478576,722.5379368,749.5972976,776.6566584,803.7160192,830.77538,857.8347408,884.8941016,911.9534624,939.0128232,966.0721840000001
SF11C46885012282050980,18,,2019-05-18T18:00:00-0400,0.070014,0.070045,0.08058,0.051627,1.50657812105,1.77776221289,15.47837166127,309.46166770161,0.8058755476299999,0.43869378545499993,0.25845890774999997,0.18588426457999999,3.71534722939,1.28298610691,1.51392363137,12.653626868469999,290.73381953955,0.6732152431899999,0.42648712415499995,0.21260912948999997,0.17270967631999998,3.0562562539299996,0.22359201414000002,0.26383858152,2.8247447928000002,18.72784816206,0.13266030444,0.012206661300000001,0.045849778259999995,0.01317458826,0.6590909754600001,0.0,0.0,0.0,0.0,0.0,0.0,0.0,0.0,0.0,0.80086,709188991.2961648,253.628496,266.24962120000004,278.87074640000003,291.4918716,304.1129968,316.734122,329.3552472,341.9763724,354.5974976,367.2186228,379.839748,392.4608732,405.0819984,417.7031236,430.32424879999996,442.945374,455.56649919999995,468.1876244,480.80874959999994,493.4298748,506.05099999999993
SF11C46885012282050980,19,,2019-05-18T19:00:00-0400,0.040008,0.040027,0.045668,0.051215,0.8598772581899999,1.0146551818140002,8.831775235962,176.752789514206,0.459890832338,0.250632773473,0.14747978869,0.10616099478800001,2.1200222064739997,0.7331584681459999,0.865127006822,7.230876189082,166.13894774373,0.384706781914,0.24371475649299998,0.12149483369399999,0.098694413792,1.7464882443579999,0.12671879004400002,0.149528174992,1.60089904688,10.613841770476,0.075184050424,0.00691801698,0.025984954996,0.007466580996,0.37353396211600004,0.0,0.0,0.0,0.0,0.0,0.0,0.0,0.0,0.0,0.886206,405250852.169237,146.961627,152.5403019,158.11897679999998,163.6976517,169.2763266,174.8550015,180.4336764,186.01235129999998,191.5910262,197.1697011,202.748376,208.3270509,213.9057258,219.48440069999998,225.0630756,230.6417505,236.2204254,241.7991003,247.3777752,252.95645009999998,258.535125
SF11C46885012282050980,20,,2019-05-18T20:00:00-0400,0.005701,0.005722,0.006347,0.048113,0.12241912145699999,0.14445456576,1.256174205972,25.225271116909,0.06544436375,0.03580135429299999,0.020979536442999998,0.015146427971,0.301580870327,0.10480757375599999,0.123672939092,1.033679105452,23.750145126779998,0.054995183403999996,0.03483987899799999,0.017368112483999998,0.014108712511999999,0.24966661838799997,0.017611547701000003,0.020781626668,0.22249510052000002,1.475125990129,0.010449180346,0.0009614752950000001,0.003611423959,0.0010377154590000002,0.051914251939000004,0.0,0.0,0.0,0.0,0.0,0.0,0.0,0.0,0.0,0.983785,57746828.339752555,21.279106,21.46472975,21.650353499999998,21.83597725,22.021601,22.207224749999998,22.3928485,22.57847225,22.764096,22.94971975,23.135343499999998,23.32096725,23.506591,23.692214749999998,23.8778385,24.06346225,24.249086,24.43470975,24.6203335,24.80595725,24.991581
SF11C46885012282050980,21,,2019-05-18T21:00:00-0400,0.005701,0.005701,0.006085,0.045207,0.121307479753,0.14314282852600002,1.243196104766,25.077214771085,0.064811193612,0.035633801284,0.020766717467,0.015051812141000001,0.298521596199,0.104422925198,0.12321905378600001,1.029885456166,23.66298101499,0.054793348582,0.034712015059,0.017304370722,0.014056932896000001,0.248750330554,0.016884554555,0.01992377474,0.2133106486,1.414233756095,0.01001784503,0.000921786225,0.003462346745,0.000994879245,0.049771265645,0.0,0.0,0.0,0.0,0.0,0.0,0.0,0.0,0.0,0.993081,57746828.339752555,21.279106,22.3430613,23.4070166,24.4709719,25.5349272,26.5988825,27.6628378,28.7267931,29.7907484,30.854703699999998,31.918658999999998,32.982614299999995,34.0465696,35.1105249,36.1744802,37.238435499999994,38.3023908,39.3663461,40.4303014,41.494256699999994,42.558212
SF11C46885012282050980,22,,2019-05-18T22:00:00-0400,0.005701,0.005701,0.005726,0.042477,0.12031133265600001,0.14196737493,1.230611302326,24.993778465671998,0.06422016545,0.035579418168999996,0.020562447544000002,0.014993116718,0.29558521421600004,0.104422925198,0.12321905378600001,1.029885456166,23.66298101499,0.054793348582,0.034712015059,0.017304370722,0.014056932896000001,0.248750330554,0.015888407458000003,0.018748321144,0.20072584616,1.330797450682,0.009426816868,0.0008674031100000001,0.003258076822,0.000936183822,0.046834883662000004,0.0,0.0,0.0,0.0,0.0,0.0,0.0,0.0,0.0,0.993081,57746828.339752555,21.279106,22.3430613,23.4070166,24.4709719,25.5349272,26.5988825,27.6628378,28.7267931,29.7907484,30.854703699999998,31.918658999999998,32.982614299999995,34.0465696,35.1105249,36.1744802,37.238435499999994,38.3023908,39.3663461,40.4303014,41.494256699999994,42.558212
SF11C46885012282050980,23,,2019-05-18T23:00:00-0400,0.005701,0.005701,0.00528,0.039905,0.119073779438,0.140507062106,1.214976700966,24.890122219949998,0.063485907622,0.035511855859,0.020308674882,0.014920197056000001,0.291937229914,0.104422925198,0.12321905378600001,1.029885456166,23.66298101499,0.054793348582,0.034712015059,0.017304370722,0.014056932896000001,0.248750330554,0.01465085424,0.01728800832,0.1850912448,1.22714120496,0.008692559039999999,0.0007998408000000001,0.00300430416,0.00086326416,0.04318689936,0.0,0.0,0.0,0.0,0.0,0.0,0.0,0.0,0.0,0.993081,57746828.339752555,21.279106,22.3430613,23.4070166,24.4709719,25.5349272,26.5988825,27.6628378,28.7267931,29.7907484,30.854703699999998,31.918658999999998,32.982614299999995,34.0465696,35.1105249,36.1744802,37.238435499999994,38.3023908,39.3663461,40.4303014,41.494256699999994,42.558212
SF11C46885112282050980,0,,2019-05-18T00:00:00-0400,0.005701,0.005701,0.004403,0.000304,0.0037336451030000003,0.004405701812,0.046876845938999996,0.327783366528,0.002207995041,0.000233116107,0.0007614735949999999,0.00022797305099999998,0.01094619189,0.000105405789,0.000124378717,0.0010395773500000002,0.023885673534,5.5311102000000005e-05,3.5038346000000006e-05,1.7467864e-05,1.4189789e-05,0.000251089143,0.003628239314,0.004281323095,0.045837268588999995,0.303897692994,0.002152683939,0.00019807776099999998,0.000744005731,0.00021378326199999998,0.010695102747,0.0,0.0,0.0,0.0,0.0,0.0,0.0,0.0,0.0,0.799521,412127.0090572548,21.047472,22.0998456,23.152219199999998,24.2045928,25.2569664,26.30934,27.361713599999998,28.414087199999997,29.4664608,30.518834399999996,31.571208,32.623581599999994,33.6759552,34.7283288,35.780702399999996,36.833076,37.8854496,38.9378232,39.99019679999999,41.0425704,42.094944
SF11C46885112282050980,1,,2019-05-18T01:00:00-0400,0.005701,0.005701,0.003775,0.000544,0.0032161492390000005,0.003795056592,0.040339075175,0.28443843098400007,0.0019009576769999999,0.00020486427100000002,0.0006553560389999999,0.00019748113900000002,0.009420749118000001,0.000105405789,0.000124378717,0.0010395773500000002,0.023885673534,5.5311102000000005e-05,3.5038346000000006e-05,1.7467864e-05,1.4189789e-05,0.000251089143,0.0031107434500000004,0.003670677875,0.039299497825,0.26055275745000006,0.001845646575,0.000169825925,0.0006378881749999999,0.00018329135000000001,0.009169659975000001,0.0,0.0,0.0,0.0,0.0,0.0,0.0,0.0,0.0,0.799521,412127.0090572548,21.047472,22.0998456,23.152219199999998,24.2045928,25.2569664,26.30934,27.361713599999998,28.414087199999997,29.4664608,30.518834399999996,31.571208,32.623581599999994,33.6759552,34.7283288,35.780702399999996,36.833076,37.8854496,38.9378232,39.99019679999999,41.0425704,42.094944
SF11C46885112282050980,2,,2019-05-18T02:00:00-0400,0.005701,0.005701,0.003325,0.000737,0.002845332139,0.0033574923419999996,0.035654366825,0.253379161884,0.001680946827,0.000184620121,0.0005793163889999999,0.000175631839,0.008327677068,0.000105405789,0.000124378717,0.0010395773500000002,0.023885673534,5.5311102000000005e-05,3.5038346000000006e-05,1.7467864e-05,1.4189789e-05,0.000251089143,0.00273992635,0.003233113625,0.034614789475,0.22949348835000002,0.001625635725,0.000149581775,0.000561848525,0.00016144205,0.008076587925,0.0,0.0,0.0,0.0,0.0,0.0,0.0,0.0,0.0,0.866347,412127.0090572548,21.047472,22.0998456,23.152219199999998,24.2045928,25.2569664,26.30934,27.361713599999998,28.414087199999997,29.4664608,30.518834399999996,31.571208,32.623581599999994,33.6759552,34.7283288,35.780702399999996,36.833076,37.8854496,38.9378232,39.99019679999999,41.0425704,42.094944
SF11C46885112282050980,3,,2019-05-18T03:00:00-0400,0.005701,0.005701,0.003003,0.000893,0.002579991903,0.003044390812,0.032302197739000005,0.23115452932800004,0.001523516841,0.000170134307,0.000524905795,0.000159997451,0.007545523290000001,0.000105405789,0.000124378717,0.0010395773500000002,0.023885673534,5.5311102000000005e-05,3.5038346000000006e-05,1.7467864e-05,1.4189789e-05,0.000251089143,0.002474586114,0.002920012095,0.031262620389000004,0.20726885579400003,0.001468205739,0.000135095961,0.000507437931,0.000145807662,0.0072944341470000005,0.0,0.0,0.0,0.0,0.0,0.0,0.0,0.0,0.0,0.899761,412127.0090572548,21.047472,22.0998456,23.152219199999998,24.2045928,25.2569664,26.30934,27.361713599999998,28.414087199999997,29.4664608,30.518834399999996,31.571208,32.623581599999994,33.6759552,34.7283288,35.780702399999996,36.833076,37.8854496,38.9378232,39.99019679999999,41.0425704,42.094944
SF11C46885112282050980,4,,2019-05-18T04:00:00-0400,0.005701,0.005701,0.002771,0.001023,0.0023888150870000004,0.002818802132,0.029886970323,0.21514175059200003,0.001410089025,0.00015969732300000002,0.00048570313099999995,0.000148732923,0.006981983922,0.000105405789,0.000124378717,0.0010395773500000002,0.023885673534,5.5311102000000005e-05,3.5038346000000006e-05,1.7467864e-05,1.4189789e-05,0.000251089143,0.0022834092980000002,0.002694423415,0.028847392973,0.19125607705800002,0.001354777923,0.000124658977,0.00046823526699999997,0.000134543134,0.006730894779,0.0,0.0,0.0,0.0,0.0,0.0,0.0,0.0,0.0,0.919808,412127.0090572548,21.047472,22.0998456,23.152219199999998,24.2045928,25.2569664,26.30934,27.361713599999998,28.414087199999997,29.4664608,30.518834399999996,31.571208,32.623581599999994,33.6759552,34.7283288,35.780702399999996,36.833076,37.8854496,38.9378232,39.99019679999999,41.0425704,42.094944
SF11C46885112282050980,5,,2019-05-18T05:00:00-0400,0.005701,0.005701,0.002606,0.001133,0.002252848817,0.0026583619069999996,0.028169243928,0.203753351922,0.0013294183799999997,0.00015227446799999999,0.0004578219259999999,0.000140721513,0.0065811908369999995,0.000105405789,0.000124378717,0.0010395773500000002,0.023885673534,5.5311102000000005e-05,3.5038346000000006e-05,1.7467864e-05,1.4189789e-05,0.000251089143,0.002147443028,0.0025339831899999997,0.027129666578,0.179867678388,0.0012741072779999998,0.00011723612199999999,0.0004403540619999999,0.000126531724,0.006330101693999999,0.0,0.0,0.0,0.0,0.0,0.0,0.0,0.0,0.0,0.933174,412127.0090572548,21.047472,22.0998456,23.152219199999998,24.2045928,25.2569664,26.30934,27.361713599999998,28.414087199999997,29.4664608,30.518834399999996,31.571208,32.623581599999994,33.6759552,34.7283288,35.780702399999996,36.833076,37.8854496,38.9378232,39.99019679999999,41.0425704,42.094944
SF11C46885112282050980,6,,2019-05-18T06:00:00-0400,0.005701,0.005701,0.002487,0.001226,0.0021547882950000005,0.002542650472,0.026930398831000003,0.19553990076000002,0.001271237733,0.00014692101500000002,0.00043771366299999995,0.00013494358699999998,0.006292134006,0.000105405789,0.000124378717,0.0010395773500000002,0.023885673534,5.5311102000000005e-05,3.5038346000000006e-05,1.7467864e-05,1.4189789e-05,0.000251089143,0.0020493825060000003,0.002418271755,0.025890821481,0.17165422722600002,0.001215926631,0.00011188266900000001,0.000420245799,0.000120753798,0.006041044863,0.0,0.0,0.0,0.0,0.0,0.0,0.0,0.0,0.0,0.94272,412127.0090572548,21.047472,22.0998456,23.152219199999998,24.2045928,25.2569664,26.30934,27.361713599999998,28.414087199999997,29.4664608,30.518834399999996,31.571208,32.623581599999994,33.6759552,34.7283288,35.780702399999996,36.833076,37.8854496,38.9378232,39.99019679999999,41.0425704,42.094944
SF11C46885112282050980,7,,2019-05-18T07:00:00-0400,0.005701,0.005701,0.002402,0.001308,0.0020847450650000004,0.002459999447,0.026045509476,0.18967314993000003,0.001229680128,0.00014309712,0.00042335061799999993,0.000130816497,0.006085664841000001,0.000105405789,0.000124378717,0.0010395773500000002,0.023885673534,5.5311102000000005e-05,3.5038346000000006e-05,1.7467864e-05,1.4189789e-05,0.000251089143,0.0019793392760000003,0.00233562073,0.025005932126,0.16578747639600003,0.001174369026,0.000108058774,0.00040588275399999996,0.00011662670800000001,0.0058345756980000005,0.0,0.0,0.0,0.0,0.0,0.0,0.0,0.0,0.0,0.94988,412127.0090572548,21.047472,22.0998456,23.152219199999998,24.2045928,25.2569664,26.30934,27.361713599999998,28.414087199999997,29.4664608,30.518834399999996,31.571208,32.623581599999994,33.6759552,34.7283288,35.780702399999996,36.833076,37.8854496,38.9378232,39.99019679999999,41.0425704,42.094944
SF11C46885112282050980,8,,2019-05-18T08:00:00-0400,0.005701,0.005701,0.002187,0.001368,0.0019075768950000001,0.002250940972,0.023807259931000004,0.17483372136000003,0.001124563833,0.00013342491500000002,0.000387020563,0.000120377387,0.0055634193060000005,0.000105405789,0.000124378717,0.0010395773500000002,0.023885673534,5.5311102000000005e-05,3.5038346000000006e-05,1.7467864e-05,1.4189789e-05,0.000251089143,0.0018021711060000002,0.002126562255,0.022767682581000002,0.15094804782600002,0.001069252731,9.8386569e-05,0.000369552699,0.000106187598,0.005312330163,0.0,0.0,0.0,0.0,0.0,0.0,0.0,0.0,0.0,0.955449,412127.0090572548,21.047472,22.0998456,23.152219199999998,24.2045928,25.2569664,26.30934,27.361713599999998,28.414087199999997,29.4664608,30.518834399999996,31.571208,32.623581599999994,33.6759552,34.7283288,35.780702399999996,36.833076,37.8854496,38.9378232,39.99019679999999,41.0425704,42.094944
SF11C46885112282050980,9,,2019-05-18T09:00:00-0400,0.005701,0.005701,0.002871,0.001472,0.002471218887,0.0029160386319999998,0.030928016622999998,0.22204381039200002,0.001458980325,0.00016419602300000001,0.0005026008309999999,0.000153588323,0.007224888822,0.000105405789,0.000124378717,0.0010395773500000002,0.023885673534,5.5311102000000005e-05,3.5038346000000006e-05,1.7467864e-05,1.4189789e-05,0.000251089143,0.002365813098,0.002791659915,0.029888439272999997,0.19815813685800002,0.001403669223,0.000129157677,0.0004851329669999999,0.000139398534,0.006973799679,0.0,0.0,0.0,0.0,0.0,0.0,0.0,0.0,0.0,0.959904,412127.0090572548,21.047472,22.0998456,23.152219199999998,24.2045928,25.2569664,26.30934,27.361713599999998,28.414087199999997,29.4664608,30.518834399999996,31.571208,32.623581599999994,33.6759552,34.7283288,35.780702399999996,36.833076,37.8854496,38.9378232,39.99019679999999,41.0425704,42.094944
SF11C46885112282050980,10,,2019-05-18T10:00:00-0400,0.020004,0.020004,0.012417,0.002229,0.010601933802,0.012510283473,0.13291444847099998,0.940840204302,0.006264911528999999,0.0006815481629999999,0.0021594796649999997,0.000652684974,0.031042537604999997,0.000369853956,0.000436427268,0.0036477294000000003,0.083811438936,0.00019407880800000003,0.00012294458400000002,6.1292256e-05,4.9789956e-05,0.000881036172,0.010232079846,0.012073856205,0.12926671907099999,0.857028765366,0.006070832720999999,0.0005586035789999999,0.0020981874089999997,0.0006028950179999999,0.030161501432999997,0.0,0.0,0.0,0.0,0.0,0.0,0.0,0.0,0.0,0.765208,1446095.1919279643,73.366408,77.0347284,80.7030488,84.3713692,88.0396896,91.70801,95.3763304,99.04465080000001,102.71297120000001,106.38129160000001,110.04961200000001,113.71793240000001,117.38625280000001,121.05457320000001,124.72289360000002,128.39121400000002,132.05953440000002,135.72785480000002,139.39617520000002,143.06449560000001,146.732816
SF11C46885112282050980,11,,2019-05-18T11:00:00-0400,0.040008,0.040008,0.029285,0.0041,0.024871660742,0.029348563561,0.312165867755,2.188891090302,0.014705974820999999,0.001563333463,0.005071075957,0.001521483802,0.07289677230899999,0.000739707912,0.000872854536,0.007295458800000001,0.167622877872,0.00038815761600000006,0.00024588916800000004,0.000122584512,9.9579912e-05,0.001762072344,0.02413195283,0.028475709025,0.304870408955,2.02126821243,0.014317817205,0.001317444295,0.004948491445,0.0014219038899999999,0.07113469996499999,0.0,0.0,0.0,0.0,0.0,0.0,0.0,0.0,0.0,0.67521,2892190.3838559287,145.387158,152.6565159,159.9258738,167.1952317,174.4645896,181.7339475,189.0033054,196.2726633,203.5420212,210.8113791,218.080737,225.3500949,232.6194528,239.88881070000002,247.1581686,254.4275265,261.6968844,268.9662423,276.2356002,283.5049581,290.774316
SF11C46885112282050980,12,,2019-05-18T12:00:00-0400,0.070014,0.070014,0.058436,0.007857,0.04944797341400001,0.05834861657800001,0.6211128687680001,4.326627701004,0.029249395895999997,0.003059166376,0.010088862867999999,0.00301156639,0.14502753396600002,0.001294488846,0.0015274954380000002,0.012767052900000003,0.293340036276,0.0006792758280000001,0.0004303060440000001,0.000214522896,0.00017426484600000002,0.003083626602,0.048153484568000005,0.05682112114000001,0.6083458158680001,4.033287664728,0.028570120068,0.002628860332,0.009874339971999999,0.002837301544,0.141943907364,0.0,0.0,0.0,0.0,0.0,0.0,0.0,0.0,0.0,0.644382,5061333.171747875,250.949043,263.49649515,276.0439473,288.59139945,301.1388516,313.68630375,326.2337559,338.78120805,351.3286602,363.87611234999997,376.4235645,388.97101665,401.5184688,414.06592094999996,426.6133731,439.16082525,451.7082774,464.25572954999996,476.8031817,489.35063385,501.898086
SF11C46885112282050980,13,,2019-05-18T13:00:00-0400,0.10002,0.10002,0.092637,0.01372,0.078185677986,0.092259112845,0.982632707931,6.812918331606,0.046261827621,0.004782183638999999,0.015959983629,0.004746846678000001,0.229424993073,0.0018492697799999999,0.00218213634,0.018238647,0.41905719467999997,0.00097039404,0.0006147229200000001,0.00030646127999999997,0.00024894977999999996,0.00440518086,0.076336408206,0.090076976505,0.964394060931,6.3938611369260006,0.045291433581,0.004167460719,0.015653522349,0.004497896898,0.225019812213,0.0,0.0,0.0,0.0,0.0,0.0,0.0,0.0,0.0,0.668988,7230475.959639821,353.620025,371.30102625,388.9820275,406.66302875,424.34403,442.02503125,459.7060325,477.38703375,495.068035,512.74903625,530.4300375,548.11103875,565.79204,583.47304125,601.1540425000001,618.8350437500001,636.5160450000001,654.1970462500001,671.8780475000001,689.5590487500001,707.2400500000001
SF11C46885112282050980,14,,2019-05-18T14:00:00-0400,0.130026,0.130026,0.130595,0.021801,0.110019293324,0.129822784417,1.383264656585,9.558519348894,0.06511110548699998,0.006674217061,0.022465950978999998,0.006664544344,0.32294838927299996,0.0024040507139999998,0.002836777242,0.0237102411,0.5447743530839999,0.001261512252,0.0007991397960000001,0.00039839966399999997,0.000323634714,0.005726735118,0.10761524261,0.126986007175,1.359554415485,9.01374499581,0.06384959323499999,0.005875077265,0.022067551314999996,0.00634090963,0.317221654155,0.0,0.0,0.0,0.0,0.0,0.0,0.0,0.0,0.0,0.634205,9399618.747531768,453.479274,476.1532377,498.8272014,521.5011651,544.1751287999999,566.8490925,589.5230561999999,612.1970199,634.8709835999999,657.5449473,680.2189109999999,702.8928747,725.5668383999999,748.2408020999999,770.9147657999999,793.5887295,816.2626932,838.9366568999999,861.6106206,884.2845843,906.958548
SF11C46885112282050980,15,,2019-05-18T15:00:00-0400,0.160032,0.160032,0.1708,0.032104,0.14370452204800002,0.169571360144,1.8072889156,12.459209649888003,0.08505897086400001,0.008667336272,0.029351609647999998,0.008691342848000001,0.421929858576,0.002958831648,0.003491418144,0.029181835200000002,0.670491511488,0.0015526304640000003,0.0009835566720000001,0.000490338048,0.000398319648,0.007048289376,0.1407456904,0.166079942,1.7781070804,11.788718138400002,0.0835063404,0.0076837796,0.0288612716,0.008293023200000001,0.4148815692,0.0,0.0,0.0,0.0,0.0,0.0,0.0,0.0,0.0,0.549791,11568761.535423715,550.603791,578.13398055,605.6641701,633.19435965,660.7245492,688.25473875,715.7849283,743.31511785,770.8453074,798.37549695,825.9056865,853.4358760499999,880.9660656,908.49625515,936.0264447,963.55663425,991.0868238,1018.61701335,1046.1472029,1073.6773924499998,1101.207582
SF11C46885112282050980,16,,2019-05-18T16:00:00-0400,0.170034,0.170034,0.189309,0.042975,0.159141568368,0.187787077563,2.001800039967,13.778617617738002,0.094205300985,0.009561472946999999,0.032509851069,0.009614923812,0.46732964460299997,0.0031437586259999996,0.0037096317779999996,0.0310056999,0.7123972309559999,0.001649669868,0.001045028964,0.000520984176,0.000423214626,0.007488807461999999,0.155997809742,0.18407744578500002,1.970794340067,13.066220386782001,0.092555631117,0.008516443983,0.031988866893,0.009191709186,0.459840837141,0.0,0.0,0.0,0.0,0.0,0.0,0.0,0.0,0.0,0.521653,12291809.131387696,582.383917,611.50311285,640.6223087,669.74150455,698.8607004,727.97989625,757.0990921,786.21828795,815.3374838,844.4566796500001,873.5758754999999,902.69507135,931.8142672,960.93346305,990.0526589,1019.17185475,1048.2910506,1077.41024645,1106.5294423,1135.64863815,1164.767834
SF11C46885112282050980,17,,2019-05-18T17:00:00-0400,0.120024,0.120024,0.137003,0.049477,0.11511480185000002,0.13583548570300003,1.448151038789,9.958897621410001,0.068147020587,0.0069010214650000005,0.023518109467,0.0069507833980000005,0.338073217179,0.002219123736,0.002618563608,0.0218863764,0.502868633616,0.001164472848,0.0007376675040000001,0.000367753536,0.000298739736,0.005286217032,0.11289567811400002,0.13321692209500002,1.426264662389,9.456028987794001,0.066982547739,0.006163353961000001,0.023150355931,0.006652043662000001,0.332787000147,0.0,0.0,0.0,0.0,0.0,0.0,0.0,0.0,0.0,0.662343,8676571.151567787,420.500475,441.52549875,462.5505225,483.57554625,504.60057,525.62559375,546.6506175,567.67564125,588.700665,609.72568875,630.7507125,651.77573625,672.80076,693.82578375,714.8508075,735.8758312499999,756.900855,777.92587875,798.9509025,819.9759262499999,841.00095
SF11C46885112282050980,18,,2019-05-18T18:00:00-0400,0.070014,0.070014,0.08058,0.051627,0.067695470886,0.079880667138,0.85164216144,5.855019823116,0.040075885368,0.004055358504,0.013830689555999998,0.004086746166000001,0.19881639502200002,0.001294488846,0.0015274954380000002,0.012767052900000003,0.293340036276,0.0006792758280000001,0.0004303060440000001,0.000214522896,0.00017426484600000002,0.003083626602,0.06640098204,0.0783531717,0.83887510854,5.56167978684,0.039396609539999995,0.00362505246,0.013616166659999998,0.00391248132,0.19573276842,0.0,0.0,0.0,0.0,0.0,0.0,0.0,0.0,0.0,0.803033,5061333.171747875,250.949043,263.49649515,276.0439473,288.59139945,301.1388516,313.68630375,326.2337559,338.78120805,351.3286602,363.87611234999997,376.4235645,388.97101665,401.5184688,414.06592094999996,426.6133731,439.16082525,451.7082774,464.25572954999996,476.8031817,489.35063385,501.898086
SF11C46885112282050980,19,,2019-05-18T19:00:00-0400,0.040008,0.040008,0.045668,0.051215,0.038371875296,0.045278819356000005,0.482720483084,3.3196555473360005,0.0227158365,0.0023003554840000003,0.007839426148,0.002316943984,0.112691882076,0.000739707912,0.000872854536,0.007295458800000001,0.167622877872,0.00038815761600000006,0.00024588916800000004,0.000122584512,9.9579912e-05,0.001762072344,0.037632167384,0.044405964820000005,0.475425024284,3.1520326694640004,0.022327678884,0.002054466316,0.0077168416359999995,0.002217364072,0.110929809732,0.0,0.0,0.0,0.0,0.0,0.0,0.0,0.0,0.0,0.887448,2892190.3838559287,145.387158,152.6565159,159.9258738,167.1952317,174.4645896,181.7339475,189.0033054,196.2726633,203.5420212,210.8113791,218.080737,225.3500949,232.6194528,239.88881070000002,247.1581686,254.4275265,261.6968844,268.9662423,276.2356002,283.5049581,290.774316
SF11C46885112282050980,20,,2019-05-18T20:00:00-0400,0.005701,0.005701,0.006347,0.048113,0.005335574975000001,0.006295979372,0.067114786011,0.46195940904000005,0.0031584419130000004,0.000320570835,0.0010899648829999998,0.00032236202700000003,0.015668263146,0.000105405789,0.000124378717,0.0010395773500000002,0.023885673534,5.5311102000000005e-05,3.5038346000000006e-05,1.7467864e-05,1.4189789e-05,0.000251089143,0.005230169186000001,0.006171600655000001,0.066075208661,0.43807373550600004,0.003103130811,0.000285532489,0.0010724970189999999,0.00030817223800000003,0.015417174003,0.0,0.0,0.0,0.0,0.0,0.0,0.0,0.0,0.0,0.983962,412127.0090572548,21.047472,22.0998456,23.152219199999998,24.2045928,25.2569664,26.30934,27.361713599999998,28.414087199999997,29.4664608,30.518834399999996,31.571208,32.623581599999994,33.6759552,34.7283288,35.780702399999996,36.833076,37.8854496,38.9378232,39.99019679999999,41.0425704,42.094944
SF11C46885112282050980,21,,2019-05-18T21:00:00-0400,0.005701,0.005701,0.006085,0.045207,0.005119677019000001,0.006041219742,0.064387244705,0.44387601236400004,0.0030303467070000004,0.000308784241,0.001045692909,0.000309640879,0.015031852308,0.000105405789,0.000124378717,0.0010395773500000002,0.023885673534,5.5311102000000005e-05,3.5038346000000006e-05,1.7467864e-05,1.4189789e-05,0.000251089143,0.005014271230000001,0.005916841025,0.063347667355,0.41999033883000003,0.002975035605,0.000273745895,0.001028225045,0.00029545109,0.014780763165,0.0,0.0,0.0,0.0,0.0,0.0,0.0,0.0,0.0,0.993231,412127.0090572548,21.047472,22.0998456,23.152219199999998,24.2045928,25.2569664,26.30934,27.361713599999998,28.414087199999997,29.4664608,30.518834399999996,31.571208,32.623581599999994,33.6759552,34.7283288,35.780702399999996,36.833076,37.8854496,38.9378232,39.99019679999999,41.0425704,42.094944
SF11C46885112282050980,22,,2019-05-18T22:00:00-0400,0.005701,0.005701,0.005726,0.042477,0.004823847377000001,0.005692140707,0.060649888488,0.41909761768200005,0.00285482694,0.000292633908,0.000985030166,0.000292209993,0.014159823717000001,0.000105405789,0.000124378717,0.0010395773500000002,0.023885673534,5.5311102000000005e-05,3.5038346000000006e-05,1.7467864e-05,1.4189789e-05,0.000251089143,0.0047184415880000006,0.0055677619900000004,0.059610311138,0.39521194414800004,0.002799515838,0.000257595562,0.0009675623019999999,0.000278020204,0.013908734574000001,0.0,0.0,0.0,0.0,0.0,0.0,0.0,0.0,0.0,0.993231,412127.0090572548,21.047472,22.0998456,23.152219199999998,24.2045928,25.2569664,26.30934,27.361713599999998,28.414087199999997,29.4664608,30.518834399999996,31.571208,32.623581599999994,33.6759552,34.7283288,35.780702399999996,36.833076,37.8854496,38.9378232,39.99019679999999,41.0425704,42.094944
SF11C46885112282050980,23,,2019-05-18T23:00:00-0400,0.005701,0.005701,0.00528,0.039905,0.0044563264290000005,0.005258465917,0.056006821990000004,0.38831443097400004,0.002636771742,0.000272569706,0.0009096664239999999,0.000270554909,0.013076467863000001,0.000105405789,0.000124378717,0.0010395773500000002,0.023885673534,5.5311102000000005e-05,3.5038346000000006e-05,1.7467864e-05,1.4189789e-05,0.000251089143,0.00435092064,0.0051340872,0.05496724464,0.36442875744000003,0.00258146064,0.00023753136,0.0008921985599999999,0.00025636512,0.01282537872,0.0,0.0,0.0,0.0,0.0,0.0,0.0,0.0,0.0,0.993231,412127.0090572548,21.047472,22.0998456,23.152219199999998,24.2045928,25.2569664,26.30934,27.361713599999998,28.414087199999997,29.4664608,30.518834399999996,31.571208,32.623581599999994,33.6759552,34.7283288,35.780702399999996,36.833076,37.8854496,38.9378232,39.99019679999999,41.0425704,42.094944
SF11C46885212282050980,0,,2019-05-18T00:00:00-0400,0.005701,0.005701,0.004404,0.000304,0.00023863080699999998,0.00028158286399999996,0.0030093154390000002,0.020266404714,0.00014144772,1.357125e-05,4.8857037e-05,1.4209714e-05,0.000702311676,1.955443e-06,2.3032040000000004e-06,1.9263679000000002e-05,0.000442591434,1.02618e-06,6.499140000000001e-07,3.2495700000000004e-07,2.62246e-07,4.652016e-06,0.00023667536399999998,0.00027927965999999997,0.00299005176,0.019823813279999998,0.00014042153999999999,1.2921336e-05,4.853208e-05,1.3947468e-05,0.00069765966,0.0,0.0,0.0,0.0,0.0,0.0,0.0,0.0,0.0,0.978104,12472.86721930126,2.304188,2.4193974,2.5346067999999997,2.6498162,2.7650256,2.880235,2.9954444,3.1106537999999997,3.2258632,3.3410725999999995,3.456282,3.5714913999999998,3.6867007999999997,3.8019102,3.9171195999999995,4.032329,4.1475384,4.2627478,4.377957199999999,4.4931666,4.608376
SF11C46885212282050980,1,,2019-05-18T01:00:00-0400,0.005701,0.005701,0.003775,0.000544,0.000204827718,0.000241694829,0.0025822621790000003,0.017435074433999997,0.00012139205499999999,1.1725764e-05,4.1925457e-05,1.2217671e-05,0.000602668641,1.955443e-06,2.3032040000000004e-06,1.9263679000000002e-05,0.000442591434,1.02618e-06,6.499140000000001e-07,3.2495700000000004e-07,2.62246e-07,4.652016e-06,0.000202872275,0.000239391625,0.0025629985,0.016992483,0.00012036587499999999,1.107585e-05,4.16005e-05,1.1955425e-05,0.000598016625,0.0,0.0,0.0,0.0,0.0,0.0,0.0,0.0,0.0,0.978104,12472.86721930126,2.304188,2.4193974,2.5346067999999997,2.6498162,2.7650256,2.880235,2.9954444,3.1106537999999997,3.2258632,3.3410725999999995,3.456282,3.5714913999999998,3.6867007999999997,3.8019102,3.9171195999999995,4.032329,4.1475384,4.2627478,4.377957199999999,4.4931666,4.608376
SF11C46885212282050980,2,,2019-05-18T02:00:00-0400,0.005701,0.005701,0.003325,0.000737,0.000180644268,0.00021315807899999998,0.002276739179,0.015409480433999999,0.00010704380499999998,1.0405464e-05,3.6966456999999995e-05,1.0792521e-05,0.000531381891,1.955443e-06,2.3032040000000004e-06,1.9263679000000002e-05,0.000442591434,1.02618e-06,6.499140000000001e-07,3.2495700000000004e-07,2.62246e-07,4.652016e-06,0.000178688825,0.00021085487499999998,0.0022574755,0.014966888999999999,0.00010601762499999998,9.75555e-06,3.66415e-05,1.0530275e-05,0.000526729875,0.0,0.0,0.0,0.0,0.0,0.0,0.0,0.0,0.0,0.985403,12472.86721930126,2.304188,2.4193974,2.5346067999999997,2.6498162,2.7650256,2.880235,2.9954444,3.1106537999999997,3.2258632,3.3410725999999995,3.456282,3.5714913999999998,3.6867007999999997,3.8019102,3.9171195999999995,4.032329,4.1475384,4.2627478,4.377957199999999,4.4931666,4.608376
SF11C46885212282050980,3,,2019-05-18T03:00:00-0400,0.005701,0.005701,0.003003,0.000893,0.000163339666,0.000192738449,0.0020581204990000003,0.013960055394,9.6776835e-05,9.460716e-06,3.3418017e-05,9.772747e-06,0.000480372261,1.955443e-06,2.3032040000000004e-06,1.9263679000000002e-05,0.000442591434,1.02618e-06,6.499140000000001e-07,3.2495700000000004e-07,2.62246e-07,4.652016e-06,0.000161384223,0.000190435245,0.00203885682,0.01351746396,9.5750655e-05,8.810802e-06,3.309306e-05,9.510501000000001e-06,0.000475720245,0.0,0.0,0.0,0.0,0.0,0.0,0.0,0.0,0.0,0.989052,12472.86721930126,2.304188,2.4193974,2.5346067999999997,2.6498162,2.7650256,2.880235,2.9954444,3.1106537999999997,3.2258632,3.3410725999999995,3.456282,3.5714913999999998,3.6867007999999997,3.8019102,3.9171195999999995,4.032329,4.1475384,4.2627478,4.377957199999999,4.4931666,4.608376
SF11C46885212282050980,4,,2019-05-18T04:00:00-0400,0.005701,0.005701,0.002771,0.001023,0.000150871754,0.000178026169,0.0019006064189999998,0.012915749154,8.937951499999999e-05,8.780028e-06,3.0861377e-05,9.038003e-06,0.000443619981,1.955443e-06,2.3032040000000004e-06,1.9263679000000002e-05,0.000442591434,1.02618e-06,6.499140000000001e-07,3.2495700000000004e-07,2.62246e-07,4.652016e-06,0.000148916311,0.000175722965,0.00188134274,0.01247315772,8.835333499999999e-05,8.130114e-06,3.053642e-05,8.775757e-06,0.000438967965,0.0,0.0,0.0,0.0,0.0,0.0,0.0,0.0,0.0,0.991242,12472.86721930126,2.304188,2.4193974,2.5346067999999997,2.6498162,2.7650256,2.880235,2.9954444,3.1106537999999997,3.2258632,3.3410725999999995,3.456282,3.5714913999999998,3.6867007999999997,3.8019102,3.9171195999999995,4.032329,4.1475384,4.2627478,4.377957199999999,4.4931666,4.608376
SF11C46885212282050980,5,,2019-05-18T05:00:00-0400,0.005701,0.005701,0.002606,0.001133,0.000142004489,0.00016756269399999997,0.0017885813189999998,0.012173031353999999,8.411848999999999e-05,8.295917999999999e-06,2.9043077e-05,8.515448e-06,0.00041748150599999997,1.955443e-06,2.3032040000000004e-06,1.9263679000000002e-05,0.000442591434,1.02618e-06,6.499140000000001e-07,3.2495700000000004e-07,2.62246e-07,4.652016e-06,0.00014004904599999998,0.00016525948999999998,0.00176931764,0.011730439919999999,8.309230999999999e-05,7.646003999999999e-06,2.871812e-05,8.253202e-06,0.00041282948999999997,0.0,0.0,0.0,0.0,0.0,0.0,0.0,0.0,0.0,0.992701,12472.86721930126,2.304188,2.4193974,2.5346067999999997,2.6498162,2.7650256,2.880235,2.9954444,3.1106537999999997,3.2258632,3.3410725999999995,3.456282,3.5714913999999998,3.6867007999999997,3.8019102,3.9171195999999995,4.032329,4.1475384,4.2627478,4.377957199999999,4.4931666,4.608376
SF11C46885212282050980,6,,2019-05-18T06:00:00-0400,0.005701,0.005701,0.002487,0.001226,0.00013560931,0.000160016309,0.001707787459,0.011637374274,8.032417499999999e-05,7.946772e-06,2.7731697000000003e-05,8.138575e-06,0.00039863012100000003,1.955443e-06,2.3032040000000004e-06,1.9263679000000002e-05,0.000442591434,1.02618e-06,6.499140000000001e-07,3.2495700000000004e-07,2.62246e-07,4.652016e-06,0.000133653867,0.000157713105,0.00168852378,0.01119478284,7.929799499999999e-05,7.2968580000000005e-06,2.7406740000000002e-05,7.876329e-06,0.00039397810500000003,0.0,0.0,0.0,0.0,0.0,0.0,0.0,0.0,0.0,0.993744,12472.86721930126,2.304188,2.4193974,2.5346067999999997,2.6498162,2.7650256,2.880235,2.9954444,3.1106537999999997,3.2258632,3.3410725999999995,3.456282,3.5714913999999998,3.6867007999999997,3.8019102,3.9171195999999995,4.032329,4.1475384,4.2627478,4.377957199999999,4.4931666,4.608376
SF11C46885212282050980,7,,2019-05-18T07:00:00-0400,0.005701,0.005701,0.002402,0.001308,0.000131041325,0.000154626034,0.001650077559,0.011254762074,7.761394999999999e-05,7.697382e-06,2.6794997000000002e-05,7.86938e-06,0.000385164846,1.955443e-06,2.3032040000000004e-06,1.9263679000000002e-05,0.000442591434,1.02618e-06,6.499140000000001e-07,3.2495700000000004e-07,2.62246e-07,4.652016e-06,0.000129085882,0.00015232283,0.00163081388,0.01081217064,7.658776999999999e-05,7.047468e-06,2.6470040000000002e-05,7.607134e-06,0.00038051283,0.0,0.0,0.0,0.0,0.0,0.0,0.0,0.0,0.0,0.994526,12472.86721930126,2.304188,2.4193974,2.5346067999999997,2.6498162,2.7650256,2.880235,2.9954444,3.1106537999999997,3.2258632,3.3410725999999995,3.456282,3.5714913999999998,3.6867007999999997,3.8019102,3.9171195999999995,4.032329,4.1475384,4.2627478,4.377957199999999,4.4931666,4.608376
SF11C46885212282050980,8,,2019-05-18T08:00:00-0400,0.005701,0.005701,0.002187,0.001368,0.00011948701,0.000140991809,0.001504105459,0.010286978274,7.0758675e-05,7.066572e-06,2.4425697e-05,7.188475000000001e-06,0.000351105621,1.955443e-06,2.3032040000000004e-06,1.9263679000000002e-05,0.000442591434,1.02618e-06,6.499140000000001e-07,3.2495700000000004e-07,2.62246e-07,4.652016e-06,0.00011753156700000001,0.000138688605,0.0014848417800000001,0.00984438684,6.9732495e-05,6.416658e-06,2.410074e-05,6.926229000000001e-06,0.000346453605,0.0,0.0,0.0,0.0,0.0,0.0,0.0,0.0,0.0,0.995134,12472.86721930126,2.304188,2.4193974,2.5346067999999997,2.6498162,2.7650256,2.880235,2.9954444,3.1106537999999997,3.2258632,3.3410725999999995,3.456282,3.5714913999999998,3.6867007999999997,3.8019102,3.9171195999999995,4.032329,4.1475384,4.2627478,4.377957199999999,4.4931666,4.608376
SF11C46885212282050980,9,,2019-05-18T09:00:00-0400,0.005701,0.005701,0.002871,0.001472,0.00015624585399999998,0.000184367669,0.001968500419,0.013365881153999998,9.256801499999998e-05,9.073428e-06,3.1963377e-05,9.354703e-06,0.00045946148099999996,1.955443e-06,2.3032040000000004e-06,1.9263679000000002e-05,0.000442591434,1.02618e-06,6.499140000000001e-07,3.2495700000000004e-07,2.62246e-07,4.652016e-06,0.00015429041099999997,0.000182064465,0.0019492367399999999,0.012923289719999998,9.154183499999998e-05,8.423514e-06,3.163842e-05,9.092457e-06,0.00045480946499999996,0.0,0.0,0.0,0.0,0.0,0.0,0.0,0.0,0.0,0.995621,12472.86721930126,2.304188,2.4193974,2.5346067999999997,2.6498162,2.7650256,2.880235,2.9954444,3.1106537999999997,3.2258632,3.3410725999999995,3.456282,3.5714913999999998,3.6867007999999997,3.8019102,3.9171195999999995,4.032329,4.1475384,4.2627478,4.377957199999999,4.4931666,4.608376
SF11C46885212282050980,10,,2019-05-18T10:00:00-0400,0.020004,0.020004,0.012417,0.002229,0.0006741633689999999,0.0007955056709999999,0.008497991495999998,0.057445880975999994,0.0003995167649999999,3.8711934e-05,0.00013797556799999999,4.0244823e-05,0.0019833623190000003,6.861372e-06,8.081616000000001e-06,6.7593516e-05,0.001552990536,3.6007200000000002e-06,2.280456e-06,1.140228e-06,9.201840000000001e-07,1.6323264e-05,0.000667301997,0.0007874240549999999,0.008430397979999999,0.055892890439999995,0.00039591604499999994,3.6431478e-05,0.00013683534,3.9324639e-05,0.001967039055,0.0,0.0,0.0,0.0,0.0,0.0,0.0,0.0,0.0,0.974356,43765.52111119145,8.079229,8.48319045,8.8871519,9.29111335,9.6950748,10.09903625,10.5029977,10.906959149999999,11.3109206,11.71488205,12.1188435,12.52280495,12.9267664,13.330727849999999,13.7346893,14.13865075,14.5426122,14.94657365,15.3505351,15.754496549999999,16.158458
SF11C46885212282050980,11,,2019-05-18T11:00:00-0400,0.040008,0.040008,0.029285,0.0041,0.0015875279289999998,0.0018732715069999998,0.020017944931999997,0.13492713727199998,0.0009409536649999999,9.048310199999999e-05,0.000325001156,9.4585963e-05,0.004671829803,1.3722744e-05,1.6163232000000002e-05,0.000135187032,0.003105981072,7.2014400000000005e-06,4.560912e-06,2.280456e-06,1.8403680000000002e-06,3.2646528e-05,0.0015738051849999999,0.0018571082749999999,0.0198827579,0.13182115619999998,0.0009337522249999999,8.592219e-05,0.0003227207,9.2745595e-05,0.004639183275,0.0,0.0,0.0,0.0,0.0,0.0,0.0,0.0,0.0,0.921199,87531.0422223829,16.14214,16.949247,17.756354,18.563461,19.370568000000002,20.177675,20.984782000000003,21.791889,22.598996,23.406103,24.213210000000004,25.020317000000002,25.827424,26.634531000000003,27.441638,28.248745,29.055852,29.862959000000004,30.670066000000002,31.477173,32.28428
SF11C46885212282050980,12,,2019-05-18T12:00:00-0400,0.070014,0.070014,0.058436,0.007857,0.003164423878,0.0037340045959999998,0.039911115146,0.26847460239599996,0.00187583438,0.00017943282000000002,0.0006479555180000001,0.000188287456,0.009314270364,2.4014802e-05,2.8285656000000002e-05,0.00023657730600000002,0.005435466876,1.2602520000000001e-05,7.981596e-06,3.990798e-06,3.2206440000000005e-06,5.7131424000000006e-05,0.003140409076,0.00370571894,0.03967453784,0.26303913551999997,0.00186323186,0.000171451224,0.0006439647200000001,0.00018506681200000001,0.00925713894,0.0,0.0,0.0,0.0,0.0,0.0,0.0,0.0,0.0,0.841819,153179.32388917007,28.205981,29.61628005,31.026579100000003,32.43687815,33.847177200000004,35.25747625,36.6677753,38.07807435,39.4883734,40.89867245000001,42.3089715,43.719270550000005,45.1295696,46.53986865,47.9501677,49.36046675,50.77076580000001,52.18106485,53.591363900000005,55.001662950000004,56.411962
SF11C46885212282050980,13,,2019-05-18T13:00:00-0400,0.10002,0.10002,0.092637,0.01372,0.005012711876999999,0.005914983435,0.06323293236,0.42475373351999995,0.0029717343449999997,0.000283199238,0.0010265608799999999,0.000297982299,0.014756706675,3.430686e-05,4.040808e-05,0.00033796758,0.007764952679999999,1.80036e-05,1.1402280000000001e-05,5.701140000000001e-06,4.60092e-06,8.161632e-05,0.0049784050169999995,0.005874575355,0.06289496477999999,0.41698878083999996,0.0029537307449999995,0.000271796958,0.00102085974,0.000293381379,0.014675090355,0.0,0.0,0.0,0.0,0.0,0.0,0.0,0.0,0.0,0.772453,218827.6055559572,40.23329,42.2449545,44.25661899999999,46.268283499999995,48.279948,50.2916125,52.303276999999994,54.314941499999996,56.326606,58.33827049999999,60.349934999999995,62.3615995,64.37326399999999,66.3849285,68.396593,70.40825749999999,72.41992199999999,74.4315865,76.44325099999999,78.4549155,80.46658
SF11C46885212282050980,14,,2019-05-18T14:00:00-0400,0.130026,0.130026,0.130595,0.021801,0.007062904812999999,0.008334212429,0.08910552715399998,0.597944323884,0.004187426255,0.00039798869399999994,0.0014465683819999998,0.000419575561,0.020794308140999997,4.4598918e-05,5.2530504e-05,0.00043935785400000003,0.010094438483999999,2.3404680000000002e-05,1.4822964000000002e-05,7.411482000000001e-06,5.981196e-06,0.000106101216,0.007018305894999999,0.008281681925,0.08866616929999999,0.5878498853999999,0.004164021574999999,0.00038316572999999994,0.0014391569,0.000413594365,0.020688206924999997,0.0,0.0,0.0,0.0,0.0,0.0,0.0,0.0,0.0,0.724552,284475.8872227444,52.224179,54.83538795,57.4465969,60.05780585,62.6690148,65.28022375,67.8914327,70.50264165,73.1138506,75.72505955,78.3362685,80.94747745000001,83.5586864,86.16989534999999,88.78110430000001,91.39231325,94.00352219999999,96.61473115,99.2259401,101.83714905,104.448358
SF11C46885212282050980,15,,2019-05-18T15:00:00-0400,0.160032,0.160032,0.1708,0.032104,0.009233853775999999,0.010895934928000001,0.116503700128,0.781249380288,0.00547476376,0.0005193708480000001,0.001891337824,0.000548285072,0.027187868112000003,5.4890976e-05,6.465292800000001e-05,0.000540748128,0.012423924288,2.8805760000000002e-05,1.8243648e-05,9.121824e-06,7.361472000000001e-06,0.000130586112,0.009178962799999999,0.010831282000000001,0.11596295200000001,0.768825456,0.005445958,0.0005011272,0.0018822160000000001,0.0005409236,0.027057282000000002,0.0,0.0,0.0,0.0,0.0,0.0,0.0,0.0,0.0,0.736568,350124.1688895316,64.178757,67.38769485,70.5966327,73.80557055,77.01450840000001,80.22344625000001,83.43238410000001,86.64132195,89.8502598,93.05919765000002,96.2681355,99.47707335000001,102.68601120000001,105.89494905000001,109.1038869,112.31282475,115.52176260000002,118.73070045,121.93963830000001,125.14857615000001,128.357514
SF11C46885212282050980,16,,2019-05-18T16:00:00-0400,0.170034,0.170034,0.189309,0.042975,0.010231976630999999,0.012073723971,0.129103997346,0.8653408074360001,0.006066723584999999,0.0005748164819999999,0.0020958771180000003,0.0006073631670000001,0.030128132979,5.8321662e-05,6.8693736e-05,0.000574544886,0.013200419556,3.060612e-05,1.9383876e-05,9.691938e-06,7.821564e-06,0.000138747744,0.010173654968999999,0.012005030235,0.12852945246,0.85214038788,0.006036117464999999,0.000555432606,0.00208618518,0.0005995416030000001,0.029989385235000002,0.0,0.0,0.0,0.0,0.0,0.0,0.0,0.0,0.0,0.783801,372006.92944512726,68.155566,71.5633443,74.97112259999999,78.37890089999999,81.7866792,85.1944575,88.60223579999999,92.01001409999999,95.4177924,98.82557069999999,102.23334899999999,105.6411273,109.04890559999998,112.45668389999999,115.86446219999999,119.27224049999998,122.68001879999998,126.08779709999999,129.49557539999998,132.90335369999997,136.311132
SF11C46885212282050980,17,,2019-05-18T17:00:00-0400,0.120024,0.120024,0.137003,0.049477,0.007403846455000001,0.008736534941,0.09342237791600001,0.626012287176,0.004389944975,0.000415649538,0.0015166144280000004,0.00043940960500000006,0.021801269829000002,4.1168232e-05,4.8489696e-05,0.000405561096,0.009317943216,2.1604320000000004e-05,1.3682736000000002e-05,6.841368000000001e-06,5.5211040000000005e-06,9.793958400000001e-05,0.0073626782230000005,0.008688045245000001,0.09301681682000001,0.61669434396,0.004368340655,0.000401966802,0.0015097730600000003,0.00043388850100000006,0.021703330245000003,0.0,0.0,0.0,0.0,0.0,0.0,0.0,0.0,0.0,0.868512,262593.12666714867,48.231256,50.6428188,53.0543816,55.4659444,57.877507200000004,60.28907,62.7006328,65.1121956,67.5237584,69.9353212,72.346884,74.7584468,77.1700096,79.5815724,81.99313520000001,84.404698,86.81626080000001,89.2278236,91.6393864,94.0509492,96.462512
SF11C46885212282050980,18,,2019-05-18T18:00:00-0400,0.070014,0.070014,0.08058,0.051627,0.004354464582,0.005138266356,0.054945562505999995,0.368151832476,0.0025818958199999996,0.000244403316,0.000891982398,0.000258417504,0.012822212124,2.4014802e-05,2.8285656000000002e-05,0.00023657730600000002,0.005435466876,1.2602520000000001e-05,7.981596e-06,3.990798e-06,3.2206440000000005e-06,5.7131424000000006e-05,0.00433044978,0.0051099807,0.0547089852,0.3627163656,0.0025692932999999995,0.00023642172,0.0008879916,0.00025519686,0.0127650807,0.0,0.0,0.0,0.0,0.0,0.0,0.0,0.0,0.0,0.945473,153179.32388917007,28.205981,29.61628005,31.026579100000003,32.43687815,33.847177200000004,35.25747625,36.6677753,38.07807435,39.4883734,40.89867245000001,42.3089715,43.719270550000005,45.1295696,46.53986865,47.9501677,49.36046675,50.77076580000001,52.18106485,53.591363900000005,55.001662950000004,56.411962
SF11C46885212282050980,19,,2019-05-18T19:00:00-0400,0.040008,0.040008,0.045668,0.051215,0.002467966732,0.002912199452,0.031141018952,0.208672262832,0.0014633256199999998,0.00013855082400000002,0.0005055418160000001,0.000146470924,0.007267142748,1.3722744e-05,1.6163232000000002e-05,0.000135187032,0.003105981072,7.2014400000000005e-06,4.560912e-06,2.280456e-06,1.8403680000000002e-06,3.2646528e-05,0.002454243988,0.00289603622,0.03100583192,0.20556628176,0.0014561241799999998,0.000133989912,0.00050326136,0.000144630556,0.00723449622,0.0,0.0,0.0,0.0,0.0,0.0,0.0,0.0,0.0,0.982699,87531.0422223829,16.14214,16.949247,17.756354,18.563461,19.370568000000002,20.177675,20.984782000000003,21.791889,22.598996,23.406103,24.213210000000004,25.020317000000002,25.827424,26.634531000000003,27.441638,28.248745,29.055852,29.862959000000004,30.670066000000002,31.477173,32.28428
SF11C46885212282050980,20,,2019-05-18T20:00:00-0400,0.005701,0.005701,0.006347,0.048113,0.00034304957,0.000404798209,0.0043284958589999995,0.029012469473999998,0.000203400275,1.9272012e-05,7.0268897e-05,2.0363195e-05,0.0010101120210000002,1.955443e-06,2.3032040000000004e-06,1.9263679000000002e-05,0.000442591434,1.02618e-06,6.499140000000001e-07,3.2495700000000004e-07,2.62246e-07,4.652016e-06,0.000341094127,0.000402495005,0.00430923218,0.02856987804,0.00020237409499999998,1.8622098e-05,6.994394e-05,2.0100949e-05,0.001005460005,0.0,0.0,0.0,0.0,0.0,0.0,0.0,0.0,0.0,0.998982,12472.86721930126,2.304188,2.4193974,2.5346067999999997,2.6498162,2.7650256,2.880235,2.9954444,3.1106537999999997,3.2258632,3.3410725999999995,3.456282,3.5714913999999998,3.6867007999999997,3.8019102,3.9171195999999995,4.032329,4.1475384,4.2627478,4.377957199999999,4.4931666,4.608376
SF11C46885212282050980,21,,2019-05-18T21:00:00-0400,0.005701,0.005701,0.006085,0.045207,0.000328969428,0.000388183479,0.004150613579,0.027833123634,0.000195046405,1.8503304e-05,6.7381657e-05,1.9533441000000004e-05,0.000968607291,1.955443e-06,2.3032040000000004e-06,1.9263679000000002e-05,0.000442591434,1.02618e-06,6.499140000000001e-07,3.2495700000000004e-07,2.62246e-07,4.652016e-06,0.000327013985,0.000385880275,0.0041313499,0.027390532199999998,0.00019402022499999998,1.785339e-05,6.70567e-05,1.9271195000000002e-05,0.000963955275,0.0,0.0,0.0,0.0,0.0,0.0,0.0,0.0,0.0,0.999747,12472.86721930126,2.304188,2.4193974,2.5346067999999997,2.6498162,2.7650256,2.880235,2.9954444,3.1106537999999997,3.2258632,3.3410725999999995,3.456282,3.5714913999999998,3.6867007999999997,3.8019102,3.9171195999999995,4.032329,4.1475384,4.2627478,4.377957199999999,4.4931666,4.608376
SF11C46885212282050980,22,,2019-05-18T22:00:00-0400,0.005701,0.005701,0.005726,0.042477,0.000309676409,0.000365417494,0.003906874119,0.026217149753999996,0.00018359969,1.7449998000000002e-05,6.3425477e-05,1.8396488000000003e-05,0.000911736306,1.955443e-06,2.3032040000000004e-06,1.9263679000000002e-05,0.000442591434,1.02618e-06,6.499140000000001e-07,3.2495700000000004e-07,2.62246e-07,4.652016e-06,0.000307720966,0.00036311429,0.00388761044,0.025774558319999998,0.00018257351,1.6800084e-05,6.310052e-05,1.8134242e-05,0.00090708429,0.0,0.0,0.0,0.0,0.0,0.0,0.0,0.0,0.0,0.999749,12472.86721930126,2.304188,2.4193974,2.5346067999999997,2.6498162,2.7650256,2.880235,2.9954444,3.1106537999999997,3.2258632,3.3410725999999995,3.456282,3.5714913999999998,3.6867007999999997,3.8019102,3.9171195999999995,4.032329,4.1475384,4.2627478,4.377957199999999,4.4931666,4.608376
SF11C46885212282050980,23,,2019-05-18T23:00:00-0400,0.005701,0.005701,0.00528,0.039905,0.000285707923,0.000337134404,0.003604066879,0.024209561034,0.00016937898,1.6141434e-05,5.8510557e-05,1.6984006000000002e-05,0.000841083216,1.955443e-06,2.3032040000000004e-06,1.9263679000000002e-05,0.000442591434,1.02618e-06,6.499140000000001e-07,3.2495700000000004e-07,2.62246e-07,4.652016e-06,0.00028375248,0.0003348312,0.0035848031999999998,0.0237669696,0.00016835279999999998,1.549152e-05,5.81856e-05,1.672176e-05,0.0008364312,0.0,0.0,0.0,0.0,0.0,0.0,0.0,0.0,0.0,0.99975,12472.86721930126,2.304188,2.4193974,2.5346067999999997,2.6498162,2.7650256,2.880235,2.9954444,3.1106537999999997,3.2258632,3.3410725999999995,3.456282,3.5714913999999998,3.6867007999999997,3.8019102,3.9171195999999995,4.032329,4.1475384,4.2627478,4.377957199999999,4.4931666,4.608376
SF11C46885312282050980,0,,2019-05-18T00:00:00-0400,0.005701,0.005701,0.004403,0.000304,0.010020146874,0.011823771374,0.106623997931,1.868568459116,0.005450877443,0.002548889839,0.001771223304,0.0011358159410000002,0.025461372885,0.0072054939,0.008502482802,0.071065154184,1.632815953092,0.0037809032000000005,0.002395229542,0.001194051646,0.0009699681400000002,0.017164513790000002,0.002814652974,0.003321288572,0.035558843746999996,0.235752506024,0.0016699742429999997,0.000153660297,0.000577171658,0.000165847801,0.008296859095,0.0,0.0,0.0,0.0,0.0,0.0,0.0,0.0,0.0,0.942188,2509009.1347731706,6.080882,6.28473315,6.488584299999999,6.69243545,6.8962866,7.10013775,7.3039889,7.5078400499999995,7.7116912,7.91554235,8.1193935,8.32324465,8.5270958,8.73094695,8.9347981,9.13864925,9.342500399999999,9.54635155,9.7502027,9.95405385,10.157905
SF11C46885312282050980,1,,2019-05-18T01:00:00-0400,0.005701,0.005701,0.003775,0.000544,0.00961869285,0.011350055902,0.101552239159,1.834943073292,0.005212688975000001,0.002526973267,0.0016889012960000001,0.0011121610650000001,0.024277991665000002,0.0072054939,0.008502482802,0.071065154184,1.632815953092,0.0037809032000000005,0.002395229542,0.001194051646,0.0009699681400000002,0.017164513790000002,0.00241319895,0.0028475731,0.030487084975,0.2021271202,0.001431785775,0.000131743725,0.00049484965,0.00014219292500000001,0.007113477875,0.0,0.0,0.0,0.0,0.0,0.0,0.0,0.0,0.0,0.942188,2509009.1347731706,6.080882,6.3198332,6.5587844,6.7977356,7.0366868,7.275638,7.5145892,7.7535404,7.9924916,8.2314428,8.470394,8.709345200000001,8.9482964,9.1872476,9.4261988,9.66515,9.9041012,10.1430524,10.3820036,10.6209548,10.859906
SF11C46885312282050980,2,,2019-05-18T02:00:00-0400,0.005701,0.005701,0.003325,0.000737,0.00933102675,0.011010610102,0.097918017109,1.8108484496919999,0.005042012525,0.002511268717,0.001629912596,0.0010952109150000001,0.023430027415000002,0.0072054939,0.008502482802,0.071065154184,1.632815953092,0.0037809032000000005,0.002395229542,0.001194051646,0.0009699681400000002,0.017164513790000002,0.00212553285,0.0025081273,0.026852862924999995,0.17803249659999998,0.0012611093249999998,0.000116039175,0.00043586095,0.00012524277499999998,0.006265513625,0.0,0.0,0.0,0.0,0.0,0.0,0.0,0.0,0.0,0.961458,2509009.1347731706,6.080882,6.2015310999999995,6.3221802,6.4428293,6.5634784,6.6841275,6.8047766,6.9254257,7.0460748,7.1667239,7.2873730000000005,7.4080221,7.5286712,7.6493203,7.7699694,7.8906185,8.0112676,8.1319167,8.2525658,8.3732149,8.493864
SF11C46885312282050980,3,,2019-05-18T03:00:00-0400,0.005701,0.005701,0.003003,0.000893,0.009125185674,0.010767717773999999,0.095317529331,1.7936074079159998,0.0049198840430000005,0.002500031239,0.0015877029040000002,0.0010830821410000003,0.022823261885,0.0072054939,0.008502482802,0.071065154184,1.632815953092,0.0037809032000000005,0.002395229542,0.001194051646,0.0009699681400000002,0.017164513790000002,0.001919691774,0.002265234972,0.024252375147,0.160791454824,0.001138980843,0.000104801697,0.000393651258,0.000113114001,0.005658748095,0.0,0.0,0.0,0.0,0.0,0.0,0.0,0.0,0.0,0.971094,2509009.1347731706,6.080882,6.13357885,6.1862756999999995,6.23897255,6.2916694,6.34436625,6.3970631000000004,6.44975995,6.5024568,6.55515365,6.6078505,6.66054735,6.7132442,6.76594105,6.818637900000001,6.87133475,6.9240316,6.97672845,7.0294253,7.08212215,7.134819
SF11C46885312282050980,4,,2019-05-18T04:00:00-0400,0.005701,0.005701,0.002771,0.001023,0.008976877818,0.010592714606,0.093443885963,1.7811852908599999,0.004831890851000001,0.002491934671,0.0015572909520000001,0.001074343397,0.022386089205,0.0072054939,0.008502482802,0.071065154184,1.632815953092,0.0037809032000000005,0.002395229542,0.001194051646,0.0009699681400000002,0.017164513790000002,0.001771383918,0.002090231804,0.022378731779,0.148369337768,0.001050987651,9.6705129e-05,0.00036323930600000003,0.00010437525699999999,0.0052215754150000005,0.0,0.0,0.0,0.0,0.0,0.0,0.0,0.0,0.0,0.976875,2509009.1347731706,6.080882,6.0884843,6.0960866,6.1036889,6.1112912,6.1188935,6.1264958,6.1340981,6.1417004,6.1493027,6.156905,6.1645073,6.1721096,6.1797119,6.1873142,6.1949165,6.2025188,6.2101211,6.217723400000001,6.2253257,6.232928
SF11C46885312282050980,5,,2019-05-18T05:00:00-0400,0.005701,0.005701,0.002606,0.001133,0.008871400248,0.010468251146,0.092111337878,1.7723505955399999,0.004769309486,0.002486176336,0.001535661762,0.0010681283420000002,0.022075168980000004,0.0072054939,0.008502482802,0.071065154184,1.632815953092,0.0037809032000000005,0.002395229542,0.001194051646,0.0009699681400000002,0.017164513790000002,0.001665906348,0.001965768344,0.021046183693999996,0.13953464244799998,0.0009884062859999998,9.094679399999999e-05,0.000341610116,9.816020199999999e-05,0.00491065519,0.0,0.0,0.0,0.0,0.0,0.0,0.0,0.0,0.0,0.980729,2509009.1347731706,6.080882,6.3849260999999995,6.6889702,6.9930143,7.2970584,7.6011025,7.9051466,8.2091907,8.5132348,8.8172789,9.121323,9.425367099999999,9.7294112,10.0334553,10.337499399999999,10.641543500000001,10.9455876,11.249631699999998,11.5536758,11.8577199,12.161764
SF11C46885312282050980,6,,2019-05-18T06:00:00-0400,0.005701,0.005701,0.002487,0.001226,0.008795328546,0.01037848659,0.091150288047,1.7659789061879998,0.004724175047,0.002482023355,0.001520062528,0.0010636459690000002,0.021850929545,0.0072054939,0.008502482802,0.071065154184,1.632815953092,0.0037809032000000005,0.002395229542,0.001194051646,0.0009699681400000002,0.017164513790000002,0.001589834646,0.001876003788,0.020085133863,0.13316295309600001,0.000943271847,8.6793813e-05,0.000326010882,9.3677829e-05,0.004686415755,0.0,0.0,0.0,0.0,0.0,0.0,0.0,0.0,0.0,0.983482,2509009.1347731706,6.080882,6.3849260999999995,6.6889702,6.9930143,7.2970584,7.6011025,7.9051466,8.2091907,8.5132348,8.8172789,9.121323,9.425367099999999,9.7294112,10.0334553,10.337499399999999,10.641543500000001,10.9455876,11.249631699999998,11.5536758,11.8577199,12.161764
SF11C46885312282050980,7,,2019-05-18T07:00:00-0400,0.005701,0.005701,0.002402,0.001308,0.008740991616000001,0.01031436905,0.090463823882,1.7614276995079998,0.004691936162,0.00247905694,0.001508920218,0.0010604442740000002,0.021690758520000002,0.0072054939,0.008502482802,0.071065154184,1.632815953092,0.0037809032000000005,0.002395229542,0.001194051646,0.0009699681400000002,0.017164513790000002,0.001535497716,0.001811886248,0.019398669698,0.128611746416,0.0009110329619999999,8.3827398e-05,0.00031486857200000004,9.0476134e-05,0.00452624473,0.0,0.0,0.0,0.0,0.0,0.0,0.0,0.0,0.0,0.985547,2509009.1347731706,6.080882,6.3849260999999995,6.6889702,6.9930143,7.2970584,7.6011025,7.9051466,8.2091907,8.5132348,8.8172789,9.121323,9.425367099999999,9.7294112,10.0334553,10.337499399999999,10.641543500000001,10.9455876,11.249631699999998,11.5536758,11.8577199,12.161764
SF11C46885312282050980,8,,2019-05-18T08:00:00-0400,0.005701,0.005701,0.002187,0.001368,0.008603551146000001,0.01015218939,0.088727473347,1.749915823788,0.004610390747000001,0.002471553655,0.001480736728,0.001052345869,0.021285620045000002,0.0072054939,0.008502482802,0.071065154184,1.632815953092,0.0037809032000000005,0.002395229542,0.001194051646,0.0009699681400000002,0.017164513790000002,0.0013980572460000002,0.0016497065880000002,0.017662319162999998,0.117099870696,0.000829487547,7.6324113e-05,0.00028668508200000006,8.2377729e-05,0.0041211062550000005,0.0,0.0,0.0,0.0,0.0,0.0,0.0,0.0,0.0,0.987153,2509009.1347731706,6.080882,6.3849260999999995,6.6889702,6.9930143,7.2970584,7.6011025,7.9051466,8.2091907,8.5132348,8.8172789,9.121323,9.425367099999999,9.7294112,10.0334553,10.337499399999999,10.641543500000001,10.9455876,11.249631699999998,11.5536758,11.8577199,12.161764
SF11C46885312282050980,9,,2019-05-18T09:00:00-0400,0.005701,0.005701,0.002871,0.001472,0.009040803618,0.010668147006,0.094251490863,1.7865396516599998,0.004869818951000001,0.002495424571,0.001570399552,0.0010781100970000002,0.022574525705,0.0072054939,0.008502482802,0.071065154184,1.632815953092,0.0037809032000000005,0.002395229542,0.001194051646,0.0009699681400000002,0.017164513790000002,0.001835309718,0.002165664204,0.023186336678999997,0.153723698568,0.0010889157509999998,0.00010019502899999999,0.000376347906,0.00010814195699999999,0.0054100119149999995,0.0,0.0,0.0,0.0,0.0,0.0,0.0,0.0,0.0,0.988438,2509009.1347731706,6.080882,6.3849260999999995,6.6889702,6.9930143,7.2970584,7.6011025,7.9051466,8.2091907,8.5132348,8.8172789,9.121323,9.425367099999999,9.7294112,10.0334553,10.337499399999999,10.641543500000001,10.9455876,11.249631699999998,11.5536758,11.8577199,12.161764
SF11C46885312282050980,10,,2019-05-18T10:00:00-0400,0.020004,0.020004,0.012417,0.002229,0.033220722186,0.039200446715999995,0.349637841969,6.394170455304,0.017976184977,0.008837861451,0.005817452646,0.003871191699,0.083626003365,0.025283055600000003,0.029834005607999998,0.249357541536,5.729319474767999,0.0132666528,0.008404520568,0.004189757784,0.0034034805600000003,0.06022784316,0.007937666586,0.009366441108,0.10028030043299999,0.6648509805359999,0.0047095321769999995,0.000433340883,0.001627694862,0.000467711139,0.023398160205,0.0,0.0,0.0,0.0,0.0,0.0,0.0,0.0,0.0,0.932293,8803757.013156027,21.296293,21.497681649999997,21.6990703,21.900458949999997,22.1018476,22.303236249999998,22.5046249,22.706013549999998,22.9074022,23.10879085,23.310179499999997,23.51156815,23.7129568,23.91434545,24.115734099999997,24.31712275,24.518511399999998,24.71990005,24.921288699999998,25.12267735,25.324066
SF11C46885312282050980,11,,2019-05-18T11:00:00-0400,0.040008,0.040007,0.029285,0.0041,0.06928551783,0.081756898154,0.735209712653,13.026377101123998,0.037639886484999996,0.017830638209,0.012218159632,0.007909869075000001,0.175636304555,0.0505648473,0.059666519814,0.498702617688,11.458352540843999,0.0265326424,0.016808620994,0.008379306122,0.0068067909800000005,0.12045267553000001,0.01872067053,0.022090378339999998,0.23650709496499997,1.5680245602799998,0.011107244084999999,0.0010220172149999999,0.00383885351,0.001103078095,0.055183629025,0.0,0.0,0.0,0.0,0.0,0.0,0.0,0.0,0.0,0.791941,17607514.026312053,42.479202,44.13230835,45.785414700000004,47.438521050000006,49.0916274,50.74473375,52.3978401,54.050946450000005,55.7040528,57.35715915,59.0102655,60.663371850000004,62.316478200000006,63.96958455000001,65.62269090000001,67.27579725000001,68.92890360000001,70.58200995000001,72.2351163,73.88822265,75.541329
SF11C46885312282050980,12,,2019-05-18T12:00:00-0400,0.070014,0.070013,0.058436,0.007857,0.12584511118800001,0.14849720549,1.344670929356,23.181206030084,0.068596286116,0.03145475981,0.022324084294000002,0.014113120632000003,0.32090919341,0.08848943070000001,0.104417528226,0.8727389299920001,20.052331752996,0.0464326216,0.029415401846000003,0.014663942798,0.011912011820000002,0.21079444027000002,0.037355680488000004,0.044079677264,0.471931999364,3.1288742770880003,0.022163664516,0.002039357964,0.007660141496000001,0.002201108812,0.11011475314000001,0.0,0.0,0.0,0.0,0.0,0.0,0.0,0.0,0.0,0.644382,30813149.546046093,74.042294,77.652552,81.26281,84.873068,88.483326,92.09358399999999,95.70384200000001,99.3141,102.924358,106.534616,110.144874,113.755132,117.36539,120.975648,124.585906,128.196164,131.806422,135.41668,139.026938,142.63719600000002,146.247454
SF11C46885312282050980,13,,2019-05-18T13:00:00-0400,0.10002,0.100019,0.092637,0.01372,0.185632957446,0.21904684902599997,1.9949161935089998,33.606430179444,0.101468054797,0.045255121361,0.033091993256,0.020506590539,0.475698125515,0.1264140141,0.14916853663799998,1.246775242296,28.646310965147997,0.0663326008,0.042022182698,0.020948579473999997,0.01701723266,0.30113620501,0.059218943345999996,0.06987831238799999,0.748140951213,4.960119214295999,0.035135453997,0.003232938663,0.012143413782,0.0034893578789999997,0.174561920505,0.0,0.0,0.0,0.0,0.0,0.0,0.0,0.0,0.0,0.668988,44018785.065780126,105.353654,108.78703065,112.2204073,115.65378395,119.0871606,122.52053725,125.9539139,129.38729055,132.8206672,136.25404385000002,139.6874205,143.12079715,146.5541738,149.98755045000001,153.4209271,156.85430374999999,160.2876804,163.72105705,167.1544337,170.58781034999998,174.021187
SF11C46885312282050980,14,,2019-05-18T14:00:00-0400,0.130026,0.130025,0.130595,0.021801,0.24782249601,0.29243048783,2.6755031737549997,44.23281766405999,0.135764782195,0.059186598455,0.04435239232,0.027041575365000004,0.6375666169249999,0.16433859750000002,0.19391954504999998,1.6208115546000001,37.2402901773,0.08623258,0.05462896355,0.02723321615,0.022122453500000003,0.39147796975,0.08348389850999999,0.09851094277999999,1.0546916191549998,6.992527486759999,0.04953220219499999,0.004557634905,0.01711917617,0.004919121865,0.24608864717499998,0.0,0.0,0.0,0.0,0.0,0.0,0.0,0.0,0.0,0.703836,57224420.58551417,136.415292,139.1450712,141.87485039999999,144.6046296,147.3344088,150.064188,152.7939672,155.5237464,158.2535256,160.98330479999998,163.71308399999998,166.4428632,169.1726424,171.9024216,174.6322008,177.36198,180.0917592,182.8215384,185.5513176,188.2810968,191.010876
SF11C46885312282050980,15,,2019-05-18T15:00:00-0400,0.160032,0.160031,0.1708,0.032104,0.3114484473,0.36750909266200005,3.374237036104,54.979517635852,0.170913754,0.073196493602,0.055907341626,0.033661197940000005,0.8036692764900001,0.2022631809,0.238670553462,1.9948478669040002,45.834269389452,0.1061325592,0.067235744402,0.033517852826,0.027227674340000004,0.48181973449000004,0.10918526640000001,0.12883853920000002,1.3793891692,9.1452482464,0.0647811948,0.0059607492000000005,0.022389488800000003,0.0064335236,0.32184954200000004,0.0,0.0,0.0,0.0,0.0,0.0,0.0,0.0,0.0,0.736568,70430056.10524821,167.229198,168.9715386,170.7138792,172.45621979999999,174.1985604,175.940901,177.6832416,179.4255822,181.16792279999999,182.9102634,184.652604,186.3949446,188.1372852,189.87962579999999,191.6219664,193.364307,195.1066476,196.8489882,198.59132879999999,200.3336694,202.07601
SF11C46885312282050980,16,,2019-05-18T16:00:00-0400,0.170034,0.170034,0.189309,0.042975,0.335923265322,0.39638936978399997,3.648407863197,58.83550242239999,0.184567855629,0.078045119619,0.060428700737999996,0.036060286863,0.868663920645,0.2149059726,0.25358904766799995,2.119539103056,48.69921553552799,0.11276654879999999,0.071438424828,0.035612941163999996,0.02892958476,0.51193666686,0.121017292722,0.142800322116,1.5288687601409998,10.136286886872,0.071801306829,0.0066066947910000005,0.024815759574000004,0.007130702103,0.35672725378500003,0.0,0.0,0.0,0.0,0.0,0.0,0.0,0.0,0.0,0.783801,74831934.61182621,177.445791,177.893832,178.34187300000002,178.789914,179.237955,179.68599600000002,180.134037,180.582078,181.030119,181.47816,181.926201,182.374242,182.822283,183.27032400000002,183.718365,184.166406,184.614447,185.062488,185.510529,185.95857,186.406611
SF11C46885312282050980,17,,2019-05-18T17:00:00-0400,0.120024,0.120025,0.137003,0.049477,0.23927986127400003,0.282350176022,2.602600655747,41.711838184124,0.13156321484300001,0.055208811247,0.043097931408,0.025581545501000003,0.619533727845,0.1516995975,0.17900552505,1.4961577146,34.3762032573,0.07960058,0.05042754355,0.02513875615,0.0204210535,0.36137006975,0.08758026377400001,0.103344650972,1.106442941147,7.335634926824,0.051962634843000004,0.004781267697000001,0.017959175258000004,0.0051604920010000005,0.258163658095,0.0,0.0,0.0,0.0,0.0,0.0,0.0,0.0,0.0,0.868512,52822542.07893616,126.089036,132.3934878,138.69793959999998,145.0023914,151.3068432,157.61129499999998,163.9157468,170.2201986,176.52465039999998,182.8291022,189.133554,195.43800579999998,201.7424576,208.0469094,214.35136119999999,220.655813,226.9602648,233.26471659999999,239.5691684,245.8736202,252.178072
SF11C46885312282050980,18,,2019-05-18T18:00:00-0400,0.070014,0.070015,0.08058,0.051627,0.14000336814,0.16520393895,1.5235318891799998,24.367448503019997,0.07699641097999999,0.03222840355,0.02522727157,0.014947558960000001,0.36264259354999995,0.0884919585,0.10442051102999998,0.8727638607599999,20.052904570379997,0.046433947999999996,0.02941624213,0.014664361689999999,0.0119123521,0.21080046184999998,0.05151140964,0.06078342792,0.6507680284199999,4.3145439326399995,0.030562462979999996,0.0028121614199999997,0.01056290988,0.00303520686,0.1518421317,0.0,0.0,0.0,0.0,0.0,0.0,0.0,0.0,0.0,0.929029,30813149.546046093,74.042294,77.7444087,81.4465234,85.1486381,88.8507528,92.55286749999999,96.2549822,99.9570969,103.65921159999999,107.3613263,111.063441,114.7655557,118.4676704,122.1697851,125.8718998,129.5740145,133.2761292,136.9782439,140.6803586,144.38247330000002,148.084588
SF11C46885312282050980,19,,2019-05-18T19:00:00-0400,0.040008,0.040009,0.045668,0.051215,0.079761009444,0.09411797105,0.867544554188,13.904154848371999,0.043854973508,0.018403228810000002,0.014366160462,0.008527307816000002,0.20651387793000003,0.050567375100000006,0.059669502618,0.49872754845600004,11.458925358227999,0.026533968800000002,0.016809461278000003,0.008379725014,0.006807131260000001,0.12045869711000001,0.029193634343999998,0.034448468432,0.368817005732,2.445229490144,0.017321004708,0.0015937675319999999,0.005986435448000001,0.001720176556,0.08605518082000001,0.0,0.0,0.0,0.0,0.0,0.0,0.0,0.0,0.0,0.961105,17607514.026312053,42.479202,44.6031621,46.727122200000004,48.8510823,50.9750424,53.0990025,55.2229626,57.3469227,59.4708828,61.5948429,63.718803,65.8427631,67.9667232,70.0906833,72.2146434,74.3386035,76.46256360000001,78.5865237,80.7104838,82.8344439,84.958404
SF11C46885312282050980,20,,2019-05-18T20:00:00-0400,0.005701,0.005702,0.006347,0.048113,0.011264128326,0.013291668631999999,0.122336302571,1.9729436417599997,0.006188862906999999,0.002617153637,0.002026263934,0.001209210729,0.029127589235,0.0072067578,0.008503974203999998,0.071077619568,1.6331023617839997,0.0037815664,0.002395649684,0.001194261092,0.00097013828,0.01716752458,0.004057370526,0.004787694428,0.051258683002999995,0.339841279976,0.002407296507,0.000221503953,0.0008320028420000001,0.000239072449,0.011960064655000002,0.0,0.0,0.0,0.0,0.0,0.0,0.0,0.0,0.0,0.997311,2509009.1347731706,6.080882,6.3849260999999995,6.6889702,6.9930143,7.2970584,7.6011025,7.9051466,8.2091907,8.5132348,8.8172789,9.121323,9.425367099999999,9.7294112,10.0334553,10.337499399999999,10.641543500000001,10.9455876,11.249631699999998,11.5536758,11.8577199,12.161764
SF11C46885312282050980,21,,2019-05-18T21:00:00-0400,0.005701,0.005701,0.006085,0.045207,0.01109537883,0.013092544341999999,0.120207912349,1.958628807772,0.006088828085,0.002607589957,0.001991709956,0.001199171835,0.028630874815000002,0.0072054939,0.008502482802,0.071065154184,1.632815953092,0.0037809032000000005,0.002395229542,0.001194051646,0.0009699681400000002,0.017164513790000002,0.00388988493,0.00459006154,0.049142758164999994,0.32581285468,0.0023079248849999998,0.000212360415,0.0007976583100000001,0.000229203695,0.011466361025,0.0,0.0,0.0,0.0,0.0,0.0,0.0,0.0,0.0,0.999333,2509009.1347731706,6.080882,6.3849260999999995,6.6889702,6.9930143,7.2970584,7.6011025,7.9051466,8.2091907,8.5132348,8.8172789,9.121323,9.425367099999999,9.7294112,10.0334553,10.337499399999999,10.641543500000001,10.9455876,11.249631699999998,11.5536758,11.8577199,12.161764
SF11C46885312282050980,22,,2019-05-18T22:00:00-0400,0.005701,0.005701,0.005726,0.042477,0.010865885208,0.012821742026,0.117308610758,1.9394066524999998,0.005952666206000001,0.002595061216,0.0019446500820000001,0.0011856493820000002,0.027954387780000003,0.0072054939,0.008502482802,0.071065154184,1.632815953092,0.0037809032000000005,0.002395229542,0.001194051646,0.0009699681400000002,0.017164513790000002,0.003660391308,0.004319259224,0.046243456573999996,0.306590699408,0.002171763006,0.000199831674,0.0007505984360000001,0.000215681242,0.01078987399,0.0,0.0,0.0,0.0,0.0,0.0,0.0,0.0,0.0,0.999337,2509009.1347731706,6.080882,6.3849260999999995,6.6889702,6.9930143,7.2970584,7.6011025,7.9051466,8.2091907,8.5132348,8.8172789,9.121323,9.425367099999999,9.7294112,10.0334553,10.337499399999999,10.641543500000001,10.9455876,11.249631699999998,11.5536758,11.8577199,12.161764
SF11C46885312282050980,23,,2019-05-18T23:00:00-0400,0.005701,0.005701,0.00528,0.039905,0.01058077614,0.012485313522,0.113706692904,1.915526203332,0.005783506880000001,0.002579496262,0.001886185726,0.0011688499,0.027113960990000005,0.0072054939,0.008502482802,0.071065154184,1.632815953092,0.0037809032000000005,0.002395229542,0.001194051646,0.0009699681400000002,0.017164513790000002,0.0033752822399999998,0.00398283072,0.04264153872,0.28271025024,0.00200260368,0.00018426671999999998,0.0006921340800000001,0.00019888175999999998,0.009949447200000001,0.0,0.0,0.0,0.0,0.0,0.0,0.0,0.0,0.0,0.999341,2509009.1347731706,6.080882,6.3849260999999995,6.6889702,6.9930143,7.2970584,7.6011025,7.9051466,8.2091907,8.5132348,8.8172789,9.121323,9.425367099999999,9.7294112,10.0334553,10.337499399999999,10.641543500000001,10.9455876,11.249631699999998,11.5536758,11.8577199,12.161764
SF11C46885412282050980,0,,2019-05-18T00:00:00-0400,0.005701,0.005701,0.004403,0.000304,0.035937024927,0.04240569362700001,0.36393398995,7.6538162996870005,0.019092228143,0.010993551258,0.006090179681000001,0.004578156057,0.08754634373100001,0.032508413230000005,0.03835993103200001,0.320618715731,7.366639232552001,0.017057984904,0.010806370922,0.005387108641,0.004376133208,0.077439693128,0.003428611697,0.004045762595,0.043315274219,0.28717706713499996,0.0020342432389999997,0.000187180336,0.0007030710399999999,0.000202022849,0.010106650602999999,0.0,0.0,0.0,0.0,0.0,0.0,0.0,0.0,0.0,0.801684,17643046.628552396,20.82101,22.362497150000003,23.9039843,25.44547145,26.9869586,28.528445750000003,30.0699329,31.61142005,33.1529072,34.69439435,36.235881500000005,37.77736865,39.3188558,40.86034295,42.4018301,43.94331725,45.4848044,47.02629155,48.567778700000005,50.10926585,51.650753
SF11C46885412282050980,1,,2019-05-18T01:00:00-0400,0.005701,0.005701,0.003775,0.000544,0.035448001955,0.04182864640700001,0.357755931306,7.612856227427001,0.018802083979000003,0.010966853722,0.005989900641000001,0.004549341533,0.086104831903,0.032508413230000005,0.03835993103200001,0.320618715731,7.366639232552001,0.017057984904,0.010806370922,0.005387108641,0.004376133208,0.077439693128,0.002939588725,0.0034687153750000005,0.037137215575,0.246216994875,0.0017440990750000002,0.00016048280000000001,0.000602792,0.000173208325,0.008665138775000001,0.0,0.0,0.0,0.0,0.0,0.0,0.0,0.0,0.0,0.801684,17643046.628552396,20.82101,22.548042950000003,24.2750759,26.00210885,27.7291418,29.456174750000002,31.1832077,32.91024065,34.6372736,36.36430655,38.091339500000004,39.81837245,41.5454054,43.27243835,44.999471299999996,46.72650425,48.4535372,50.18057015,51.9076031,53.63463605,55.361669
SF11C46885412282050980,2,,2019-05-18T02:00:00-0400,0.005701,0.005701,0.003325,0.000737,0.035097587405000005,0.041415157157000004,0.353328978456,7.583505857177001,0.018594178129,0.010947723321999999,0.005918044641,0.004528694183,0.085071901453,0.032508413230000005,0.03835993103200001,0.320618715731,7.366639232552001,0.017057984904,0.010806370922,0.005387108641,0.004376133208,0.077439693128,0.002589174175,0.003055226125,0.032710262725,0.21686662462499998,0.001536193225,0.0001413524,0.000530936,0.000152560975,0.007632208325,0.0,0.0,0.0,0.0,0.0,0.0,0.0,0.0,0.0,0.867789,17643046.628552396,20.82101,21.948904300000002,23.0767986,24.2046929,25.3325872,26.4604815,27.5883758,28.716270100000003,29.8441644,30.972058699999998,32.099953,33.2278473,34.3557416,35.483635899999996,36.611530200000004,37.7394245,38.8673188,39.9952131,41.123107399999995,42.2510017,43.378896
SF11C46885412282050980,3,,2019-05-18T03:00:00-0400,0.005701,0.005701,0.003003,0.000893,0.034846846327000004,0.04111928262700001,0.35016124774999996,7.562504036687001,0.018445409943,0.010934034458,0.0058666276810000004,0.004513919857,0.084332782331,0.032508413230000005,0.03835993103200001,0.320618715731,7.366639232552001,0.017057984904,0.010806370922,0.005387108641,0.004376133208,0.077439693128,0.002338433097,0.002759351595,0.029542532019000003,0.195864804135,0.0013874250390000001,0.000127663536,0.00047951904,0.000137786649,0.006893089203,0.0,0.0,0.0,0.0,0.0,0.0,0.0,0.0,0.0,0.900842,17643046.628552396,20.82101,21.604225850000002,22.3874417,23.17065755,23.9538734,24.73708925,25.5203051,26.30352095,27.0867368,27.86995265,28.6531685,29.436384349999997,30.2196002,31.00281605,31.786031899999998,32.56924775,33.3524636,34.13567945,34.918895299999996,35.70211115,36.485327
SF11C46885412282050980,4,,2019-05-18T04:00:00-0400,0.005701,0.005701,0.002771,0.001023,0.03466618815900001,0.040906105947000004,0.347878907614,7.547372290247001,0.018338222927000002,0.010924171674,0.005829581921000001,0.004503275001,0.083800249299,0.032508413230000005,0.03835993103200001,0.320618715731,7.366639232552001,0.017057984904,0.010806370922,0.005387108641,0.004376133208,0.077439693128,0.002157774929,0.0025461749150000003,0.027260191883000003,0.180733057695,0.001280238023,0.00011780075200000001,0.00044247328,0.000127141793,0.0063605561710000005,0.0,0.0,0.0,0.0,0.0,0.0,0.0,0.0,0.0,0.920674,17643046.628552396,20.82101,21.37510585,21.9292017,22.48329755,23.0373934,23.591489250000002,24.145585099999998,24.69968095,25.2537768,25.80787265,26.3619685,26.91606435,27.4701602,28.024256049999998,28.578351899999998,29.132447749999997,29.6865436,30.240639449999996,30.7947353,31.34883115,31.902927
SF11C46885412282050980,5,,2019-05-18T05:00:00-0400,0.005701,0.005701,0.002606,0.001133,0.034537702824000004,0.040754493222000004,0.346255691569,7.536610487822001,0.018261990782,0.010917157194,0.005803234721,0.004495704306,0.083421508134,0.032508413230000005,0.03835993103200001,0.320618715731,7.366639232552001,0.017057984904,0.010806370922,0.005387108641,0.004376133208,0.077439693128,0.002029289594,0.00239456219,0.025636975838,0.16997125526999998,0.001204005878,0.00011078627199999999,0.00041612607999999996,0.00011957109799999999,0.005981815006,0.0,0.0,0.0,0.0,0.0,0.0,0.0,0.0,0.0,0.933895,17643046.628552396,20.82101,21.209482400000002,21.5979548,21.9864272,22.374899600000003,22.763372,23.1518444,23.540316800000003,23.9287892,24.317261600000002,24.705734,25.0942064,25.482678800000002,25.8711512,26.2596236,26.648096000000002,27.0365684,27.4250408,27.813513200000003,28.2019856,28.590458
SF11C46885412282050980,6,,2019-05-18T06:00:00-0400,0.005701,0.005701,0.002487,0.001226,0.034445037643000005,0.040645148287000006,0.34508500848199997,7.528848945467001,0.018207011235,0.010912098266,0.005784232801,0.004490244229,0.083148355415,0.032508413230000005,0.03835993103200001,0.320618715731,7.366639232552001,0.017057984904,0.010806370922,0.005387108641,0.004376133208,0.077439693128,0.0019366244130000002,0.0022852172550000003,0.024466292751000002,0.162209712915,0.001149026331,0.00010572734400000001,0.00039712415999999996,0.000114111021,0.005708662287,0.0,0.0,0.0,0.0,0.0,0.0,0.0,0.0,0.0,0.943338,17643046.628552396,20.82101,21.082977800000002,21.344945600000003,21.6069134,21.8688812,22.130849,22.3928168,22.6547846,22.9167524,23.1787202,23.440688,23.7026558,23.9646236,24.2265914,24.488559199999997,24.750526999999998,25.0124948,25.2744626,25.5364304,25.798398199999998,26.060366
SF11C46885412282050980,7,,2019-05-18T07:00:00-0400,0.005701,0.005701,0.002402,0.001308,0.034378848228000004,0.04056704476200001,0.344248806277,7.5233049866420005,0.018167740130000002,0.010908484746,0.005770660001,0.004486344174,0.08295324633000001,0.032508413230000005,0.03835993103200001,0.320618715731,7.366639232552001,0.017057984904,0.010806370922,0.005387108641,0.004376133208,0.077439693128,0.0018704349980000002,0.0022071137300000002,0.023630090546,0.15666575409,0.001109755226,0.000102113824,0.00038355135999999996,0.000110210966,0.005513553202,0.0,0.0,0.0,0.0,0.0,0.0,0.0,0.0,0.0,0.950421,17643046.628552396,20.82101,20.982510650000002,21.144011300000003,21.30551195,21.4670126,21.62851325,21.7900139,21.951514550000002,22.1130152,22.27451585,22.4360165,22.59751715,22.759017800000002,22.92051845,23.0820191,23.24351975,23.4050204,23.56652105,23.7280217,23.88952235,24.051023
SF11C46885412282050980,8,,2019-05-18T08:00:00-0400,0.005701,0.005701,0.002187,0.001368,0.03421142794300001,0.04036948878700001,0.342133706582,7.509282031967001,0.018068407335,0.010899344666,0.0057363288010000004,0.004476479329,0.082459735115,0.032508413230000005,0.03835993103200001,0.320618715731,7.366639232552001,0.017057984904,0.010806370922,0.005387108641,0.004376133208,0.077439693128,0.0017030147130000003,0.0020095577550000004,0.021514990851000004,0.142642799415,0.001010422431,9.297374400000001e-05,0.00034922016,0.00010034612100000001,0.005020041987,0.0,0.0,0.0,0.0,0.0,0.0,0.0,0.0,0.0,0.95593,17643046.628552396,20.82101,20.9001224,20.9792348,21.0583472,21.1374596,21.216572,21.295684400000003,21.374796800000002,21.453909200000002,21.5330216,21.612134,21.6912464,21.7703588,21.8494712,21.9285836,22.007696000000003,22.086808400000002,22.165920800000002,22.2450332,22.3241456,22.403258
SF11C46885412282050980,9,,2019-05-18T09:00:00-0400,0.005701,0.005701,0.002871,0.001472,0.03474405805900001,0.040997992447,0.34886267491399997,7.553894594747001,0.018384424227000002,0.010928422874,0.0058455499210000005,0.004507863301,0.08402978939900001,0.032508413230000005,0.03835993103200001,0.320618715731,7.366639232552001,0.017057984904,0.010806370922,0.005387108641,0.004376133208,0.077439693128,0.002235644829,0.0026380614149999998,0.028243959183,0.187255362195,0.001326439323,0.00012205195199999999,0.00045844127999999994,0.000131730093,0.0065900962709999995,0.0,0.0,0.0,0.0,0.0,0.0,0.0,0.0,0.0,0.960337,17643046.628552396,20.82101,20.8325116,20.8440132,20.8555148,20.8670164,20.878518,20.890019600000002,20.9015212,20.9130228,20.9245244,20.936026,20.9475276,20.9590292,20.9705308,20.9820324,20.993534,21.0050356,21.0165372,21.028038799999997,21.0395404,21.051042
SF11C46885412282050980,10,,2019-05-18T10:00:00-0400,0.020004,0.020003,0.012417,0.002229,0.123730812173,0.146002372601,1.2471037227339998,26.657074088220998,0.065587871733,0.03844399807,0.020884401383,0.015924192035,0.300213304801,0.11406170669,0.134592825896,1.124949337093,25.847199538456,0.059851056311999995,0.037916126566,0.018901654823000002,0.015354462824,0.271711310584,0.009669105483,0.011409546705,0.122154385641,0.809874549765,0.005736815421,0.000527871504,0.0019827465599999996,0.000569729211,0.028501994216999997,0.0,0.0,0.0,0.0,0.0,0.0,0.0,0.0,0.0,0.767741,61906946.9843119,72.582177,75.4139089,78.2456408,81.0773727,83.9091046,86.7408365,89.5725684,92.4043003,95.2360322,98.0677641,100.899496,103.7312279,106.5629598,109.39469170000001,112.2264236,115.0581555,117.88988739999999,120.7216193,123.55335120000001,126.3850831,129.216815
SF11C46885412282050980,11,,2019-05-18T11:00:00-0400,0.040008,0.040007,0.029285,0.0041,0.250933315825,0.296101341949,2.538051167022,53.60574811588901,0.133235155433,0.07707911257399999,0.042480483387,0.032053376911,0.610657022981,0.22812911561000002,0.269192380424,2.249954913217,51.695691243064005,0.119705104728,0.075834148654,0.037804254587,0.030709693256,0.543436204696,0.022804200215,0.026908961525,0.288096253805,1.9100568728249998,0.013530050705,0.00124496392,0.0046762287999999996,0.001343683655,0.067220818285,0.0,0.0,0.0,0.0,0.0,0.0,0.0,0.0,0.0,0.67521,123813893.9686238,143.84731,148.64114965,153.43498929999998,158.22882895,163.0226686,167.81650825,172.6103479,177.40418755,182.1980272,186.99186685,191.7857065,196.57954615,201.3733858,206.16722545,210.96106509999998,215.75490475,220.5487444,225.34258405,230.13642370000002,234.93026335000002,239.724103
SF11C46885412282050980,12,,2019-05-18T12:00:00-0400,0.070014,0.070012,0.058436,0.007857,0.444728581524,0.5247797787240001,4.5122812978,94.27851049144401,0.236481376916,0.135193517496,0.075488269772,0.056422990284,1.085144015172,0.39922452676000003,0.471084983584,3.937407038372,90.46713663382401,0.209483185248,0.132709286264,0.066157209292,0.053741771296,0.951009962336,0.045504054764000004,0.05369479514,0.5748742594280001,3.81137385762,0.026998191668,0.0024842312320000003,0.00933106048,0.002681218988,0.134134052836,0.0,0.0,0.0,0.0,0.0,0.0,0.0,0.0,0.0,0.644382,216674314.44509166,248.327714,253.63250384999998,258.9372937,264.24208354999996,269.5468734,274.85166325,280.1564531,285.46124295,290.7660328,296.07082264999997,301.3756125,306.68040235,311.98519220000003,317.28998205,322.5947719,327.89956175,333.2043516,338.50914145,343.81393130000004,349.11872115,354.423511
SF11C46885412282050980,13,,2019-05-18T13:00:00-0400,0.10002,0.100018,0.092637,0.01372,0.642461979403,0.758105212381,6.536247916258999,135.281941410401,0.34206375615299994,0.19352450353999998,0.10930338509799999,0.08102508041499999,1.571236365941,0.57032564014,0.672984315376,5.624915402557999,129.239874190736,0.29926425787199995,0.18958631939599999,0.094511108938,0.076774616944,1.358597303504,0.072136339263,0.085120897005,0.911332513701,6.042067219664999,0.042799498281,0.003938184144,0.014792276159999998,0.004250463471,0.212639062437,0.0,0.0,0.0,0.0,0.0,0.0,0.0,0.0,0.0,0.668988,309534734.92155945,349.977277,353.5198247,357.0623724,360.6049201,364.1474678,367.6900155,371.2325632,374.7751109,378.3176586,381.8602063,385.402754,388.9453017,392.4878494,396.0303971,399.5729448,403.1154925,406.6580402,410.2005879,413.7431356,417.2856833,420.828231
SF11C46885412282050980,14,,2019-05-18T14:00:00-0400,0.130026,0.130024,0.130595,0.021801,0.8431209494249999,0.994882821843,8.597174672179,176.530415309423,0.449381918231,0.252015207168,0.143718418184,0.10579955297699999,2.065952538267,0.74142675352,0.874883647168,7.312423766744,168.012611747648,0.389045330496,0.246463352528,0.122865008584,0.09980746259199999,1.766184644672,0.10169419590499999,0.119999174675,1.284750905435,8.517803561774999,0.060336587734999995,0.005551854639999999,0.020853409599999997,0.005992090384999999,0.299767893595,0.0,0.0,0.0,0.0,0.0,0.0,0.0,0.0,0.0,0.638151,402395155.3980273,448.872699,452.42637360000003,455.9800482,459.5337228,463.0873974,466.641072,470.19474660000003,473.7484212,477.3020958,480.8557704,484.409445,487.9631196,491.5167942,495.0704688,498.6241434,502.177818,505.7314926,509.2851672,512.8388418,516.3925164,519.946191
SF11C46885412282050980,15,,2019-05-18T15:00:00-0400,0.160032,0.16003,0.1708,0.032104,1.0455296561,1.23372512096,10.68020667933,217.92544539056001,0.55773822352,0.31060143526,0.17849225223,0.13067712464,2.5658264766400003,0.9125278669000001,1.07678297896,8.99993213093,206.78534930456001,0.47882640312,0.30334038566,0.15121890823,0.12284030824,2.17377198584,0.1330017892,0.156942142,1.6802745484000001,11.140096086,0.0789118204,0.0072610496000000005,0.027273343999999998,0.0078368164,0.39205449080000004,0.0,0.0,0.0,0.0,0.0,0.0,0.0,0.0,0.0,0.554647,495255575.8744952,545.088602,551.20475645,557.3209109000001,563.43706535,569.5532198000001,575.66937425,581.7855287,587.90168315,594.0178376,600.1339920500001,606.2501465,612.36630095,618.4824554,624.59860985,630.7147643000001,636.83091875,642.9470732,649.06322765,655.1793821,661.2955365500001,667.411691
SF11C46885412282050980,16,,2019-05-18T16:00:00-0400,0.170034,0.170033,0.189309,0.042975,1.116982002581,1.318038899141,11.424851195979999,232.05819674892098,0.596219638449,0.33034919643399996,0.190900014173,0.13920475591099998,2.7441880843329995,0.96956727359,1.144089484856,9.562491158022999,219.71088732301598,0.5087564194319999,0.32230129222599996,0.160671153053,0.130518691064,2.3096480164239996,0.147414728991,0.17394941428500002,1.8623600379570002,12.347309425905,0.08746321901700001,0.008047904208,0.03022886112,0.008686064847,0.434540067909,0.0,0.0,0.0,0.0,0.0,0.0,0.0,0.0,0.0,0.526813,526209049.36665106,576.577726,583.65124915,590.7247723,597.79829545,604.8718186,611.94534175,619.0188648999999,626.09238805,633.1659112,640.23943435,647.3129575,654.38648065,661.4600038,668.53352695,675.6070500999999,682.68057325,689.7540964,696.82761955,703.9011427,710.97466585,718.048189
SF11C46885412282050980,17,,2019-05-18T17:00:00-0400,0.120024,0.120027,0.137003,0.049477,0.791105659307,0.933504774659,8.097992887856,164.030579560239,0.42243043384699996,0.23333809063,0.135295072447,0.098419794065,1.9448669384589998,0.68442156021,0.807617513064,6.750202173837,155.094826726104,0.35913326680799995,0.22751381909399998,0.113418433407,0.09213368541599999,1.6303901152559999,0.10668409909700001,0.12588726159500002,1.3477907140190002,8.935752834135,0.06329716703900001,0.005824271536000001,0.02187663904,0.006286108649000001,0.314476823203,0.0,0.0,0.0,0.0,0.0,0.0,0.0,0.0,0.0,0.665986,371441681.9058714,416.208925,419.0418854,421.8748458,424.7078062,427.54076660000004,430.37372700000003,433.2066874,436.0396478,438.8726082,441.7055686,444.53852900000004,447.37148940000003,450.2044498,453.0374102,455.8703706,458.703331,461.5362914,464.36925180000003,467.2022122,470.0351726,472.868133
SF11C46885412282050980,18,,2019-05-18T18:00:00-0400,0.070014,0.070017,0.08058,0.051627,0.46200060333,0.545160768444,4.730407923866999,95.72927043068398,0.24672715330799996,0.136144380834,0.079028948397,0.057442861475999994,1.136041292556,0.39925303791,0.47111862674399996,3.9376882335269996,90.47359746458399,0.20949814576799997,0.132718763874,0.066161933997,0.05374560933599999,0.9510778799759999,0.06274756542,0.07404214170000001,0.79271969034,5.2556729661,0.03722900754,0.00342561696,0.0128670144,0.00369725214,0.18496341258,0.0,0.0,0.0,0.0,0.0,0.0,0.0,0.0,0.0,0.805158,216674314.44509166,248.327714,260.7440997,273.16048539999997,285.5768711,297.9932568,310.40964249999996,322.8260282,335.2424139,347.65879959999995,360.0751853,372.49157099999996,384.9079567,397.3243424,409.74072809999996,422.15711379999993,434.57349949999997,446.9898852,459.4062709,471.82265659999996,484.23904229999994,496.655428
SF11C46885412282050980,19,,2019-05-18T19:00:00-0400,0.040008,0.04001,0.045668,0.051215,0.263707848232,0.31117529314000003,2.6993904808739995,54.67817376058,0.14081329072399998,0.07778127323599998,0.04509935565,0.03280738092399999,0.648303328148,0.22814622229999998,0.26921256632,2.2501236303099996,51.69956774152,0.11971408103999999,0.07583983521999998,0.03780708941,0.030711996079999995,0.54347695528,0.035561625932000004,0.041962726820000004,0.449266850564,2.97860601906,0.021099209684,0.0019414380160000001,0.007292266239999999,0.002095384844,0.104826372868,0.0,0.0,0.0,0.0,0.0,0.0,0.0,0.0,0.0,0.888662,123813893.9686238,143.84731,151.0396755,158.23204099999998,165.42440649999998,172.616772,179.8091375,187.00150299999999,194.19386849999998,201.386234,208.5785995,215.770965,222.96333049999998,230.15569599999998,237.34806149999997,244.54042699999997,251.7327925,258.925158,266.11752349999995,273.309889,280.5022545,287.69462
SF11C46885412282050980,20,,2019-05-18T20:00:00-0400,0.005701,0.005703,0.006347,0.048113,0.037462220243,0.044205424450999994,0.383170904324,7.783194231471,0.019996365622999997,0.011079985629999999,0.0064024874829999995,0.004668887825,0.092035770331,0.03251981769,0.038373388296,0.32073119379299997,7.369223564856,0.017063969111999998,0.010810161966,0.005388998523,0.0043776684239999995,0.077466860184,0.004942402553,0.005832036155,0.062439710531,0.413970666615,0.002932396511,0.00026982366400000004,0.00101348896,0.00029121940100000003,0.014568910147,0.0,0.0,0.0,0.0,0.0,0.0,0.0,0.0,0.0,0.984135,17643046.628552396,20.82101,21.862060500000002,22.903111000000003,23.9441615,24.985212,26.0262625,27.067313000000002,28.108363500000003,29.149414,30.190464500000004,31.231515,32.2725655,33.313616,34.3546665,35.395717000000005,36.4367675,37.477818,38.5188685,39.55991900000001,40.600969500000005,41.64202
SF11C46885412282050980,21,,2019-05-18T21:00:00-0400,0.005701,0.005701,0.006085,0.045207,0.037246796645000003,0.043951224557000006,0.380480955936,7.763521461377001,0.019869334009,0.011065056442,0.0063587614410000005,0.004655331263,0.091407208213,0.032508413230000005,0.03835993103200001,0.320618715731,7.366639232552001,0.017057984904,0.010806370922,0.005387108641,0.004376133208,0.077439693128,0.004738383415,0.005591293525000001,0.05986224020500001,0.396882228825,0.002811349105,0.00025868552,0.0009716528,0.00027919805500000003,0.013967515085,0.0,0.0,0.0,0.0,0.0,0.0,0.0,0.0,0.0,0.993376,17643046.628552396,20.82101,21.862060500000002,22.903111000000003,23.9441615,24.985212,26.0262625,27.067313000000002,28.108363500000003,29.149414,30.190464500000004,31.231515,32.2725655,33.313616,34.3546665,35.395717000000005,36.4367675,37.477818,38.5188685,39.55991900000001,40.600969500000005,41.64202
SF11C46885412282050980,22,,2019-05-18T22:00:00-0400,0.005701,0.005701,0.005726,0.042477,0.03696724370400001,0.04362135202200001,0.376949231329,7.740106388222001,0.019703471342,0.011049794634,0.0063014363210000006,0.004638859266,0.090583159254,0.032508413230000005,0.03835993103200001,0.320618715731,7.366639232552001,0.017057984904,0.010806370922,0.005387108641,0.004376133208,0.077439693128,0.004458830474,0.0052614209900000005,0.05633051559800001,0.37346715567,0.0026454864380000003,0.00024342371200000002,0.0009143276799999999,0.000262726058,0.013143466126,0.0,0.0,0.0,0.0,0.0,0.0,0.0,0.0,0.0,0.993376,17643046.628552396,20.82101,21.862060500000002,22.903111000000003,23.9441615,24.985212,26.0262625,27.067313000000002,28.108363500000003,29.149414,30.190464500000004,31.231515,32.2725655,33.313616,34.3546665,35.395717000000005,36.4367675,37.477818,38.5188685,39.55991900000001,40.600969500000005,41.64202
SF11C46885412282050980,23,,2019-05-18T23:00:00-0400,0.005701,0.005701,0.00528,0.039905,0.036619943950000004,0.04321153823200001,0.372561629171,7.711016910152001,0.019497413544000003,0.011030834282,0.006230219041000001,0.004618395448,0.089559410408,0.032508413230000005,0.03835993103200001,0.320618715731,7.366639232552001,0.017057984904,0.010806370922,0.005387108641,0.004376133208,0.077439693128,0.00411153072,0.0048516072,0.05194291344,0.3443776776,0.00243942864,0.00022446336,0.0008431103999999999,0.00024226224,0.01211971728,0.0,0.0,0.0,0.0,0.0,0.0,0.0,0.0,0.0,0.993376,17643046.628552396,20.82101,21.862060500000002,22.903111000000003,23.9441615,24.985212,26.0262625,27.067313000000002,28.108363500000003,29.149414,30.190464500000004,31.231515,32.2725655,33.313616,34.3546665,35.395717000000005,36.4367675,37.477818,38.5188685,39.55991900000001,40.600969500000005,41.64202
SF11C46885512282050980,0,,2019-05-18T00:00:00-0400,0.005701,0.005701,0.004403,0.000304,0.029181383709999998,0.034434035188,0.36113411244199994,2.832315882241,0.017127373593999996,0.002347951033,0.005877035244,0.001925095225,0.084482410427,0.0027169540750000003,0.0032060086590000006,0.026796336187000003,0.6156812566090001,0.0014256547710000001,0.0009031638220000001,0.00045023647500000007,0.00036574195400000003,0.0064721742700000005,0.026464429634999998,0.031228026529,0.33433777625499994,2.216634625632,0.015701718822999998,0.001444787211,0.005426798769,0.0015593532709999999,0.07801023615699999,0.0,0.0,0.0,0.0,0.0,0.0,0.0,0.0,0.0,0.794692,4053452.591351084,21.553042,22.630694100000003,23.7083462,24.785998300000003,25.8636504,26.941302500000003,28.0189546,29.096606700000002,30.174258800000004,31.251910900000002,32.329563,33.4072151,34.484867200000004,35.562519300000005,36.6401714,37.7178235,38.7954756,39.873127700000005,40.95077980000001,42.0284319,43.106084
SF11C46885512282050980,1,,2019-05-18T01:00:00-0400,0.005701,0.005701,0.003775,0.000544,0.02540676145,0.029979980984000003,0.313447507062,2.516157230209,0.014887837046,0.002141880997,0.0051030108,0.0017026846290000002,0.07335580849500001,0.0027169540750000003,0.0032060086590000006,0.026796336187000003,0.6156812566090001,0.0014256547710000001,0.0009031638220000001,0.00045023647500000007,0.00036574195400000003,0.0064721742700000005,0.022689807375,0.026773972325000003,0.28665117087499997,1.9004759736,0.013462182275,0.001238717175,0.004652774325,0.0013369426750000002,0.066883634225,0.0,0.0,0.0,0.0,0.0,0.0,0.0,0.0,0.0,0.794692,4053452.591351084,21.553042,22.630694100000003,23.7083462,24.785998300000003,25.8636504,26.941302500000003,28.0189546,29.096606700000002,30.174258800000004,31.251910900000002,32.329563,33.4072151,34.484867200000004,35.562519300000005,36.6401714,37.7178235,38.7954756,39.873127700000005,40.95077980000001,42.0284319,43.106084
SF11C46885512282050980,2,,2019-05-18T02:00:00-0400,0.005701,0.005701,0.003325,0.000737,0.022702016199999998,0.026788381634,0.279277168812,2.289610425409,0.013283073595999999,0.001994219347,0.00454837545,0.001543313979,0.065382924945,0.0027169540750000003,0.0032060086590000006,0.026796336187000003,0.6156812566090001,0.0014256547710000001,0.0009031638220000001,0.00045023647500000007,0.00036574195400000003,0.0064721742700000005,0.019985062124999998,0.023582372974999998,0.252480832625,1.6739291688,0.011857418824999999,0.001091055525,0.004098138975,0.001177572025,0.058910750675,0.0,0.0,0.0,0.0,0.0,0.0,0.0,0.0,0.0,0.863128,4053452.591351084,21.553042,22.630694100000003,23.7083462,24.785998300000003,25.8636504,26.941302500000003,28.0189546,29.096606700000002,30.174258800000004,31.251910900000002,32.329563,33.4072151,34.484867200000004,35.562519300000005,36.6401714,37.7178235,38.7954756,39.873127700000005,40.95077980000001,42.0284319,43.106084
SF11C46885512282050980,3,,2019-05-18T03:00:00-0400,0.005701,0.005701,0.003003,0.000893,0.02076662071,0.024504614988000002,0.254826393442,2.127503600641,0.012134776194,0.001888559233,0.004151503044000001,0.001429275425,0.059677883827,0.0027169540750000003,0.0032060086590000006,0.026796336187000003,0.6156812566090001,0.0014256547710000001,0.0009031638220000001,0.00045023647500000007,0.00036574195400000003,0.0064721742700000005,0.018049666635,0.021298606329000002,0.228030057255,1.511822344032,0.010709121423,0.0009853954110000001,0.0037012665690000003,0.001063533471,0.053205709557,0.0,0.0,0.0,0.0,0.0,0.0,0.0,0.0,0.0,0.897346,4053452.591351084,21.553042,22.630694100000003,23.7083462,24.785998300000003,25.8636504,26.941302500000003,28.0189546,29.096606700000002,30.174258800000004,31.251910900000002,32.329563,33.4072151,34.484867200000004,35.562519300000005,36.6401714,37.7178235,38.7954756,39.873127700000005,40.95077980000001,42.0284319,43.106084
SF11C46885512282050980,4,,2019-05-18T04:00:00-0400,0.005701,0.005701,0.002771,0.001023,0.01937217427,0.022859168212,0.237209685722,2.010706136833,0.011307431482,0.0018124314490000001,0.003865557708,0.001347111001,0.055567419418999994,0.0027169540750000003,0.0032060086590000006,0.026796336187000003,0.6156812566090001,0.0014256547710000001,0.0009031638220000001,0.00045023647500000007,0.00036574195400000003,0.0064721742700000005,0.016655220195,0.019653159553,0.210413349535,1.395024880224,0.009881776711,0.000909267627,0.003415321233,0.000981369047,0.049095245148999996,0.0,0.0,0.0,0.0,0.0,0.0,0.0,0.0,0.0,0.917877,4053452.591351084,21.553042,22.630694100000003,23.7083462,24.785998300000003,25.8636504,26.941302500000003,28.0189546,29.096606700000002,30.174258800000004,31.251910900000002,32.329563,33.4072151,34.484867200000004,35.562519300000005,36.6401714,37.7178235,38.7954756,39.873127700000005,40.95077980000001,42.0284319,43.106084
SF11C46885512282050980,5,,2019-05-18T05:00:00-0400,0.005701,0.005701,0.002606,0.001133,0.018380434345,0.021688915117,0.224680561697,1.927638975073,0.010719018217,0.001758288844,0.0036621914129999996,0.001288675096,0.05264402878399999,0.0027169540750000003,0.0032060086590000006,0.026796336187000003,0.6156812566090001,0.0014256547710000001,0.0009031638220000001,0.00045023647500000007,0.00036574195400000003,0.0064721742700000005,0.01566348027,0.018482906458,0.19788422550999998,1.311957718464,0.009293363446,0.000855125022,0.0032119549379999997,0.0009229331419999999,0.046171854513999994,0.0,0.0,0.0,0.0,0.0,0.0,0.0,0.0,0.0,0.931564,4053452.591351084,21.553042,22.630694100000003,23.7083462,24.785998300000003,25.8636504,26.941302500000003,28.0189546,29.096606700000002,30.174258800000004,31.251910900000002,32.329563,33.4072151,34.484867200000004,35.562519300000005,36.6401714,37.7178235,38.7954756,39.873127700000005,40.95077980000001,42.0284319,43.106084
SF11C46885512282050980,6,,2019-05-18T06:00:00-0400,0.005701,0.005701,0.002487,0.001226,0.01766517949,0.0208449144,0.215644405582,1.8677299311370001,0.010294647438,0.0017192405410000001,0.003515521176,0.0012465304130000001,0.050535644022999995,0.0027169540750000003,0.0032060086590000006,0.026796336187000003,0.6156812566090001,0.0014256547710000001,0.0009031638220000001,0.00045023647500000007,0.00036574195400000003,0.0064721742700000005,0.014948225414999999,0.017638905741,0.18884806939499998,1.252048674528,0.008868992667,0.000816076719,0.003065284701,0.000880788459,0.044063469753,0.0,0.0,0.0,0.0,0.0,0.0,0.0,0.0,0.0,0.941341,4053452.591351084,21.553042,22.630694100000003,23.7083462,24.785998300000003,25.8636504,26.941302500000003,28.0189546,29.096606700000002,30.174258800000004,31.251910900000002,32.329563,33.4072151,34.484867200000004,35.562519300000005,36.6401714,37.7178235,38.7954756,39.873127700000005,40.95077980000001,42.0284319,43.106084
SF11C46885512282050980,7,,2019-05-18T07:00:00-0400,0.005701,0.005701,0.002402,0.001308,0.017154283165,0.020242056745,0.209190008357,1.824937756897,0.009991525453,0.0016913488960000002,0.003410756721,0.0012164270680000001,0.049029654908,0.0027169540750000003,0.0032060086590000006,0.026796336187000003,0.6156812566090001,0.0014256547710000001,0.0009031638220000001,0.00045023647500000007,0.00036574195400000003,0.0064721742700000005,0.01443732909,0.017036048086,0.18239367217,1.209256500288,0.008565870682,0.0007881850740000001,0.0029605202460000002,0.000850685114,0.042557480638,0.0,0.0,0.0,0.0,0.0,0.0,0.0,0.0,0.0,0.948673,4053452.591351084,21.553042,22.630694100000003,23.7083462,24.785998300000003,25.8636504,26.941302500000003,28.0189546,29.096606700000002,30.174258800000004,31.251910900000002,32.329563,33.4072151,34.484867200000004,35.562519300000005,36.6401714,37.7178235,38.7954756,39.873127700000005,40.95077980000001,42.0284319,43.106084
SF11C46885512282050980,8,,2019-05-18T08:00:00-0400,0.005701,0.005701,0.002187,0.001368,0.015862015990000002,0.018717181500000003,0.19286418008200001,1.716698727937,0.009224805138,0.0016207994410000002,0.0031457642760000003,0.0011402833130000002,0.045220388323,0.0027169540750000003,0.0032060086590000006,0.026796336187000003,0.6156812566090001,0.0014256547710000001,0.0009031638220000001,0.00045023647500000007,0.00036574195400000003,0.0064721742700000005,0.013145061915,0.015511172841000002,0.166067843895,1.101017471328,0.007799150367,0.0007176356190000001,0.0026955278010000003,0.0007745413590000001,0.038748214053,0.0,0.0,0.0,0.0,0.0,0.0,0.0,0.0,0.0,0.954376,4053452.591351084,21.553042,22.630694100000003,23.7083462,24.785998300000003,25.8636504,26.941302500000003,28.0189546,29.096606700000002,30.174258800000004,31.251910900000002,32.329563,33.4072151,34.484867200000004,35.562519300000005,36.6401714,37.7178235,38.7954756,39.873127700000005,40.95077980000001,42.0284319,43.106084
SF11C46885512282050980,9,,2019-05-18T09:00:00-0400,0.005701,0.005701,0.002871,0.001472,0.019973228769999997,0.023568412512,0.24480309422199997,2.061049871233,0.011664045582,0.001845245149,0.003988810008,0.001382526701,0.057339171318999994,0.0027169540750000003,0.0032060086590000006,0.026796336187000003,0.6156812566090001,0.0014256547710000001,0.0009031638220000001,0.00045023647500000007,0.00036574195400000003,0.0064721742700000005,0.017256274694999997,0.020362403852999998,0.21800675803499997,1.445368614624,0.010238390811,0.000942081327,0.0035385735329999998,0.001016784747,0.050866997048999996,0.0,0.0,0.0,0.0,0.0,0.0,0.0,0.0,0.0,0.958938,4053452.591351084,21.553042,22.630694100000003,23.7083462,24.785998300000003,25.8636504,26.941302500000003,28.0189546,29.096606700000002,30.174258800000004,31.251910900000002,32.329563,33.4072151,34.484867200000004,35.562519300000005,36.6401714,37.7178235,38.7954756,39.873127700000005,40.95077980000001,42.0284319,43.106084
SF11C46885512282050980,10,,2019-05-18T10:00:00-0400,0.020004,0.020004,0.012417,0.002229,0.084166343565,0.099316294167,1.0368980745929999,8.411519661684,0.049283193080999994,0.007243550817,0.016884053991,0.005680904085000001,0.24270837450299998,0.009533406300000002,0.011249429436000002,0.094024541148,2.1603381612360004,0.005002420284,0.0031690736880000004,0.0015798159000000001,0.001283336616,0.02270994108,0.07463293726499999,0.08806686473099999,0.9428735334449999,6.251181500447999,0.044280772797,0.004074477129,0.015304238090999999,0.004397567469,0.219998433423,0.0,0.0,0.0,0.0,0.0,0.0,0.0,0.0,0.0,0.759553,14222989.938148936,75.116775,78.87261375,82.62845250000001,86.38429125,90.14013,93.89596875000001,97.6518075,101.40764625,105.16348500000001,108.91932375,112.6751625,116.43100125000001,120.18684,123.94267875,127.69851750000001,131.45435625,135.210195,138.96603375,142.72187250000002,146.47771125000003,150.23355
SF11C46885512282050980,11,,2019-05-18T11:00:00-0400,0.040008,0.040008,0.029284,0.0041,0.19507961238000002,0.23019395968400003,2.411702827436,19.063335504168002,0.114435713612,0.015947311284000003,0.039252835332000004,0.012937806820000002,0.564259708556,0.019066812600000003,0.022498858872000004,0.188049082296,4.320676322472001,0.010004840568,0.006338147376000001,0.0031596318000000003,0.002566673232,0.04541988216,0.17601279978,0.20769510081200002,2.22365374514,14.742659181696,0.104430873044,0.009609163908,0.036093203532000004,0.010371133588,0.518839826396,0.0,0.0,0.0,0.0,0.0,0.0,0.0,0.0,0.0,0.67521,28445979.876297873,148.822918,156.2640639,163.70520979999998,171.1463557,178.5875016,186.02864749999998,193.4697934,200.9109393,208.35208519999998,215.79323109999999,223.234377,230.67552289999998,238.11666879999999,245.5578147,252.99896059999998,260.44010649999996,267.8812524,275.3223983,282.76354419999996,290.2046901,297.645836
SF11C46885512282050980,12,,2019-05-18T12:00:00-0400,0.070014,0.070014,0.058435,0.007857,0.384593119125,0.453819909731,4.766294150993,36.979544760966,0.225895920329,0.030266443503000003,0.077551837155,0.025186842451,1.114808016545,0.033366922050000004,0.039373003026000004,0.32908589401800004,7.561183564326001,0.017508470994000002,0.011091757908000002,0.0055293556500000006,0.004491678156000001,0.07948479378000001,0.35122619707499997,0.414446906705,4.4372082569749995,29.41836119664,0.208387449335,0.019174685595,0.072022481505,0.020695164295,1.035323222765,0.0,0.0,0.0,0.0,0.0,0.0,0.0,0.0,0.0,0.644382,49780464.78352128,256.795007,269.63475735,282.4745077,295.31425805,308.1540084,320.99375875,333.8335091,346.67325945,359.51300979999996,372.35276015,385.1925105,398.03226085,410.8720112,423.71176155,436.5515119,449.39126224999995,462.2310126,475.07076295,487.9105133,500.75026364999997,513.590014
SF11C46885512282050980,13,,2019-05-18T13:00:00-0400,0.10002,0.10002,0.092635,0.01372,0.6044538675749999,0.713255604485,7.504276669714999,57.437609167619996,0.355361572955,0.046242339435,0.122073847605,0.039224016774999995,1.754812077965,0.0476670315,0.056247147180000005,0.47012270574000004,10.80169080618,0.02501210142,0.01584536844,0.0078990795,0.00641668308,0.11354970539999999,0.5567868360749999,0.657008457305,7.034153963974999,46.63591836144,0.330349471535,0.030396970994999998,0.11417476810499999,0.032807333694999996,1.641262372565,0.0,0.0,0.0,0.0,0.0,0.0,0.0,0.0,0.0,0.668988,71114949.69074468,361.739978,379.82697690000003,397.9139758,416.00097470000003,434.0879736,452.1749725,470.2619714,488.3489703,506.43596920000005,524.5229681000001,542.609967,560.6969659,578.7839648,596.8709637000001,614.9579626,633.0449615,651.1319604,669.2189593,687.3059582000001,705.3929571000001,723.479956
SF11C46885512282050980,14,,2019-05-18T14:00:00-0400,0.130026,0.130026,0.130593,0.021801,0.8469022441349998,0.999344700033,10.527619479866997,79.78759111302598,0.49822878345899996,0.063451374213,0.17122767948899997,0.054592113105,2.4613985757869994,0.061967140950000006,0.07312129133400001,0.611159517462,14.042198048034,0.032515731846,0.020598978972000002,0.010268803350000001,0.008341688004,0.14761461702,0.7849351031849998,0.926223408699,9.916459962404998,65.74539306499199,0.465713051613,0.042852395241,0.16095887613899998,0.046250425101,2.3137839587669995,0.0,0.0,0.0,0.0,0.0,0.0,0.0,0.0,0.0,0.625395,92449434.59796809,463.742698,486.9298329,510.1169678,533.3041027,556.4912376,579.6783725,602.8655074000001,626.0526423,649.2397772,672.4269121,695.614047,718.8011819000001,741.9883168,765.1754516999999,788.3625866,811.5497215,834.7368564000001,857.9239913,881.1111262,904.2982611,927.485396
SF11C46885512282050980,15,,2019-05-18T15:00:00-0400,0.160032,0.160032,0.170798,0.032104,1.10285631531,1.301370515002,13.721586179014,103.2687967704,0.64910911279,0.08139773283000001,0.223150990554,0.070756000214,3.2077963388020003,0.07626725040000001,0.08999543548800001,0.752196329184,17.282705289888003,0.040019362272,0.025352589504000003,0.012638527200000001,0.010266692928,0.18167952864,1.02658906491,1.2113750795140001,12.96938984983,85.986091480512,0.6090897505180001,0.056045143326,0.210512463354,0.060489307286,3.026116810162,0.0,0.0,0.0,0.0,0.0,0.0,0.0,0.0,0.0,0.538947,113783919.50519149,562.885657,591.02993985,619.1742227000001,647.31850555,675.4627884,703.60707125,731.7513541000001,759.89563695,788.0399198,816.1842026500001,844.3284855,872.47276835,900.6170512000001,928.7613340500001,956.9056169,985.0498997500001,1013.1941826000001,1041.33846545,1069.4827483000001,1097.6270311500002,1125.771314
SF11C46885512282050980,16,,2019-05-18T16:00:00-0400,0.170034,0.170034,0.189308,0.042975,1.2188782064099999,1.4382763496500002,15.174138362937999,113.66759108845801,0.7176195928419999,0.089056085544,0.246754899234,0.07795311459200001,3.547102586032,0.08103395355,0.09562015020600001,0.799208599758,18.362874370506,0.042520572413999994,0.026937126348,0.01342843515,0.010908361236,0.19303449917999999,1.13784425286,1.342656199444,14.374929763179999,95.304716717952,0.675099020428,0.062118959196,0.233326464084,0.067044753356,3.354068086852,0.0,0.0,0.0,0.0,0.0,0.0,0.0,0.0,0.0,0.510131,120895414.47426595,595.31173,625.0773165,654.842903,684.6084895,714.3740760000001,744.1396625,773.905249,803.6708355000001,833.436422,863.2020085,892.9675950000001,922.7331815,952.498768,982.2643545000001,1012.029941,1041.7955275,1071.561114,1101.3267005,1131.092287,1160.8578735,1190.62346
SF11C46885512282050980,17,,2019-05-18T17:00:00-0400,0.120024,0.120024,0.137006,0.049477,0.8806811660699998,1.0392038222739999,10.967572496397999,81.93596571948,0.5185972355499999,0.06397117995,0.17834194153799998,0.056221653637999996,2.563666054594,0.057200437800000004,0.067496576616,0.5641472468880001,12.962028967416002,0.030014521704,0.019014442128000002,0.009478895400000001,0.0077000196960000005,0.13625964648,0.8234807282699999,0.9717072456579999,10.403425249509999,68.97393675206399,0.48858271384599994,0.044956737822,0.168863046138,0.04852163394199999,2.427406408114,0.0,0.0,0.0,0.0,0.0,0.0,0.0,0.0,0.0,0.65421,85337939.62889361,430.063568,451.5667464,473.06992479999997,494.5731032,516.0762816,537.5794599999999,559.0826384,580.5858168,602.0889952,623.5921736,645.0953519999999,666.5985304,688.1017088,709.6048871999999,731.1080655999999,752.6112439999999,774.1144224,795.6176008,817.1207792,838.6239576,860.127136
SF11C46885512282050980,18,,2019-05-18T18:00:00-0400,0.070014,0.070014,0.080583,0.051627,0.517714669785,0.610903337295,6.448082265573,48.129675055878,0.304878811197,0.037534021779000004,0.104849756559,0.033030711687,1.507215627357,0.033366922050000004,0.039373003026000004,0.32908589401800004,7.561183564326001,0.017508470994000002,0.011091757908000002,0.0055293556500000006,0.004491678156000001,0.07948479378000001,0.484347747735,0.571530334269,6.118996371555,40.568491491552,0.287370340203,0.026442263871000002,0.099320400909,0.028539033531,1.427730833577,0.0,0.0,0.0,0.0,0.0,0.0,0.0,0.0,0.0,0.798289,49780464.78352128,256.795007,269.63475735,282.4745077,295.31425805,308.1540084,320.99375875,333.8335091,346.67325945,359.51300979999996,372.35276015,385.1925105,398.03226085,410.8720112,423.71176155,436.5515119,449.39126224999995,462.2310126,475.07076295,487.9105133,500.75026364999997,513.590014
SF11C46885512282050980,19,,2019-05-18T19:00:00-0400,0.040008,0.040008,0.045669,0.051215,0.29356239220499997,0.346403638239,3.655882810161,27.312156385608,0.172866933897,0.021323836029000003,0.059447724687000006,0.018740669265000003,0.8545612573710001,0.019066812600000003,0.022498858872000004,0.188049082296,4.320676322472001,0.010004840568,0.006338147376000001,0.0031596318000000003,0.002566673232,0.04541988216,0.274495579605,0.323904779367,3.467833727865,22.991480063136,0.162862093329,0.014985688653000002,0.056288092887000006,0.016173996033,0.809141375211,0.0,0.0,0.0,0.0,0.0,0.0,0.0,0.0,0.0,0.884737,28445979.876297873,148.822918,156.2640639,163.70520979999998,171.1463557,178.5875016,186.02864749999998,193.4697934,200.9109393,208.35208519999998,215.79323109999999,223.234377,230.67552289999998,238.11666879999999,245.5578147,252.99896059999998,260.44010649999996,267.8812524,275.3223983,282.76354419999996,290.2046901,297.645836
SF11C46885512282050980,20,,2019-05-18T20:00:00-0400,0.005701,0.005701,0.006349,0.048113,0.040877904279999995,0.048235929266000004,0.5089018418519999,3.812004953665,0.02406708398,0.002986505635,0.008275525002,0.0026142847469999998,0.118960702401,0.0027169540750000003,0.0032060086590000006,0.026796336187000003,0.6156812566090001,0.0014256547710000001,0.0009031638220000001,0.00045023647500000007,0.00036574195400000003,0.0064721742700000005,0.038160950204999995,0.045029920607,0.48210550566499993,3.1963236970559996,0.022641429209,0.002083341813,0.007825288526999999,0.002248542793,0.11248852813099999,0.0,0.0,0.0,0.0,0.0,0.0,0.0,0.0,0.0,0.983575,4053452.591351084,21.553042,22.630694100000003,23.7083462,24.785998300000003,25.8636504,26.941302500000003,28.0189546,29.096606700000002,30.174258800000004,31.251910900000002,32.329563,33.4072151,34.484867200000004,35.562519300000005,36.6401714,37.7178235,38.7954756,39.873127700000005,40.95077980000001,42.0284319,43.106084
SF11C46885512282050980,21,,2019-05-18T21:00:00-0400,0.005701,0.005701,0.006085,0.045207,0.0392911204,0.046363524314,0.488855243412,3.679097494849,0.023125622755999997,0.0028998774670000002,0.007950138930000001,0.002520787299,0.114283277385,0.0027169540750000003,0.0032060086590000006,0.026796336187000003,0.6156812566090001,0.0014256547710000001,0.0009031638220000001,0.00045023647500000007,0.00036574195400000003,0.0064721742700000005,0.036574166325,0.043157515655,0.462058907225,3.06341623824,0.021699967985,0.0019967136450000002,0.0074999024550000005,0.002155045345,0.107811103115,0.0,0.0,0.0,0.0,0.0,0.0,0.0,0.0,0.0,0.992901,4053452.591351084,21.553042,22.630694100000003,23.7083462,24.785998300000003,25.8636504,26.941302500000003,28.0189546,29.096606700000002,30.174258800000004,31.251910900000002,32.329563,33.4072151,34.484867200000004,35.562519300000005,36.6401714,37.7178235,38.7954756,39.873127700000005,40.95077980000001,42.0284319,43.106084
SF11C46885512282050980,22,,2019-05-18T22:00:00-0400,0.005701,0.005701,0.005726,0.042477,0.037133334744999996,0.043817337277000004,0.461594906897,3.498363488353,0.021845378137,0.0027820762840000002,0.007507663173,0.002393644936,0.107922688064,0.0027169540750000003,0.0032060086590000006,0.026796336187000003,0.6156812566090001,0.0014256547710000001,0.0009031638220000001,0.00045023647500000007,0.00036574195400000003,0.0064721742700000005,0.034416380669999996,0.040611328618,0.43479857071,2.882682231744,0.020419723366000002,0.001878912462,0.007057426698,0.0020279029820000002,0.101450513794,0.0,0.0,0.0,0.0,0.0,0.0,0.0,0.0,0.0,0.992901,4053452.591351084,21.553042,22.630694100000003,23.7083462,24.785998300000003,25.8636504,26.941302500000003,28.0189546,29.096606700000002,30.174258800000004,31.251910900000002,32.329563,33.4072151,34.484867200000004,35.562519300000005,36.6401714,37.7178235,38.7954756,39.873127700000005,40.95077980000001,42.0284319,43.106084
SF11C46885512282050980,23,,2019-05-18T23:00:00-0400,0.005701,0.005701,0.00528,0.039905,0.034452631675,0.040654107699000006,0.427728304987,3.273830432929,0.020254879251000002,0.002635727182,0.006957957915,0.002235690914,0.10002067459,0.0027169540750000003,0.0032060086590000006,0.026796336187000003,0.6156812566090001,0.0014256547710000001,0.0009031638220000001,0.00045023647500000007,0.00036574195400000003,0.0064721742700000005,0.0317356776,0.03744809904,0.4009319688,2.65814917632,0.01882922448,0.00173256336,0.00650772144,0.00186994896,0.09354850031999999,0.0,0.0,0.0,0.0,0.0,0.0,0.0,0.0,0.0,0.992901,4053452.591351084,21.553042,22.630694100000003,23.7083462,24.785998300000003,25.8636504,26.941302500000003,28.0189546,29.096606700000002,30.174258800000004,31.251910900000002,32.329563,33.4072151,34.484867200000004,35.562519300000005,36.6401714,37.7178235,38.7954756,39.873127700000005,40.95077980000001,42.0284319,43.106084
SF11C46885612282050980,0,,2019-05-18T00:00:00-0400,0.005701,0.005701,0.004404,0.000304,0.00032893945100000003,0.000388148075,0.00413137055,0.028801095994,0.000194560249,2.0386986e-05,6.710729e-05,2.0046842999999997e-05,0.0009646672030000001,8.751035e-06,1.0324511e-05,8.6278934e-05,0.0019824315340000002,4.589305000000001e-06,2.9075100000000004e-06,1.448054e-06,1.180107e-06,2.0837155e-05,0.000320188416,0.00037782356400000003,0.004045091616,0.02681866446,0.000189970944,1.7479476000000002e-05,6.5659236e-05,1.8866736e-05,0.000943830048,0.0,0.0,0.0,0.0,0.0,0.0,0.0,0.0,0.0,0.979901,17757.13360122157,2.115098,2.2208529,2.3266078,2.4323627,2.5381176,2.6438725,2.7496274000000005,2.8553823000000005,2.9611372000000005,3.0668921000000005,3.1726470000000004,3.2784019000000004,3.3841568000000004,3.4899117000000004,3.5956666000000004,3.7014215000000004,3.8071764000000003,3.9129313000000003,4.0186862,4.1244411,4.230196
SF11C46885612282050980,1,,2019-05-18T01:00:00-0400,0.005701,0.005701,0.003775,0.000544,0.00028320863500000003,0.00033418553600000005,0.0035536315340000003,0.024970728159,0.000167427705,1.7890485000000003e-05,5.7729529e-05,1.7352207e-05,0.0008298649550000001,8.751035e-06,1.0324511e-05,8.6278934e-05,0.0019824315340000002,4.589305000000001e-06,2.9075100000000004e-06,1.448054e-06,1.180107e-06,2.0837155e-05,0.0002744576,0.00032386102500000006,0.0034673526,0.022988296625,0.0001628384,1.4982975000000002e-05,5.6281475000000005e-05,1.61721e-05,0.0008090278000000001,0.0,0.0,0.0,0.0,0.0,0.0,0.0,0.0,0.0,0.979901,17757.13360122157,2.115098,2.2208529,2.3266078,2.4323627,2.5381176,2.6438725,2.7496274000000005,2.8553823000000005,2.9611372000000005,3.0668921000000005,3.1726470000000004,3.2784019000000004,3.3841568000000004,3.4899117000000004,3.5956666000000004,3.7014215000000004,3.8071764000000003,3.9129313000000003,4.0186862,4.1244411,4.230196
SF11C46885612282050980,2,,2019-05-18T02:00:00-0400,0.005701,0.005701,0.003325,0.000737,0.000250491835,0.000295579586,0.003140304734,0.022230401409,0.000148016505,1.6104435e-05,5.1020479e-05,1.5424407e-05,0.000733424555,8.751035e-06,1.0324511e-05,8.6278934e-05,0.0019824315340000002,4.589305000000001e-06,2.9075100000000004e-06,1.448054e-06,1.180107e-06,2.0837155e-05,0.0002417408,0.000285255075,0.0030540258,0.020247969875,0.0001434272,1.3196925e-05,4.9572425e-05,1.4244299999999998e-05,0.0007125874,0.0,0.0,0.0,0.0,0.0,0.0,0.0,0.0,0.0,0.986601,17757.13360122157,2.115098,2.2208529,2.3266078,2.4323627,2.5381176,2.6438725,2.7496274000000005,2.8553823000000005,2.9611372000000005,3.0668921000000005,3.1726470000000004,3.2784019000000004,3.3841568000000004,3.4899117000000004,3.5956666000000004,3.7014215000000004,3.8071764000000003,3.9129313000000003,4.0186862,4.1244411,4.230196
SF11C46885612282050980,3,,2019-05-18T03:00:00-0400,0.005701,0.005701,0.003003,0.000893,0.00022708114700000003,0.00026795488400000004,0.0028445464460000003,0.020269545379,0.000134126713,1.4826417e-05,4.6219781e-05,1.4044959e-05,0.0006644160910000001,8.751035e-06,1.0324511e-05,8.6278934e-05,0.0019824315340000002,4.589305000000001e-06,2.9075100000000004e-06,1.448054e-06,1.180107e-06,2.0837155e-05,0.00021833011200000002,0.00025763037300000004,0.002758267512,0.018287113845,0.000129537408,1.1918907000000001e-05,4.4771727000000004e-05,1.2864852e-05,0.0006435789360000001,0.0,0.0,0.0,0.0,0.0,0.0,0.0,0.0,0.0,0.989951,17757.13360122157,2.115098,2.2208529,2.3266078,2.4323627,2.5381176,2.6438725,2.7496274000000005,2.8553823000000005,2.9611372000000005,3.0668921000000005,3.1726470000000004,3.2784019000000004,3.3841568000000004,3.4899117000000004,3.5956666000000004,3.7014215000000004,3.8071764000000003,3.9129313000000003,4.0186862,4.1244411,4.230196
SF11C46885612282050980,4,,2019-05-18T04:00:00-0400,0.005701,0.005701,0.002771,0.001023,0.00021021381900000004,0.00024805137200000003,0.0026314535180000003,0.018856754699,0.00012411916100000002,1.3905609000000002e-05,4.2760893e-05,1.3051070999999998e-05,0.0006146957070000001,8.751035e-06,1.0324511e-05,8.6278934e-05,0.0019824315340000002,4.589305000000001e-06,2.9075100000000004e-06,1.448054e-06,1.180107e-06,2.0837155e-05,0.00020146278400000003,0.000237726861,0.002545174584,0.016874323165,0.00011952985600000001,1.0998099000000001e-05,4.1312839e-05,1.1870963999999999e-05,0.000593858552,0.0,0.0,0.0,0.0,0.0,0.0,0.0,0.0,0.0,0.991961,17757.13360122157,2.115098,2.2208529,2.3266078,2.4323627,2.5381176,2.6438725,2.7496274000000005,2.8553823000000005,2.9611372000000005,3.0668921000000005,3.1726470000000004,3.2784019000000004,3.3841568000000004,3.4899117000000004,3.5956666000000004,3.7014215000000004,3.8071764000000003,3.9129313000000003,4.0186862,4.1244411,4.230196
SF11C46885612282050980,5,,2019-05-18T05:00:00-0400,0.005701,0.005701,0.002606,0.001133,0.000198217659,0.000233895857,0.002479900358,0.017851968224,0.000117001721,1.3250724e-05,4.0300907999999994e-05,1.2344210999999998e-05,0.000579334227,8.751035e-06,1.0324511e-05,8.6278934e-05,0.0019824315340000002,4.589305000000001e-06,2.9075100000000004e-06,1.448054e-06,1.180107e-06,2.0837155e-05,0.000189466624,0.000223571346,0.002393621424,0.015869536689999998,0.000112412416,1.0343214e-05,3.8852853999999996e-05,1.1164103999999998e-05,0.000558497072,0.0,0.0,0.0,0.0,0.0,0.0,0.0,0.0,0.0,0.9933,17757.13360122157,2.115098,2.2208529,2.3266078,2.4323627,2.5381176,2.6438725,2.7496274000000005,2.8553823000000005,2.9611372000000005,3.0668921000000005,3.1726470000000004,3.2784019000000004,3.3841568000000004,3.4899117000000004,3.5956666000000004,3.7014215000000004,3.8071764000000003,3.9129313000000003,4.0186862,4.1244411,4.230196
SF11C46885612282050980,6,,2019-05-18T06:00:00-0400,0.005701,0.005701,0.002487,0.001226,0.00018956588300000001,0.000223686728,0.002370598382,0.017127304039,0.00011186853700000002,1.2778413000000002e-05,3.8526737e-05,1.1834414999999999e-05,0.000553831099,8.751035e-06,1.0324511e-05,8.6278934e-05,0.0019824315340000002,4.589305000000001e-06,2.9075100000000004e-06,1.448054e-06,1.180107e-06,2.0837155e-05,0.000180814848,0.000213362217,0.002284319448,0.015144872505,0.00010727923200000001,9.870903e-06,3.7078683e-05,1.0654308e-05,0.000532993944,0.0,0.0,0.0,0.0,0.0,0.0,0.0,0.0,0.0,0.994258,17757.13360122157,2.115098,2.2208529,2.3266078,2.4323627,2.5381176,2.6438725,2.7496274000000005,2.8553823000000005,2.9611372000000005,3.0668921000000005,3.1726470000000004,3.2784019000000004,3.3841568000000004,3.4899117000000004,3.5956666000000004,3.7014215000000004,3.8071764000000003,3.9129313000000003,4.0186862,4.1244411,4.230196
SF11C46885612282050980,7,,2019-05-18T07:00:00-0400,0.005701,0.005701,0.002402,0.001308,0.00018338604300000003,0.00021639449300000002,0.002292525542,0.016609686764,0.00010820197700000002,1.2441048000000003e-05,3.7259472e-05,1.1470275e-05,0.0005356145790000001,8.751035e-06,1.0324511e-05,8.6278934e-05,0.0019824315340000002,4.589305000000001e-06,2.9075100000000004e-06,1.448054e-06,1.180107e-06,2.0837155e-05,0.00017463500800000002,0.00020606998200000003,0.002206246608,0.01462725523,0.00010361267200000001,9.533538000000002e-06,3.5811418e-05,1.0290168e-05,0.000514777424,0.0,0.0,0.0,0.0,0.0,0.0,0.0,0.0,0.0,0.994975,17757.13360122157,2.115098,2.2208529,2.3266078,2.4323627,2.5381176,2.6438725,2.7496274000000005,2.8553823000000005,2.9611372000000005,3.0668921000000005,3.1726470000000004,3.2784019000000004,3.3841568000000004,3.4899117000000004,3.5956666000000004,3.7014215000000004,3.8071764000000003,3.9129313000000003,4.0186862,4.1244411,4.230196
SF11C46885612282050980,8,,2019-05-18T08:00:00-0400,0.005701,0.005701,0.002187,0.001368,0.00016775468300000003,0.00019794942800000002,0.002095047182,0.015300419539000002,9.892773700000002e-05,1.1587713000000003e-05,3.4054037000000004e-05,1.0549215e-05,0.000489537499,8.751035e-06,1.0324511e-05,8.6278934e-05,0.0019824315340000002,4.589305000000001e-06,2.9075100000000004e-06,1.448054e-06,1.180107e-06,2.0837155e-05,0.00015900364800000002,0.00018762491700000003,0.002008768248,0.013317988005000002,9.433843200000001e-05,8.680203000000002e-06,3.2605983000000006e-05,9.369108e-06,0.00046870034400000004,0.0,0.0,0.0,0.0,0.0,0.0,0.0,0.0,0.0,0.995534,17757.13360122157,2.115098,2.2208529,2.3266078,2.4323627,2.5381176,2.6438725,2.7496274000000005,2.8553823000000005,2.9611372000000005,3.0668921000000005,3.1726470000000004,3.2784019000000004,3.3841568000000004,3.4899117000000004,3.5956666000000004,3.7014215000000004,3.8071764000000003,3.9129313000000003,4.0186862,4.1244411,4.230196
SF11C46885612282050980,9,,2019-05-18T09:00:00-0400,0.005701,0.005701,0.002871,0.001472,0.000217484219,0.000256630472,0.002723303918,0.019465716199,0.000128432761,1.4302509000000002e-05,4.4251792999999996e-05,1.3479470999999998e-05,0.000636126907,8.751035e-06,1.0324511e-05,8.6278934e-05,0.0019824315340000002,4.589305000000001e-06,2.9075100000000004e-06,1.448054e-06,1.180107e-06,2.0837155e-05,0.000208733184,0.000246305961,0.002637024984,0.017483284665,0.000123843456,1.1394999e-05,4.2803739e-05,1.2299363999999998e-05,0.000615289752,0.0,0.0,0.0,0.0,0.0,0.0,0.0,0.0,0.0,0.99598,17757.13360122157,2.115098,2.2208529,2.3266078,2.4323627,2.5381176,2.6438725,2.7496274000000005,2.8553823000000005,2.9611372000000005,3.0668921000000005,3.1726470000000004,3.2784019000000004,3.3841568000000004,3.4899117000000004,3.5956666000000004,3.7014215000000004,3.8071764000000003,3.9129313000000003,4.0186862,4.1244411,4.230196
SF11C46885612282050980,10,,2019-05-18T10:00:00-0400,0.020004,0.020004,0.012417,0.002229,0.000933471708,0.0011014940909999998,0.011707804704,0.082570820391,0.000551722932,5.9485113e-05,0.000190206069,5.733525599999999e-05,0.002734226724,3.070614e-05,3.6227244e-05,0.000302740536,0.006956070936,1.6103220000000003e-05,1.0202040000000001e-05,5.081016e-06,4.140828e-06,7.311462e-05,0.000902765568,0.001065266847,0.011405064167999999,0.075614749455,0.000535619712,4.9283073e-05,0.000185125053,5.319442799999999e-05,0.002661112104,0.0,0.0,0.0,0.0,0.0,0.0,0.0,0.0,0.0,0.976461,62307.26198190427,7.416657,7.78748985,8.1583227,8.52915555,8.8999884,9.27082125,9.6416541,10.01248695,10.383319799999999,10.75415265,11.1249855,11.49581835,11.8666512,12.237484049999999,12.608316899999998,12.97914975,13.3499826,13.72081545,14.0916483,14.462481149999999,14.833314
SF11C46885612282050980,11,,2019-05-18T11:00:00-0400,0.040008,0.040008,0.029285,0.0041,0.00219054892,0.0025848439229999996,0.027503870712,0.19224651714699997,0.0012954442,0.000136636245,0.000446772097,0.00013373859599999998,0.00642235616,6.141228e-05,7.2454488e-05,0.000605481072,0.013912141872,3.220644000000001e-05,2.0404080000000002e-05,1.0162032e-05,8.281656e-06,0.00014622924,0.00212913664,0.002512389435,0.02689838964,0.17833437527499998,0.00126323776,0.000116232165,0.000436610065,0.00012545693999999998,0.00627612692,0.0,0.0,0.0,0.0,0.0,0.0,0.0,0.0,0.0,0.927667,124614.52396380853,14.819563,15.56054115,16.3015193,17.04249745,17.7834756,18.52445375,19.2654319,20.00641005,20.7473882,21.48836635,22.2293445,22.97032265,23.7113008,24.45227895,25.1932571,25.93423525,26.6752134,27.41619155,28.1571697,28.89814785,29.639126
SF11C46885612282050980,12,,2019-05-18T12:00:00-0400,0.070014,0.070014,0.058436,0.007857,0.004356002434,0.005140078230000001,0.05473329162,0.380198990416,0.0025770565660000002,0.000267639624,0.0008890058800000001,0.000264832722,0.012779437202,0.00010747149000000001,0.00012679535400000002,0.001059591876,0.024346248276,5.636127000000001e-05,3.5707140000000005e-05,1.7783556e-05,1.4492898000000001e-05,0.00025590117000000003,0.004248530944,0.005013282876000001,0.053673699744,0.35585274214,0.002520695296,0.00023193248400000003,0.0008712223240000001,0.000250339824,0.012523536032,0.0,0.0,0.0,0.0,0.0,0.0,0.0,0.0,0.0,0.854803,218075.41693666496,25.898193,27.19310265,28.488012299999998,29.78292195,31.0778316,32.37274125,33.6676509,34.96256055,36.2574702,37.552379849999994,38.8472895,40.142199149999996,41.4371088,42.73201845,44.0269281,45.32183775,46.616747399999994,47.91165705,49.206566699999996,50.50147635,51.796386
SF11C46885612282050980,13,,2019-05-18T13:00:00-0400,0.10002,0.10002,0.092637,0.01372,0.006888611148,0.008128557086999999,0.086601157728,0.5989040194349999,0.004076505732,0.000418686453,0.001406530113,0.00041756104799999997,0.020218793843999997,0.0001535307,0.00018113622,0.00151370268,0.03478035468,8.05161e-05,5.10102e-05,2.540508e-05,2.070414e-05,0.0003655731,0.006735080448,0.007947420867,0.085087455048,0.564123664755,0.003995989632,0.000367676253,0.001381125033,0.00039685690799999996,0.019853220744,0.0,0.0,0.0,0.0,0.0,0.0,0.0,0.0,0.0,0.791131,311536.3099095213,36.946024,38.7933252,40.6406264,42.4879276,44.3352288,46.18253,48.029831200000004,49.8771324,51.7244336,53.5717348,55.419036000000006,57.2663372,59.1136384,60.9609396,62.8082408,64.655542,66.5028432,68.3501444,70.19744560000001,72.0447468,73.892048
SF11C46885612282050980,14,,2019-05-18T14:00:00-0400,0.130026,0.130026,0.130595,0.021801,0.009694368790000001,0.011439352731,0.121919843364,0.840487732009,0.0057380168499999995,0.0005846448149999999,0.001980067459,0.0005863843619999999,0.02846332067,0.00019958990999999999,0.000235477086,0.001967813484,0.045214461084,0.00010467093000000001,6.631326e-05,3.3026604e-05,2.6915382e-05,0.00047524503,0.00949477888,0.011203875645,0.11995202987999999,0.795273270925,0.0056333459199999995,0.000518331555,0.001947040855,0.0005594689799999999,0.02798807564,0.0,0.0,0.0,0.0,0.0,0.0,0.0,0.0,0.0,0.747163,404997.2028823777,47.963143,50.361300150000005,52.7594573,55.157614450000004,57.5557716,59.95392875,62.352085900000006,64.75024305000001,67.1484002,69.54655735,71.9447145,74.34287165,76.74102880000001,79.13918595000001,81.53734310000002,83.93550025,86.3336574,88.73181455000001,91.1299717,93.52812885,95.926286
SF11C46885612282050980,15,,2019-05-18T15:00:00-0400,0.160032,0.160032,0.1708,0.032104,0.01266349232,0.014942920752,0.159302407488,1.095754809488,0.007496454560000001,0.0007595215200000001,0.002587105328,0.0007648338239999999,0.037189406560000006,0.00024564912,0.000289817952,0.002421924288,0.055648567488,0.00012882576000000003,8.161632000000001e-05,4.0648128e-05,3.3126624e-05,0.00058491696,0.0124178432,0.014653102800000001,0.1568804832,1.040106242,0.0073676288000000005,0.0006779052000000001,0.0025464572000000003,0.0007317071999999999,0.036604489600000005,0.0,0.0,0.0,0.0,0.0,0.0,0.0,0.0,0.0,0.736568,498458.09585523413,58.949635,61.89711675,64.8445985,67.79208025,70.739562,73.68704375,76.6345255,79.58200725,82.529489,85.47697075,88.4244525,91.37193425000001,94.319416,97.26689775,100.2143795,103.16186125,106.109343,109.05682475,112.00430650000001,114.95178824999999,117.89927
SF11C46885612282050980,16,,2019-05-18T16:00:00-0400,0.170034,0.170034,0.189309,0.042975,0.014024523726000002,0.016548939993000004,0.176454368292,1.2119455289910002,0.008302910394,0.0008380847610000001,0.0028655965170000003,0.000846196794,0.041192664678,0.00026100219,0.000307931574,0.002573294556,0.059126602955999995,0.00013687737,8.671734e-05,4.3188635999999994e-05,3.5197038e-05,0.0006214742699999999,0.013763521536000002,0.016241008419000003,0.173881073736,1.1528189260350001,0.008166033024,0.0007513674210000001,0.0028224078810000003,0.000810999756,0.040571190408,0.0,0.0,0.0,0.0,0.0,0.0,0.0,0.0,0.0,0.783801,529611.7268461862,62.605008,65.73525839999999,68.8655088,71.9957592,75.1260096,78.25626,81.38651039999999,84.5167608,87.6470112,90.7772616,93.907512,97.03776239999999,100.1680128,103.29826320000001,106.4285136,109.558764,112.68901439999999,115.8192648,118.94951520000001,122.0797656,125.210016
SF11C46885612282050980,17,,2019-05-18T17:00:00-0400,0.120024,0.120024,0.137003,0.049477,0.010144902952,0.011970987837000001,0.12765424672800002,0.8760319494610002,0.006006380728,0.0006049771470000001,0.0020730638230000006,0.00061176582,0.029800074656000004,0.00018423684,0.000217363464,0.001816443216,0.041736425616,9.661932000000001e-05,6.121224000000001e-05,3.0486096000000002e-05,2.4844968e-05,0.00043868772,0.009960666112000001,0.011753624373000001,0.12583780351200002,0.8342955238450002,0.0059097614080000005,0.0005437649070000001,0.0020425777270000004,0.000586920852,0.029361386936000003,0.0,0.0,0.0,0.0,0.0,0.0,0.0,0.0,0.0,0.868512,373843.57189142564,44.294177,46.50888585,48.7235947,50.93830355,53.153012399999994,55.36772125,57.582430099999996,59.79713895,62.0118478,64.22655664999999,66.4412655,68.65597435,70.8706832,73.08539205,75.30010089999999,77.51480975,79.7295186,81.94422745,84.1589363,86.37364515,88.58835400000001
SF11C46885612282050980,18,,2019-05-18T18:00:00-0400,0.070014,0.070014,0.08058,0.051627,0.005965959810000001,0.007039834134,0.07507264419599999,0.515047424976,0.0035322601500000004,0.00035552916,0.001219150776,0.00035969761799999994,0.01752516213,0.00010747149000000001,0.00012679535400000002,0.001059591876,0.024346248276,5.636127000000001e-05,3.5707140000000005e-05,1.7783556e-05,1.4492898000000001e-05,0.00025590117000000003,0.005858488320000001,0.00691303878,0.07401305232,0.4907011767,0.0034758988800000002,0.00031982202,0.00120136722,0.00034520471999999994,0.01726926096,0.0,0.0,0.0,0.0,0.0,0.0,0.0,0.0,0.0,0.949948,218075.41693666496,25.898193,27.19310265,28.488012299999998,29.78292195,31.0778316,32.37274125,33.6676509,34.96256055,36.2574702,37.552379849999994,38.8472895,40.142199149999996,41.4371088,42.73201845,44.0269281,45.32183775,46.616747399999994,47.91165705,49.206566699999996,50.50147635,51.796386
SF11C46885612282050980,19,,2019-05-18T19:00:00-0400,0.040008,0.040008,0.045668,0.051215,0.0033816585520000005,0.003990357876000001,0.042551721744,0.292012679692,0.002002141288,0.00020166037200000002,0.000691026244,0.00020392336799999997,0.009933429656,6.141228e-05,7.2454488e-05,0.000605481072,0.013912141872,3.220644000000001e-05,2.0404080000000002e-05,1.0162032e-05,8.281656e-06,0.00014622924,0.0033202462720000004,0.0039179033880000005,0.041946240672,0.27810053782,0.001969934848,0.00018125629200000003,0.000680864212,0.00019564171199999998,0.009787200416,0.0,0.0,0.0,0.0,0.0,0.0,0.0,0.0,0.0,0.98412,124614.52396380853,14.819563,15.56054115,16.3015193,17.04249745,17.7834756,18.52445375,19.2654319,20.00641005,20.7473882,21.48836635,22.2293445,22.97032265,23.7113008,24.45227895,25.1932571,25.93423525,26.6752134,27.41619155,28.1571697,28.89814785,29.639126
SF11C46885612282050980,20,,2019-05-18T20:00:00-0400,0.005701,0.005701,0.006347,0.048113,0.00047020332300000005,0.0005548399880000001,0.0059160238220000005,0.040633217939,0.000278373497,2.8098753e-05,9.607547700000001e-05,2.8370655e-05,0.001381075419,8.751035e-06,1.0324511e-05,8.6278934e-05,0.0019824315340000002,4.589305000000001e-06,2.9075100000000004e-06,1.448054e-06,1.180107e-06,2.0837155e-05,0.00046145228800000004,0.000544515477,0.005829744888,0.038650786405000005,0.000273784192,2.5191243e-05,9.4627423e-05,2.7190547999999998e-05,0.001360238264,0.0,0.0,0.0,0.0,0.0,0.0,0.0,0.0,0.0,0.999065,17757.13360122157,2.115098,2.2208529,2.3266078,2.4323627,2.5381176,2.6438725,2.7496274000000005,2.8553823000000005,2.9611372000000005,3.0668921000000005,3.1726470000000004,3.2784019000000004,3.3841568000000004,3.4899117000000004,3.5956666000000004,3.7014215000000004,3.8071764000000003,3.9129313000000003,4.0186862,4.1244411,4.230196
SF11C46885612282050980,21,,2019-05-18T21:00:00-0400,0.005701,0.005701,0.006085,0.045207,0.000451154875,0.0005323627460000001,0.005675375774,0.03903773880900001,0.00026707186500000003,2.7058875e-05,9.2169319e-05,2.7248246999999996e-05,0.001324925675,8.751035e-06,1.0324511e-05,8.6278934e-05,0.0019824315340000002,4.589305000000001e-06,2.9075100000000004e-06,1.448054e-06,1.180107e-06,2.0837155e-05,0.00044240384,0.0005220382350000001,0.00558909684,0.037055307275000005,0.00026248256,2.4151365e-05,9.0721265e-05,2.6068139999999998e-05,0.00130408852,0.0,0.0,0.0,0.0,0.0,0.0,0.0,0.0,0.0,0.999768,17757.13360122157,2.115098,2.2208529,2.3266078,2.4323627,2.5381176,2.6438725,2.7496274000000005,2.8553823000000005,2.9611372000000005,3.0668921000000005,3.1726470000000004,3.2784019000000004,3.3841568000000004,3.4899117000000004,3.5956666000000004,3.7014215000000004,3.8071764000000003,3.9129313000000003,4.0186862,4.1244411,4.230196
SF11C46885612282050980,22,,2019-05-18T22:00:00-0400,0.005701,0.005701,0.005726,0.042477,0.00042505413900000005,0.000501563777,0.0053456328380000005,0.036851567024,0.00025158604100000004,2.5634004000000003e-05,8.681698800000001e-05,2.5710291e-05,0.001247987667,8.751035e-06,1.0324511e-05,8.6278934e-05,0.0019824315340000002,4.589305000000001e-06,2.9075100000000004e-06,1.448054e-06,1.180107e-06,2.0837155e-05,0.00041630310400000005,0.000491239266,0.005259353904,0.03486913549,0.000246996736,2.2726494000000004e-05,8.536893400000001e-05,2.4530183999999997e-05,0.001227150512,0.0,0.0,0.0,0.0,0.0,0.0,0.0,0.0,0.0,0.99977,17757.13360122157,2.115098,2.2208529,2.3266078,2.4323627,2.5381176,2.6438725,2.7496274000000005,2.8553823000000005,2.9611372000000005,3.0668921000000005,3.1726470000000004,3.2784019000000004,3.3841568000000004,3.4899117000000004,3.5956666000000004,3.7014215000000004,3.8071764000000003,3.9129313000000003,4.0186862,4.1244411,4.230196
SF11C46885612282050980,23,,2019-05-18T23:00:00-0400,0.005701,0.005701,0.00528,0.039905,0.00039262815500000004,0.00046330099100000004,0.004935980054,0.034135598734,0.000232347385,2.3863830000000002e-05,8.0167574e-05,2.3799626999999995e-05,0.001152404515,8.751035e-06,1.0324511e-05,8.6278934e-05,0.0019824315340000002,4.589305000000001e-06,2.9075100000000004e-06,1.448054e-06,1.180107e-06,2.0837155e-05,0.00038387712000000003,0.00045297648000000004,0.00484970112,0.0321531672,0.00022775808,2.0956320000000003e-05,7.871952e-05,2.2619519999999997e-05,0.00113156736,0.0,0.0,0.0,0.0,0.0,0.0,0.0,0.0,0.0,0.999771,17757.13360122157,2.115098,2.2208529,2.3266078,2.4323627,2.5381176,2.6438725,2.7496274000000005,2.8553823000000005,2.9611372000000005,3.0668921000000005,3.1726470000000004,3.2784019000000004,3.3841568000000004,3.4899117000000004,3.5956666000000004,3.7014215000000004,3.8071764000000003,3.9129313000000003,4.0186862,4.1244411,4.230196
SF11C46885712282050980,0,,2019-05-18T00:00:00-0400,0.005701,0.005701,0.004399,0.000304,0.038090374285000006,0.044946646006,0.447359295574,4.935757446097,0.021761527567000002,0.005473993541,0.0073300840160000005,0.0031692114570000002,0.10536994115000001,0.012218183665000002,0.014417458435000002,0.12050353066200001,2.76872799155,0.006411190673000001,0.004061540626,0.002024727253,0.001644755603,0.029105463526000002,0.025872190620000002,0.030529187571,0.326855764912,2.167029454547,0.015350336894,0.001412452915,0.005305356763000001,0.0015244558540000001,0.076264477624,0.0,0.0,0.0,0.0,0.0,0.0,0.0,0.0,0.0,0.901217,5794282.637606993,10.384745,10.937610450000001,11.4904759,12.04334135,12.596206800000001,13.14907225,13.7019377,14.25480315,14.8076686,15.360534049999998,15.913399499999999,16.46626495,17.019130399999998,17.57199585,18.1248613,18.677726749999998,19.230592199999997,19.78345765,20.336323099999998,20.88918855,21.442054
SF11C46885712282050980,1,,2019-05-18T01:00:00-0400,0.005701,0.005701,0.003776,0.000544,0.034426274545,0.040623007939000005,0.40106897015,4.628856025278,0.019587565329000002,0.0052739575859999995,0.006578722965,0.002953313299,0.094569129702,0.012218183665000002,0.014417458435000002,0.12050353066200001,2.76872799155,0.006411190673000001,0.004061540626,0.002024727253,0.001644755603,0.029105463526000002,0.02220809088,0.026205549504,0.280565439488,1.860128033728,0.013176374656,0.00121241696,0.004553995712,0.001308557696,0.065463666176,0.0,0.0,0.0,0.0,0.0,0.0,0.0,0.0,0.0,0.901217,5794282.637606993,10.384745,10.99456385,11.6043827,12.21420155,12.8240204,13.43383925,14.043658100000002,14.653476950000002,15.263295800000002,15.873114650000002,16.4829335,17.09275235,17.7025712,18.31239005,18.9222089,19.53202775,20.1418466,20.75166545,21.3614843,21.97130315,22.581122
SF11C46885712282050980,2,,2019-05-18T02:00:00-0400,0.005701,0.005701,0.003325,0.000737,0.031773772165,0.03749305486,0.36755863826199997,4.406685012775,0.018013798123,0.005129148251,0.006034800278,0.002797021053,0.086750243726,0.012218183665000002,0.014417458435000002,0.12050353066200001,2.76872799155,0.006411190673000001,0.004061540626,0.002024727253,0.001644755603,0.029105463526000002,0.0195555885,0.023075596424999997,0.2470551076,1.6379570212249999,0.01160260745,0.001067607625,0.004010073025,0.00115226545,0.057644780199999995,0.0,0.0,0.0,0.0,0.0,0.0,0.0,0.0,0.0,0.934144,5794282.637606993,10.384745,10.73880145,11.0928579,11.44691435,11.8009708,12.15502725,12.509083700000001,12.86314015,13.217196600000001,13.57125305,13.925309500000001,14.27936595,14.6334224,14.98747885,15.3415353,15.69559175,16.0496482,16.40370465,16.7577611,17.111817549999998,17.465874
SF11C46885712282050980,3,,2019-05-18T03:00:00-0400,0.005701,0.005701,0.003003,0.000893,0.029879967805000004,0.035258365522,0.343633301526,4.248061806509,0.016890177191,0.005025758881,0.005646456364,0.0026854332410000004,0.08116780185400001,0.012218183665000002,0.014417458435000002,0.12050353066200001,2.76872799155,0.006411190673000001,0.004061540626,0.002024727253,0.001644755603,0.029105463526000002,0.01766178414,0.020840907087,0.22312977086400002,1.479333814959,0.010478986518,0.000964218255,0.003621729111,0.001040677638,0.052062338328,0.0,0.0,0.0,0.0,0.0,0.0,0.0,0.0,0.0,0.950608,5794282.637606993,10.384745,10.5932027,10.801660400000001,11.0101181,11.2185758,11.4270335,11.6354912,11.843948900000001,12.0524066,12.2608643,12.469322,12.6777797,12.886237399999999,13.0946951,13.3031528,13.5116105,13.7200682,13.9285259,14.136983599999999,14.3454413,14.553899
SF11C46885712282050980,4,,2019-05-18T04:00:00-0400,0.005701,0.005701,0.002772,0.001023,0.028521369025,0.033655218823,0.326469472998,4.134266897666,0.016084101305,0.004951588246,0.0053678618170000005,0.0026053811150000003,0.077163006598,0.012218183665000002,0.014417458435000002,0.12050353066200001,2.76872799155,0.006411190673000001,0.004061540626,0.002024727253,0.001644755603,0.029105463526000002,0.01630318536,0.019237760388,0.20596594233600002,1.3655389061160002,0.009672910632,0.0008900476200000001,0.003343134564,0.0009606255120000001,0.048057543072000004,0.0,0.0,0.0,0.0,0.0,0.0,0.0,0.0,0.0,0.960487,5794282.637606993,10.384745,10.49754295,10.6103409,10.72313885,10.8359368,10.94873475,11.0615327,11.17433065,11.2871286,11.39992655,11.512724500000001,11.62552245,11.7383204,11.85111835,11.9639163,12.07671425,12.1895122,12.30231015,12.4151081,12.527906049999999,12.640704
SF11C46885712282050980,5,,2019-05-18T05:00:00-0400,0.005701,0.005701,0.002606,0.001133,0.027545059945,0.032503174009000005,0.31413529319,4.0524922012680005,0.015504843309,0.004898288136,0.005167659675,0.002547854479,0.074285101782,0.012218183665000002,0.014417458435000002,0.12050353066200001,2.76872799155,0.006411190673000001,0.004061540626,0.002024727253,0.001644755603,0.029105463526000002,0.015326876279999999,0.018085715574,0.193631762528,1.283764209718,0.009093652636,0.00083674751,0.003142932422,0.0009030988759999999,0.045179638256,0.0,0.0,0.0,0.0,0.0,0.0,0.0,0.0,0.0,0.967072,5794282.637606993,10.384745,10.429179000000001,10.473613,10.518047000000001,10.562481,10.606915,10.651349,10.695783,10.740217,10.784651,10.829085,10.873519,10.917953,10.962387,11.006821,11.051255,11.095689,11.140122999999999,11.184557,11.228990999999999,11.273425
SF11C46885712282050980,6,,2019-05-18T06:00:00-0400,0.005701,0.005701,0.002487,0.001226,0.026845175725000003,0.03167731055800001,0.305293320918,3.993870581561,0.015089592095,0.004860079021,0.005024141272,0.0025066155050000004,0.072222025438,0.012218183665000002,0.014417458435000002,0.12050353066200001,2.76872799155,0.006411190673000001,0.004061540626,0.002024727253,0.001644755603,0.029105463526000002,0.01462699206,0.017259852123,0.184789790256,1.225142590011,0.008678401422,0.000798538395,0.002999414019,0.0008618599020000001,0.043116561912,0.0,0.0,0.0,0.0,0.0,0.0,0.0,0.0,0.0,0.971776,5794282.637606993,10.384745,10.90398225,11.4232195,11.94245675,12.461694000000001,12.980931250000001,13.500168500000001,14.01940575,14.538643,15.05788025,15.5771175,16.09635475,16.615592,17.13482925,17.6540665,18.173303750000002,18.692541,19.211778250000002,19.731015499999998,20.25025275,20.769489999999998
SF11C46885712282050980,7,,2019-05-18T07:00:00-0400,0.005701,0.005701,0.002402,0.001308,0.026345258425000004,0.031087408093000004,0.298977626438,3.951997996056,0.014792984085000002,0.004832786796,0.004921628127,0.002477159095,0.070748399478,0.012218183665000002,0.014417458435000002,0.12050353066200001,2.76872799155,0.006411190673000001,0.004061540626,0.002024727253,0.001644755603,0.029105463526000002,0.01412707476,0.016669949658,0.178474095776,1.183270004506,0.008381793412,0.00077124617,0.002896900874,0.0008324034920000001,0.041642935952,0.0,0.0,0.0,0.0,0.0,0.0,0.0,0.0,0.0,0.975304,5794282.637606993,10.384745,10.90398225,11.4232195,11.94245675,12.461694000000001,12.980931250000001,13.500168500000001,14.01940575,14.538643,15.05788025,15.5771175,16.09635475,16.615592,17.13482925,17.6540665,18.173303750000002,18.692541,19.211778250000002,19.731015499999998,20.25025275,20.769489999999998
SF11C46885712282050980,8,,2019-05-18T08:00:00-0400,0.005701,0.005701,0.002187,0.001368,0.025080761725000005,0.029595301858000002,0.283002634518,3.846084985661,0.014042740295000002,0.004763753521,0.004662330172,0.0024026517050000002,0.067020992638,0.012218183665000002,0.014417458435000002,0.12050353066200001,2.76872799155,0.006411190673000001,0.004061540626,0.002024727253,0.001644755603,0.029105463526000002,0.012862578060000001,0.015177843423000001,0.16249910385600003,1.0773569941110002,0.007631549622000001,0.000702212895,0.0026376029190000004,0.0007578961020000001,0.037915529112,0.0,0.0,0.0,0.0,0.0,0.0,0.0,0.0,0.0,0.978048,5794282.637606993,10.384745,10.90398225,11.4232195,11.94245675,12.461694000000001,12.980931250000001,13.500168500000001,14.01940575,14.538643,15.05788025,15.5771175,16.09635475,16.615592,17.13482925,17.6540665,18.173303750000002,18.692541,19.211778250000002,19.731015499999998,20.25025275,20.769489999999998
SF11C46885712282050980,9,,2019-05-18T09:00:00-0400,0.005701,0.005701,0.002871,0.001472,0.029103625645,0.034342281694,0.33382539951,4.183036144313,0.016429562399,0.0049833756609999995,0.005487259479999999,0.0026396891690000004,0.078879347422,0.012218183665000002,0.014417458435000002,0.12050353066200001,2.76872799155,0.006411190673000001,0.004061540626,0.002024727253,0.001644755603,0.029105463526000002,0.01688544198,0.019924823259,0.213321868848,1.414308152763,0.010018371726,0.0009218350349999999,0.003462532227,0.000994933566,0.049773883896,0.0,0.0,0.0,0.0,0.0,0.0,0.0,0.0,0.0,0.980243,5794282.637606993,10.384745,10.90398225,11.4232195,11.94245675,12.461694000000001,12.980931250000001,13.500168500000001,14.01940575,14.538643,15.05788025,15.5771175,16.09635475,16.615592,17.13482925,17.6540665,18.173303750000002,18.692541,19.211778250000002,19.731015499999998,20.25025275,20.769489999999998
SF11C46885712282050980,10,,2019-05-18T10:00:00-0400,0.020004,0.020004,0.012409,0.002229,0.11585391708000001,0.136707635601,1.34484688084,15.827978491277001,0.065797238246,0.018235713469,0.022070193745,0.010071503326,0.317258994688,0.042871872660000004,0.05058881574000001,0.422829789048,9.7150736262,0.022495958292,0.014251369704,0.007104480612,0.005771214012,0.102126941304,0.07298204442,0.08611881986099999,0.9220170917920001,6.112904865077,0.043301279954,0.003984343765,0.014965713133,0.004300289314,0.21513205338400002,0.0,0.0,0.0,0.0,0.0,0.0,0.0,0.0,0.0,0.88431,20331315.538096875,36.320082,37.1214006,37.9227192,38.7240378,39.5253564,40.326675,41.127993599999996,41.9293122,42.7306308,43.5319494,44.333268000000004,45.1345866,45.9359052,46.7372238,47.5385424,48.339861,49.1411796,49.9424982,50.743816800000005,51.5451354,52.346454
SF11C46885712282050980,11,,2019-05-18T11:00:00-0400,0.040008,0.040007,0.029269,0.0041,0.25788371337500005,0.304302811346,3.0203921083060004,33.848116950507,0.147125143125,0.037899863847000004,0.049508103023999994,0.021685194395000003,0.7116788740259999,0.08574160215500001,0.101175102545,0.845638440834,19.42966159585,0.044990792011,0.028502026982000002,0.014208606071,0.011542139521,0.204248777282,0.17214211122,0.203127708801,2.1747536674720003,14.418455354657,0.102134351114,0.009397836865,0.035299496953,0.010143054874000001,0.507430096744,0.0,0.0,0.0,0.0,0.0,0.0,0.0,0.0,0.0,0.67521,40662631.07619375,72.310377,76.20571075000001,80.1010445,83.99637825,87.891712,91.78704575,95.6823795,99.57771325,103.47304700000001,107.36838075,111.26371449999999,115.15904825,119.054382,122.94971575,126.8450495,130.74038325,134.635717,138.53105075000002,142.42638449999998,146.32171825,150.217052
SF11C46885712282050980,12,,2019-05-18T12:00:00-0400,0.070014,0.070013,0.058409,0.007857,0.49357493556500004,0.582418480016,5.819805464198001,62.775634938227,0.282553285403,0.068633335303,0.09530874212200001,0.04044036585300001,1.370062938622,0.15004941114500003,0.17705832615500003,1.479883124406,34.00227203515,0.07873472944900001,0.049879081538000004,0.024865326989000004,0.020198960539000003,0.357439189238,0.34352552442,0.405360153861,4.339922339792,28.773362903077,0.203818555954,0.018754253765000003,0.07044341513300001,0.020241405314000004,1.012623749384,0.0,0.0,0.0,0.0,0.0,0.0,0.0,0.0,0.0,0.644382,71159604.38333908,125.684011,130.68776405,135.6915171,140.69527015,145.6990232,150.70277625,155.7065293,160.71028235,165.7140354,170.71778845,175.7215415,180.72529455,185.7290476,190.73280065,195.7365537,200.74030675,205.7440598,210.74781285,215.7515659,220.75531895,225.759072
SF11C46885712282050980,13,,2019-05-18T13:00:00-0400,0.10002,0.100019,0.092606,0.01372,0.759008296415,0.895629875339,8.994965490506,94.194325454168,0.435627859523,0.100990533604,0.147208310329,0.060948020432999996,2.1161190794499998,0.21435722013500003,0.252941549765,2.114127807978,48.57488247445,0.112478666887,0.071256136094,0.035522047907,0.028855781557,0.5106296011939999,0.54465107628,0.6426883255739999,6.880837682528,45.619442979717995,0.323149192636,0.02973439751,0.111686262422,0.032092238876,1.6054894782559999,0.0,0.0,0.0,0.0,0.0,0.0,0.0,0.0,0.0,0.668988,101656577.69048437,178.332348,183.0122988,187.6922496,192.3722004,197.0521512,201.732102,206.4120528,211.0920036,215.77195439999997,220.4519052,225.13185599999997,229.81180679999997,234.49175759999997,239.17170839999997,243.85165919999997,248.53160999999997,253.21156079999997,257.89151159999994,262.5714624,267.2514132,271.931364
SF11C46885712282050980,14,,2019-05-18T14:00:00-0400,0.130026,0.130025,0.13056,0.021801,1.0465380019250001,1.2349149596150002,12.449279212830001,127.46378424943,0.601812507685,0.13455404825,0.203638959545,0.08275764833500002,2.92730948771,0.278665029125,0.32882477337500005,2.74837249155,63.14749291375,0.146222604325,0.09263319065,0.046178768825,0.037512602575000005,0.6638200131499999,0.7678729728000001,0.90609018624,9.70090672128,64.31629133568,0.45558990336000005,0.04192085760000001,0.15746019072,0.045245045760000005,2.26348947456,0.0,0.0,0.0,0.0,0.0,0.0,0.0,0.0,0.0,0.703836,132153550.99762969,230.265243,233.8290788,237.3929146,240.9567504,244.5205862,248.08442200000002,251.6482578,255.2120936,258.7759294,262.3397652,265.903601,269.46743680000003,273.0312726,276.5951084,280.1589442,283.72278,287.2866158,290.85045160000004,294.41428740000003,297.9781232,301.541959
SF11C46885712282050980,15,,2019-05-18T15:00:00-0400,0.160032,0.160031,0.170763,0.032104,1.3472949310550002,1.589808169112,16.070698780866003,161.841142395289,0.775845054841,0.168839683061,0.262781985974,0.105346658191,3.777490305194,0.34297283811500007,0.40470799698500004,3.382617175122,77.72010335305,0.179966541763,0.114010245206,0.056835489743000005,0.046169423593000004,0.817010425106,1.00432209294,1.185100172127,12.688081605744001,84.121039042239,0.595878513078,0.054829437855,0.205946496231,0.059177234598000006,2.960479880088,0.0,0.0,0.0,0.0,0.0,0.0,0.0,0.0,0.0,0.736568,162650524.304775,281.492418,283.4975033,285.50258859999997,287.5076739,289.5127592,291.5178445,293.5229298,295.5280151,297.5331004,299.5381857,301.543271,303.5483563,305.5534416,307.5585269,309.5636122,311.56869750000004,313.5737828,315.5788681,317.58395340000004,319.5890387,321.594124
SF11C46885712282050980,16,,2019-05-18T16:00:00-0400,0.170034,0.170034,0.189292,0.042975,1.4777091005699998,1.7436969032579999,17.658881907003998,175.82689588637598,0.851751215234,0.181915464304,0.288681241006,0.114653704534,4.149792003676,0.36441091761,0.43000493379,3.594053206908,82.57812582269999,0.19121564548199999,0.121136642484,0.060388085201999994,0.049055319102,0.8680790010839999,1.11329818296,1.3136919694679998,14.064828700096,93.24877006367599,0.660535569752,0.060778821819999995,0.228293155804,0.065598385432,3.281713002592,0.0,0.0,0.0,0.0,0.0,0.0,0.0,0.0,0.0,0.764301,172816182.07382342,298.412978,299.20554500000003,299.998112,300.790679,301.58324600000003,302.375813,303.16838,303.96094700000003,304.753514,305.546081,306.33864800000003,307.131215,307.923782,308.716349,309.508916,310.301483,311.09405,311.886617,312.679184,313.471751,314.264318
SF11C46885712282050980,17,,2019-05-18T17:00:00-0400,0.120024,0.120025,0.137051,0.049477,1.063282389505,1.2546733378540003,12.720202744238001,125.804806426053,0.613217161131,0.12951395098500001,0.20791581571200002,0.08212204842100002,2.9887892407260006,0.25723337912500005,0.30353542337500006,2.53699987155,58.29092741375,0.13497687432500002,0.08550893065000001,0.042627238825000004,0.034627572575,0.6127667531500001,0.8060490103800001,0.9511379144790001,10.183202872688002,67.51387901230301,0.478240286806,0.044005020335000006,0.16528857688700002,0.04749447584600001,2.3760224875760003,0.0,0.0,0.0,0.0,0.0,0.0,0.0,0.0,0.0,0.833624,121987893.22858126,213.033168,223.6848264,234.3364848,244.9881432,255.6398016,266.29146,276.9431184,287.5947768,298.24643519999995,308.8980936,319.549752,330.2014104,340.85306879999996,351.50472719999993,362.15638559999996,372.808044,383.45970239999997,394.11136079999994,404.7630192,415.4146776,426.066336
SF11C46885712282050980,18,,2019-05-18T18:00:00-0400,0.070014,0.070015,0.080632,0.051627,0.6242811296349999,0.736651802353,7.4710674849459995,73.72407057694599,0.360102826387,0.07577023211,0.12211121267899999,0.048142234617,1.7553483223219999,0.150053697475,0.177063384025,1.4799253989299999,34.003243348249995,0.07873697859499999,0.049880506389999996,0.024866037294999997,0.020199537545,0.35744939988999996,0.47422743215999996,0.559588418328,5.991142086016,39.720827228695995,0.28136584779199997,0.02588972572,0.097245175384,0.027942697072,1.397898922432,0.0,0.0,0.0,0.0,0.0,0.0,0.0,0.0,0.0,0.902947,71159604.38333908,125.684011,131.96821155,138.2524121,144.53661265,150.8208132,157.10501375,163.3892143,169.67341485,175.9576154,182.24181595,188.5260165,194.81021705,201.09441759999999,207.37861815,213.6628187,219.94701924999998,226.2312198,232.51542035,238.79962089999998,245.08382145,251.368022
SF11C46885712282050980,19,,2019-05-18T19:00:00-0400,0.040008,0.040009,0.0457,0.051215,0.35452495448500004,0.41833948571499996,4.241295276958,41.94330535105,0.204463465357,0.043177036334,0.069325207277,0.027379868727,0.996549651134,0.08574588848500002,0.10118016041500001,0.845680715358,19.43063290895,0.04499304115700001,0.028503451834000004,0.014209316377,0.011542716527,0.20425898793400002,0.268779066,0.31715932529999996,3.3956145616,22.512672442099998,0.1594704242,0.0146735845,0.0551158909,0.0158371522,0.7922906632,0.0,0.0,0.0,0.0,0.0,0.0,0.0,0.0,0.0,0.944541,40662631.07619375,72.310377,75.92589585,79.5414147,83.15693355,86.7724524,90.38797125,94.0034901,97.61900895,101.2345278,104.85004665,108.4655655,112.08108435,115.6966032,119.31212205,122.9276409,126.54315975,130.1586786,133.77419745,137.3897163,141.00523515,144.620754
SF11C46885712282050980,20,,2019-05-18T20:00:00-0400,0.005701,0.005702,0.006383,0.048113,0.04976117537,0.058718192477,0.594796172228,5.913598510199,0.028685832044,0.006111738607,0.009723216577,0.003857047224,0.13977121005999998,0.012220326830000001,0.01441998737,0.12052466792399999,2.7692136480999996,0.006412315246,0.004062253052,0.0020250824059999998,0.001645044106,0.029110568851999998,0.03754084854,0.044298205107,0.474271504304,3.144384862099,0.022273516798,0.002049485555,0.007698134171,0.002212003118,0.110660641208,0.0,0.0,0.0,0.0,0.0,0.0,0.0,0.0,0.0,0.993412,5794282.637606993,10.384745,10.90398225,11.4232195,11.94245675,12.461694000000001,12.980931250000001,13.500168500000001,14.01940575,14.538643,15.05788025,15.5771175,16.09635475,16.615592,17.13482925,17.6540665,18.173303750000002,18.692541,19.211778250000002,19.731015499999998,20.25025275,20.769489999999998
SF11C46885712282050980,21,,2019-05-18T21:00:00-0400,0.005701,0.005701,0.006085,0.045207,0.048006380965,0.056647534900000004,0.572632953142,5.766312495055001,0.027644834683,0.0060153428509999995,0.009363462398,0.003753488013,0.134599745486,0.012218183665000002,0.014417458435000002,0.12050353066200001,2.76872799155,0.006411190673000001,0.004061540626,0.002024727253,0.001644755603,0.029105463526000002,0.0357881973,0.042230076465,0.45212942248000004,2.997584503505,0.02123364401,0.001953802225,0.007338735145000001,0.00210873241,0.10549428196,0.0,0.0,0.0,0.0,0.0,0.0,0.0,0.0,0.0,0.998357,5794282.637606993,10.384745,10.90398225,11.4232195,11.94245675,12.461694000000001,12.980931250000001,13.500168500000001,14.01940575,14.538643,15.05788025,15.5771175,16.09635475,16.615592,17.13482925,17.6540665,18.173303750000002,18.692541,19.211778250000002,19.731015499999998,20.25025275,20.769489999999998
SF11C46885712282050980,22,,2019-05-18T22:00:00-0400,0.005701,0.005701,0.005726,0.042477,0.045894965545,0.054156064489000004,0.54595843175,5.589462398628,0.026392102029,0.005900073336,0.008930495115,0.0036290779990000004,0.128375842902,0.012218183665000002,0.014417458435000002,0.12050353066200001,2.76872799155,0.006411190673000001,0.004061540626,0.002024727253,0.001644755603,0.029105463526000002,0.03367678188,0.039738606054,0.42545490108800005,2.820734407078,0.019980911356,0.0018385327100000001,0.006905767862,0.0019843223960000003,0.099270379376,0.0,0.0,0.0,0.0,0.0,0.0,0.0,0.0,0.0,0.998357,5794282.637606993,10.384745,10.90398225,11.4232195,11.94245675,12.461694000000001,12.980931250000001,13.500168500000001,14.01940575,14.538643,15.05788025,15.5771175,16.09635475,16.615592,17.13482925,17.6540665,18.173303750000002,18.692541,19.211778250000002,19.731015499999998,20.25025275,20.769489999999998
SF11C46885712282050980,23,,2019-05-18T23:00:00-0400,0.005701,0.005701,0.005281,0.039905,0.043277751445000005,0.051067751584,0.51289391359,5.370247098043,0.024839271859,0.005757190511,0.008393808650000001,0.003474865029,0.120660977582,0.012218183665000002,0.014417458435000002,0.12050353066200001,2.76872799155,0.006411190673000001,0.004061540626,0.002024727253,0.001644755603,0.029105463526000002,0.031059567780000002,0.036650293149,0.39239038292800005,2.601519106493,0.018428081186,0.0016956498850000002,0.006369081397,0.0018301094260000002,0.091555514056,0.0,0.0,0.0,0.0,0.0,0.0,0.0,0.0,0.0,0.998357,5794282.637606993,10.384745,10.90398225,11.4232195,11.94245675,12.461694000000001,12.980931250000001,13.500168500000001,14.01940575,14.538643,15.05788025,15.5771175,16.09635475,16.615592,17.13482925,17.6540665,18.173303750000002,18.692541,19.211778250000002,19.731015499999998,20.25025275,20.769489999999998
SF11C46885812282050980,0,,2019-05-18T00:00:00-0400,0.005701,0.005701,0.004403,0.000304,0.020887509417999998,0.024647260761,0.257809639223,2.062563256146,0.012242542106,0.0017491609260000002,0.004196970382,0.001396621337,0.060331438116,0.0021914644000000003,0.002585927992,0.021613596994000003,0.496601020504,0.001149914504,0.0007284794810000001,0.00036315940099999997,0.000295003946,0.0052203771950000005,0.018696045018,0.022061332769,0.23619604222899998,1.5659622356419998,0.011092627602000001,0.001020681445,0.003833810981,0.001101617391,0.055111060921,0.0,0.0,0.0,0.0,0.0,0.0,0.0,0.0,0.0,0.894791,1960938.4940491216,11.059272,11.6122356,12.1651992,12.7181628,13.2711264,13.82409,14.3770536,14.9300172,15.4829808,16.035944399999998,16.588908,17.1418716,17.6948352,18.247798799999998,18.8007624,19.353726,19.9066896,20.459653199999998,21.0126168,21.5655804,22.118544
SF11C46885812282050980,1,,2019-05-18T01:00:00-0400,0.005701,0.005701,0.003775,0.000544,0.01822089205,0.021500652317,0.224120991819,1.839210023354,0.010660400354000002,0.0016035811060000002,0.003650153826,0.0012394976210000001,0.05247094612,0.0021914644000000003,0.002585927992,0.021613596994000003,0.496601020504,0.001149914504,0.0007284794810000001,0.00036315940099999997,0.000295003946,0.0052203771950000005,0.01602942765,0.018914724325,0.202507394825,1.34260900285,0.009510485850000002,0.000875101625,0.003286994425,0.000944493675,0.047250568925,0.0,0.0,0.0,0.0,0.0,0.0,0.0,0.0,0.0,0.894791,1960938.4940491216,11.059272,11.061696,11.064119999999999,11.066544,11.068968,11.071392,11.073816,11.07624,11.078664,11.081088,11.083511999999999,11.085936,11.08836,11.090784,11.093208,11.095632,11.098056,11.10048,11.102903999999999,11.105328,11.107752
SF11C46885812282050980,2,,2019-05-18T02:00:00-0400,0.005701,0.005701,0.003325,0.000737,0.01631009935,0.019245916967,0.199981037469,1.6791639170539998,0.009526700054,0.001499264356,0.0032583266759999997,0.001126908971,0.04683842797,0.0021914644000000003,0.002585927992,0.021613596994000003,0.496601020504,0.001149914504,0.0007284794810000001,0.00036315940099999997,0.000295003946,0.0052203771950000005,0.014118634949999999,0.016659988974999998,0.178367440475,1.18256289655,0.00837678555,0.0007707848749999999,0.002895167275,0.000831905025,0.041618050775,0.0,0.0,0.0,0.0,0.0,0.0,0.0,0.0,0.0,0.929861,1960938.4940491216,11.059272,11.6122356,12.1651992,12.7181628,13.2711264,13.82409,14.3770536,14.9300172,15.4829808,16.035944399999998,16.588908,17.1418716,17.6948352,18.247798799999998,18.8007624,19.353726,19.9066896,20.459653199999998,21.0126168,21.5655804,22.118544
SF11C46885812282050980,3,,2019-05-18T03:00:00-0400,0.005701,0.005701,0.003003,0.000893,0.014942821018000001,0.017632528561,0.182707559023,1.564642036546,0.008715474506000001,0.001424619926,0.002977952582,0.001046345537,0.042808048316,0.0021914644000000003,0.002585927992,0.021613596994000003,0.496601020504,0.001149914504,0.0007284794810000001,0.00036315940099999997,0.000295003946,0.0052203771950000005,0.012751356618,0.015046600569,0.161093962029,1.068041016042,0.007565560002000001,0.000696140445,0.002614793181,0.000751341591,0.037587671121,0.0,0.0,0.0,0.0,0.0,0.0,0.0,0.0,0.0,0.947396,1960938.4940491216,11.059272,11.6122356,12.1651992,12.7181628,13.2711264,13.82409,14.3770536,14.9300172,15.4829808,16.035944399999998,16.588908,17.1418716,17.6948352,18.247798799999998,18.8007624,19.353726,19.9066896,20.459653199999998,21.0126168,21.5655804,22.118544
SF11C46885812282050980,4,,2019-05-18T04:00:00-0400,0.005701,0.005701,0.002771,0.001023,0.013957701226000001,0.016470087225,0.170262071447,1.482129377298,0.008130989018,0.0013708388460000002,0.002775943918,0.0009882998330000001,0.039904172292,0.0021914644000000003,0.002585927992,0.021613596994000003,0.496601020504,0.001149914504,0.0007284794810000001,0.00036315940099999997,0.000295003946,0.0052203771950000005,0.011766236826,0.013884159233,0.148648474453,0.985528356794,0.006981074514000001,0.000642359365,0.002412784517,0.0006932958870000001,0.034683795097,0.0,0.0,0.0,0.0,0.0,0.0,0.0,0.0,0.0,0.957917,1960938.4940491216,11.059272,11.6122356,12.1651992,12.7181628,13.2711264,13.82409,14.3770536,14.9300172,15.4829808,16.035944399999998,16.588908,17.1418716,17.6948352,18.247798799999998,18.8007624,19.353726,19.9066896,20.459653199999998,21.0126168,21.5655804,22.118544
SF11C46885812282050980,5,,2019-05-18T05:00:00-0400,0.005701,0.005701,0.002606,0.001133,0.013257077236,0.01564335093,0.161410754852,1.4234458049879999,0.007715298908,0.0013325893710000002,0.002632273963,0.0009470173280000001,0.037838915637,0.0021914644000000003,0.002585927992,0.021613596994000003,0.496601020504,0.001149914504,0.0007284794810000001,0.00036315940099999997,0.000295003946,0.0052203771950000005,0.011065612835999999,0.013057422938,0.13979715785799998,0.9268447844839999,0.006565384404,0.0006041098899999999,0.002269114562,0.000652013382,0.032618538442,0.0,0.0,0.0,0.0,0.0,0.0,0.0,0.0,0.0,0.96493,1960938.4940491216,11.059272,11.6122356,12.1651992,12.7181628,13.2711264,13.82409,14.3770536,14.9300172,15.4829808,16.035944399999998,16.588908,17.1418716,17.6948352,18.247798799999998,18.8007624,19.353726,19.9066896,20.459653199999998,21.0126168,21.5655804,22.118544
SF11C46885812282050980,6,,2019-05-18T06:00:00-0400,0.005701,0.005701,0.002487,0.001226,0.012751778722000002,0.015047098693,0.15502707803500002,1.3811225013219999,0.007415498162000001,0.001305003386,0.00252865745,0.000917243885,0.036349427504,0.0021914644000000003,0.002585927992,0.021613596994000003,0.496601020504,0.001149914504,0.0007284794810000001,0.00036315940099999997,0.000295003946,0.0052203771950000005,0.010560314322,0.012461170701,0.133413481041,0.884521480818,0.006265583658000001,0.000576523905,0.0021654980490000003,0.0006222399390000001,0.031129050309,0.0,0.0,0.0,0.0,0.0,0.0,0.0,0.0,0.0,0.96994,1960938.4940491216,11.059272,11.6122356,12.1651992,12.7181628,13.2711264,13.82409,14.3770536,14.9300172,15.4829808,16.035944399999998,16.588908,17.1418716,17.6948352,18.247798799999998,18.8007624,19.353726,19.9066896,20.459653199999998,21.0126168,21.5655804,22.118544
SF11C46885812282050980,7,,2019-05-18T07:00:00-0400,0.005701,0.005701,0.002402,0.001308,0.012390851212,0.014621204238,0.15046730888,1.3508915701320001,0.0072013547720000005,0.0012852991110000002,0.0024546456550000005,0.0008959771400000001,0.035285507409,0.0021914644000000003,0.002585927992,0.021613596994000003,0.496601020504,0.001149914504,0.0007284794810000001,0.00036315940099999997,0.000295003946,0.0052203771950000005,0.010199386812,0.012035276246000001,0.128853711886,0.854290549628,0.006051440268000001,0.00055681963,0.0020914862540000003,0.0006009731940000001,0.030065130214,0.0,0.0,0.0,0.0,0.0,0.0,0.0,0.0,0.0,0.973698,1960938.4940491216,11.059272,11.6122356,12.1651992,12.7181628,13.2711264,13.82409,14.3770536,14.9300172,15.4829808,16.035944399999998,16.588908,17.1418716,17.6948352,18.247798799999998,18.8007624,19.353726,19.9066896,20.459653199999998,21.0126168,21.5655804,22.118544
SF11C46885812282050980,8,,2019-05-18T08:00:00-0400,0.005701,0.005701,0.002187,0.001368,0.011477916922000002,0.013543941793000001,0.138933775135,1.2744250971220001,0.0066596979620000005,0.001235458886,0.00226743935,0.0008421847850000001,0.032594415404,0.0021914644000000003,0.002585927992,0.021613596994000003,0.496601020504,0.001149914504,0.0007284794810000001,0.00036315940099999997,0.000295003946,0.0052203771950000005,0.009286452522000001,0.010958013801000002,0.117320178141,0.777824076618,0.005509783458000001,0.000506979405,0.0019042799490000002,0.0005471808390000001,0.027374038209,0.0,0.0,0.0,0.0,0.0,0.0,0.0,0.0,0.0,0.97662,1960938.4940491216,11.059272,11.6122356,12.1651992,12.7181628,13.2711264,13.82409,14.3770536,14.9300172,15.4829808,16.035944399999998,16.588908,17.1418716,17.6948352,18.247798799999998,18.8007624,19.353726,19.9066896,20.459653199999998,21.0126168,21.5655804,22.118544
SF11C46885812282050980,9,,2019-05-18T09:00:00-0400,0.005701,0.005701,0.002871,0.001472,0.014382321826,0.016971139525,0.175626505747,1.5176951786979997,0.008382922418,0.001394020346,0.0028630166179999996,0.001013319533,0.041155842992,0.0021914644000000003,0.002585927992,0.021613596994000003,0.496601020504,0.001149914504,0.0007284794810000001,0.00036315940099999997,0.000295003946,0.0052203771950000005,0.012190857425999999,0.014385211533,0.154012908753,1.0210941581939998,0.007233007914,0.000665540865,0.002499857217,0.000718315587,0.035935465797,0.0,0.0,0.0,0.0,0.0,0.0,0.0,0.0,0.0,0.978958,1960938.4940491216,11.059272,11.6122356,12.1651992,12.7181628,13.2711264,13.82409,14.3770536,14.9300172,15.4829808,16.035944399999998,16.588908,17.1418716,17.6948352,18.247798799999998,18.8007624,19.353726,19.9066896,20.459653199999998,21.0126168,21.5655804,22.118544
SF11C46885812282050980,10,,2019-05-18T10:00:00-0400,0.020004,0.020004,0.012415,0.002229,0.06040618509000001,0.071279297413,0.741833563121,6.157996754626001,0.035312418426000004,0.005434114349,0.012084350509000003,0.004141322739,0.173712480185,0.007689537600000001,0.009073654368,0.07583904477600001,1.742502510816,0.004034886816,0.002556131124,0.001274274804,0.0010351269840000001,0.01831756278,0.052716647490000004,0.062205643045,0.665994518345,4.41549424381,0.031277531610000006,0.002877983225,0.010810075705000002,0.0031061957550000004,0.155394917405,0.0,0.0,0.0,0.0,0.0,0.0,0.0,0.0,0.0,0.876785,6880654.908780674,38.671016,40.6045668,42.5381176,44.4716684,46.405219200000005,48.338770000000004,50.2723208,52.2058716,54.1394224,56.07297320000001,58.006524,59.940074800000005,61.873625600000004,63.8071764,65.74072720000001,67.674278,69.60782880000001,71.5413796,73.4749304,75.40848120000001,77.342032
SF11C46885812282050980,11,,2019-05-18T11:00:00-0400,0.040008,0.040008,0.029281,0.0041,0.139712233086,0.16486043269900003,1.7224380969350002,13.899027329566,0.081838392486,0.011900037262999999,0.028044306895000003,0.009396272325000002,0.403136823227,0.015379075200000002,0.018147308736,0.15167808955200002,3.485005021632,0.008069773632,0.005112262248,0.002548549608,0.0020702539680000002,0.03663512556,0.12433315788600001,0.14671312396300001,1.5707600073830001,10.414022307934,0.073768618854,0.006787775015,0.025495757287,0.007326018357000001,0.366501697667,0.0,0.0,0.0,0.0,0.0,0.0,0.0,0.0,0.0,0.67521,13761309.817561349,76.968171,80.81657955,84.6649881,88.51339665,92.36180519999999,96.21021375,100.0586223,103.90703085,107.7554394,111.60384794999999,115.4522565,119.30066504999999,123.1490736,126.99748215,130.84589069999998,134.69429925,138.5427078,142.39111635,146.2395249,150.08793344999998,153.936342
SF11C46885812282050980,12,,2019-05-18T12:00:00-0400,0.070014,0.070014,0.05843,0.007857,0.27501919818,0.32452264917800006,3.399875618206,26.879856545876,0.16132678947600002,0.022491409384000002,0.055336540424000005,0.018241955154,0.7954626597400001,0.026913381600000005,0.031757790288,0.26543665671600003,6.098758787856,0.014122103856,0.008946458934000001,0.004459961814,0.0036229444440000003,0.06411146973000001,0.24810581658,0.29276485889000003,3.13443896149,20.78109775802,0.14720468562000003,0.01354495045,0.05087657861000001,0.014619010710000001,0.73135119001,0.0,0.0,0.0,0.0,0.0,0.0,0.0,0.0,0.0,0.644382,24082292.180732362,133.720809,140.40684945,147.0928899,153.77893035,160.4649708,167.15101125,173.83705170000002,180.52309215,187.2091326,193.89517305,200.5812135,207.26725395,213.9532944,220.63933485,227.32537530000002,234.01141575,240.6974562,247.38349665,254.0695371,260.75557755,267.441618
SF11C46885812282050980,13,,2019-05-18T13:00:00-0400,0.10002,0.10002,0.09263,0.01372,0.43177374978,0.5094930173300001,5.34827071597,41.6571143909,0.2535403425,0.03425367907,0.08702681603000001,0.028351383030000003,1.25101038331,0.038447688,0.04536827184,0.37919522388,8.71251255408,0.020174434079999998,0.012780655620000001,0.006371374019999999,0.00517563492,0.0915878139,0.39332606178,0.46412474549000005,4.96907549209,32.94460183682,0.23336590842000002,0.02147302345,0.08065544201000001,0.02317574811,1.15942256941,0.0,0.0,0.0,0.0,0.0,0.0,0.0,0.0,0.0,0.668988,34403274.54390337,189.652433,199.13505465,208.6176763,218.10029795,227.5829196,237.06554125,246.54816290000002,256.03078455,265.5134062,274.99602785,284.4786495,293.96127115,303.4438928,312.92651445,322.4091361,331.89175775,341.3743794,350.85700105,360.3396227,369.82224435,379.304866
SF11C46885812282050980,14,,2019-05-18T14:00:00-0400,0.130026,0.130026,0.130587,0.021801,0.604481297322,0.713287920393,7.498207610385,57.770579394522,0.35521903336200006,0.046886877711,0.121988412975,0.039400801035,1.7535833750790002,0.0499819944,0.058978753392000004,0.492953791044,11.326266320304,0.026226764304,0.016614852306000003,0.008282786225999999,0.006728325396,0.11906415807000001,0.554499302922,0.6543091670010001,7.005253819341,46.444313074218,0.32899226905800005,0.030272025405,0.113705626749,0.032672475639000005,1.6345192170090002,0.0,0.0,0.0,0.0,0.0,0.0,0.0,0.0,0.0,0.703836,44724256.907074384,244.774921,257.01366705,269.2524131,281.49115915,293.7299052,305.96865125,318.2073973,330.44614335,342.6848894,354.92363545,367.16238150000004,379.40112755,391.6398736,403.87861965,416.1173657,428.35611174999997,440.5948578,452.83360385000003,465.0723499,477.31109595,489.549842
SF11C46885812282050980,15,,2019-05-18T15:00:00-0400,0.160032,0.160032,0.170792,0.032104,0.786734315952,0.92834647916,9.768736987864,74.68356361361599,0.462561187056,0.060041196472,0.158907404216,0.051012661896000004,2.2842939241840003,0.06151630080000001,0.072589234944,0.6067123582080001,13.940020086528,0.032279094528,0.020449048992,0.010194198432,0.008281015872000001,0.14654050224,0.725218015152,0.855757244216,9.162024629655999,60.74354352708799,0.43028209252800004,0.03959214748,0.148713205784,0.042731646024,2.137753421944,0.0,0.0,0.0,0.0,0.0,0.0,0.0,0.0,0.0,0.736568,55045239.270245396,299.099978,314.05497690000004,329.0099758,343.9649747,358.91997360000005,373.8749725,388.82997140000003,403.78497030000005,418.7399692,433.69496810000004,448.64996700000006,463.6049659,478.55996480000005,493.51496370000007,508.46996260000003,523.4249615000001,538.3799604000001,553.3349593,568.2899582,583.2449571,598.199956
SF11C46885812282050980,16,,2019-05-18T16:00:00-0400,0.170034,0.170034,0.189305,0.042975,0.86918909643,1.025643118643,10.799774232211,82.13911168220599,0.511219060806,0.065610853129,0.175664310569,0.056162122449,2.525174502265,0.0653610696,0.077126062128,0.644631880596,14.811271341936,0.034296537935999995,0.021727114554,0.010831335833999998,0.008798579364,0.15569928363,0.80382802683,0.9485170565150001,10.155142351615,67.32784034027,0.47692252287000003,0.043883738575,0.164832974735,0.047363543085,2.369475218635,0.0,0.0,0.0,0.0,0.0,0.0,0.0,0.0,0.0,0.74897,58485566.72463573,317.033122,332.8847781,348.73643419999996,364.5880903,380.4397464,396.2914025,412.1430586,427.9947147,443.8463708,459.6980269,475.54968299999996,491.4013391,507.2529952,523.1046513,538.9563074,554.8079634999999,570.6596196,586.5112756999999,602.3629318000001,618.2145879,634.066244
SF11C46885812282050980,17,,2019-05-18T17:00:00-0400,0.120024,0.120024,0.137014,0.049477,0.627926894484,0.7409537245300001,7.805060280458,59.185142195092,0.369393349572,0.047098687153999994,0.126947438002,0.040491253662,1.824869469578,0.046137225600000005,0.054441926208,0.455034268656,10.455015064896001,0.024209320896,0.015336786744000002,0.007645648824,0.006210761904,0.10990537668000001,0.581789668884,0.686511798322,7.350026011802,48.730127130195996,0.345184028676,0.031761900409999995,0.119301789178,0.034280491758,1.714964092898,0.0,0.0,0.0,0.0,0.0,0.0,0.0,0.0,0.0,0.822802,41283929.452684045,226.489936,237.8144328,249.1389296,260.4634264,271.7879232,283.11242,294.4369168,305.76141359999997,317.0859104,328.4104072,339.73490400000003,351.0594008,362.3838976,373.7083944,385.0328912,396.357388,407.68188480000003,419.0063816,430.3308784,441.6553752,452.979872
SF11C46885812282050980,18,,2019-05-18T18:00:00-0400,0.070014,0.070014,0.080592,0.051627,0.36912361555199996,0.435565859904,4.588741547772,34.761949452144,0.217160269584,0.027628893414000003,0.074633592198,0.023786821067999998,1.072857920274,0.026913381600000005,0.031757790288,0.26543665671600003,6.098758787856,0.014122103856,0.008946458934000001,0.004459961814,0.0036229444440000003,0.06411146973000001,0.34221023395199995,0.40380806961599996,4.323304891056,28.663190664288,0.20303816572800001,0.01868243448,0.070173630384,0.020163876623999998,1.008746450544,0.0,0.0,0.0,0.0,0.0,0.0,0.0,0.0,0.0,0.896635,24082292.180732362,133.720809,140.40684945,147.0928899,153.77893035,160.4649708,167.15101125,173.83705170000002,180.52309215,187.2091326,193.89517305,200.5812135,207.26725395,213.9532944,220.63933485,227.32537530000002,234.01141575,240.6974562,247.38349665,254.0695371,260.75557755,267.441618
SF11C46885812282050980,19,,2019-05-18T19:00:00-0400,0.040008,0.040008,0.045675,0.051215,0.20932453425,0.24700294676100001,2.601883456077,19.729684811082,0.12314035408200001,0.015700412373,0.042319005333,0.013498001943,0.6083357177850001,0.015379075200000002,0.018147308736,0.15167808955200002,3.485005021632,0.008069773632,0.005112262248,0.002548549608,0.0020702539680000002,0.03663512556,0.19394545905,0.228855638025,2.450205366525,16.24467978945,0.11507058045000002,0.010588150125,0.039770455725,0.011427747975,0.571700592225,0.0,0.0,0.0,0.0,0.0,0.0,0.0,0.0,0.0,0.940934,13761309.817561349,76.968171,80.81657955,84.6649881,88.51339665,92.36180519999999,96.21021375,100.0586223,103.90703085,107.7554394,111.60384794999999,115.4522565,119.30066504999999,123.1490736,126.99748215,130.84589069999998,134.69429925,138.5427078,142.39111635,146.2395249,150.08793344999998,153.936342
SF11C46885812282050980,20,,2019-05-18T20:00:00-0400,0.005701,0.005701,0.006355,0.048113,0.02917610353,0.034427801657,0.362523396759,2.756807699474,0.017160282074000003,0.0022016638060000002,0.005896629486,0.001885005881,0.08476405018000001,0.0021914644000000003,0.002585927992,0.021613596994000003,0.496601020504,0.001149914504,0.0007284794810000001,0.00036315940099999997,0.000295003946,0.0052203771950000005,0.02698463913,0.031841873665,0.340909799765,2.26020667897,0.016010367570000003,0.001473184325,0.0055334700850000005,0.0015900019350000001,0.07954367298500001,0.0,0.0,0.0,0.0,0.0,0.0,0.0,0.0,0.0,0.992527,1960938.4940491216,11.059272,11.6122356,12.1651992,12.7181628,13.2711264,13.82409,14.3770536,14.9300172,15.4829808,16.035944399999998,16.588908,17.1418716,17.6948352,18.247798799999998,18.8007624,19.353726,19.9066896,20.459653199999998,21.0126168,21.5655804,22.118544
SF11C46885812282050980,21,,2019-05-18T21:00:00-0400,0.005701,0.005701,0.006085,0.045207,0.02802962791,0.033074960447,0.348039424149,2.6607800356939997,0.016480061894000003,0.002139073756,0.005661533196,0.001817452691,0.08138453929,0.0021914644000000003,0.002585927992,0.021613596994000003,0.496601020504,0.001149914504,0.0007284794810000001,0.00036315940099999997,0.000295003946,0.0052203771950000005,0.02583816351,0.030489032455000002,0.326425827155,2.1641790151899998,0.015330147390000002,0.001410594275,0.005298373795,0.001522448745,0.076164162095,0.0,0.0,0.0,0.0,0.0,0.0,0.0,0.0,0.0,0.998136,1960938.4940491216,11.059272,11.6122356,12.1651992,12.7181628,13.2711264,13.82409,14.3770536,14.9300172,15.4829808,16.035944399999998,16.588908,17.1418716,17.6948352,18.247798799999998,18.8007624,19.353726,19.9066896,20.459653199999998,21.0126168,21.5655804,22.118544
SF11C46885812282050980,22,,2019-05-18T22:00:00-0400,0.005701,0.005701,0.005726,0.042477,0.026505239955999998,0.03127618269,0.32878110501200003,2.533098808668,0.015575620988000001,0.002055852171,0.005348942203,0.0017276319680000001,0.076891041477,0.0021914644000000003,0.002585927992,0.021613596994000003,0.496601020504,0.001149914504,0.0007284794810000001,0.00036315940099999997,0.000295003946,0.0052203771950000005,0.024313775556,0.028690254698,0.307167508018,2.036497788164,0.014425706484000001,0.00132737269,0.0049857828020000005,0.0014326280220000002,0.071670664282,0.0,0.0,0.0,0.0,0.0,0.0,0.0,0.0,0.0,0.998136,1960938.4940491216,11.059272,11.6122356,12.1651992,12.7181628,13.2711264,13.82409,14.3770536,14.9300172,15.4829808,16.035944399999998,16.588908,17.1418716,17.6948352,18.247798799999998,18.8007624,19.353726,19.9066896,20.459653199999998,21.0126168,21.5655804,22.118544
SF11C46885812282050980,23,,2019-05-18T23:00:00-0400,0.005701,0.005701,0.00528,0.039905,0.02461143208,0.029041489432000002,0.304855728034,2.374475334424,0.014451998024,0.0019524626810000002,0.004960597961,0.0016160441059999999,0.071308590155,0.0021914644000000003,0.002585927992,0.021613596994000003,0.496601020504,0.001149914504,0.0007284794810000001,0.00036315940099999997,0.000295003946,0.0052203771950000005,0.02241996768,0.02645556144,0.28324213104,1.8778743139199998,0.01330208352,0.0012239832,0.00459743856,0.00132104016,0.06608821296,0.0,0.0,0.0,0.0,0.0,0.0,0.0,0.0,0.0,0.998136,1960938.4940491216,11.059272,11.6122356,12.1651992,12.7181628,13.2711264,13.82409,14.3770536,14.9300172,15.4829808,16.035944399999998,16.588908,17.1418716,17.6948352,18.247798799999998,18.8007624,19.353726,19.9066896,20.459653199999998,21.0126168,21.5655804,22.118544
SF11C46885912282050980,0,,2019-05-18T00:00:00-0600,0.005701,0.005701,0.004717,0.000329,0.044022435728,0.051946472917000004,0.53720854713,4.664116086308001,0.025650099737,0.004303189670000001,0.008758183486,0.003111525649,0.125898927243,0.006838315294000001,0.008069212503,0.067443804871,1.5496107132420003,0.003588237905,0.002273176833,0.001133204873,0.00092054047,0.016289837865,0.037184120434,0.043877260414,0.46976474225899995,3.114505373066,0.022061861832,0.002030012837,0.007624978613,0.002190985179,0.109609089378,0.0,0.0,0.0,0.0,0.0,0.0,0.0,0.0,0.0,0.937383,4176070.0794862397,6.585822,6.946354250000001,7.3068865,7.66741875,8.027951,8.38848325,8.7490155,9.10954775,9.47008,9.83061225,10.1911445,10.55167675,10.912209,11.27274125,11.633273500000001,11.99380575,12.354338,12.71487025,13.0754025,13.435934750000001,13.796467
SF11C46885912282050980,1,,2019-05-18T01:00:00-0600,0.005701,0.005701,0.003958,0.000579,0.03803923721,0.044886298939,0.46161994433699993,4.162969260326,0.022100183872999998,0.003976545671,0.007531268335,0.002758980016,0.10826201843700001,0.006838315294000001,0.008069212503,0.067443804871,1.5496107132420003,0.003588237905,0.002273176833,0.001133204873,0.00092054047,0.016289837865,0.031200921915999998,0.036817086436,0.39417613946599994,2.613358547084,0.018511945967999998,0.001703368838,0.006398063462,0.0018384395459999999,0.091972180572,0.0,0.0,0.0,0.0,0.0,0.0,0.0,0.0,0.0,0.937383,4176070.0794862397,6.585822,6.965141,7.344460000000001,7.723779,8.103098000000001,8.482417,8.861736,9.241055,9.620374,9.999693,10.379012,10.758331,11.13765,11.516969,11.896288,12.275607,12.654926,13.034245,13.413564000000001,13.792883,14.172202
SF11C46885912282050980,2,,2019-05-18T02:00:00-0600,0.005701,0.005701,0.003404,0.000774,0.033672054102,0.039733023071000004,0.406447235579,3.7971782964340006,0.019509072688999998,0.003738125677,0.006635733429,0.002501654218,0.095388701601,0.006838315294000001,0.008069212503,0.067443804871,1.5496107132420003,0.003588237905,0.002273176833,0.001133204873,0.00092054047,0.016289837865,0.026833738808,0.031663810568,0.339003430708,2.247567583192,0.015920834784,0.0014649488439999999,0.005502528556,0.001581113748,0.079098863736,0.0,0.0,0.0,0.0,0.0,0.0,0.0,0.0,0.0,0.958255,4176070.0794862397,6.585822,6.7938026,7.0017832,7.2097638,7.4177444,7.625725,7.8337056,8.041686200000001,8.2496668,8.457647399999999,8.665628,8.8736086,9.0815892,9.289569799999999,9.4975504,9.705531,9.9135116,10.121492199999999,10.3294728,10.5374534,10.745434
SF11C46885912282050980,3,,2019-05-18T03:00:00-0600,0.005701,0.005701,0.003023,0.00093,0.030668630340000003,0.036188983169,0.368503549592,3.5456144746960003,0.017727099113,0.0035741581360000003,0.00601985112,0.002324684671,0.08653539164700001,0.006838315294000001,0.008069212503,0.067443804871,1.5496107132420003,0.003588237905,0.002273176833,0.001133204873,0.00092054047,0.016289837865,0.023830315046,0.028119770666,0.301059744721,1.9960037614540003,0.014138861208,0.001300981303,0.004886646247,0.001404144201,0.07024555378200001,0.0,0.0,0.0,0.0,0.0,0.0,0.0,0.0,0.0,0.968692,4176070.0794862397,6.585822,6.69790095,6.8099799,6.92205885,7.0341378,7.146216750000001,7.2582957,7.3703746500000005,7.4824536,7.59453255,7.7066115,7.81869045,7.9307694,8.04284835,8.1549273,8.26700625,8.3790852,8.49116415,8.6032431,8.715322050000001,8.827401
SF11C46885912282050980,4,,2019-05-18T04:00:00-0600,0.005701,0.005701,0.002762,0.001056,0.028611166818,0.033761176307000006,0.342510630845,3.3732833527180004,0.016506377057,0.0034618339150000003,0.005597947491,0.002203453564,0.08047052577300001,0.006838315294000001,0.008069212503,0.067443804871,1.5496107132420003,0.003588237905,0.002273176833,0.001133204873,0.00092054047,0.016289837865,0.021772851524000002,0.025691963804000004,0.275066825974,1.8236726394760001,0.012918139152,0.001188657082,0.004464742618,0.001282913094,0.06418068790800001,0.0,0.0,0.0,0.0,0.0,0.0,0.0,0.0,0.0,0.974953,4176070.0794862397,6.585822,6.63611865,6.6864153,6.73671195,6.7870086,6.83730525,6.8876019,6.93789855,6.9881952,7.03849185,7.0887885,7.13908515,7.1893818,7.23967845,7.2899751,7.34027175,7.3905684,7.44086505,7.4911617,7.54145835,7.591755
SF11C46885912282050980,5,,2019-05-18T05:00:00-0600,0.005701,0.005701,0.002582,0.001162,0.027192226458,0.032086826747,0.324584479985,3.2544343030780007,0.015664499777,0.003384368935,0.005306979471,0.002119845904,0.076287859653,0.006838315294000001,0.008069212503,0.067443804871,1.5496107132420003,0.003588237905,0.002273176833,0.001133204873,0.00092054047,0.016289837865,0.020353911164,0.024017614244,0.257140675114,1.7048235898360002,0.012076261872,0.001111192102,0.004173774598,0.001199305434,0.059998021788000004,0.0,0.0,0.0,0.0,0.0,0.0,0.0,0.0,0.0,0.979128,4176070.0794862397,6.585822,6.592765050000001,6.5997081,6.60665115,6.6135942000000005,6.62053725,6.6274803,6.6344233500000005,6.6413664,6.64830945,6.6552525,6.66219555,6.6691386,6.6760816499999995,6.6830247,6.68996775,6.6969107999999995,6.70385385,6.7107969,6.7177399499999995,6.724683
SF11C46885912282050980,6,,2019-05-18T06:00:00-0600,0.005701,0.005701,0.002458,0.001251,0.02621473421,0.030933385939000003,0.312235353837,3.172560513326,0.015084539873,0.003331004171,0.005106534835000001,0.002062249516,0.07340646743700001,0.006838315294000001,0.008069212503,0.067443804871,1.5496107132420003,0.003588237905,0.002273176833,0.001133204873,0.00092054047,0.016289837865,0.019376418916,0.022864173436,0.244791548966,1.6229498000840001,0.011496301968,0.001057827338,0.003973329962000001,0.0011417090460000001,0.057116629572000005,0.0,0.0,0.0,0.0,0.0,0.0,0.0,0.0,0.0,0.982109,4176070.0794862397,6.585822,6.9151131,7.2444042,7.573695300000001,7.9029864000000005,8.2322775,8.561568600000001,8.8908597,9.2201508,9.5494419,9.878733,10.2080241,10.5373152,10.8666063,11.1958974,11.5251885,11.854479600000001,12.1837707,12.5130618,12.842352900000002,13.171644
SF11C46885912282050980,7,,2019-05-18T07:00:00-0600,0.005701,0.005701,0.002373,0.001329,0.025544679040000004,0.030142720869000002,0.303770227042,3.1164373509960006,0.014686986713,0.003294423486,0.00496913327,0.0020227681210000003,0.07143131954700001,0.006838315294000001,0.008069212503,0.067443804871,1.5496107132420003,0.003588237905,0.002273176833,0.001133204873,0.00092054047,0.016289837865,0.018706363746,0.022073508366000003,0.236326422171,1.566826637754,0.011098748808,0.001021246653,0.0038359283970000003,0.0011022276510000001,0.055141481682000004,0.0,0.0,0.0,0.0,0.0,0.0,0.0,0.0,0.0,0.984346,4176070.0794862397,6.585822,6.9151131,7.2444042,7.573695300000001,7.9029864000000005,8.2322775,8.561568600000001,8.8908597,9.2201508,9.5494419,9.878733,10.2080241,10.5373152,10.8666063,11.1958974,11.5251885,11.854479600000001,12.1837707,12.5130618,12.842352900000002,13.171644
SF11C46885912282050980,8,,2019-05-18T08:00:00-0600,0.005701,0.005701,0.002188,0.001388,0.02408632367,0.028421861599000002,0.285346127547,2.9942869388660003,0.013821723952999998,0.003214806701,0.004670082805,0.001936838026,0.067132468257,0.006838315294000001,0.008069212503,0.067443804871,1.5496107132420003,0.003588237905,0.002273176833,0.001133204873,0.00092054047,0.016289837865,0.017248008376,0.020352649096,0.217902322676,1.444676225624,0.010233486047999998,0.0009416298679999999,0.003536877932,0.001016297556,0.050842630392,0.0,0.0,0.0,0.0,0.0,0.0,0.0,0.0,0.0,0.986085,4176070.0794862397,6.585822,6.9151131,7.2444042,7.573695300000001,7.9029864000000005,8.2322775,8.561568600000001,8.8908597,9.2201508,9.5494419,9.878733,10.2080241,10.5373152,10.8666063,11.1958974,11.5251885,11.854479600000001,12.1837707,12.5130618,12.842352900000002,13.171644
SF11C46885912282050980,9,,2019-05-18T09:00:00-0600,0.005701,0.005701,0.002864,0.00149,0.029415233021999998,0.034709974391,0.35266878299899995,3.4406311475140003,0.016983440848999998,0.003505730737,0.0057628293689999995,0.002250831238,0.082840703241,0.006838315294000001,0.008069212503,0.067443804871,1.5496107132420003,0.003588237905,0.002273176833,0.001133204873,0.00092054047,0.016289837865,0.022576917728,0.026640761888,0.28522497812799996,1.891020434272,0.013395202943999998,0.0012325539039999998,0.0046296244959999995,0.0013302907679999998,0.066550865376,0.0,0.0,0.0,0.0,0.0,0.0,0.0,0.0,0.0,0.987477,4176070.0794862397,6.585822,6.9151131,7.2444042,7.573695300000001,7.9029864000000005,8.2322775,8.561568600000001,8.8908597,9.2201508,9.5494419,9.878733,10.2080241,10.5373152,10.8666063,11.1958974,11.5251885,11.854479600000001,12.1837707,12.5130618,12.842352900000002,13.171644
SF11C46885912282050980,10,,2019-05-18T10:00:00-0600,0.020004,0.020004,0.012333,0.002246,0.121215741642,0.143034572298,1.464890843775,13.580504813202001,0.070273242588,0.013283897145000001,0.023912413929,0.008958564051,0.34374106978200003,0.023994677976000002,0.028313721612,0.23665074068400002,5.437364095368001,0.012590617620000001,0.007976254932,0.003976255092,0.0032300458800000004,0.05715872946000001,0.097221063666,0.114720850686,1.228240103091,8.143140717834001,0.057682624967999994,0.005307642213,0.019936158837,0.005728518171,0.28658234032200003,0.0,0.0,0.0,0.0,0.0,0.0,0.0,0.0,0.0,0.926666,14653237.303989254,23.061025,23.5189351,23.9768452,24.4347553,24.8926654,25.350575499999998,25.808485599999997,26.2663957,26.7243058,27.1822159,27.640126,28.098036099999998,28.555946199999998,29.013856299999997,29.471766399999996,29.9296765,30.3875866,30.845496699999998,31.303406799999998,31.761316899999997,32.219227
SF11C46885912282050980,11,,2019-05-18T11:00:00-0600,0.040008,0.040008,0.029131,0.004114,0.27762908721400004,0.327602315626,3.374449818605,30.109126329974004,0.161429718816,0.028489356155,0.055042451243,0.019991062557000002,0.791235496374,0.047989355952000004,0.056627443224,0.47330148136800004,10.874728190736002,0.025181235240000002,0.015952509864,0.007952510184,0.006460091760000001,0.11431745892000002,0.22963973126200002,0.270974872402,2.901148337237,19.234398139238003,0.136248483576,0.012536846291000001,0.047089941059,0.013530970797,0.676918037454,0.0,0.0,0.0,0.0,0.0,0.0,0.0,0.0,0.0,0.77465,29306474.607978508,45.989097,48.66398905,51.3388811,54.01377315,56.6886652,59.36355725,62.038449299999996,64.71334135,67.38823339999999,70.06312545,72.7380175,75.41290955,78.08780159999999,80.76269364999999,83.4375857,86.11247775,88.7873698,91.46226184999999,94.13715389999999,96.81204595,99.486938
SF11C46885912282050980,12,,2019-05-18T12:00:00-0600,0.070014,0.070013,0.058166,0.007868,0.542502867754,0.640153368611,6.621001822905001,57.435912638614006,0.316114498201,0.052948871455000004,0.10794139322300002,0.038322349952,1.551658015389,0.08398017342200001,0.099096610239,0.8282657622230001,19.030502519946005,0.044066532265,0.027916493529000004,0.013916694049000002,0.011304999110000002,0.20005269574500004,0.45852269433200005,0.5410567583720001,5.792736060682,38.405410118668,0.272047965936,0.025032377926,0.09402469917400001,0.027017350842,1.351605319644,0.0,0.0,0.0,0.0,0.0,0.0,0.0,0.0,0.0,0.644382,51286330.56396239,80.133594,85.5856406,91.0376872,96.4897338,101.9417804,107.393827,112.8458736,118.2979202,123.7499668,129.2020134,134.65406,140.10610659999998,145.5581532,151.0101998,156.46224639999997,161.914293,167.3663396,172.8183862,178.27043279999998,183.7224794,189.174526
SF11C46885912282050980,13,,2019-05-18T13:00:00-0600,0.10002,0.100019,0.092307,0.013726,0.847628456,1.000201552851,10.376070803438001,88.134322135884,0.49468115916699995,0.079606208754,0.16909432681000003,0.059025469439,2.430731687373,0.119972190386,0.141567192657,1.183241873249,27.186548662998,0.06295245869499999,0.039880875927,0.019881076687,0.01615006793,0.285790789935,0.727656265614,0.8586343601940001,9.192828930189,60.947773472886006,0.43172870047199996,0.039725332827,0.14921325012300002,0.042875401508999995,2.144940897438,0.0,0.0,0.0,0.0,0.0,0.0,0.0,0.0,0.0,0.668988,73266186.51994626,113.98324,119.82987474999999,125.6765095,131.52314425,137.369779,143.21641375,149.06304849999998,154.90968325,160.756318,166.60295275,172.4495875,178.29622225,184.142857,189.98949174999998,195.83612649999998,201.68276125,207.529396,213.37603074999998,219.2226655,225.06930025,230.915935
SF11C46885912282050980,14,,2019-05-18T14:00:00-0600,0.130026,0.130025,0.130214,0.021803,1.1824414297780002,1.395280850663,14.506194695852999,121.31931786062201,0.6908617636689999,0.10788428557900001,0.23633495797100001,0.08147784696799999,3.397316029401,0.15596420735000002,0.184037775075,1.5382179842750001,35.34259480605,0.081838385125,0.051845258325000004,0.025845459325,0.02099513675,0.371528884125,1.026477222428,1.211243075588,12.967976711577998,85.976723054572,0.6090233785439999,0.056039027254,0.210489498646,0.060482710217999995,3.025787145276,0.0,0.0,0.0,0.0,0.0,0.0,0.0,0.0,0.0,0.703836,95246042.47593015,147.54058,153.10287955,158.6651791,164.22747865,169.7897782,175.35207775,180.9143773,186.47667685,192.0389764,197.60127595,203.16357549999998,208.72587504999998,214.2881746,219.85047415,225.4127737,230.97507324999998,236.53737279999999,242.09967235,247.66197189999997,253.22427144999997,258.786571
SF11C46885912282050980,15,,2019-05-18T15:00:00-0600,0.160032,0.160031,0.170379,0.032099,1.535054222072,1.8113639335110001,18.861192191833997,155.99520888584402,0.897603250939,0.137134117542,0.30722562129400005,0.104979036143,4.416369594201,0.19195622431400003,0.226508357493,1.893194095301,43.498640949102004,0.100724311555,0.06380964072300001,0.031809841963000005,0.02584020557,0.457266978315,1.343097997758,1.584855576018,16.967998096532998,112.49656793674201,0.796878939384,0.073324476819,0.27541577933100003,0.079138830573,3.959102615886,0.0,0.0,0.0,0.0,0.0,0.0,0.0,0.0,0.0,0.736568,117225898.43191403,180.808139,185.67925885,190.5503787,195.42149855,200.2926184,205.16373825,210.0348581,214.90597795,219.77709779999998,224.64821765,229.5193375,234.39045735,239.26157719999998,244.13269705,249.00381689999998,253.87493674999996,258.7460566,263.61717645,268.4882963,273.35941614999996,278.230536
SF11C46885912282050980,16,,2019-05-18T16:00:00-0600,0.170034,0.170034,0.189054,0.042963,1.694267822904,1.99923597657,20.839367544071997,171.04475164752,0.9912439569539999,0.149159635416,0.339401879688,0.11526851527799999,4.878903426246,0.203954762796,0.24066663370199998,2.0115312958139997,46.217594810628,0.10702024976999999,0.067798166922,0.033798168281999996,0.027455389979999998,0.48584920041,1.4903130601080001,1.758569342868,18.827836248258,124.827156836892,0.8842237071839999,0.081361468494,0.305603711406,0.08781312529799999,4.393054225836,0.0,0.0,0.0,0.0,0.0,0.0,0.0,0.0,0.0,0.783801,124552517.08390865,191.833362,195.22607655,198.6187911,202.01150565,205.4042202,208.79693475,212.18964929999999,215.58236385,218.9750784,222.36779295,225.76050750000002,229.15322205,232.5459366,235.93865115,239.3313657,242.72408025000001,246.1167948,249.50950935,252.90222390000002,256.29493845,259.687653
SF11C46885912282050980,17,,2019-05-18T17:00:00-0600,0.120024,0.120025,0.137354,0.049461,1.2267311240579999,1.4475426865430001,15.098963636633,123.31552507634203,0.717962179109,0.106969733119,0.245888959431,0.083179584148,3.5346548021610005,0.14396926735,0.169883745075,1.419916274275,32.62445638605001,0.075544335125,0.047857928325,0.023857729325,0.01938043675,0.34295523412500006,1.082761856708,1.2776589414680002,13.679047362358,90.69106869029201,0.6424178439839999,0.059111804794,0.222031230106,0.063799147398,3.1916995680360003,0.0,0.0,0.0,0.0,0.0,0.0,0.0,0.0,0.0,0.868512,87919423.82393552,136.387122,137.4557759,138.5244298,139.5930837,140.6617376,141.7303915,142.7990454,143.8676993,144.9363532,146.0050071,147.07366100000002,148.1423149,149.2109688,150.2796227,151.3482766,152.4169305,153.4855844,154.5542383,155.6228922,156.6915461,157.7602
SF11C46885912282050980,18,,2019-05-18T18:00:00-0600,0.070014,0.070015,0.080999,0.05161,0.722497851408,0.8525474411030001,8.894957719837999,72.512458213132,0.422907889979,0.06277610163399999,0.144851084106,0.04892830456299999,2.082234927441,0.08398257241,0.09909944104499999,0.8282894225649999,19.03104614763,0.044067791074999994,0.027917290994999996,0.013917091594999998,0.011305322049999999,0.200058410475,0.6385152789980001,0.7534480000580001,8.066668297272999,53.481412065502006,0.378840098904,0.034858810639,0.13093399251100002,0.037622982512999996,1.882176516966,0.0,0.0,0.0,0.0,0.0,0.0,0.0,0.0,0.0,0.929029,51286330.56396239,80.133594,84.14027370000001,88.1469534,92.15363310000001,96.1603128,100.1669925,104.1736722,108.1803519,112.18703160000001,116.1937113,120.200391,124.2070707,128.2137504,132.22043010000002,136.2271098,140.2337895,144.2404692,148.2471489,152.25382860000002,156.26050830000003,160.267188
SF11C46885912282050980,19,,2019-05-18T19:00:00-0600,0.040008,0.040009,0.045931,0.051197,0.410064720308,0.483876356629,5.047569062376,41.20197611021601,0.24000556102099999,0.035719819688000004,0.082199665216,0.027794605627,1.181620524939,0.047990555446000005,0.056628858627000005,0.473313311539,10.875000004578002,0.025181864645000003,0.015952908597,0.007952708957000001,0.006460253230000001,0.11432031628500001,0.362074164862,0.427247498002,4.574255750837,30.326976105638003,0.214823696376,0.019766911091,0.074246956259,0.021334352397,1.067300208654,0.0,0.0,0.0,0.0,0.0,0.0,0.0,0.0,0.0,0.961105,29306474.607978508,45.989097,48.288551850000005,50.5880067,52.88746155,55.1869164,57.486371250000005,59.7858261,62.08528095,64.3847358,66.68419065,68.9836455,71.28310035,73.5825552,75.88201005,78.18146490000001,80.48091975,82.7803746,85.07982945,87.3792843,89.67873915,91.978194
SF11C46885912282050980,20,,2019-05-18T20:00:00-0600,0.005701,0.005702,0.006666,0.048096,0.059387606120000005,0.070077373278,0.731320755224,5.951258998752,0.034766389246,0.005142361991999999,0.011908919320000001,0.0040169722819999995,0.171190763874,0.006839514788,0.008070627906,0.067455635042,1.549882527084,0.0035888673099999996,0.002273575566,0.0011334036459999999,0.0009207019399999999,0.01629269523,0.052548091332,0.062006745372,0.663865120182,4.401376471668001,0.031177521936,0.002868786426,0.010775515674000001,0.003096270342,0.15489806864400002,0.0,0.0,0.0,0.0,0.0,0.0,0.0,0.0,0.0,0.997088,4176070.0794862397,6.585822,6.9151131,7.2444042,7.573695300000001,7.9029864000000005,8.2322775,8.561568600000001,8.8908597,9.2201508,9.5494419,9.878733,10.2080241,10.5373152,10.8666063,11.1958974,11.5251885,11.854479600000001,12.1837707,12.5130618,12.842352900000002,13.171644
SF11C46885912282050980,21,,2019-05-18T21:00:00-0600,0.005701,0.005701,0.006086,0.04519,0.054814265466,0.06468083151500001,0.673546883393,5.568029136070001,0.032053044161,0.004892353879,0.010971156927,0.003747408352,0.157710426789,0.006838315294000001,0.008069212503,0.067443804871,1.5496107132420003,0.003588237905,0.002273176833,0.001133204873,0.00092054047,0.016289837865,0.047975950172,0.05661161901200001,0.606103078522,4.018418422828001,0.028464806255999998,0.002619177046,0.009837952054000001,0.002826867882,0.141420588924,0.0,0.0,0.0,0.0,0.0,0.0,0.0,0.0,0.0,0.999278,4176070.0794862397,6.585822,6.9151131,7.2444042,7.573695300000001,7.9029864000000005,8.2322775,8.561568600000001,8.8908597,9.2201508,9.5494419,9.878733,10.2080241,10.5373152,10.8666063,11.1958974,11.5251885,11.854479600000001,12.1837707,12.5130618,12.842352900000002,13.171644
SF11C46885912282050980,22,,2019-05-18T22:00:00-0600,0.005701,0.005701,0.005726,0.042461,0.051976384746000005,0.061332132395,0.637694581673,5.3303310367900005,0.030369289601,0.004737423919,0.010389220887000002,0.003580193032,0.149345094549,0.006838315294000001,0.008069212503,0.067443804871,1.5496107132420003,0.003588237905,0.002273176833,0.001133204873,0.00092054047,0.016289837865,0.045138069452,0.053262919892,0.570250776802,3.7807203235480005,0.026781051696,0.0024642470860000002,0.009256016014000001,0.002659652562,0.133055256684,0.0,0.0,0.0,0.0,0.0,0.0,0.0,0.0,0.0,0.999282,4176070.0794862397,6.585822,6.9151131,7.2444042,7.573695300000001,7.9029864000000005,8.2322775,8.561568600000001,8.8908597,9.2201508,9.5494419,9.878733,10.2080241,10.5373152,10.8666063,11.1958974,11.5251885,11.854479600000001,12.1837707,12.5130618,12.842352900000002,13.171644
SF11C46885912282050980,23,,2019-05-18T23:00:00-0600,0.005701,0.005701,0.005281,0.03989,0.048468448856000004,0.05719276820500001,0.593377153158,5.036509775180001,0.028287981881,0.004545913274,0.009669883282,0.0033734963169999997,0.139004614419,0.006838315294000001,0.008069212503,0.067443804871,1.5496107132420003,0.003588237905,0.002273176833,0.001133204873,0.00092054047,0.016289837865,0.041630133562,0.049123555702000006,0.525933348287,3.4868990619380003,0.024699743976,0.002272736441,0.008536678409000001,0.002452955847,0.12271477655400001,0.0,0.0,0.0,0.0,0.0,0.0,0.0,0.0,0.0,0.999286,4176070.0794862397,6.585822,6.9151131,7.2444042,7.573695300000001,7.9029864000000005,8.2322775,8.561568600000001,8.8908597,9.2201508,9.5494419,9.878733,10.2080241,10.5373152,10.8666063,11.1958974,11.5251885,11.854479600000001,12.1837707,12.5130618,12.842352900000002,13.171644
SF11C46886012282050980,0,,2019-05-18T00:00:00-0600,0.005701,0.005701,0.004378,0.000304,0.012191628454,0.014386125768,0.148024778404,1.330374850456,0.007084994807999999,0.001266976426,0.0024148446989999996,0.0008822106909999999,0.034713427532999996,0.002164646896,0.002554287442,0.021349139006000002,0.49052475788000005,0.001135844436,0.0007195688180000001,0.00035871262100000003,0.00029139521300000003,0.005156503191,0.010026981558,0.011831838326,0.126675639398,0.839850092576,0.005949150372,0.000547407608,0.0020561320779999997,0.0005908154779999999,0.029556924342,0.0,0.0,0.0,0.0,0.0,0.0,0.0,0.0,0.0,0.979128,1039833.3543046749,2.19648,2.2586135,2.3207470000000003,2.3828805,2.445014,2.5071475000000003,2.569281,2.6314145,2.6935480000000003,2.7556815,2.8178150000000004,2.8799485000000002,2.942082,3.0042155,3.066349,3.1284825,3.1906160000000003,3.2527495,3.314883,3.3770165,3.43915
SF11C46886012282050980,1,,2019-05-18T01:00:00-0600,0.005701,0.005701,0.003779,0.000544,0.010819732164999998,0.012767288134999999,0.130692958395,1.215466169448,0.006271029281999999,0.001192079862,0.0021335237499999996,0.000801375042,0.030669435372,0.002164646896,0.002554287442,0.021349139006000002,0.49052475788000005,0.001135844436,0.0007195688180000001,0.00035871262100000003,0.00029139521300000003,0.005156503191,0.008655085269,0.010213000693,0.109343819389,0.724941411568,0.005135184845999999,0.000472511044,0.0017748111289999998,0.000509979829,0.025512932181,0.0,0.0,0.0,0.0,0.0,0.0,0.0,0.0,0.0,0.979128,1039833.3543046749,2.19648,2.2651280500000004,2.3337761,2.4024241500000003,2.4710722,2.5397202500000002,2.6083683,2.67701635,2.7456644,2.81431245,2.8829605000000003,2.95160855,3.0202566,3.08890465,3.1575527,3.2262007500000003,3.2948488,3.3634968499999998,3.4321449,3.50079295,3.569441
SF11C46886012282050980,2,,2019-05-18T02:00:00-0600,0.005701,0.005701,0.003328,0.000737,0.009786801904,0.011548430418,0.11764345785399999,1.128948948856,0.005658177108,0.001135688626,0.0019217111489999998,0.0007405121409999999,0.027624626583,0.002164646896,0.002554287442,0.021349139006000002,0.49052475788000005,0.001135844436,0.0007195688180000001,0.00035871262100000003,0.00029139521300000003,0.005156503191,0.007622155007999999,0.008994142976,0.096294318848,0.638424190976,0.0045223326719999995,0.00041611980800000003,0.0015629985279999997,0.0004491169279999999,0.022468123391999998,0.0,0.0,0.0,0.0,0.0,0.0,0.0,0.0,0.0,0.986085,1039833.3543046749,2.19648,2.2229991,2.2495182000000002,2.2760373,2.3025564000000003,2.3290755,2.3555946000000003,2.3821137,2.4086328000000004,2.4351519,2.461671,2.4881901,2.5147092000000004,2.5412283,2.5677474,2.5942665000000003,2.6207856,2.6473047000000003,2.6738238,2.7003429,2.726862
SF11C46886012282050980,3,,2019-05-18T03:00:00-0600,0.005701,0.005701,0.003004,0.000893,0.00904474114,0.01067279871,0.10826865037,1.066794670648,0.005217901932,0.001095176962,0.001769544225,0.000696788017,0.025437225147,0.002164646896,0.002554287442,0.021349139006000002,0.49052475788000005,0.001135844436,0.0007195688180000001,0.00035871262100000003,0.00029139521300000003,0.005156503191,0.0068800942440000006,0.008118511268,0.086919511364,0.576269912768,0.004082057496,0.00037560814400000006,0.001410831604,0.000405392804,0.020280721956,0.0,0.0,0.0,0.0,0.0,0.0,0.0,0.0,0.0,0.989564,1039833.3543046749,2.19648,2.1991971,2.2019142,2.2046313,2.2073484000000003,2.2100655000000002,2.2127826,2.2154997,2.2182168,2.2209339,2.2236510000000003,2.2263681,2.2290852,2.2318023,2.2345194,2.2372365,2.2399535999999998,2.2426707,2.2453878,2.2481049,2.250822
SF11C46886012282050980,4,,2019-05-18T04:00:00-0600,0.005701,0.005701,0.002773,0.001023,0.008515679299,0.010048505733,0.101584759849,1.022480972296,0.004904002038,0.001066293646,0.001661054844,0.000665614336,0.023877688937999998,0.002164646896,0.002554287442,0.021349139006000002,0.49052475788000005,0.001135844436,0.0007195688180000001,0.00035871262100000003,0.00029139521300000003,0.005156503191,0.006351032402999999,0.007494218291,0.080235620843,0.5319562144159999,0.0037681576019999996,0.000346724828,0.001302342223,0.00037421912299999996,0.018721185746999998,0.0,0.0,0.0,0.0,0.0,0.0,0.0,0.0,0.0,0.991651,1039833.3543046749,2.19648,2.3063040000000004,2.416128,2.525952,2.6357760000000003,2.7456000000000005,2.855424,2.9652480000000003,3.0750720000000005,3.184896,3.2947200000000003,3.4045440000000005,3.514368,3.6241920000000003,3.7340160000000004,3.84384,3.9536640000000003,4.063488,4.173312,4.283136000000001,4.39296
SF11C46886012282050980,5,,2019-05-18T05:00:00-0600,0.005701,0.005701,0.002607,0.001133,0.008135487673,0.009599879611000001,0.09678161774300001,0.9906364964240001,0.004678428954,0.00104553767,0.001583092778,0.0006432124700000001,0.022756983264,0.002164646896,0.002554287442,0.021349139006000002,0.49052475788000005,0.001135844436,0.0007195688180000001,0.00035871262100000003,0.00029139521300000003,0.005156503191,0.005970840777,0.0070455921690000005,0.075432478737,0.500111738544,0.0035425845179999998,0.000325968852,0.001224380157,0.000351817257,0.017600480073,0.0,0.0,0.0,0.0,0.0,0.0,0.0,0.0,0.0,0.993043,1039833.3543046749,2.19648,2.3063040000000004,2.416128,2.525952,2.6357760000000003,2.7456000000000005,2.855424,2.9652480000000003,3.0750720000000005,3.184896,3.2947200000000003,3.4045440000000005,3.514368,3.6241920000000003,3.7340160000000004,3.84384,3.9536640000000003,4.063488,4.173312,4.283136000000001,4.39296
SF11C46886012282050980,6,,2019-05-18T06:00:00-0600,0.005701,0.005701,0.002488,0.001226,0.007862940664,0.009278274138000002,0.09333840141400002,0.967808227576,0.0045167229480000005,0.001030658386,0.0015272043090000002,0.000627153301,0.021953585823000003,0.002164646896,0.002554287442,0.021349139006000002,0.49052475788000005,0.001135844436,0.0007195688180000001,0.00035871262100000003,0.00029139521300000003,0.005156503191,0.0056982937680000005,0.006723986696000001,0.07198926240800001,0.47728346969600005,0.003380878512,0.000311089568,0.001168491688,0.000335758088,0.016797082632000002,0.0,0.0,0.0,0.0,0.0,0.0,0.0,0.0,0.0,0.994036,1039833.3543046749,2.19648,2.3063040000000004,2.416128,2.525952,2.6357760000000003,2.7456000000000005,2.855424,2.9652480000000003,3.0750720000000005,3.184896,3.2947200000000003,3.4045440000000005,3.514368,3.6241920000000003,3.7340160000000004,3.84384,3.9536640000000003,4.063488,4.173312,4.283136000000001,4.39296
SF11C46886012282050980,7,,2019-05-18T07:00:00-0600,0.005701,0.005701,0.002403,0.001308,0.0076682642290000005,0.009048555943,0.09087896117900002,0.9515023212560001,0.004401218658,0.0010200303260000001,0.001487283974,0.0006156824660000001,0.021379730508000003,0.002164646896,0.002554287442,0.021349139006000002,0.49052475788000005,0.001135844436,0.0007195688180000001,0.00035871262100000003,0.00029139521300000003,0.005156503191,0.0055036173330000005,0.006494268501000001,0.06952982217300001,0.46097756337600004,0.003265374222,0.00030046150800000005,0.001128571353,0.000324287253,0.016223227317000002,0.0,0.0,0.0,0.0,0.0,0.0,0.0,0.0,0.0,0.994782,1039833.3543046749,2.19648,2.3063040000000004,2.416128,2.525952,2.6357760000000003,2.7456000000000005,2.855424,2.9652480000000003,3.0750720000000005,3.184896,3.2947200000000003,3.4045440000000005,3.514368,3.6241920000000003,3.7340160000000004,3.84384,3.9536640000000003,4.063488,4.173312,4.283136000000001,4.39296
SF11C46886012282050980,8,,2019-05-18T08:00:00-0600,0.005701,0.005701,0.002188,0.001368,0.007175847363999999,0.008467504038,0.084658024114,0.9102579699760001,0.004109060748,0.000993147586,0.001386309009,0.000586668001,0.019928214123,0.002164646896,0.002554287442,0.021349139006000002,0.49052475788000005,0.001135844436,0.0007195688180000001,0.00035871262100000003,0.00029139521300000003,0.005156503191,0.005011200467999999,0.005913216596,0.063308885108,0.41973321209599995,0.0029732163119999995,0.000273578768,0.001027596388,0.00029527278799999996,0.014771710931999998,0.0,0.0,0.0,0.0,0.0,0.0,0.0,0.0,0.0,0.995362,1039833.3543046749,2.19648,2.3063040000000004,2.416128,2.525952,2.6357760000000003,2.7456000000000005,2.855424,2.9652480000000003,3.0750720000000005,3.184896,3.2947200000000003,3.4045440000000005,3.514368,3.6241920000000003,3.7340160000000004,3.84384,3.9536640000000003,4.063488,4.173312,4.283136000000001,4.39296
SF11C46886012282050980,9,,2019-05-18T09:00:00-0600,0.005701,0.005701,0.002868,0.001472,0.008733258843999999,0.010305249598000001,0.104333545994,1.0407052205360001,0.005033095067999999,0.001078172066,0.001705671689,0.000678434681,0.024519056642999998,0.002164646896,0.002554287442,0.021349139006000002,0.49052475788000005,0.001135844436,0.0007195688180000001,0.00035871262100000003,0.00029139521300000003,0.005156503191,0.006568611948,0.007750962156,0.082984406988,0.550180462656,0.0038972506319999997,0.000358603248,0.001346959068,0.00038703946799999997,0.019362553451999998,0.0,0.0,0.0,0.0,0.0,0.0,0.0,0.0,0.0,0.995826,1039833.3543046749,2.19648,2.3063040000000004,2.416128,2.525952,2.6357760000000003,2.7456000000000005,2.855424,2.9652480000000003,3.0750720000000005,3.184896,3.2947200000000003,3.4045440000000005,3.514368,3.6241920000000003,3.7340160000000004,3.84384,3.9536640000000003,4.063488,4.173312,4.283136000000001,4.39296
SF11C46886012282050980,10,,2019-05-18T10:00:00-0600,0.020004,0.020004,0.012362,0.002229,0.035908263366000004,0.042371765422,0.432600513166,4.092636049024001,0.020783917332,0.0040705599039999995,0.007064497346,0.0026907287139999996,0.101552254482,0.007595438784,0.008962632168000001,0.07491109922400001,1.7211817675200003,0.003985516944,0.002524864872,0.0012586716840000001,0.001022464452,0.018093437964000002,0.028312824582,0.033409133254,0.357689413942,2.371454281504,0.016798400387999998,0.001545695032,0.005805825662,0.0016682642619999999,0.083458816518,0.0,0.0,0.0,0.0,0.0,0.0,0.0,0.0,0.0,0.975555,3648627.6827768316,7.701828,7.72739985,7.7529717,7.77854355,7.8041154,7.82968725,7.8552591,7.88083095,7.9064027999999995,7.93197465,7.957546499999999,7.98311835,8.0086902,8.03426205,8.0598339,8.08540575,8.1109776,8.13654945,8.162121299999999,8.18769315,8.213265
SF11C46886012282050980,11,,2019-05-18T11:00:00-0600,0.040008,0.040008,0.029187,0.0041,0.082038184725,0.09680508736500001,0.9943361059650001,9.041428096944001,0.047632489326,0.008699155476,0.016225047105,0.005983743740999999,0.23323528862100001,0.015190877568,0.017925264336000002,0.14982219844800002,3.4423635350400006,0.007971033888,0.005049729744,0.0025173433680000003,0.002044928904,0.036186875928000004,0.066847307157,0.07887982302900001,0.8445139075170001,5.599064561904,0.039661455437999996,0.0036494257320000005,0.013707703737,0.003938814836999999,0.197048412693,0.0,0.0,0.0,0.0,0.0,0.0,0.0,0.0,0.0,0.924883,7297255.365553663,15.388827,15.884658,16.380489,16.87632,17.372151,17.867981999999998,18.363813,18.859644,19.355475,19.851306,20.347137,20.842968,21.338799,21.83463,22.330461,22.826292000000002,23.322123,23.817954,24.313785000000003,24.809616,25.305447
SF11C46886012282050980,12,,2019-05-18T12:00:00-0600,0.070014,0.070014,0.058267,0.007857,0.160033586781,0.18883968397700002,1.948120661081,17.201739051584,0.093126820662,0.016122499664,0.031770505711,0.011441815499,0.456701475687,0.026584035744,0.031369212588,0.26218884728400005,6.024136186320001,0.013949309304,0.008837027052,0.0044053508940000005,0.003578625582,0.063327032874,0.13344955103699999,0.157470471389,1.685931813797,11.177602865264,0.079177511358,0.0072854726120000005,0.027365154816999998,0.007863189917,0.393374442813,0.0,0.0,0.0,0.0,0.0,0.0,0.0,0.0,0.0,0.849215,12770196.88971891,26.891582,28.32168775,29.751793499999998,31.18189925,32.612004999999996,34.04211075,35.4722165,36.90232225,38.332428,39.762533749999996,41.1926395,42.622745249999994,44.052851,45.48295675,46.913062499999995,48.34316825,49.773274,51.203379749999996,52.63348549999999,54.06359125,55.493697
SF11C46886012282050980,13,,2019-05-18T13:00:00-0600,0.10002,0.10002,0.092438,0.01372,0.24968896213800001,0.29463304918600003,3.0492112189780003,26.338677877696004,0.145539179532,0.024182402128,0.049706957558,0.017586922797999997,0.7145382205020001,0.03797719392,0.04481316084,0.37455549612,8.605908837600001,0.01992758472,0.01262432436,0.006293358420000001,0.00511232226,0.09046718982,0.211711768218,0.24981988834600002,2.674655722858,17.732769040096002,0.125611594812,0.011558077768000002,0.043413599138000004,0.012474600538,0.6240710306820001,0.0,0.0,0.0,0.0,0.0,0.0,0.0,0.0,0.0,0.783092,18243138.413884155,38.361131,40.83440635,43.3076817,45.78095705,48.2542324,50.72750775,53.2007831,55.674058450000004,58.1473338,60.62060915000001,63.0938845,65.56715985,68.0404352,70.51371055000001,72.98698590000001,75.46026125,77.9335366,80.40681195,82.88008730000001,85.35336265000001,87.826638
SF11C46886012282050980,14,,2019-05-18T14:00:00-0600,0.130026,0.130026,0.130375,0.021801,0.34796964872099995,0.410604281717,4.259269446581,36.198064270879996,0.20306905788599997,0.032713190168,0.069412115071,0.024240255563,0.997800131391,0.049370352096,0.058257109092,0.486922144956,11.187681488880001,0.025905860136,0.016411621668,0.008181365946,0.006646018938,0.11760734676600001,0.29859929662499995,0.352347172625,3.772347301625,25.010382781999997,0.17716319774999997,0.0163015685,0.06123074912499999,0.017594236625,0.880192784625,0.0,0.0,0.0,0.0,0.0,0.0,0.0,0.0,0.0,0.737432,23716079.938049402,49.79757,53.2009342,56.6042984,60.0076626,63.4110268,66.814391,70.2177552,73.6211194,77.0244836,80.4278478,83.831212,87.23457619999999,90.63794039999999,94.04130459999999,97.4446688,100.848033,104.2513972,107.6547614,111.0581256,114.46148980000001,117.86485400000001
SF11C46886012282050980,15,,2019-05-18T15:00:00-0600,0.160032,0.160031,0.170566,0.032104,0.451412316602,0.532666652224,5.534542497492001,46.489758890952004,0.26366163899999995,0.041525683134,0.09017580301699998,0.031197716768999996,1.296278430495,0.060763130575999996,0.071700609302,0.599285048986,13.769368098280001,0.031883936316,0.020198792758,0.010069310551,0.008179664503,0.144746599221,0.39064918602599996,0.460966042922,4.935257448506,32.720390792672,0.23177770268399997,0.021326890376,0.08010649246599999,0.023018052265999997,1.151531831274,0.0,0.0,0.0,0.0,0.0,0.0,0.0,0.0,0.0,0.736568,29189021.462214652,61.200994,64.9457557,68.6905174,72.4352791,76.1800408,79.9248025,83.6695642,87.4143259,91.15908759999999,94.90384929999999,98.64861099999999,102.39337269999999,106.13813439999998,109.88289609999998,113.6276578,117.37241949999999,121.11718119999999,124.86194289999999,128.6067046,132.3514663,136.096228
SF11C46886012282050980,16,,2019-05-18T16:00:00-0600,0.170034,0.170034,0.189201,0.042975,0.49789036117499996,0.5875107523950001,6.111197895195,50.92526598451201,0.290977213698,0.045118287648,0.099557148165,0.034223811992999995,1.4311353927330002,0.06456122966399999,0.076182373428,0.636744343404,14.630045023920001,0.033876894023999994,0.021461351411999997,0.010698709314,0.008690947841999998,0.153794222694,0.433329131511,0.511328378967,5.474453551791,36.295220960592005,0.257100319674,0.023656936236000004,0.088858438851,0.025532864151,1.277341170039,0.0,0.0,0.0,0.0,0.0,0.0,0.0,0.0,0.0,0.783801,31013335.303603064,64.994816,68.09207765,71.1893393,74.28660095000001,77.3838626,80.48112425,83.5783859,86.67564755000001,89.7729092,92.87017085,95.9674325,99.06469415000001,102.1619558,105.25921745,108.3564791,111.45374075000001,114.5510024,117.64826405,120.7455257,123.84278735000001,126.940049
SF11C46886012282050980,17,,2019-05-18T17:00:00-0600,0.120024,0.120025,0.137305,0.049477,0.360044164255,0.42485220298500004,4.422334357405001,36.66697037956,0.21049349546999999,0.032317383430000006,0.07203752358,0.024664284879999998,1.0355404031700002,0.0455730124,0.05377624105,0.44947034015000004,10.327176647000002,0.0239133009,0.01514931545,0.007552093025000001,0.006134837825,0.10856153227500001,0.314471151855,0.37107596193500003,3.9728640172550005,26.33979373256,0.18658019457,0.017168067980000003,0.064485430555,0.018529447055,0.9269788708950001,0.0,0.0,0.0,0.0,0.0,0.0,0.0,0.0,0.0,0.868512,21891766.09666099,45.989097,47.5426421,49.0961872,50.649732300000004,52.203277400000005,53.7568225,55.310367600000006,56.8639127,58.4174578,59.9710029,61.524548,63.078093100000004,64.6316382,66.1851833,67.7387284,69.29227350000001,70.8458186,72.39936370000001,73.9529088,75.5064539,77.059999
SF11C46886012282050980,18,,2019-05-18T18:00:00-0600,0.070014,0.070015,0.080908,0.051627,0.21188889782799997,0.250028951466,2.603232480718,21.545143034536,0.12389328613199999,0.018953565957999997,0.042403936923,0.014497292202999997,0.609557182377,0.026584415439999995,0.03136966063,0.26219259209,6.0242222282,0.013949508539999999,0.008837153269999998,0.004405413815,0.0035786766949999996,0.063327937365,0.18530448238799999,0.218659290836,2.341039888628,15.520920806336,0.10994377759199998,0.010116412688,0.037998523108,0.010918615507999998,0.546229245012,0.0,0.0,0.0,0.0,0.0,0.0,0.0,0.0,0.0,0.948022,12770196.88971891,26.891582,27.14960005,27.4076181,27.66563615,27.9236542,28.18167225,28.4396903,28.69770835,28.9557264,29.21374445,29.4717625,29.72978055,29.9877986,30.245816650000002,30.503834700000002,30.761852750000003,31.0198708,31.277888850000004,31.5359069,31.79392495,32.051943
SF11C46886012282050980,19,,2019-05-18T19:00:00-0600,0.040008,0.040008,0.045871,0.051215,0.120249733449,0.141894715193,1.477080822209,12.241989756272,0.070303943142,0.010785256100000001,0.024060704389,0.008235266225,0.345872960097,0.015190877568,0.017925264336000002,0.14982219844800002,3.4423635350400006,0.007971033888,0.005049729744,0.0025173433680000003,0.002044928904,0.036186875928000004,0.105058855881,0.12396945085700001,1.327258623761,8.799626221232,0.062332909254,0.005735526356000001,0.021543361021,0.006190337321,0.309686084169,0.0,0.0,0.0,0.0,0.0,0.0,0.0,0.0,0.0,0.983508,7297255.365553663,15.388827,16.15826835,16.927709699999998,17.69715105,18.4665924,19.236033749999997,20.005475099999998,20.77491645,21.5443578,22.313799149999998,23.0832405,23.852681849999996,24.622123199999997,25.39156455,26.1610059,26.93044725,27.699888599999998,28.469329949999995,29.238771299999996,30.008212649999997,30.777654
SF11C46886012282050980,20,,2019-05-18T20:00:00-0600,0.005701,0.005702,0.006576,0.048113,0.017226111728000003,0.020326816076,0.21162675422800004,1.7521124463520001,0.010071999096,0.001541931772,0.003447200518,0.0011788841019999999,0.049553555346000006,0.002165026592,0.0025547354839999996,0.021352883811999998,0.49061079976,0.001136043672,0.000719695036,0.000358775542,0.000291446326,0.005157407682,0.015061085136000001,0.017772080592,0.19027387041600002,1.2615016465920001,0.008935955423999999,0.000822236736,0.003088424976,0.000887437776,0.044396147664000005,0.0,0.0,0.0,0.0,0.0,0.0,0.0,0.0,0.0,0.999029,1039833.3543046749,2.19648,2.3063040000000004,2.416128,2.525952,2.6357760000000003,2.7456000000000005,2.855424,2.9652480000000003,3.0750720000000005,3.184896,3.2947200000000003,3.4045440000000005,3.514368,3.6241920000000003,3.7340160000000004,3.84384,3.9536640000000003,4.063488,4.173312,4.283136000000001,4.39296
SF11C46886012282050980,21,,2019-05-18T21:00:00-0600,0.005701,0.005701,0.006088,0.045207,0.016108060264,0.019007515338000002,0.197502929014,1.658411318776,0.009408669348,0.001480787986,0.0032179479089999995,0.001112976901,0.046258046223,0.002164646896,0.002554287442,0.021349139006000002,0.49052475788000005,0.001135844436,0.0007195688180000001,0.00035871262100000003,0.00029139521300000003,0.005156503191,0.013943413367999999,0.016453227896,0.176153790008,1.1678865608959998,0.008272824912,0.000761219168,0.0028592352879999996,0.0008215816879999999,0.041101543032,0.0,0.0,0.0,0.0,0.0,0.0,0.0,0.0,0.0,0.999759,1039833.3543046749,2.19648,2.3063040000000004,2.416128,2.525952,2.6357760000000003,2.7456000000000005,2.855424,2.9652480000000003,3.0750720000000005,3.184896,3.2947200000000003,3.4045440000000005,3.514368,3.6241920000000003,3.7340160000000004,3.84384,3.9536640000000003,4.063488,4.173312,4.283136000000001,4.39296
SF11C46886012282050980,22,,2019-05-18T22:00:00-0600,0.005701,0.005701,0.005728,0.042477,0.015283548304,0.018034591218,0.187086476254,1.589351009656,0.008919474707999999,0.0014357750260000001,0.0030488735489999997,0.001064394541,0.043827600183,0.002164646896,0.002554287442,0.021349139006000002,0.49052475788000005,0.001135844436,0.0007195688180000001,0.00035871262100000003,0.00029139521300000003,0.005156503191,0.013118901407999999,0.015480303776,0.165737337248,1.098826251776,0.007783630271999999,0.000716206208,0.002690160928,0.0007729993279999999,0.038671096992,0.0,0.0,0.0,0.0,0.0,0.0,0.0,0.0,0.0,0.999761,1039833.3543046749,2.19648,2.3063040000000004,2.416128,2.525952,2.6357760000000003,2.7456000000000005,2.855424,2.9652480000000003,3.0750720000000005,3.184896,3.2947200000000003,3.4045440000000005,3.514368,3.6241920000000003,3.7340160000000004,3.84384,3.9536640000000003,4.063488,4.173312,4.283136000000001,4.39296
SF11C46886012282050980,23,,2019-05-18T23:00:00-0600,0.005701,0.005701,0.005283,0.039905,0.014264359909000001,0.016831948903000004,0.17421058325900002,1.503984794216,0.008314775778,0.0013801340060000003,0.002839878854,0.001004341346,0.040823298828,0.002164646896,0.002554287442,0.021349139006000002,0.49052475788000005,0.001135844436,0.0007195688180000001,0.00035871262100000003,0.00029139521300000003,0.005156503191,0.012099713013,0.014277661461000003,0.15286144425300002,1.013460036336,0.007178931342,0.0006605651880000001,0.0024811662330000003,0.000712946133,0.035666795637,0.0,0.0,0.0,0.0,0.0,0.0,0.0,0.0,0.0,0.999762,1039833.3543046749,2.19648,2.3063040000000004,2.416128,2.525952,2.6357760000000003,2.7456000000000005,2.855424,2.9652480000000003,3.0750720000000005,3.184896,3.2947200000000003,3.4045440000000005,3.514368,3.6241920000000003,3.7340160000000004,3.84384,3.9536640000000003,4.063488,4.173312,4.283136000000001,4.39296
SF11C46886112282050980,0,,2019-05-18T00:00:00-0600,0.005701,0.005701,0.00471,0.000329,0.047345933564,0.055868201516,0.577085982601,5.051266323404,0.027569752813000004,0.004696189804,0.009409745357999998,0.003364994031,0.13526505583999998,0.007599797864000001,0.008967764216,0.074954074231,1.7221690487240002,0.003987809593000001,0.002526306934,0.001259396508,0.001023050151,0.018103810550000002,0.0397461357,0.0469004373,0.50213190837,3.3290972746799996,0.023581943220000002,0.00216988287,0.00815034885,0.00234194388,0.11716124529,0.0,0.0,0.0,0.0,0.0,0.0,0.0,0.0,0.0,0.937383,4557816.302166042,6.585822,6.98411705,7.382412100000001,7.7807071500000005,8.179002200000001,8.57729725,8.9755923,9.37388735,9.7721824,10.17047745,10.568772500000001,10.96706755,11.365362600000001,11.76365765,12.1619527,12.560247750000002,12.9585428,13.356837850000002,13.755132900000001,14.153427950000001,14.551723
SF11C46886112282050980,1,,2019-05-18T01:00:00-0600,0.005701,0.005701,0.003959,0.000579,0.041008492394,0.048390021385999994,0.49702206260399995,4.520448477696,0.023809659531,0.0043502063569999996,0.008110188673,0.002991575803,0.116583931591,0.007599797864000001,0.008967764216,0.074954074231,1.7221690487240002,0.003987809593000001,0.002526306934,0.001259396508,0.001023050151,0.018103810550000002,0.03340869453,0.039422257169999995,0.42206798837299997,2.7982794289719997,0.019821849938,0.001823899423,0.006850792164999999,0.001968525652,0.098480121041,0.0,0.0,0.0,0.0,0.0,0.0,0.0,0.0,0.0,0.937383,4557816.302166042,6.585822,7.005022950000001,7.4242239,7.84342485,8.2626258,8.68182675,9.1010277,9.52022865,9.9394296,10.35863055,10.777831500000001,11.19703245,11.6162334,12.035434350000001,12.4546353,12.87383625,13.2930372,13.712238150000001,14.131439100000001,14.55064005,14.969841
SF11C46886112282050980,2,,2019-05-18T02:00:00-0600,0.005701,0.005701,0.003405,0.000774,0.036333469214,0.042873494366,0.437960262766,4.128873129464,0.021035902303000002,0.004094980219,0.007151527683,0.002716111491,0.102803182145,0.007599797864000001,0.008967764216,0.074954074231,1.7221690487240002,0.003987809593000001,0.002526306934,0.001259396508,0.001023050151,0.018103810550000002,0.02873367135,0.03390573015,0.363006188535,2.40670408074,0.01704809271,0.0015686732850000002,0.005892131175,0.00169306134,0.084699371595,0.0,0.0,0.0,0.0,0.0,0.0,0.0,0.0,0.0,0.958255,4557816.302166042,6.585822,6.824525550000001,7.0632291,7.30193265,7.5406362,7.77933975,8.0180433,8.25674685,8.4954504,8.73415395,8.9728575,9.21156105,9.4502646,9.68896815,9.9276717,10.16637525,10.4050788,10.643782349999999,10.882485899999999,11.12118945,11.359893
SF11C46886112282050980,3,,2019-05-18T03:00:00-0600,0.005701,0.005701,0.003024,0.00093,0.033118335944,0.039079637336,0.397341949159,3.8595767257160007,0.019128318361000003,0.003919454662,0.006492231948,0.0025266676230000003,0.093325807526,0.007599797864000001,0.008967764216,0.074954074231,1.7221690487240002,0.003987809593000001,0.002526306934,0.001259396508,0.001023050151,0.018103810550000002,0.025518538080000003,0.03011187312,0.32238787492800003,2.1374076769920003,0.015140508768000003,0.001393147728,0.00523283544,0.0015036174720000001,0.075221996976,0.0,0.0,0.0,0.0,0.0,0.0,0.0,0.0,0.0,0.968692,4557816.302166042,6.585822,6.72344165,6.8610613,6.998680950000001,7.1363006,7.27392025,7.4115399,7.549159550000001,7.6867792,7.82439885,7.9620185,8.09963815,8.2372578,8.37487745,8.512497100000001,8.65011675,8.7877364,8.92535605,9.062975699999999,9.20059535,9.338215
SF11C46886112282050980,4,,2019-05-18T04:00:00-0600,0.005701,0.005701,0.002762,0.001056,0.030907404404000003,0.036470738276,0.369410195445,3.6743912722200003,0.017816541477000004,0.003798752048,0.006038857978,0.002396393887,0.08680855778800001,0.007599797864000001,0.008967764216,0.074954074231,1.7221690487240002,0.003987809593000001,0.002526306934,0.001259396508,0.001023050151,0.018103810550000002,0.02330760654,0.02750297406,0.294456121214,1.952222223496,0.013828731884000002,0.001272445114,0.00477946147,0.001373343736,0.068704747238,0.0,0.0,0.0,0.0,0.0,0.0,0.0,0.0,0.0,0.974953,4557816.302166042,6.585822,6.65824895,6.7306759000000005,6.80310285,6.875529800000001,6.94795675,7.0203837,7.0928106500000005,7.1652376,7.237664550000001,7.3100915,7.382518450000001,7.454945400000001,7.52737235,7.599799300000001,7.6722262500000005,7.7446532,7.817080150000001,7.8895071,7.961934050000001,8.034361
SF11C46886112282050980,5,,2019-05-18T05:00:00-0600,0.005701,0.005701,0.002582,0.001162,0.029388443804000002,0.034678364876,0.35022044098500005,3.5471646247800006,0.016915320717000002,0.0037158265880000005,0.005727379678,0.002306892847,0.082331057968,0.007599797864000001,0.008967764216,0.074954074231,1.7221690487240002,0.003987809593000001,0.002526306934,0.001259396508,0.001023050151,0.018103810550000002,0.02178864594,0.02571060066,0.275266366754,1.8249955760560002,0.012927511124,0.0011895196540000002,0.00446798317,0.0012838426960000001,0.064227247418,0.0,0.0,0.0,0.0,0.0,0.0,0.0,0.0,0.0,0.979128,4557816.302166042,6.585822,6.612489500000001,6.639157,6.6658245,6.6924920000000006,6.7191595,6.745827,6.7724945000000005,6.799162,6.8258295,6.852497,6.8791645,6.905832,6.9324995,6.959167,6.9858345,7.012502,7.0391695,7.065837,7.0925044999999995,7.119172
SF11C46886112282050980,6,,2019-05-18T06:00:00-0600,0.005701,0.005701,0.002458,0.001251,0.028342048724000004,0.033443618756,0.33700083235700007,3.459519600988,0.016294479749,0.00365870016,0.0055128057380000005,0.002245236575,0.079246558092,0.007599797864000001,0.008967764216,0.074954074231,1.7221690487240002,0.003987809593000001,0.002526306934,0.001259396508,0.001023050151,0.018103810550000002,0.020742250860000002,0.02447585454,0.26204675812600003,1.737350552264,0.012306670156000002,0.0011323932260000002,0.0042534092300000005,0.0012221864240000001,0.061142747542,0.0,0.0,0.0,0.0,0.0,0.0,0.0,0.0,0.0,0.982109,4557816.302166042,6.585822,6.9151131,7.2444042,7.573695300000001,7.9029864000000005,8.2322775,8.561568600000001,8.8908597,9.2201508,9.5494419,9.878733,10.2080241,10.5373152,10.8666063,11.1958974,11.5251885,11.854479600000001,12.1837707,12.5130618,12.842352900000002,13.171644
SF11C46886112282050980,7,,2019-05-18T07:00:00-0600,0.005701,0.005701,0.002373,0.001329,0.027624761774000004,0.032597220206000005,0.32793900386200003,3.399440350808,0.015868903279,0.0036195409150000003,0.005365718763,0.0022029721949999997,0.077132183177,0.007599797864000001,0.008967764216,0.074954074231,1.7221690487240002,0.003987809593000001,0.002526306934,0.001259396508,0.001023050151,0.018103810550000002,0.020024963910000002,0.023629455990000003,0.252984929631,1.677271302084,0.011881093686,0.001093233981,0.004106322255,0.001179922044,0.059028372627,0.0,0.0,0.0,0.0,0.0,0.0,0.0,0.0,0.0,0.984346,4557816.302166042,6.585822,6.9151131,7.2444042,7.573695300000001,7.9029864000000005,8.2322775,8.561568600000001,8.8908597,9.2201508,9.5494419,9.878733,10.2080241,10.5373152,10.8666063,11.1958974,11.5251885,11.854479600000001,12.1837707,12.5130618,12.842352900000002,13.171644
SF11C46886112282050980,8,,2019-05-18T08:00:00-0600,0.005701,0.005701,0.002188,0.001388,0.026063607824,0.030755058656,0.30821620066699995,3.268679629828,0.014942648608999999,0.00353431197,0.005045588287999999,0.0021109850149999996,0.072530308362,0.007599797864000001,0.008967764216,0.074954074231,1.7221690487240002,0.003987809593000001,0.002526306934,0.001259396508,0.001023050151,0.018103810550000002,0.018463809959999997,0.021787294439999997,0.23326212643599997,1.5465105811039999,0.010954839016,0.001008005036,0.0037861917799999994,0.0010879348639999998,0.05442649781199999,0.0,0.0,0.0,0.0,0.0,0.0,0.0,0.0,0.0,0.986085,4557816.302166042,6.585822,6.9151131,7.2444042,7.573695300000001,7.9029864000000005,8.2322775,8.561568600000001,8.8908597,9.2201508,9.5494419,9.878733,10.2080241,10.5373152,10.8666063,11.1958974,11.5251885,11.854479600000001,12.1837707,12.5130618,12.842352900000002,13.171644
SF11C46886112282050980,9,,2019-05-18T09:00:00-0600,0.005701,0.005701,0.002863,0.00149,0.031759710074000004,0.037476458906,0.38017777989199997,3.7457795577280004,0.018322226459,0.003845282445,0.006213631913,0.002446613915,0.089320932687,0.007599797864000001,0.008967764216,0.074954074231,1.7221690487240002,0.003987809593000001,0.002526306934,0.001259396508,0.001023050151,0.018103810550000002,0.024159912210000002,0.02850869469,0.305223705661,2.023610509004,0.014334416866000002,0.0013189755110000001,0.004954235405,0.001423563764,0.071217122137,0.0,0.0,0.0,0.0,0.0,0.0,0.0,0.0,0.0,0.987477,4557816.302166042,6.585822,6.9151131,7.2444042,7.573695300000001,7.9029864000000005,8.2322775,8.561568600000001,8.8908597,9.2201508,9.5494419,9.878733,10.2080241,10.5373152,10.8666063,11.1958974,11.5251885,11.854479600000001,12.1837707,12.5130618,12.842352900000002,13.171644
SF11C46886112282050980,10,,2019-05-18T10:00:00-0600,0.020004,0.020004,0.012319,0.002246,0.130622587986,0.154134656034,1.576328683417,14.750097195548001,0.07567120543000001,0.014539778879000001,0.025736272397,0.009715089536000001,0.369958814881,0.026666612256,0.031466612064,0.263003210124,6.042846807696001,0.013992657972000002,0.008864452536,0.004419043632,0.0035897378040000002,0.0635237022,0.10395597573,0.12266804397,1.313325473293,8.707250387852,0.061678547458000006,0.005675326343,0.021317228764999998,0.006125351732,0.306435112681,0.0,0.0,0.0,0.0,0.0,0.0,0.0,0.0,0.0,0.926666,15992730.627702072,23.061025,23.610243150000002,24.1594613,24.70867945,25.2578976,25.80711575,26.356333900000003,26.90555205,27.454770200000002,28.00398835,28.5532065,29.102424650000003,29.6516428,30.200860950000003,30.7500791,31.299297250000002,31.848515400000004,32.39773355,32.9469517,33.49616985,34.045388
SF11C46886112282050980,11,,2019-05-18T11:00:00-0600,0.040008,0.040008,0.029107,0.004114,0.298957592202,0.352769960538,3.629096326177,32.658949321148,0.173717719618,0.031138412651,0.059205858809000006,0.021652291004,0.851084000293,0.053333224512,0.062933224128,0.526006420248,12.085693615392001,0.027985315944000003,0.017728905072,0.008838087264,0.0071794756080000004,0.1270474044,0.24562436769,0.28983673641,3.103089905929,20.573255705756,0.145732403674,0.013409507579000002,0.050367771545,0.014472815396,0.724036595893,0.0,0.0,0.0,0.0,0.0,0.0,0.0,0.0,0.0,0.77465,31985461.255404145,45.989097,48.94119155,51.8932861,54.845380649999996,57.7974752,60.74956975,63.7016643,66.65375885,69.6058534,72.55794795,75.5100425,78.46213705,81.4142316,84.36632614999999,87.31842069999999,90.27051524999999,93.22260979999999,96.17470434999998,99.12679889999998,102.07889345,105.030988
SF11C46886112282050980,12,,2019-05-18T12:00:00-0600,0.070014,0.070013,0.058125,0.007868,0.583829503582,0.6889188129580001,7.117189632278,62.233266647512,0.33999280715900004,0.057803153867,0.11604796617900001,0.041465280363000005,1.6681890990250001,0.09333180983200001,0.110131569208,0.9204980879030001,21.149661745012004,0.048973603409000005,0.031025140742,0.015466431804000001,0.012563902863000001,0.22232978215000002,0.49049769375,0.57878724375,6.196691544375001,41.0836049025,0.29101920375,0.026778013125000003,0.100581534375,0.028901377500000002,1.445859316875,0.0,0.0,0.0,0.0,0.0,0.0,0.0,0.0,0.0,0.644382,55974557.19695725,80.133594,86.10517715,92.0767603,98.04834345,104.0199266,109.99150975,115.96309289999999,121.93467605000001,127.9062592,133.87784235,139.8494255,145.82100865,151.7925918,157.76417494999998,163.7357581,169.70734125,175.6789244,181.65050755,187.6220907,193.59367385000002,199.565257
SF11C46886112282050980,13,,2019-05-18T13:00:00-0600,0.10002,0.100019,0.092258,0.013726,0.9118665450760001,1.076002515844,11.150604941815,95.42324328722,0.5318782841230001,0.08682480337199999,0.181741469482,0.06382177039300001,2.6125329931919996,0.133331728216,0.15733148730399998,1.315002903089,30.213931956556,0.069962590367,0.044321819545999994,0.022094997252,0.017948509568999998,0.31761533545,0.77853481686,0.91867102854,9.835602038726,65.20931133066401,0.46191569375600006,0.042502983826000006,0.15964647223,0.045873260824000006,2.294917657742,0.0,0.0,0.0,0.0,0.0,0.0,0.0,0.0,0.0,0.668988,79963653.13851035,113.98324,120.45689955,126.9305591,133.40421865,139.8778782,146.35153775,152.8251973,159.29885685,165.7725164,172.24617595,178.7198355,185.19349505,191.6671546,198.14081415,204.61447370000002,211.08813325,217.5617928,224.03545235,230.5091119,236.98277145,243.456431
SF11C46886112282050980,14,,2019-05-18T14:00:00-0600,0.130026,0.130025,0.130159,0.021803,1.2717004951300002,1.50060656857,15.585725778048,131.276497746672,0.7426293156630001,0.117582359173,0.253955251865,0.08805181552699999,3.6506058835909996,0.1733316466,0.2045314054,1.709507718275,39.2782021681,0.090951577325,0.05761849835,0.0287235627,0.023333116275,0.41290088875,1.09836884853,1.29607516317,13.876218059772999,91.998295578572,0.651677738338,0.059963860823,0.225231689165,0.064718699252,3.2377049948409997,0.0,0.0,0.0,0.0,0.0,0.0,0.0,0.0,0.0,0.703836,103952749.08006346,147.54058,153.7992831,160.05798620000002,166.3166893,172.5753924,178.83409550000002,185.0927986,191.35150170000003,197.61020480000002,203.8689079,210.127611,216.38631410000002,222.6450172,228.90372030000003,235.16242340000002,241.4211265,247.6798296,253.93853270000002,260.19723580000004,266.45593890000004,272.714642
SF11C46886112282050980,15,,2019-05-18T15:00:00-0600,0.160032,0.160031,0.170321,0.032099,1.650614278054,1.9477248227260002,20.261891252248,168.727860260912,0.9647006813050001,0.14938155089100003,0.330081547783,0.11340609316900001,4.744921146729,0.21333156498400002,0.251731323496,2.1040125334610003,48.34247237964401,0.111940564283,0.070915177154,0.035352128148,0.028717722981,0.50818644205,1.43728271307,1.69599349923,18.157878718787,120.385387881268,0.852760117022,0.07846637373700001,0.294729419635,0.084688370188,4.236734704679,0.0,0.0,0.0,0.0,0.0,0.0,0.0,0.0,0.0,0.736568,127941845.02161658,180.808139,186.42294270000002,192.0377464,197.6525501,203.26735380000002,208.8821575,214.49696120000002,220.11176490000003,225.7265686,231.34137230000002,236.95617600000003,242.5709797,248.18578340000002,253.80058710000003,259.4153908,265.0301945,270.64499820000003,276.2598019,281.8746056,287.48940930000003,293.104213
SF11C46886112282050980,16,,2019-05-18T16:00:00-0600,0.170034,0.170034,0.189027,0.042963,1.821802678266,2.149727128554,22.387647932223,184.971261674532,1.0653545738760002,0.162432018375,0.36466080761700004,0.12450228849,5.241997904673,0.226666204176,0.267466202544,2.235527286054,51.364197865416,0.118937592762,0.07534784655599999,0.037561870872,0.030512771334,0.5399514687,1.59513647409,1.88226092601,20.152120646169,133.607063809116,0.9464169811140001,0.08708417181900001,0.327098936745,0.093989517156,4.702046435973,0.0,0.0,0.0,0.0,0.0,0.0,0.0,0.0,0.0,0.783801,135938210.3354676,191.833362,195.91745699999998,200.001552,204.085647,208.16974199999999,212.253837,216.337932,220.42202699999999,224.506122,228.590217,232.674312,236.758407,240.842502,244.92659700000002,249.010692,253.094787,257.178882,261.262977,265.347072,269.431167,273.515262
SF11C46886112282050980,17,,2019-05-18T17:00:00-0600,0.120024,0.120025,0.137428,0.049461,1.31971054736,1.55725842104,16.229196718991002,133.393514619124,0.772028684021,0.116499825666,0.26432470387999996,0.08987165585899999,3.7996667513219995,0.16000100660000002,0.1888012454,1.5780324082750001,36.25738292810001,0.08395664732500001,0.05318715835,0.0265144827,0.021538606275,0.38114538875,1.15970954076,1.36845717564,14.651164310716,97.13613169102399,0.688072036696,0.06331266731600001,0.23781022117999998,0.068333049584,3.4185213625719997,0.0,0.0,0.0,0.0,0.0,0.0,0.0,0.0,0.0,0.868512,95956383.76621243,136.387122,137.87610005,139.3650781,140.85405615000002,142.3430342,143.83201225,145.3209903,146.80996835000002,148.2989464,149.78792445,151.2769025,152.76588055000002,154.2548586,155.74383665,157.2328147,158.72179275000002,160.2107708,161.69974885,163.1887269,164.67770495000002,166.166683
SF11C46886112282050980,18,,2019-05-18T18:00:00-0600,0.070014,0.070015,0.08108,0.05161,0.77754183956,0.91749935564,9.564442669725,78.4588024335,0.454924886955,0.06837933976999999,0.15577054342,0.052879508005,2.23920105217,0.09333447596,0.11013471523999999,0.9205243829649999,21.15026590886,0.048975002394999995,0.031026027009999995,0.015466873619999998,0.012564261765,0.22233613324999998,0.6842073636,0.8073646404,8.64391828676,57.30853652464,0.40594988456000003,0.03735331276,0.1403036698,0.04031524624,2.01686491892,0.0,0.0,0.0,0.0,0.0,0.0,0.0,0.0,0.0,0.929029,55974557.19695725,80.133594,80.29461435,80.4556347,80.61665505,80.7776754,80.93869575,81.0997161,81.26073645,81.4217568,81.58277715,81.7437975,81.90481785,82.0658382,82.22685855,82.3878789,82.54889925,82.70991959999999,82.87093995,83.0319603,83.19298065,83.354001
SF11C46886112282050980,19,,2019-05-18T19:00:00-0600,0.040008,0.040009,0.045982,0.051197,0.4413614815160001,0.520806539804,5.428148954333,44.586749600572006,0.25820786536100004,0.03891311766,0.088407170342,0.030043192955,1.270852783968,0.053334557576,0.06293479714400001,0.526019567779,12.085995697316001,0.027986015437,0.017729348206,0.008838308172,0.007179655059,0.12705057995,0.38802692394000005,0.45787174266,4.902129386554,32.500753903256005,0.23022184992400002,0.021183769454000002,0.07956886217,0.022863537896,1.143802204018,0.0,0.0,0.0,0.0,0.0,0.0,0.0,0.0,0.0,0.961105,31985461.255404145,45.989097,48.288551850000005,50.5880067,52.88746155,55.1869164,57.486371250000005,59.7858261,62.08528095,64.3847358,66.68419065,68.9836455,71.28310035,73.5825552,75.88201005,78.18146490000001,80.48091975,82.7803746,85.07982945,87.3792843,89.67873915,91.978194
SF11C46886112282050980,20,,2019-05-18T20:00:00-0600,0.005701,0.005702,0.006723,0.048096,0.064334309338,0.07591448372199999,0.791704550843,6.4743864125320005,0.037649104472000004,0.005624015999,0.012893331921,0.004366093446,0.18534160437699998,0.007601130928,0.008969337232,0.074967221762,1.722471130648,0.003988509086,0.0025267500679999996,0.0012596174159999998,0.0010232296019999998,0.018106986099999996,0.05673317841,0.06694514649,0.716737329081,4.751915281884,0.033660595386000004,0.0030972659310000003,0.011633714505,0.003342863844,0.16723461827699998,0.0,0.0,0.0,0.0,0.0,0.0,0.0,0.0,0.0,0.997088,4557816.302166042,6.585822,6.9151131,7.2444042,7.573695300000001,7.9029864000000005,8.2322775,8.561568600000001,8.8908597,9.2201508,9.5494419,9.878733,10.2080241,10.5373152,10.8666063,11.1958974,11.5251885,11.854479600000001,12.1837707,12.5130618,12.842352900000002,13.171644
SF11C46886112282050980,21,,2019-05-18T21:00:00-0600,0.005701,0.005701,0.006088,0.04519,0.058974420824,0.069589815656,0.7239942139669999,6.025256991028,0.034469098409,0.00533103027,0.011794284788,0.004050174215,0.16954280446199999,0.007599797864000001,0.008967764216,0.074954074231,1.7221690487240002,0.003987809593000001,0.002526306934,0.001259396508,0.001023050151,0.018103810550000002,0.05137462296,0.06062205144,0.6490401397359999,4.303087942304,0.030481288816,0.002804723336,0.01053488828,0.0030271240639999997,0.151438993912,0.0,0.0,0.0,0.0,0.0,0.0,0.0,0.0,0.0,0.999278,4557816.302166042,6.585822,6.9151131,7.2444042,7.573695300000001,7.9029864000000005,8.2322775,8.561568600000001,8.8908597,9.2201508,9.5494419,9.878733,10.2080241,10.5373152,10.8666063,11.1958974,11.5251885,11.854479600000001,12.1837707,12.5130618,12.842352900000002,13.171644
SF11C46886112282050980,22,,2019-05-18T22:00:00-0600,0.005701,0.005701,0.005726,0.042461,0.055919622284000006,0.065985153596,0.685401485553,5.769390066732,0.032656643325000005,0.005164257956,0.011167867318,0.003870177679,0.16053805482400002,0.007599797864000001,0.008967764216,0.074954074231,1.7221690487240002,0.003987809593000001,0.002526306934,0.001259396508,0.001023050151,0.018103810550000002,0.048319824420000004,0.05701738938,0.610447411322,4.047221018008,0.028668833732000003,0.0026379510220000003,0.00990847081,0.002847127528,0.142434244274,0.0,0.0,0.0,0.0,0.0,0.0,0.0,0.0,0.0,0.999282,4557816.302166042,6.585822,6.9151131,7.2444042,7.573695300000001,7.9029864000000005,8.2322775,8.561568600000001,8.8908597,9.2201508,9.5494419,9.878733,10.2080241,10.5373152,10.8666063,11.1958974,11.5251885,11.854479600000001,12.1837707,12.5130618,12.842352900000002,13.171644
SF11C46886112282050980,23,,2019-05-18T23:00:00-0600,0.005701,0.005701,0.005282,0.03989,0.052172852804000004,0.061563965876,0.638066757885,5.45556433638,0.030433632117000006,0.004959708488,0.010399554177999999,0.003649408447,0.149493555268,0.007599797864000001,0.008967764216,0.074954074231,1.7221690487240002,0.003987809593000001,0.002526306934,0.001259396508,0.001023050151,0.018103810550000002,0.04457305494,0.05259620166,0.563112683654,3.733395287656,0.026445822524000004,0.0024334015540000004,0.00914015767,0.002626358296,0.131389744718,0.0,0.0,0.0,0.0,0.0,0.0,0.0,0.0,0.0,0.999286,4557816.302166042,6.585822,6.9151131,7.2444042,7.573695300000001,7.9029864000000005,8.2322775,8.561568600000001,8.8908597,9.2201508,9.5494419,9.878733,10.2080241,10.5373152,10.8666063,11.1958974,11.5251885,11.854479600000001,12.1837707,12.5130618,12.842352900000002,13.171644
SF11C46886212282050980,0,,2019-05-18T00:00:00-0700,0.005701,0.005701,0.004356,0.000304,0.031428231263999996,0.037085314492999996,0.38148148106199997,3.434907729091,0.018261485567,0.003276573898,0.0062236339229999995,0.0022770707339999996,0.089464755602,0.005617925028,0.006629151305000001,0.055407551518,1.273061776495,0.002947867379,0.001867499374,0.0009309675990000001,0.0007562604540000001,0.013382698430000001,0.025810306236,0.030456163188,0.32607392954399994,2.161845952596,0.015313618187999999,0.001409074524,0.005292666323999999,0.0015208102799999998,0.07608205717199999,0.0,0.0,0.0,0.0,0.0,0.0,0.0,0.0,0.0,0.958255,3175614.5867012916,4.391753,4.63317775,4.8746025,5.11602725,5.357451999999999,5.59887675,5.8403015,6.08172625,6.323150999999999,6.5645757499999995,6.8060005,7.04742525,7.28885,7.53027475,7.7716995,8.01312425,8.254549,8.495973750000001,8.737398500000001,8.97882325,9.220248
SF11C46886212282050980,1,,2019-05-18T01:00:00-0700,0.005701,0.005701,0.003781,0.000544,0.028021223439,0.033065045018000006,0.338439123512,3.1495400930160002,0.016240059842000002,0.003090573473,0.005524992248,0.002076320984,0.079421784327,0.005617925028,0.006629151305000001,0.055407551518,1.273061776495,0.002947867379,0.001867499374,0.0009309675990000001,0.0007562604540000001,0.013382698430000001,0.022403298411,0.026435893713,0.283031571994,1.876478316521,0.013292192463,0.001223074099,0.004594024649,0.00132006053,0.066039085897,0.0,0.0,0.0,0.0,0.0,0.0,0.0,0.0,0.0,0.958255,3175614.5867012916,4.391753,4.651298499999999,4.910844,5.1703895,5.4299349999999995,5.6894805,5.949026,6.2085715,6.4681169999999995,6.7276625,6.987208,7.2467535000000005,7.506299,7.7658445,8.02539,8.2849355,8.544481000000001,8.804026499999999,9.063572,9.3231175,9.582663
SF11C46886212282050980,2,,2019-05-18T02:00:00-0700,0.005701,0.005701,0.00333,0.000737,0.025348944258,0.029911755395000003,0.304678943938,2.925712608025,0.014654558969,0.002944684444,0.004977014169,0.0019188633540000001,0.07154460164000001,0.005617925028,0.006629151305000001,0.055407551518,1.273061776495,0.002947867379,0.001867499374,0.0009309675990000001,0.0007562604540000001,0.013382698430000001,0.01973101923,0.023282604090000002,0.24927139242000002,1.65265083153,0.01170669159,0.00107718507,0.00404604657,0.0011626029,0.058161903210000004,0.0,0.0,0.0,0.0,0.0,0.0,0.0,0.0,0.0,0.97217,3175614.5867012916,4.391753,4.5382204999999995,4.6846879999999995,4.8311554999999995,4.9776229999999995,5.124090499999999,5.270557999999999,5.417025499999999,5.563492999999999,5.709960499999999,5.856427999999999,6.0028955,6.149363,6.2958305,6.442298,6.5887655,6.735233,6.8817005,7.028168,7.1746355,7.321103
SF11C46886212282050980,3,,2019-05-18T03:00:00-0700,0.005701,0.005701,0.003006,0.000893,0.023429169414,0.027646420943000002,0.280425511162,2.764914148741,0.013515529517,0.002839877248,0.0045833447729999996,0.001805745234,0.06588560565200001,0.005617925028,0.006629151305000001,0.055407551518,1.273061776495,0.002947867379,0.001867499374,0.0009309675990000001,0.0007562604540000001,0.013382698430000001,0.017811244386,0.021017269638,0.225017959644,1.491852372246,0.010567662138,0.000972377874,0.003652377174,0.00104948478,0.052502907222,0.0,0.0,0.0,0.0,0.0,0.0,0.0,0.0,0.0,0.979128,3175614.5867012916,4.391753,4.4743314,4.5569098,4.6394882,4.7220666,4.804645,4.8872234,4.9698018,5.0523802,5.1349586,5.217537,5.300115399999999,5.3826938,5.465272199999999,5.547850599999999,5.6304289999999995,5.7130073999999995,5.7955858,5.8781642,5.9607426,6.043321
SF11C46886212282050980,4,,2019-05-18T04:00:00-0700,0.005701,0.005701,0.002774,0.001023,0.022054515822,0.026024329607,0.263058855594,2.6497745112290003,0.012699928180999999,0.0027648301199999998,0.004301458045,0.0017247470740000001,0.061833485068,0.005617925028,0.006629151305000001,0.055407551518,1.273061776495,0.002947867379,0.001867499374,0.0009309675990000001,0.0007562604540000001,0.013382698430000001,0.016436590794,0.019395178302,0.207651304076,1.376712734734,0.009752060802,0.0008973307460000001,0.003370490446,0.00096848662,0.048450786638,0.0,0.0,0.0,0.0,0.0,0.0,0.0,0.0,0.0,0.983302,3175614.5867012916,4.391753,4.4327798,4.4738066,4.5148334,4.5558602,4.596887,4.6379138,4.6789406,4.7199674,4.7609942,4.802021,4.8430478,4.8840746,4.9251014,4.9661282,5.007155,5.0481818,5.0892086,5.1302354,5.1712622,5.212289
SF11C46886212282050980,5,,2019-05-18T05:00:00-0700,0.005701,0.005701,0.002608,0.001133,0.021070927476,0.024863695289000003,0.25063271411,2.567390115423,0.012116351362999999,0.002711132606,0.004099763231,0.0016667914940000001,0.058934122926,0.005617925028,0.006629151305000001,0.055407551518,1.273061776495,0.002947867379,0.001867499374,0.0009309675990000001,0.0007562604540000001,0.013382698430000001,0.015453002448,0.018234543984000002,0.195225162592,1.294328338928,0.009168483984,0.000843633232,0.003168795632,0.00091053104,0.045551424496,0.0,0.0,0.0,0.0,0.0,0.0,0.0,0.0,0.0,0.986085,3175614.5867012916,4.391753,4.4034023499999995,4.415051699999999,4.426701049999999,4.4383504,4.44999975,4.4616491,4.47329845,4.4849478,4.4965971499999995,4.5082465,4.51989585,4.5315452,4.54319455,4.5548439,4.56649325,4.5781426,4.58979195,4.6014413,4.61309065,4.62474
SF11C46886212282050980,6,,2019-05-18T06:00:00-0700,0.005701,0.005701,0.002488,0.001226,0.020359899756000003,0.024024682529000002,0.24164996123000002,2.5078351305030004,0.011694488603,0.002672315126,0.003953959751,0.0016248958940000002,0.056838198486000004,0.005617925028,0.006629151305000001,0.055407551518,1.273061776495,0.002947867379,0.001867499374,0.0009309675990000001,0.0007562604540000001,0.013382698430000001,0.014741974728000002,0.017395531224,0.186242409712,1.2347733540080001,0.008746621224,0.0008048157520000001,0.003022992152,0.0008686354400000001,0.043455500056000004,0.0,0.0,0.0,0.0,0.0,0.0,0.0,0.0,0.0,0.988073,3175614.5867012916,4.391753,4.61134065,4.830928299999999,5.050515949999999,5.2701036,5.48969125,5.709278899999999,5.9288665499999995,6.1484542,6.368041849999999,6.587629499999999,6.80721715,7.026804799999999,7.246392449999999,7.4659800999999995,7.685567749999999,7.905155399999999,8.12474305,8.344330699999999,8.563918349999998,8.783506
SF11C46886212282050980,7,,2019-05-18T07:00:00-0700,0.005701,0.005701,0.002403,0.001308,0.019856255121,0.023430381824000004,0.23528717794,2.4656503495180004,0.011395669148,0.002644819411,0.0038506822860000004,0.0015952198440000002,0.055353585341,0.005617925028,0.006629151305000001,0.055407551518,1.273061776495,0.002947867379,0.001867499374,0.0009309675990000001,0.0007562604540000001,0.013382698430000001,0.014238330093000002,0.016801230519000003,0.179879626422,1.1925885730230001,0.008447801769,0.0007773200370000001,0.002919714687,0.0008389593900000001,0.041970886911000004,0.0,0.0,0.0,0.0,0.0,0.0,0.0,0.0,0.0,0.989564,3175614.5867012916,4.391753,4.61134065,4.830928299999999,5.050515949999999,5.2701036,5.48969125,5.709278899999999,5.9288665499999995,6.1484542,6.368041849999999,6.587629499999999,6.80721715,7.026804799999999,7.246392449999999,7.4659800999999995,7.685567749999999,7.905155399999999,8.12474305,8.344330699999999,8.563918349999998,8.783506
SF11C46886212282050980,8,,2019-05-18T08:00:00-0700,0.005701,0.005701,0.002189,0.001368,0.018588255687,0.021934142402,0.219267935304,2.359443959744,0.010643347226,0.002575594905,0.00359066608,0.001520506024,0.051615853423,0.005617925028,0.006629151305000001,0.055407551518,1.273061776495,0.002947867379,0.001867499374,0.0009309675990000001,0.0007562604540000001,0.013382698430000001,0.012970330659,0.015304991097,0.16386038378599999,1.086382183249,0.0076954798469999995,0.000708095531,0.0026596984809999996,0.00076424557,0.038233154993,0.0,0.0,0.0,0.0,0.0,0.0,0.0,0.0,0.0,0.990723,3175614.5867012916,4.391753,4.61134065,4.830928299999999,5.050515949999999,5.2701036,5.48969125,5.709278899999999,5.9288665499999995,6.1484542,6.368041849999999,6.587629499999999,6.80721715,7.026804799999999,7.246392449999999,7.4659800999999995,7.685567749999999,7.905155399999999,8.12474305,8.344330699999999,8.563918349999998,8.783506
SF11C46886212282050980,9,,2019-05-18T09:00:00-0700,0.005701,0.005701,0.002864,0.001472,0.022587786612,0.026653589177,0.269795920254,2.694440749919,0.013016325250999999,0.00279394323,0.004410810655,0.001756168774,0.063405428398,0.005617925028,0.006629151305000001,0.055407551518,1.273061776495,0.002947867379,0.001867499374,0.0009309675990000001,0.0007562604540000001,0.013382698430000001,0.016969861584,0.020024437872,0.21438836873599998,1.4213789734239999,0.010068457872,0.0009264438559999999,0.0034798430559999996,0.00099990832,0.050022729967999995,0.0,0.0,0.0,0.0,0.0,0.0,0.0,0.0,0.0,0.991651,3175614.5867012916,4.391753,4.61134065,4.830928299999999,5.050515949999999,5.2701036,5.48969125,5.709278899999999,5.9288665499999995,6.1484542,6.368041849999999,6.587629499999999,6.80721715,7.026804799999999,7.246392449999999,7.4659800999999995,7.685567749999999,7.905155399999999,8.12474305,8.344330699999999,8.563918349999998,8.783506
SF11C46886212282050980,10,,2019-05-18T10:00:00-0700,0.020004,0.020004,0.012314,0.002229,0.092675796246,0.109357443942,1.116197393708,10.578327155854,0.053633798538,0.010536110702000001,0.018228500302,0.006952797436,0.262034769338,0.019712501712,0.023260751220000004,0.194417235672,4.46699311998,0.010343648316,0.006552790296,0.003266633196,0.002653610616,0.04695798972,0.07296329453400001,0.086096692722,0.921780158036,6.111334035874,0.043290150222,0.003983320406,0.014961867105999999,0.00429918682,0.215076779618,0.0,0.0,0.0,0.0,0.0,0.0,0.0,0.0,0.0,0.951111,11142780.949372502,15.388827,15.720911249999999,16.052995499999998,16.38507975,16.717164,17.049248249999998,17.3813325,17.71341675,18.045501,18.37758525,18.7096695,19.04175375,19.373838,19.70592225,20.0380065,20.370090750000003,20.702175,21.03425925,21.366343500000003,21.69842775,22.030512
SF11C46886212282050980,11,,2019-05-18T11:00:00-0700,0.040008,0.040007,0.029102,0.0041,0.21186009055799998,0.249994917481,2.567292038374,23.376839361147,0.12299552989899999,0.022519138876,0.041892877051,0.015467469838,0.602210240784,0.039424017995999996,0.046520339635000005,0.388824752426,8.933762934965,0.020686779553,0.013105253018,0.006533103093,0.005307088578,0.09391363201000001,0.172436072562,0.203474577846,2.178467285948,14.443076426182,0.102308750346,0.009413885858,0.035359773957999996,0.01016038126,0.508296608774,0.0,0.0,0.0,0.0,0.0,0.0,0.0,0.0,0.0,0.849767,22285561.898745004,30.71845,32.57650365,34.4345573,36.29261095,38.1506646,40.00871825,41.8667719,43.72482555,45.5828792,47.440932849999996,49.2989865,51.15704015,53.0150938,54.873147450000005,56.7312011,58.58925475,60.4473084,62.30536205,64.1634157,66.02146935,67.879523
SF11C46886212282050980,12,,2019-05-18T12:00:00-0700,0.070014,0.070013,0.05812,0.007857,0.413367196284,0.487773313225,5.031097250814,44.478716977855,0.240524448787,0.041735037941999995,0.08205053836699999,0.029578940101999997,1.17947668703,0.06899277056400001,0.08141146646500001,0.6804506059340001,15.634252614935,0.036202252027,0.022934438462,0.011433052887,0.009287504502,0.16435061659000003,0.34437442572,0.40636184676,4.350646644879999,28.84446436292,0.20432219676,0.01880059948,0.07061748547999999,0.020291435599999998,1.01512607044,0.0,0.0,0.0,0.0,0.0,0.0,0.0,0.0,0.0,0.69843,38999733.32280376,53.602375,58.364922050000004,63.1274691,67.89001615000001,72.6525632,77.41511025,82.1776573,86.94020435,91.70275140000001,96.46529845,101.2278455,105.99039255,110.7529396,115.51548665000001,120.27803370000001,125.04058075,129.8031278,134.56567485,139.32822190000002,144.09076895,148.853316
SF11C46886212282050980,13,,2019-05-18T13:00:00-0700,0.10002,0.100019,0.092265,0.01372,0.6452529613469999,0.7613985291400001,7.878690580052,68.12508132527,0.37607745409599996,0.062609413841,0.128437653366,0.045480399876,1.8462915049750002,0.09856152313199999,0.116302593295,0.972076459442,22.334742294905,0.05171772450099999,0.032763623905999996,0.016333002681,0.013267920425999998,0.23478760117,0.546691438215,0.645095935845,6.90661412061,45.790339030365,0.324359729595,0.029845789935000002,0.11210465068499999,0.03221247945,1.611503903805,0.0,0.0,0.0,0.0,0.0,0.0,0.0,0.0,0.0,0.668988,55713904.74686251,76.354368,82.55207214999999,88.7497763,94.94748045,101.1451846,107.34288874999999,113.5405929,119.73829705,125.93600119999999,132.13370534999999,138.3314095,144.52911365,150.7268178,156.92452194999998,163.12222609999998,169.31993025,175.5176344,181.71533854999998,187.9130427,194.11074685,200.308451
SF11C46886212282050980,14,,2019-05-18T14:00:00-0700,0.130026,0.130025,0.130183,0.021801,0.899494622973,1.0614037045840001,11.008716631092,93.643953656878,0.5248945276839999,0.084704276007,0.179409072782,0.06269912713999999,2.579005680521,0.1281302757,0.15119372012500001,1.26370231295,29.035231974875,0.06723319697499999,0.04259280935,0.021232952475,0.01724833635,0.30522458575,0.771364347273,0.910209984459,9.745014318142,64.608721682003,0.45766133070899995,0.042111466657,0.15817612030699998,0.045450790789999994,2.273781094771,0.0,0.0,0.0,0.0,0.0,0.0,0.0,0.0,0.0,0.703836,72428076.17092127,98.975191,105.23835634999999,111.5015217,117.76468704999999,124.0278524,130.29101774999998,136.5541831,142.81734845,149.0805138,155.34367914999999,161.6068445,167.87000984999997,174.13317519999998,180.39634055,186.6595059,192.92267125,199.1858366,205.44900194999997,211.71216729999998,217.97533264999998,224.238498
SF11C46886212282050980,15,,2019-05-18T15:00:00-0700,0.160032,0.160031,0.170363,0.032104,1.167139157121,1.377224270554,14.308067573919999,120.285437454228,0.681663714298,0.10753084767099999,0.23312888779599997,0.080707586464,3.351228031761,0.157699028268,0.18608484695500002,1.555328166458,35.735721654845,0.082748669449,0.052421994794,0.026132902269000002,0.021228752274,0.37566157033,1.009440128853,1.191139423599,12.752739407461998,84.549715799383,0.5989150448489999,0.055108852877,0.20699598552699996,0.059478834189999996,2.975566461431,0.0,0.0,0.0,0.0,0.0,0.0,0.0,0.0,0.0,0.736568,89142247.59498002,121.465598,127.43670715,133.4078163,139.37892545,145.3500346,151.32114375,157.2922529,163.26336205,169.2344712,175.20558035,181.1766895,187.14779865,193.1189078,199.09001695,205.0611261,211.03223524999999,217.0033444,222.97445355,228.94556269999998,234.91667185,240.887781
SF11C46886212282050980,16,,2019-05-18T16:00:00-0700,0.170034,0.170034,0.189105,0.042975,1.288047072807,1.5198956185349999,15.808242197981999,131.820653380635,0.752723987601,0.11687021381099999,0.257534441211,0.088577918886,3.7020578395049997,0.16755626455199998,0.19771638537,1.652546503212,37.96944151983,0.08792101068599999,0.055698717515999994,0.027766382165999998,0.022555690235999997,0.39914291262,1.120490808255,1.322179233165,14.15569569477,93.851211860805,0.664802976915,0.061171496295,0.22976805904499997,0.06602222865,3.3029149268849998,0.0,0.0,0.0,0.0,0.0,0.0,0.0,0.0,0.0,0.783801,94713638.06966627,128.93355,133.7228691,138.5121882,143.3015073,148.0908264,152.8801455,157.6694646,162.4587837,167.2481028,172.0374219,176.826741,181.6160601,186.4053792,191.1946983,195.9840174,200.7733365,205.5626556,210.3519747,215.1412938,219.9306129,224.719932
SF11C46886212282050980,17,,2019-05-18T17:00:00-0700,0.120024,0.120026,0.137564,0.049477,0.933375458412,1.101383093902,11.464051328404,95.07425487599399,0.545672330026,0.08381646207999999,0.18674437512999997,0.06394964832399999,2.684450547048,0.11827698112799999,0.13956683293,1.166522851868,26.80240532987,0.06206292405399999,0.03931739692399999,0.019600125774,0.015921929004,0.28175263318,0.815098477284,0.961816260972,10.297528476536,68.27184954612399,0.483609405972,0.044499065156,0.16714424935599997,0.048027719319999995,2.402697913868,0.0,0.0,0.0,0.0,0.0,0.0,0.0,0.0,0.0,0.868512,66856685.696235016,91.449444,93.70265485,95.9558657,98.20907655,100.46228740000001,102.71549825,104.96870910000001,107.22191995,109.4751308,111.72834165,113.9815525,116.23476335000001,118.48797420000001,120.74118505000001,122.99439590000001,125.24760675000002,127.5008176,129.75402845000002,132.0072393,134.26045015,136.513661
SF11C46886212282050980,18,,2019-05-18T18:00:00-0700,0.070014,0.070016,0.081193,0.051627,0.550083007431,0.649097980069,6.75828521757,55.930321618333,0.321639662203,0.049199651631,0.11008539238099999,0.037634814554,1.582477601021,0.068995726848,0.08141495488,0.6804797626879999,15.634922529919999,0.036203803263999995,0.022935421183999997,0.011433542784,0.009287902463999999,0.16435765888,0.48108728058300004,0.567683025189,6.077805454882,40.295399088413,0.285435858939,0.026264230447000003,0.09865184959699999,0.02834691209,1.418119942141,0.0,0.0,0.0,0.0,0.0,0.0,0.0,0.0,0.0,0.929029,38999733.32280376,53.602375,54.346327,55.090279,55.834231,56.578183,57.322135,58.066087,58.810039,59.553991,60.297943000000004,61.041895,61.785847000000004,62.529799,63.273751000000004,64.017703,64.761655,65.505607,66.249559,66.993511,67.73746299999999,68.481415
SF11C46886212282050980,19,,2019-05-18T19:00:00-0700,0.040008,0.040009,0.04605,0.051215,0.31228287640200003,0.368493811895,3.835975607962,31.788435008005,0.182577647861,0.028002116116000002,0.062485515140999995,0.021384790386,0.89822933072,0.039425988852,0.046522665245000004,0.38884419026200007,8.934209544955,0.020687813711,0.013105908166,0.006533429691000001,0.005307353886,0.09391832687000001,0.27285688755000004,0.32197114665000004,3.4471314177,22.85422546305,0.16188983415,0.01489620795,0.055952085449999994,0.0160774365,0.80431100385,0.0,0.0,0.0,0.0,0.0,0.0,0.0,0.0,0.0,0.967017,22285561.898745004,30.71845,30.72448145,30.7305129,30.736544350000003,30.7425758,30.74860725,30.7546387,30.760670150000003,30.7667016,30.77273305,30.7787645,30.784795950000003,30.7908274,30.79685885,30.8028903,30.808921750000003,30.8149532,30.82098465,30.8270161,30.833047550000003,30.839079
SF11C46886212282050980,20,,2019-05-18T20:00:00-0700,0.005701,0.005702,0.006775,0.048113,0.045762350481,0.053999576185,0.562568526786,4.6356602717649995,0.026766052783,0.004059397172999999,0.009162952373,0.0031217488579999998,0.131717446535,0.0056189104559999994,0.00663031411,0.055417270436,1.2732850814899999,0.0029483844579999995,0.0018678269479999996,0.000931130898,0.000756393108,0.01338504586,0.040143440025,0.047369262075,0.50715125635,3.362375190275,0.023817668325,0.002191570225,0.008231821475,0.00236535575,0.11833240067499999,0.0,0.0,0.0,0.0,0.0,0.0,0.0,0.0,0.0,0.998059,3175614.5867012916,4.391753,4.61134065,4.830928299999999,5.050515949999999,5.2701036,5.48969125,5.709278899999999,5.9288665499999995,6.1484542,6.368041849999999,6.587629499999999,6.80721715,7.026804799999999,7.246392449999999,7.4659800999999995,7.685567749999999,7.905155399999999,8.12474305,8.344330699999999,8.563918349999998,8.783506
SF11C46886212282050980,21,,2019-05-18T21:00:00-0700,0.005701,0.005701,0.006092,0.045207,0.041714432280000005,0.049223032421,0.511431972726,4.2964698442669995,0.024364433495,0.0038381334420000005,0.008332924266999999,0.002883160414,0.11978579583400001,0.005617925028,0.006629151305000001,0.055407551518,1.273061776495,0.002947867379,0.001867499374,0.0009309675990000001,0.0007562604540000001,0.013382698430000001,0.036096507252000004,0.042593881116,0.456024421208,3.023408067772,0.021416566116,0.0019706340680000003,0.007401956667999999,0.00212689996,0.106403097404,0.0,0.0,0.0,0.0,0.0,0.0,0.0,0.0,0.0,0.999519,3175614.5867012916,4.391753,4.61134065,4.830928299999999,5.050515949999999,5.2701036,5.48969125,5.709278899999999,5.9288665499999995,6.1484542,6.368041849999999,6.587629499999999,6.80721715,7.026804799999999,7.246392449999999,7.4659800999999995,7.685567749999999,7.905155399999999,8.12474305,8.344330699999999,8.563918349999998,8.783506
SF11C46886212282050980,22,,2019-05-18T22:00:00-0700,0.005701,0.005701,0.00573,0.042477,0.039569498658,0.046692010595,0.484334001538,4.116812306425,0.023091814169,0.003721034044,0.007893083769,0.002756775354,0.11346309044,0.005617925028,0.006629151305000001,0.055407551518,1.273061776495,0.002947867379,0.001867499374,0.0009309675990000001,0.0007562604540000001,0.013382698430000001,0.03395157363,0.04006285929,0.42892645001999996,2.84375052993,0.02014394679,0.0018535346700000001,0.006962116169999999,0.0020005149,0.10008039200999999,0.0,0.0,0.0,0.0,0.0,0.0,0.0,0.0,0.0,0.999521,3175614.5867012916,4.391753,4.61134065,4.830928299999999,5.050515949999999,5.2701036,5.48969125,5.709278899999999,5.9288665499999995,6.1484542,6.368041849999999,6.587629499999999,6.80721715,7.026804799999999,7.246392449999999,7.4659800999999995,7.685567749999999,7.905155399999999,8.12474305,8.344330699999999,8.563918349999998,8.783506
SF11C46886212282050980,23,,2019-05-18T23:00:00-0700,0.005701,0.005701,0.005285,0.039905,0.036932770863,0.043580671609999996,0.451022959608,3.89596257068,0.021527406434,0.003577085889,0.0073523958639999994,0.0026014125039999997,0.10569070397500001,0.005617925028,0.006629151305000001,0.055407551518,1.273061776495,0.002947867379,0.001867499374,0.0009309675990000001,0.0007562604540000001,0.013382698430000001,0.031314845835,0.036951520305,0.39561540808999995,2.622900794185,0.018579539055,0.001709586515,0.006421428264999999,0.0018451520499999999,0.092308005545,0.0,0.0,0.0,0.0,0.0,0.0,0.0,0.0,0.0,0.999524,3175614.5867012916,4.391753,4.61134065,4.830928299999999,5.050515949999999,5.2701036,5.48969125,5.709278899999999,5.9288665499999995,6.1484542,6.368041849999999,6.587629499999999,6.80721715,7.026804799999999,7.246392449999999,7.4659800999999995,7.685567749999999,7.905155399999999,8.12474305,8.344330699999999,8.563918349999998,8.783506
SF11C46886312282050980,0,,2019-05-18T00:00:00-0700,0.005701,0.005699,0.004379,0.000304,0.14442240900499997,0.17041844357000002,1.6487898829760002,21.158205665615,0.08133694129499999,0.025508213447,0.027119386581,0.013311286830000001,0.389841172587,0.063434691354,0.074852934202,0.625633336306,14.374753723267998,0.033285784564,0.021086807211,0.01051203346,0.008539284717,0.15111048953599998,0.08098771765099999,0.09556550936800001,1.02315654667,6.783451942347,0.048051156731,0.004421406236,0.016607353121,0.004772002113,0.238730683051,0.0,0.0,0.0,0.0,0.0,0.0,0.0,0.0,0.0,0.828829,36155907.90165294,17.977505,20.879086700000002,23.780668400000003,26.6822501,29.583831800000002,32.48541350000001,35.3869952,38.2885769,41.190158600000004,44.091740300000005,46.993322000000006,49.8949037,52.7964854,55.6980671,58.599648800000004,61.501230500000005,64.4028122,67.30439390000001,70.20597560000002,73.10755730000001,76.009139
SF11C46886312282050980,1,,2019-05-18T01:00:00-0700,0.005701,0.005701,0.003779,0.000544,0.133347929297,0.157350557166,1.5088190039640001,20.233798128079,0.074764769167,0.024909803225000002,0.024847576261,0.012660435396,0.35718390171500003,0.063456953046,0.074879202998,0.625852895294,14.379798381532,0.033297465836000004,0.021094207389000003,0.010515722540000001,0.008542281483,0.151163520064,0.06989097625099999,0.082471354168,0.88296610867,5.853999746546999,0.041467303330999995,0.003815595836,0.014331853720999998,0.004118153913,0.206020381651,0.0,0.0,0.0,0.0,0.0,0.0,0.0,0.0,0.0,0.828829,36155907.90165294,17.977505,21.1113084,24.2451118,27.3789152,30.5127186,33.646522,36.780325399999995,39.9141288,43.0479322,46.181735599999996,49.315539,52.4493424,55.5831458,58.716949199999995,61.8507526,64.984556,68.1183594,71.2521628,74.38596619999998,77.51976959999999,80.653573
SF11C46886312282050980,2,,2019-05-18T02:00:00-0700,0.005701,0.005701,0.003328,0.000737,0.125006878678,0.14750811717399998,1.4034425247339999,19.535159894236,0.069815906028,0.024454435741,0.023137159212,0.012168959499,0.33259665849599995,0.063456953046,0.074879202998,0.625852895294,14.379798381532,0.033297465836000004,0.021094207389000003,0.010515722540000001,0.008542281483,0.151163520064,0.06154992563199999,0.072628914176,0.77758962944,5.155361512703999,0.036518440192,0.0033602283519999997,0.012621436671999999,0.003626678016,0.18143313843199999,0.0,0.0,0.0,0.0,0.0,0.0,0.0,0.0,0.0,0.885886,36155907.90165294,17.977505,20.214040100000002,22.450575200000003,24.6871103,26.9236454,29.160180500000003,31.3967156,33.633250700000005,35.8697858,38.1063209,40.342856000000005,42.5793911,44.81592620000001,47.052461300000004,49.2889964,51.52553150000001,53.762066600000004,55.9986017,58.23513680000001,60.471671900000004,62.70820700000001
SF11C46886312282050980,3,,2019-05-18T03:00:00-0700,0.005701,0.005701,0.003004,0.000893,0.119014638322,0.14043727336599998,1.3277396882140002,19.033255708504,0.066260625192,0.024127298125000002,0.021908389536,0.011815881471,0.31493309574,0.063456953046,0.074879202998,0.625852895294,14.379798381532,0.033297465836000004,0.021094207389000003,0.010515722540000001,0.008542281483,0.151163520064,0.055557685275999996,0.065558070368,0.7018867929200001,4.653457326972,0.032963159356,0.003033090736,0.011392666996,0.0032735999880000003,0.163769575676,0.0,0.0,0.0,0.0,0.0,0.0,0.0,0.0,0.0,0.914414,36155907.90165294,17.977505,19.70111775,21.4247305,23.14834325,24.871956,26.595568749999998,28.3191815,30.04279425,31.766407,33.49001975,35.2136325,36.937245250000004,38.660858,40.38447075,42.1080835,43.83169624999999,45.555308999999994,47.278921749999995,49.002534499999996,50.72614725,52.44976
SF11C46886312282050980,4,,2019-05-18T04:00:00-0700,0.005701,0.005701,0.002773,0.001023,0.114742392883,0.135396023614,1.273766369584,18.675416613121,0.063725841633,0.023894061121000003,0.021032322267,0.011564149914,0.30233962970100003,0.063456953046,0.074879202998,0.625852895294,14.379798381532,0.033297465836000004,0.021094207389000003,0.010515722540000001,0.008542281483,0.151163520064,0.05128543983699999,0.060516820616,0.64791347429,4.295618231589,0.030428375796999998,0.002799853732,0.010516599727,0.003021868431,0.151176109637,0.0,0.0,0.0,0.0,0.0,0.0,0.0,0.0,0.0,0.931532,36155907.90165294,17.977505,19.36266745,20.7478299,22.132992350000002,23.5181548,24.90331725,26.2884797,27.67364215,29.058804600000002,30.443967049999998,31.8291295,33.21429195,34.5994544,35.984616849999995,37.369779300000005,38.75494175,40.140104199999996,41.52526665,42.9104291,44.29559155,45.680754
SF11C46886312282050980,5,,2019-05-18T05:00:00-0700,0.005701,0.005701,0.002607,0.001133,0.11167229442900001,0.131773307342,1.234980348404,18.418268172283,0.061904308859,0.023726453577,0.020402767433,0.011383251912,0.293289779647,0.063456953046,0.074879202998,0.625852895294,14.379798381532,0.033297465836000004,0.021094207389000003,0.010515722540000001,0.008542281483,0.151163520064,0.048215341382999995,0.056894104344,0.60912745311,4.038469790751,0.028606843022999998,0.002632246188,0.009887044893,0.002840970429,0.14212625958300001,0.0,0.0,0.0,0.0,0.0,0.0,0.0,0.0,0.0,0.942943,36155907.90165294,17.977505,19.11969385,20.2618827,21.40407155,22.5462604,23.688449249999998,24.830638099999998,25.972826949999998,27.1150158,28.25720465,29.3993935,30.54158235,31.683771199999995,32.82596005,33.968148899999996,35.11033775,36.252526599999996,37.39471544999999,38.536904299999996,39.67909315,40.821282
SF11C46886312282050980,6,,2019-05-18T06:00:00-0700,0.005701,0.005701,0.002488,0.001226,0.109471440718,0.129176299894,1.2071759115340002,18.233926820116,0.060598511268000005,0.023606301181000003,0.019951460052000002,0.011253572019,0.286802236536,0.063456953046,0.074879202998,0.625852895294,14.379798381532,0.033297465836000004,0.021094207389000003,0.010515722540000001,0.008542281483,0.151163520064,0.046014487672,0.054297096896000006,0.58132301624,3.854128438584,0.027301045432,0.0025120937920000003,0.009435737512000001,0.0027112905360000003,0.13563871647200001,0.0,0.0,0.0,0.0,0.0,0.0,0.0,0.0,0.0,0.951094,36155907.90165294,17.977505,18.9352826,19.8930602,20.8508378,21.8086154,22.766393,23.7241706,24.6819482,25.6397258,26.5975034,27.555281,28.5130586,29.4708362,30.4286138,31.3863914,32.344169,33.3019466,34.2597242,35.2175018,36.1752794,37.133057
SF11C46886312282050980,7,,2019-05-18T07:00:00-0700,0.005701,0.005701,0.002403,0.001308,0.107899402353,0.127321294574,1.1873155994840001,18.102254425711,0.059665798703000004,0.023520478041000003,0.019629097637,0.011160943524,0.282168277171,0.063456953046,0.074879202998,0.625852895294,14.379798381532,0.033297465836000004,0.021094207389000003,0.010515722540000001,0.008542281483,0.151163520064,0.044442449307,0.05244209157600001,0.5614627041900001,3.7224560441790002,0.026368332867,0.0024262706520000003,0.009113375097,0.002618662041,0.13100475710700002,0.0,0.0,0.0,0.0,0.0,0.0,0.0,0.0,0.0,0.957207,36155907.90165294,17.977505,18.789638,19.601771,20.413904000000002,21.226037,22.03817,22.850303,23.662436,24.474569000000002,25.286702000000002,26.098835,26.910968,27.723101,28.535234000000003,29.347367,30.1595,30.971633,31.783766,32.595899,33.408032,34.220165
SF11C46886312282050980,8,,2019-05-18T08:00:00-0700,0.005701,0.005701,0.002188,0.001368,0.103923070018,0.122629222294,1.137080692534,17.769200722216,0.057306584568,0.023303395981,0.018813710352,0.010926647918999999,0.27044708583599997,0.063456953046,0.074879202998,0.625852895294,14.379798381532,0.033297465836000004,0.021094207389000003,0.010515722540000001,0.008542281483,0.151163520064,0.04046611697199999,0.047750019296,0.51122779724,3.3894023406839997,0.024009118731999998,0.0022091885919999998,0.008297987811999998,0.0023843664359999997,0.119283565772,0.0,0.0,0.0,0.0,0.0,0.0,0.0,0.0,0.0,0.961962,36155907.90165294,17.977505,18.6665736,19.355642200000002,20.0447108,20.7337794,21.422848000000002,22.1119166,22.8009852,23.4900538,24.1791224,24.868191,25.557259600000002,26.2463282,26.9353968,27.6244654,28.313533999999997,29.0026026,29.691671200000002,30.3807398,31.0698084,31.758877
SF11C46886312282050980,9,,2019-05-18T09:00:00-0700,0.005701,0.005701,0.002868,0.001472,0.116499376938,0.137469264854,1.295963188934,18.822579877456,0.064768285088,0.023989981101000004,0.021392609672,0.011667675879,0.307518760756,0.063456953046,0.074879202998,0.625852895294,14.379798381532,0.033297465836000004,0.021094207389000003,0.010515722540000001,0.008542281483,0.151163520064,0.05304242389199999,0.062590061856,0.67011029364,4.442781495924,0.031470819252,0.002895773712,0.010876887132,0.003125394396,0.156355240692,0.0,0.0,0.0,0.0,0.0,0.0,0.0,0.0,0.0,0.965766,36155907.90165294,17.977505,18.58819415,19.198883300000002,19.80957245,20.4202616,21.030950750000002,21.6416399,22.25232905,22.8630182,23.47370735,24.0843965,24.695085650000003,25.305774800000002,25.91646395,26.5271531,27.13784225,27.7485314,28.359220550000003,28.969909700000002,29.58059885,30.191288
SF11C46886312282050980,10,,2019-05-18T10:00:00-0700,0.020004,0.019999,0.012364,0.002229,0.45127264027,0.5325017170899999,5.084337726226,69.59697189232,0.25247815176,0.086481812887,0.083779413096,0.043439793525,1.204329042252,0.222605789154,0.26267482560199995,2.195480100506,50.444060310868,0.116806879364,0.073998079911,0.03688895546,0.029966161616999998,0.530278764736,0.228666851116,0.26982689148800004,2.88885762572,19.152911581452,0.135671272396,0.012483732976,0.046890457636,0.013473631908,0.674050277516,0.0,0.0,0.0,0.0,0.0,0.0,0.0,0.0,0.0,0.799532,126865950.12535791,62.725676,68.95940335,75.1931307,81.42685804999999,87.6605854,93.89431275000001,100.12804009999999,106.36176745,112.59549480000001,118.82922215,125.0629495,131.29667685,137.5304042,143.76413155,149.9978589,156.23158625000002,162.4653136,168.69904095,174.93276830000002,181.16649565,187.400223
SF11C46886312282050980,11,,2019-05-18T11:00:00-0700,0.040008,0.040001,0.029191,0.0041,0.985119934525,1.16244152847,11.211787998924,146.11508602179498,0.553946721635,0.177480945733,0.18449028284900001,0.09174762306,2.652047755543,0.445244970846,0.525389054398,4.391289539494,100.895687609132,0.233631280636,0.148007260089,0.07378344454,0.059936818383,1.060637075264,0.539874963679,0.637052474072,6.82049845943,45.219398412663,0.320315440999,0.029473685644000002,0.11070683830900001,0.031810804677,1.5914106802790002,0.0,0.0,0.0,0.0,0.0,0.0,0.0,0.0,0.0,0.67521,253731900.25071582,124.467725,137.44193225,150.4161395,163.39034675,176.364554,189.33876125,202.3129685,215.28717575000002,228.26138300000002,241.23559025000003,254.2097975,267.18400475,280.15821200000005,293.13241925,306.1066265,319.08083375,332.055041,345.02924825,358.00345550000003,370.97766275000004,383.95187
SF11C46886312282050980,12,,2019-05-18T12:00:00-0700,0.070014,0.070004,0.058274,0.007857,1.8569562572899998,2.1912083978,21.300766337996,266.84462398661,1.0483136709299998,0.317859355772,0.350129264886,0.16839672021,5.033108047362,0.779203743384,0.9194603975919999,7.685003697976,176.573128556528,0.40886788254399997,0.259021030356,0.12912517816,0.10489280353199999,1.8561745410559998,1.0777525139059998,1.2717480002080002,13.61576264002,90.271495430082,0.639445788386,0.058838325416,0.221004086726,0.063503916678,3.1769335063060002,0.0,0.0,0.0,0.0,0.0,0.0,0.0,0.0,0.0,0.644382,444030825.4387527,215.270171,233.17595575,251.0817405,268.98752525,286.89331,304.79909475,322.7048795,340.61066425,358.51644899999997,376.42223375000003,394.3280185,412.23380325,430.139588,448.04537274999996,465.9511575,483.85694225,501.762727,519.66851175,537.5742965,555.48008125,573.385866
SF11C46886312282050980,13,,2019-05-18T13:00:00-0700,0.10002,0.10001,0.092446,0.01372,2.8229448342339998,3.331074930012,32.57912258052,395.465032646198,1.598540192054,0.463387147954,0.5350738079540001,0.250596034992,7.691685758014,1.11319590846,1.31357114398,10.97904719494,252.25813649132,0.58412200636,0.37004590089,0.18447244540000002,0.14985328383000002,2.6517915526399998,1.709748925774,2.017503786032,21.600075385580002,143.206896154878,1.014418185694,0.093341247064,0.350601362554,0.100742751162,5.039894205374,0.0,0.0,0.0,0.0,0.0,0.0,0.0,0.0,0.0,0.668988,634329750.6267895,303.945145,323.09433315,342.2435213,361.39270945,380.5418976,399.69108575,418.8402739,437.98946205000004,457.13865020000003,476.28783835,495.4370265,514.58621465,533.7354028,552.88459095,572.0337791,591.18296725,610.3321553999999,629.48134355,648.6305316999999,667.77971985,686.928908
SF11C46886312282050980,14,,2019-05-18T14:00:00-0700,0.130026,0.130016,0.130383,0.021801,3.858565463463,4.553107286104,44.737173821494,529.917753834431,2.190080393263,0.612716400396,0.7342971097569999,0.33689824722899997,10.555520609951,1.4471880735359999,1.7076818903679998,14.273090691903999,327.943144426112,0.7593761301759999,0.481070771424,0.23981971264,0.194813764128,3.4474085642239998,2.411377389927,2.845425395736,30.46408312959,201.974609408319,1.430704263087,0.131645628972,0.49447739711699995,0.142084483101,7.108112045727,0.0,0.0,0.0,0.0,0.0,0.0,0.0,0.0,0.0,0.68768,824628675.8148264,390.542495,410.15965344999995,429.7768119,449.39397034999996,469.0111288,488.62828724999997,508.2454457,527.8626041499999,547.4797626,567.09692105,586.7140795,606.3312379500001,625.9483964,645.56555485,665.1827132999999,684.79987175,704.4170302,724.03418865,743.6513471000001,763.26850555,782.885664
SF11C46886312282050980,15,,2019-05-18T15:00:00-0700,0.160032,0.160022,0.170576,0.032104,4.935909840356,5.824373665748,57.422341109348,667.865215278872,2.806375883256,0.764323499942,0.942076289304,0.42565892869800004,13.542346195152,1.781180238612,2.101792636756,17.567134188868,403.628152360904,0.934630253992,0.592095641958,0.29516697988,0.239774244426,4.243025575808,3.1547296017439996,3.7225810289920003,39.85520692048,264.237062917968,1.871745629264,0.172227857984,0.646909309424,0.185884684272,9.299320619344,0.0,0.0,0.0,0.0,0.0,0.0,0.0,0.0,0.0,0.615606,1014927601.0028633,475.110897,501.9068302,528.7027634,555.4986966,582.2946298,609.090563,635.8864962,662.6824294,689.4783626,716.2742958,743.0702289999999,769.8661622,796.6620954,823.4580286,850.2539618,877.049895,903.8458281999999,930.6417614,957.4376946,984.2336278,1011.029561
SF11C46886312282050980,16,,2019-05-18T16:00:00-0700,0.170034,0.170031,0.189205,0.042975,5.391853803871,6.362387550698001,62.873803513964006,721.9691491536569,3.069252483961,0.820167093979,1.031188754035,0.460957141008,14.823337813829,1.892588876226,2.233254826338,18.665917144313998,428.87414464309194,0.993089179716,0.629129832759,0.31362898074,0.254771559873,4.508416853183999,3.499264927645,4.129132724360001,44.207886369650005,293.095004510565,2.076163304245,0.19103726122,0.717559773295,0.20618558113500002,10.314920960645,0.0,0.0,0.0,0.0,0.0,0.0,0.0,0.0,0.0,0.591581,1078360576.065542,502.857735,532.3464355,561.8351359999999,591.3238365,620.812537,650.3012375,679.7899379999999,709.2786384999999,738.767339,768.2560394999999,797.7447399999999,827.2334404999999,856.722141,886.2108414999999,915.6995419999998,945.1882424999999,974.6769429999999,1004.1656434999999,1033.6543439999998,1063.1430444999999,1092.631745
SF11C46886312282050980,17,,2019-05-18T17:00:00-0700,0.120024,0.12004,0.137293,0.049477,3.8753216155569996,4.5728795523759995,45.25654013365,515.4591895352289,2.207638253517,0.582781228972,0.7421021468069999,0.329480530191,10.667717974077,1.33614675384,1.5766531359199998,13.177930459759999,302.78038900527997,0.7011099454399999,0.44415868356,0.2214185816,0.17986589532,3.1828922905599994,2.5391748617169996,2.996226416456,32.07860967389,212.67880052994897,1.506528308077,0.138622545412,0.520683565207,0.149614634871,7.484825683517,0.0,0.0,0.0,0.0,0.0,0.0,0.0,0.0,0.0,0.711705,761195700.7521474,361.90453,379.8960971,397.8876642,415.8792313,433.8707984,451.8623655,469.8539326,487.8454997,505.8370668,523.8286339,541.820201,559.8117681,577.8033352,595.7949023,613.7864694,631.7780365,649.7696036,667.7611707,685.7527378,703.7443049,721.735872
SF11C46886312282050980,18,,2019-05-18T18:00:00-0700,0.070014,0.07003,0.080895,0.051627,2.2756113046349995,2.68522136678,26.589033768169998,301.95210141269496,1.2966877737349998,0.34079561984999995,0.43596734280499994,0.193086845055,6.267030324175,0.7794931453799999,0.9198018919399998,7.687857964819999,176.63870911395998,0.40901973907999994,0.25911723267,0.12917313619999998,0.10493176149,1.8568639379199998,1.4961181592549997,1.76541947484,18.90117580335,125.31339229873498,0.8876680346549999,0.08167838717999999,0.30679420660499995,0.088155083565,4.410166386255,0.0,0.0,0.0,0.0,0.0,0.0,0.0,0.0,0.0,0.831828,444030825.4387527,215.270171,223.4293878,231.5886046,239.7478214,247.9070382,256.066255,264.2254718,272.3846886,280.54390539999997,288.7031222,296.862339,305.0215558,313.1807726,321.3399894,329.4992062,337.65842299999997,345.8176398,353.9768566,362.1360734,370.29529019999995,378.454507
SF11C46886312282050980,19,,2019-05-18T19:00:00-0700,0.040008,0.040018,0.045863,0.051215,1.293650613275,1.5265077390600001,15.109079220882002,171.98434396433498,0.7369893522550001,0.19437729889400002,0.247750183357,0.10994135755500001,3.5614087565990005,0.445434195228,0.525612339164,4.393155790892,100.93856720437599,0.233730571448,0.148070161602,0.07381480172,0.059962290894,1.0610878347519999,0.848216418047,1.0008953998960002,10.715923429990001,71.045776759959,0.503258780807,0.046307137292,0.173935381637,0.049979066661,2.5003209218470004,0.0,0.0,0.0,0.0,0.0,0.0,0.0,0.0,0.0,0.903902,253731900.25071582,124.467725,127.9034564,131.3391878,134.7749192,138.2106506,141.64638200000002,145.0821134,148.5178448,151.95357620000001,155.3893076,158.825039,162.2607704,165.69650180000002,169.1322332,172.5679646,176.003696,179.4394274,182.8751588,186.31089020000002,189.74662160000003,193.182353
SF11C46886312282050980,20,,2019-05-18T20:00:00-0700,0.005701,0.005712,0.006567,0.048113,0.185033226975,0.21833921004,2.161444813638,24.580398285014997,0.10542198829499999,0.027765503196000005,0.035441353413,0.015715132245,0.509469436791,0.063579392352,0.07502368137599999,0.627060469728,14.407544001983998,0.033361712832,0.021134908368000003,0.01053601248,0.008558763696,0.151455187968,0.121453834623,0.14331552866400002,1.53438434391,10.172854283030999,0.07206027546299999,0.006630594828,0.024905340932999998,0.007156368549,0.35801424882300004,0.0,0.0,0.0,0.0,0.0,0.0,0.0,0.0,0.0,0.986306,36155907.90165294,17.977505,18.0121027,18.0467004,18.0812981,18.1158958,18.1504935,18.185091200000002,18.2196889,18.2542866,18.2888843,18.323482,18.3580797,18.3926774,18.4272751,18.461872800000002,18.4964705,18.5310682,18.5656659,18.600263599999998,18.6348613,18.669459
SF11C46886312282050980,21,,2019-05-18T21:00:00-0700,0.005701,0.005701,0.006087,0.045207,0.17603339454900002,0.20771940750200002,2.048084888804,23.809090907923,0.10009065857900001,0.027240153897000005,0.033600663953,0.015175571472,0.483009527767,0.063456953046,0.074879202998,0.625852895294,14.379798381532,0.033297465836000004,0.021094207389000003,0.010515722540000001,0.008542281483,0.151163520064,0.112576441503,0.13284020450400003,1.42223199351,9.429292526391,0.06679319274300001,0.006145946508000001,0.023084941413,0.0066332899890000005,0.33184600770300005,0.0,0.0,0.0,0.0,0.0,0.0,0.0,0.0,0.0,0.995065,36155907.90165294,17.977505,18.87638025,19.7752555,20.67413075,21.573006,22.471881250000003,23.3707565,24.269631750000002,25.168507,26.06738225,26.9662575,27.86513275,28.764008,29.66288325,30.561758500000003,31.46063375,32.359509,33.25838425,34.1572595,35.05613475,35.95501
SF11C46886312282050980,22,,2019-05-18T22:00:00-0700,0.005701,0.005701,0.005728,0.042477,0.16939384427799997,0.199884737974,1.9642042767339998,23.252968677435998,0.096151319628,0.026877677341,0.032239156812,0.014784352298999999,0.46343786409599996,0.063456953046,0.074879202998,0.625852895294,14.379798381532,0.033297465836000004,0.021094207389000003,0.010515722540000001,0.008542281483,0.151163520064,0.10593689123199998,0.125005534976,1.3383513814399999,8.873170295903998,0.062853853792,0.005783469952,0.021723434272,0.006242070816,0.312274344032,0.0,0.0,0.0,0.0,0.0,0.0,0.0,0.0,0.0,0.995065,36155907.90165294,17.977505,18.87638025,19.7752555,20.67413075,21.573006,22.471881250000003,23.3707565,24.269631750000002,25.168507,26.06738225,26.9662575,27.86513275,28.764008,29.66288325,30.561758500000003,31.46063375,32.359509,33.25838425,34.1572595,35.05613475,35.95501
SF11C46886312282050980,23,,2019-05-18T23:00:00-0700,0.005701,0.005701,0.005283,0.039905,0.161163761073,0.190173239534,1.8602297018840002,22.563624965551,0.091268295023,0.026428367961000003,0.030551494757000003,0.014299414884000002,0.43917772389100007,0.063456953046,0.074879202998,0.625852895294,14.379798381532,0.033297465836000004,0.021094207389000003,0.010515722540000001,0.008542281483,0.151163520064,0.097706808027,0.11529403653600001,1.23437680659,8.183826584019,0.057970829187,0.005334160572,0.020035772217,0.005757133401000001,0.28801420382700005,0.0,0.0,0.0,0.0,0.0,0.0,0.0,0.0,0.0,0.995065,36155907.90165294,17.977505,18.87638025,19.7752555,20.67413075,21.573006,22.471881250000003,23.3707565,24.269631750000002,25.168507,26.06738225,26.9662575,27.86513275,28.764008,29.66288325,30.561758500000003,31.46063375,32.359509,33.25838425,34.1572595,35.05613475,35.95501
SF11C46886412282050980,0,,2019-05-18T00:00:00-0700,0.005701,0.0057,0.004401,0.000304,0.18423069768900002,0.21739222713,2.058047266956,29.321050950468003,0.10263732617400001,0.037072478145000004,0.033952513101000004,0.018215457816,0.488067386037,0.09723661920000001,0.1147392102,0.959009496,22.034512116000002,0.05102251260000001,0.032323161,0.0161134953,0.0130895427,0.2316315156,0.08699407848900001,0.10265301693000001,1.0990377709560002,7.286538834468001,0.051614813574,0.004749317145,0.017839017801,0.005125915116000001,0.256435870437,0.0,0.0,0.0,0.0,0.0,0.0,0.0,0.0,0.0,0.63913,95297177.7375274,37.80652,43.4135078,49.020495600000004,54.6274834,60.2344712,65.841459,71.4484468,77.05543460000001,82.6624224,88.26941020000001,93.876398,99.48338580000001,105.09037360000002,110.6973614,116.30434920000002,121.911337,127.51832480000002,133.1253126,138.7323004,144.3392882,149.946276
SF11C46886412282050980,1,,2019-05-18T01:00:00-0700,0.005701,0.005701,0.003776,0.000544,0.17189345111999998,0.20283427556599998,1.902137666736,28.290132111848003,0.09531629374200001,0.03640368325,0.031421964404999995,0.017489806727,0.45169075002000003,0.09725367825600001,0.114759339886,0.95917774328,22.03837781988,0.05103146391800001,0.03232883173,0.016116322229,0.013091839111,0.231672152708,0.07463977286399999,0.08807493568,0.942959923456,6.251754291968,0.044284829824,0.00407485152,0.015305642175999999,0.004397967616,0.220018597312,0.0,0.0,0.0,0.0,0.0,0.0,0.0,0.0,0.0,0.63913,95297177.7375274,37.80652,43.89520955,49.9838991,56.07258865,62.1612782,68.24996775,74.3386573,80.42734684999999,86.51603639999999,92.60472594999999,98.69341549999999,104.78210504999998,110.87079460000001,116.95948415000001,123.0481737,129.13686325,135.2255528,141.31424235,147.4029319,153.49162145,159.580311
SF11C46886412282050980,2,,2019-05-18T02:00:00-0700,0.005701,0.005701,0.003325,0.000737,0.162978584181,0.19231473213599998,1.7895118919800002,27.543431585980002,0.09002697746800001,0.035916988855,0.029593880553999998,0.016964519811,0.425412045733,0.09725367825600001,0.114759339886,0.95917774328,22.03837781988,0.05103146391800001,0.03232883173,0.016116322229,0.013091839111,0.231672152708,0.065724905925,0.07755539225,0.8303341487,5.5050537661,0.03899551355,0.0035881571249999997,0.013477558325,0.0038726807,0.193739893025,0.0,0.0,0.0,0.0,0.0,0.0,0.0,0.0,0.0,0.75942,95297177.7375274,37.80652,42.13582965,46.465139300000004,50.79444895,55.1237586,59.45306825,63.7823779,68.11168755,72.4409972,76.77030685,81.0996165,85.42892615000001,89.75823580000001,94.08754545000001,98.41685510000002,102.74616475000002,107.07547440000002,111.40478405000002,115.73409370000002,120.06340335000002,124.39271300000001
SF11C46886412282050980,3,,2019-05-18T03:00:00-0700,0.005701,0.005701,0.003003,0.000893,0.156613645923,0.184804104676,1.709100584948,27.010310589684,0.08625056984000001,0.035569504165,0.028288685432,0.016589481259,0.40664986661900004,0.09725367825600001,0.114759339886,0.95917774328,22.03837781988,0.05103146391800001,0.03232883173,0.016116322229,0.013091839111,0.231672152708,0.059359967666999996,0.07004476478999999,0.749922841668,4.971932769804,0.035219105922,0.003240672435,0.012172363203,0.0034976421480000003,0.174977713911,0.0,0.0,0.0,0.0,0.0,0.0,0.0,0.0,0.0,0.819565,95297177.7375274,37.80652,41.1281636,44.4498072,47.7714508,51.0930944,54.414738,57.7363816,61.0580252,64.3796688,67.7013124,71.022956,74.34459960000001,77.6662432,80.98788680000001,84.3095304,87.631174,90.9528176,94.2744612,97.5961048,100.9177484,104.23939200000001
SF11C46886412282050980,4,,2019-05-18T04:00:00-0700,0.005701,0.005701,0.002772,0.001023,0.15204749456400002,0.17941604584600002,1.6514142125120002,26.627854222776,0.083541407846,0.03532022167,0.027352349801,0.016320431863,0.393190042472,0.09725367825600001,0.114759339886,0.95917774328,22.03837781988,0.05103146391800001,0.03232883173,0.016116322229,0.013091839111,0.231672152708,0.054793816308,0.06465670596,0.6922364692320001,4.5894764028960005,0.032509943928,0.0029913899400000003,0.011236027572,0.003228592752,0.161517889764,0.0,0.0,0.0,0.0,0.0,0.0,0.0,0.0,0.0,0.855652,95297177.7375274,37.80652,40.4615594,43.1165988,45.7716382,48.4266776,51.081717,53.736756400000004,56.3917958,59.046835200000004,61.7018746,64.356914,67.0119534,69.6669928,72.3220322,74.9770716,77.63211100000001,80.2871504,82.9421898,85.5972292,88.25226860000001,90.907308
SF11C46886412282050980,5,,2019-05-18T05:00:00-0700,0.005701,0.005701,0.002606,0.001133,0.14876619099,0.175544107466,1.609959936216,26.353015448288,0.081594564162,0.0351410836,0.026679485234999998,0.016127089007000002,0.38351761473,0.09725367825600001,0.114759339886,0.95917774328,22.03837781988,0.05103146391800001,0.03232883173,0.016116322229,0.013091839111,0.231672152708,0.051512512733999996,0.06078476757999999,0.6507821929359999,4.314637628408,0.030563100243999997,0.00281225187,0.010563163006,0.003035249896,0.151845462022,0.0,0.0,0.0,0.0,0.0,0.0,0.0,0.0,0.0,0.87971,95297177.7375274,37.80652,39.9819157,42.1573114,44.3327071,46.5081028,48.6834985,50.8588942,53.034289900000005,55.2096856,57.385081299999996,59.560477,61.7358727,63.9112684,66.08666410000001,68.2620598,70.4374555,72.6128512,74.7882469,76.9636426,79.13903830000001,81.314434
SF11C46886412282050980,6,,2019-05-18T06:00:00-0700,0.005701,0.005701,0.002487,0.001226,0.146413931199,0.172768440796,1.5802427140520001,26.155992471396,0.08019893525600001,0.035012665345,0.026197130516,0.015988487803,0.37658376592700005,0.09725367825600001,0.114759339886,0.95917774328,22.03837781988,0.05103146391800001,0.03232883173,0.016116322229,0.013091839111,0.231672152708,0.049160252943,0.05800910091,0.6210649707720001,4.117614651516,0.029167471338,0.002683833615,0.010080808287,0.002896648692,0.144911613219,0.0,0.0,0.0,0.0,0.0,0.0,0.0,0.0,0.0,0.896894,95297177.7375274,37.80652,39.61711455,41.4277091,43.23830365,45.0488982,46.85949275,48.6700873,50.480681849999996,52.2912764,54.10187095,55.912465499999996,57.72306005,59.5336546,61.344249149999996,63.1548437,64.96543825,66.7760328,68.58662735,70.3972219,72.20781645,74.018411
SF11C46886412282050980,7,,2019-05-18T07:00:00-0700,0.005701,0.005701,0.002402,0.001308,0.14473374563400002,0.170785821746,1.5590161267920002,26.015261773616,0.07920205746600001,0.03492093802,0.025852591431,0.015889486943,0.37163101678200006,0.09725367825600001,0.114759339886,0.95917774328,22.03837781988,0.05103146391800001,0.03232883173,0.016116322229,0.013091839111,0.231672152708,0.047480067378,0.05602648186,0.599838383512,3.976883953736,0.028170593548,0.00259210629,0.009736269202,0.0027976478320000005,0.13995886407400002,0.0,0.0,0.0,0.0,0.0,0.0,0.0,0.0,0.0,0.909782,95297177.7375274,37.80652,39.32846945,40.8504189,42.37236835,43.894317799999996,45.41626725,46.9382167,48.46016615,49.9821156,51.504065049999994,53.0260145,54.547963949999996,56.0699134,57.59186285,59.1138123,60.63576175,62.157711199999994,63.67966065,65.2016101,66.72355955,68.245509
SF11C46886412282050980,8,,2019-05-18T08:00:00-0700,0.005701,0.005701,0.002187,0.001368,0.14048386449900002,0.16577096179599998,1.505325347252,25.659295890996002,0.07668054305600001,0.034688921845,0.024981110215999996,0.015639073003,0.359103474827,0.09725367825600001,0.114759339886,0.95917774328,22.03837781988,0.05103146391800001,0.03232883173,0.016116322229,0.013091839111,0.231672152708,0.043230186243,0.05101162191,0.546147603972,3.6209180711160003,0.025649079138000002,0.002360090115,0.008864787987,0.002547233892,0.12743132211900002,0.0,0.0,0.0,0.0,0.0,0.0,0.0,0.0,0.0,0.919807,95297177.7375274,37.80652,39.08697055,40.3674211,41.64787165,42.9283222,44.20877275,45.4892233,46.769673850000004,48.0501244,49.33057495,50.6110255,51.89147605,53.1719266,54.452377150000004,55.7328277,57.01327825,58.2937288,59.57417935,60.8546299,62.135080450000004,63.415531
SF11C46886412282050980,9,,2019-05-18T09:00:00-0700,0.005701,0.005701,0.002871,0.001472,0.154004416575,0.181725213916,1.676136943556,26.791764094308,0.084702477272,0.035427057025,0.027753636499999998,0.016435738747000002,0.398958538535,0.09725367825600001,0.114759339886,0.95917774328,22.03837781988,0.05103146391800001,0.03232883173,0.016116322229,0.013091839111,0.231672152708,0.056750738318999995,0.06696587403,0.716959200276,4.753386274427999,0.033671013353999996,0.0030982252949999997,0.011637314271,0.003343899636,0.167286385827,0.0,0.0,0.0,0.0,0.0,0.0,0.0,0.0,0.0,0.927826,95297177.7375274,37.80652,38.918824799999996,40.0311296,41.1434344,42.2557392,43.368044,44.4803488,45.5926536,46.704958399999995,47.8172632,48.929568,50.0418728,51.1541776,52.2664824,53.3787872,54.491091999999995,55.6033968,56.7157016,57.8280064,58.9403112,60.052616
SF11C46886412282050980,10,,2019-05-18T10:00:00-0700,0.020004,0.020002,0.012411,0.002229,0.586542097491,0.692119685602,6.464613559076,97.87014653890799,0.32460014795000003,0.126819210055,0.106850993669,0.060388103098,1.5359830770229999,0.341215238112,0.40263397937199996,3.3652820945599995,77.32180900776,0.179044262636,0.11342594145999998,0.05654423385799999,0.045932812822,0.8128234342159999,0.24532685937899998,0.28948570623,3.099331464516,20.548337531148,0.145555885314,0.013393268595,0.050306759811,0.014455290276000001,0.7231596428070001,0.0,0.0,0.0,0.0,0.0,0.0,0.0,0.0,0.0,0.753242,334384273.54174674,131.092338,137.98502885000002,144.8777197,151.77041055,158.66310140000002,165.55579225,172.4484831,179.34117394999998,186.2338648,193.12655565,200.0192465,206.91193735,213.8046282,220.69731904999998,227.59000989999998,234.48270075,241.3753916,248.26808244999998,255.1607733,262.05346414999997,268.946155
SF11C46886412282050980,11,,2019-05-18T11:00:00-0700,0.040008,0.040005,0.029273,0.0041,1.261083676977,1.48807876432,14.040919364188,203.11348037956398,0.7014104594920001,0.258447365235,0.231746502118,0.125962653523,3.331356043441,0.68244753528,0.80528808843,6.730732436399999,154.6474837194,0.35809747659,0.22685755365,0.11309129464499999,0.091867922055,1.62568750554,0.578636141697,0.68279067589,7.310186927788,48.465996660164,0.343312982902,0.031589811585,0.118655207473,0.034094731468,1.7056685379010001,0.0,0.0,0.0,0.0,0.0,0.0,0.0,0.0,0.0,0.67521,668768547.0834935,257.888376,269.2278596,280.5673432,291.9068268,303.24631039999997,314.58579399999996,325.92527759999996,337.2647612,348.6042448,359.9437284,371.283212,382.6226956,393.9621792,405.3016628,416.6411464,427.98063,439.3201136,450.6595972,461.9990808,473.3385644,484.678048
SF11C46886412282050980,12,,2019-05-18T12:00:00-0700,0.070014,0.070009,0.058416,0.007857,2.348990039328,2.7718082980539998,26.366733488816003,367.350821070408,1.311774151046,0.46004147089,0.434693945177,0.22880748755500002,6.248725576964,1.194287451504,1.409259187174,11.77882382552,270.63406293492,0.626672821862,0.39700213657,0.19791047236099998,0.160769437699,2.844963293972,1.154702587824,1.3625491108799999,14.587909663296001,96.716758135488,0.685101329184,0.06303933432,0.236783472816,0.06803804985600001,3.403762282992,0.0,0.0,0.0,0.0,0.0,0.0,0.0,0.0,0.0,0.644382,1170344957.3961136,440.333611,454.38913405,468.44465710000003,482.50018015,496.55570320000004,510.61122625,524.6667493,538.72227235,552.7777954000001,566.83331845,580.8888415,594.94436455,608.9998876,623.05541065,637.1109337,651.16645675,665.2219798,679.27750285,693.3330259,707.3885489500001,721.444072
SF11C46886412282050980,13,,2019-05-18T13:00:00-0700,0.10002,0.100015,0.092614,0.01372,3.5368521436860005,4.1734856123099995,39.955241738584,539.9652305487521,1.981440653806,0.66710199598,0.658136984149,0.33754455378900006,9.460719289738,1.7061614858400003,2.01327054529,16.8272517092,386.62837355820005,0.8952660697700001,0.56715806095,0.282735303935,0.22967554616500002,4.06432035662,1.830690657846,2.1602150670199998,23.127990029384,153.336856990552,1.086174584036,0.09994393503,0.375401680214,0.10786900762400001,5.396398933118,0.0,0.0,0.0,0.0,0.0,0.0,0.0,0.0,0.0,0.493503,1671921367.7087336,613.883797,638.807988,663.732179,688.6563699999999,713.580561,738.504752,763.428943,788.353134,813.277325,838.2015160000001,863.125707,888.049898,912.974089,937.8982800000001,962.8224710000001,987.746662,1012.6708530000001,1037.5950440000001,1062.5192350000002,1087.443426,1112.367617
SF11C46886412282050980,14,,2019-05-18T14:00:00-0700,0.130026,0.130021,0.130569,0.021801,4.798978450017,5.662794688576,54.481965145244,718.7999368689719,2.6951691548839998,0.8782168688349999,0.896808650678,0.450657458035,12.891624514720998,2.218035520176,2.617281903406,21.875679592879997,502.62268418148,1.163859317678,0.7373139853299999,0.36756013550899996,0.298581654631,5.283677419268,2.5809429298409996,3.0455127851699997,32.606285552364,216.17725268749197,1.531309837206,0.140902883505,0.529248515169,0.152075803404,7.6079470954529995,0.0,0.0,0.0,0.0,0.0,0.0,0.0,0.0,0.0,0.341554,2173497778.0213537,778.97261,816.66558905,854.3585681000001,892.05154715,929.7445262,967.43750525,1005.1304843,1042.82346335,1080.5164424,1118.20942145,1155.9024005,1193.59537955,1231.2883586,1268.9813376500001,1306.6743167,1344.36729575,1382.0602748000001,1419.75325385,1457.4462329,1495.1392119500001,1532.832191
SF11C46886412282050980,15,,2019-05-18T15:00:00-0700,0.160032,0.160027,0.170772,0.032104,6.105540722820001,7.204538207481999,69.57006935379201,901.356556231656,3.4352621415140003,1.09175765965,1.144592362655,0.566388643849,16.45351538768,2.7299095545120005,3.221293261522,26.92410747656,618.61699480476,1.432452565586,0.90746990971,0.45238496708299997,0.367487763097,6.503034481916,3.375631168308,3.9832449459599997,42.645961877232004,282.739561426896,2.002809575928,0.18428774994000002,0.6922073955720001,0.19890088075200002,9.950480905764001,0.0,0.0,0.0,0.0,0.0,0.0,0.0,0.0,0.0,0.24,2675074188.333974,936.01258,984.2651285999999,1032.5176772,1080.7702258,1129.0227744,1177.275323,1225.5278716,1273.7804202,1322.0329688,1370.2855174000001,1418.538066,1466.7906146,1515.0431632,1563.2957118,1611.5482604,1659.800809,1708.0533576,1756.3059062,1804.5584548000002,1852.8110034000001,1901.063552
SF11C46886412282050980,16,,2019-05-18T16:00:00-0700,0.170034,0.170032,0.189297,0.042975,6.642398196825,7.838030044162,75.87953079009199,970.703937390756,3.742080796454,1.1684844744249998,1.247965040825,0.610940599804,17.939497628645,2.9005854097920003,3.4226907699519997,28.607421512959995,657.29336212416,1.522010502176,0.9642055633599999,0.4806683917279999,0.390463355152,6.909608747455999,3.7418127870329996,4.41533927421,47.272109277132,313.41057526659597,2.220070294278,0.20427891106499999,0.767296649097,0.220477244652,11.029888881189,0.0,0.0,0.0,0.0,0.0,0.0,0.0,0.0,0.0,0.24,2842266325.104847,986.638991,1036.2186414,1085.7982918,1135.3779422,1184.9575926,1234.537243,1284.1168934000002,1333.6965438000002,1383.2761942000002,1432.8558446000002,1482.4354950000002,1532.0151454000002,1581.5947958000002,1631.1744462000001,1680.7540966000001,1730.3337470000001,1779.9133974000001,1829.4930478,1879.0726982,1928.6523486,1978.231999
SF11C46886412282050980,17,,2019-05-18T17:00:00-0700,0.120024,0.120032,0.137039,0.049477,4.756467311463,5.612631552222,54.417060942644,690.897510395612,2.681634431162,0.8285540150149999,0.894795961367,0.43525432107600004,12.862692054299,2.047632609792,2.416206469952,20.19505751296,464.00816812416,1.0744446021760001,0.68066906336,0.33932194172799995,0.275642805152,4.877753347455999,2.708834701671,3.1964250822699998,34.222003429684,226.889342271452,1.6071898289859998,0.14788495165499999,0.555474019639,0.159611515924,7.984938706843,0.0,0.0,0.0,0.0,0.0,0.0,0.0,0.0,0.0,0.392204,2006305641.2504804,724.85727,758.95104965,793.0448293,827.1386089499999,861.2323885999999,895.3261682499999,929.4199479,963.51372755,997.6075072,1031.70128685,1065.7950664999998,1099.88884615,1133.9826258,1168.07640545,1202.1701851,1236.26396475,1270.3577444,1304.45152405,1338.5453037,1372.63908335,1406.732863
SF11C46886412282050980,18,,2019-05-18T18:00:00-0700,0.070014,0.070022,0.080618,0.051627,2.788076276634,3.2899300798319997,31.913305295767998,404.159933480984,1.5722749969279999,0.48407436767,0.5247243042559999,0.25469636552999997,7.542911936042,1.1945092192320002,1.409520873092,11.78101104016,270.68431708536,0.626789188996,0.39707585606,0.19794722243799998,0.160799291042,2.845491576376,1.5935670574019998,1.8804092067399998,20.132294255608,133.475616395624,0.9454858079319999,0.08699851161,0.32677708181799997,0.093897074488,4.697420359665999,0.0,0.0,0.0,0.0,0.0,0.0,0.0,0.0,0.0,0.645452,1170344957.3961136,440.333611,455.18091515000003,470.0282193,484.87552345,499.7228276,514.57013175,529.4174359,544.26474005,559.1120442,573.95934835,588.8066524999999,603.6539566499999,618.5012608,633.34856495,648.1958691,663.04317325,677.8904774,692.7377815499999,707.5850856999999,722.4323898499999,737.279694
SF11C46886412282050980,19,,2019-05-18T19:00:00-0700,0.040008,0.040013,0.045692,0.051215,1.5857726999160002,1.871211827478,18.142492827392,230.328609855896,0.894043675142,0.27621121283,0.298321908569,0.145104496815,4.2883774722079995,0.6825840077280001,0.805449125918,6.732078414639999,154.67840935044,0.35816908713400003,0.22690291949,0.11311391007699999,0.091886293343,1.6260126024039998,0.903188692188,1.06576270156,11.410414412752,75.650200505456,0.535874588008,0.04930829334,0.185207998492,0.05321820347200001,2.662364869804,0.0,0.0,0.0,0.0,0.0,0.0,0.0,0.0,0.0,0.797401,668768547.0834935,257.888376,263.8156662,269.7429564,275.6702466,281.5975368,287.524827,293.4521172,299.3794074,305.3066976,311.2339878,317.16127800000004,323.0885682,329.0158584,334.94314860000003,340.8704388,346.797729,352.7250192,358.65230940000004,364.57959960000005,370.5068898,376.43418
SF11C46886412282050980,20,,2019-05-18T20:00:00-0700,0.005701,0.005707,0.006374,0.048113,0.223350183078,0.263553221822,2.551931546904,32.614718721392,0.12583927810200002,0.03924132634,0.041969661777,0.020529517361,0.603313893594,0.09735603259200001,0.114880118002,0.96018722696,22.06157204316,0.051085171826,0.03236285611,0.016133283802999998,0.013105617577,0.231915975356,0.125994150486,0.14867310381999999,1.5917443199440002,10.553146678232,0.074754106276,0.00687847023,0.025836377974000003,0.007423899784000001,0.371397918238,0.0,0.0,0.0,0.0,0.0,0.0,0.0,0.0,0.0,0.97113,95297177.7375274,37.80652,39.696846,41.587171999999995,43.477498,45.367824,47.25815,49.148476,51.038802,52.929128,54.819454,56.709779999999995,58.600106,60.490432,62.380758,64.271084,66.16140999999999,68.051736,69.94206199999999,71.83238800000001,73.722714,75.61304
SF11C46886412282050980,21,,2019-05-18T21:00:00-0700,0.005701,0.005701,0.006085,0.045207,0.217535197821,0.256691538936,2.47875166654,32.11304012566,0.12239618570800001,0.038895429055,0.040781267314,0.020179135971,0.586230723853,0.09725367825600001,0.114759339886,0.95917774328,22.03837781988,0.05103146391800001,0.03232883173,0.016116322229,0.013091839111,0.231672152708,0.120281519565,0.14193219904999999,1.51957392326,10.07466230578,0.07136472179,0.006566597325,0.024664945085,0.007087296860000001,0.354558571145,0.0,0.0,0.0,0.0,0.0,0.0,0.0,0.0,0.0,0.978067,95297177.7375274,37.80652,39.696846,41.587171999999995,43.477498,45.367824,47.25815,49.148476,51.038802,52.929128,54.819454,56.709779999999995,58.600106,60.490432,62.380758,64.271084,66.16140999999999,68.051736,69.94206199999999,71.83238800000001,73.722714,75.61304
SF11C46886412282050980,22,,2019-05-18T22:00:00-0700,0.005701,0.005701,0.005726,0.042477,0.21043888467,0.248317889066,2.389100550936,31.518659884448,0.11818584304200001,0.038508016,0.039326096355,0.019761002927,0.5653126421700001,0.09725367825600001,0.114759339886,0.95917774328,22.03837781988,0.05103146391800001,0.03232883173,0.016116322229,0.013091839111,0.231672152708,0.113185206414,0.13355854917999999,1.429922807656,9.480282064568,0.067154379124,0.0061791842700000005,0.023209774126,0.006669163816000001,0.33364048946200003,0.0,0.0,0.0,0.0,0.0,0.0,0.0,0.0,0.0,0.978067,95297177.7375274,37.80652,39.696846,41.587171999999995,43.477498,45.367824,47.25815,49.148476,51.038802,52.929128,54.819454,56.709779999999995,58.600106,60.490432,62.380758,64.271084,66.16140999999999,68.051736,69.94206199999999,71.83238800000001,73.722714,75.61304
SF11C46886412282050980,23,,2019-05-18T23:00:00-0700,0.005701,0.005701,0.005281,0.039905,0.201642619065,0.237938295216,2.277973123516,30.781893290188002,0.11296689461200002,0.038027796475,0.03752233291,0.019242704307,0.5393835437050001,0.09725367825600001,0.114759339886,0.95917774328,22.03837781988,0.05103146391800001,0.03232883173,0.016116322229,0.013091839111,0.231672152708,0.10438894080899999,0.12317895532999999,1.318795380236,8.743515470308001,0.061935430694,0.005698964745,0.021406010681,0.006150865196,0.307711390997,0.0,0.0,0.0,0.0,0.0,0.0,0.0,0.0,0.0,0.978067,95297177.7375274,37.80652,39.696846,41.587171999999995,43.477498,45.367824,47.25815,49.148476,51.038802,52.929128,54.819454,56.709779999999995,58.600106,60.490432,62.380758,64.271084,66.16140999999999,68.051736,69.94206199999999,71.83238800000001,73.722714,75.61304
SF11C46886512282050980,0,,2019-05-18T00:00:00-0700,0.005701,0.0057,0.004371,0.000304,0.21519761925599998,0.253933186458,2.512210372791,28.669829713802997,0.12256851833099999,0.032451937992,0.041196386013,0.018320652138,0.592198045356,0.0745203237,0.0879339798,0.7349669262,16.8868376244,0.0391026954,0.0247718637,0.0123490842,0.0100315839,0.1775180583,0.14067729555599998,0.165999206658,1.7772434465909999,11.782992089403,0.083465822931,0.007680074292,0.028847301813,0.008289068238,0.41467998705599995,0.0,0.0,0.0,0.0,0.0,0.0,0.0,0.0,0.0,0.733537,66509320.3656569,27.95062,32.2262101,36.501800200000005,40.7773903,45.0529804,49.328570500000005,53.6041606,57.8797507,62.155340800000005,66.4309309,70.70652100000001,74.9821111,79.25770120000001,83.5332913,87.8088814,92.0844715,96.36006160000001,100.63565170000001,104.91124180000001,109.18683190000002,113.46242200000002
SF11C46886512282050980,1,,2019-05-18T01:00:00-0700,0.005701,0.005701,0.00378,0.000544,0.196189809521,0.23150397125400002,2.272039411146,27.079621801031998,0.11129002010200001,0.031417866201,0.037298128046,0.017201652666999998,0.536160583899,0.074533397441,0.087949406814,0.735095867766,16.889800227492,0.039109555522,0.024776209641,0.012351250706000001,0.010033343827,0.17754920181900002,0.12165641208,0.14355456444,1.5369435433799998,10.18982157354,0.07218046458,0.0066416565600000005,0.02494687734,0.007168308839999999,0.35861138208,0.0,0.0,0.0,0.0,0.0,0.0,0.0,0.0,0.0,0.733537,66509320.3656569,27.95062,32.54353305,37.1364461,41.72935915,46.3222722,50.91518525,55.5080983,60.10101135,64.6939244,69.28683745000001,73.8797505,78.47266355,83.0655766,87.65848965,92.2514027,96.84431575,101.4372288,106.03014184999999,110.6230549,115.21596795,119.808881
SF11C46886512282050980,2,,2019-05-18T02:00:00-0700,0.005701,0.005701,0.003328,0.000737,0.181642534849,0.21433818735799998,2.088256744054,25.861156364196,0.10265891693,0.030623678697,0.03431506229,0.016344489811,0.49327901122699996,0.074533397441,0.087949406814,0.735095867766,16.889800227492,0.039109555522,0.024776209641,0.012351250706000001,0.010033343827,0.17754920181900002,0.10710913740799999,0.126388780544,1.3531608762879999,8.971356136704,0.063549361408,0.005847469056,0.021963811583999997,0.006311145983999999,0.31572980940799994,0.0,0.0,0.0,0.0,0.0,0.0,0.0,0.0,0.0,0.822358,66509320.3656569,27.95062,31.19244915,34.4342783,37.67610745,40.917936600000004,44.159765750000005,47.4015949,50.64342405,53.8852532,57.12708235,60.3689115,63.610740650000004,66.8525698,70.09439895,73.3362281,76.57805725,79.8198864,83.06171555,86.3035447,89.54537385,92.787203
SF11C46886512282050980,3,,2019-05-18T03:00:00-0700,0.005701,0.005701,0.003005,0.000893,0.171247026621,0.202071487804,1.956925324871,24.990438806457,0.096491115327,0.030056150901,0.032183358221,0.015731959716999998,0.462635763499,0.074533397441,0.087949406814,0.735095867766,16.889800227492,0.039109555522,0.024776209641,0.012351250706000001,0.010033343827,0.17754920181900002,0.09671362918,0.11412208099,1.221829457105,8.100638578965,0.057381559804999996,0.00527994126,0.019832107515,0.00569861589,0.28508656167999996,0.0,0.0,0.0,0.0,0.0,0.0,0.0,0.0,0.0,0.866769,66509320.3656569,27.95062,30.42255765,32.8944953,35.366432950000004,37.838370600000005,40.310308250000006,42.7822459,45.25418355,47.7261212,50.19805885,52.6699965,55.14193415,57.6138718,60.08580945,62.5577471,65.02968475,67.5016224,69.97356005,72.4454977,74.91743535,77.389373
SF11C46886512282050980,4,,2019-05-18T04:00:00-0700,0.005701,0.005701,0.002773,0.001023,0.163780283869,0.193260731468,1.8625943983989999,24.365031768081,0.092060991575,0.029648514836999998,0.030652227125,0.015292000021,0.440625752747,0.074533397441,0.087949406814,0.735095867766,16.889800227492,0.039109555522,0.024776209641,0.012351250706000001,0.010033343827,0.17754920181900002,0.089246886428,0.10531132465399999,1.1274985306329999,7.475231540589,0.052951436053,0.004872305196,0.018300976418999998,0.005258656194,0.263076550928,0.0,0.0,0.0,0.0,0.0,0.0,0.0,0.0,0.0,0.893415,66509320.3656569,27.95062,29.91615725,31.881694500000002,33.84723175,35.812769,37.77830625,39.7438435,41.70938075,43.674918,45.64045525,47.6059925,49.571529749999996,51.537067,53.502604250000005,55.4681415,57.43367875,59.399215999999996,61.36475325,63.3302905,65.29582775,67.261365
SF11C46886512282050980,5,,2019-05-18T05:00:00-0700,0.005701,0.005701,0.002607,0.001133,0.158437700693,0.18695648339999998,1.795098994113,23.917542249243,0.088891161649,0.029356844205,0.029556676427000002,0.014977201273,0.42487721057100003,0.074533397441,0.087949406814,0.735095867766,16.889800227492,0.039109555522,0.024776209641,0.012351250706000001,0.010033343827,0.17754920181900002,0.08390430325199999,0.099007076586,1.060003126347,7.027742021751,0.049781606127,0.0045806345640000004,0.017205425721,0.004943857445999999,0.24732800875199998,0.0,0.0,0.0,0.0,0.0,0.0,0.0,0.0,0.0,0.911179,66509320.3656569,27.95062,29.55392245,31.1572249,32.760527350000004,34.3638298,35.96713225,37.5704347,39.17373715,40.7770396,42.380342049999996,43.9836445,45.58694695,47.1902494,48.79355185,50.3968543,52.00015675,53.6034592,55.206761650000004,56.8100641,58.41336655,60.016669
SF11C46886512282050980,6,,2019-05-18T06:00:00-0700,0.005701,0.005701,0.002488,0.001226,0.154607776609,0.182437173038,1.746713734414,23.596751570076,0.08661881369,0.029147755017,0.028771311770000002,0.014751532291,0.413587592987,0.074533397441,0.087949406814,0.735095867766,16.889800227492,0.039109555522,0.024776209641,0.012351250706000001,0.010033343827,0.17754920181900002,0.080074379168,0.09448776622400001,1.011617866648,6.706951342584001,0.047509258168,0.004371545376,0.016420061064,0.004718188464,0.236038391168,0.0,0.0,0.0,0.0,0.0,0.0,0.0,0.0,0.0,0.923868,66509320.3656569,27.95062,29.2798662,30.6091124,31.9383586,33.2676048,34.596851,35.9260972,37.2553434,38.5845896,39.9138358,41.243082,42.5723282,43.9015744,45.2308206,46.5600668,47.889313,49.2185592,50.5478054,51.8770516,53.2062978,54.535544
SF11C46886512282050980,7,,2019-05-18T07:00:00-0700,0.005701,0.005701,0.002403,0.001308,0.151872116549,0.17920909420800002,1.712152834629,23.367615370671,0.084995708005,0.028998405597,0.028210337015000003,0.014590340161,0.405523580427,0.074533397441,0.087949406814,0.735095867766,16.889800227492,0.039109555522,0.024776209641,0.012351250706000001,0.010033343827,0.17754920181900002,0.077338719108,0.091259687394,0.977056966863,6.477815143179001,0.04588615248300001,0.004222195956,0.015859086309,0.004556996334,0.227974378608,0.0,0.0,0.0,0.0,0.0,0.0,0.0,0.0,0.0,0.933384,66509320.3656569,27.95062,29.064032,30.177444,31.290856,32.404268,33.51768,34.631092,35.744504,36.857916,37.971328,39.08474,40.198152,41.311564,42.424976,43.538388,44.651799999999994,45.765212,46.878624,47.992036,49.105447999999996,50.21886
SF11C46886512282050980,8,,2019-05-18T08:00:00-0700,0.005701,0.005701,0.002189,0.001368,0.144984690045,0.171081931036,1.625140686935,22.790731292169,0.080909300751,0.028622396469,0.026798000573,0.014184515269,0.385221242923,0.074533397441,0.087949406814,0.735095867766,16.889800227492,0.039109555522,0.024776209641,0.012351250706000001,0.010033343827,0.17754920181900002,0.070451292604,0.083132524222,0.8900448191689999,5.900931064677001,0.041799745229,0.0038461868280000003,0.014446749867,0.0041511714419999995,0.20767204110399998,0.0,0.0,0.0,0.0,0.0,0.0,0.0,0.0,0.0,0.940786,66509320.3656569,27.95062,28.8789457,29.8072714,30.7355971,31.6639228,32.5922485,33.5205742,34.4488999,35.3772256,36.3055513,37.233877,38.1622027,39.0905284,40.0188541,40.9471798,41.8755055,42.8038312,43.7321569,44.660482599999995,45.5888083,46.517134
SF11C46886512282050980,9,,2019-05-18T09:00:00-0700,0.005701,0.005701,0.002866,0.001472,0.166773417817,0.196792629482,1.900408088752,24.61573372743,0.093836860148,0.029811920673,0.031265999504000004,0.015468363175,0.449448731195,0.074533397441,0.087949406814,0.735095867766,16.889800227492,0.039109555522,0.024776209641,0.012351250706000001,0.010033343827,0.17754920181900002,0.092240020376,0.108843222668,1.165312220986,7.725933499938001,0.054727304626,0.005035711032,0.018914748798,0.005435019348,0.271899529376,0.0,0.0,0.0,0.0,0.0,0.0,0.0,0.0,0.0,0.946707,66509320.3656569,27.95062,28.77756985,29.6045197,30.431469550000003,31.2584194,32.08536925,32.912319100000005,33.73926895,34.5662188,35.39316865,36.2201185,37.04706835,37.8740182,38.70096805,39.527917900000006,40.354867750000004,41.1818176,42.00876745,42.8357173,43.662667150000004,44.489617
SF11C46886512282050980,10,,2019-05-18T10:00:00-0700,0.020004,0.020001,0.012347,0.002229,0.6588666556330001,0.77746264012,7.599235904453,92.53907919666301,0.372979722389,0.108617486985,0.124818819447,0.058614879093000005,1.794270500911,0.261487893741,0.30855570701400004,2.578960261566,59.255024443092,0.137209300122,0.086923165941,0.043332286506,0.035200299927,0.6229015235190001,0.397378761892,0.468906933106,5.020275642887,33.284054753571006,0.235770422267,0.021694321044,0.081486532941,0.023414579166,1.171368977392,0.0,0.0,0.0,0.0,0.0,0.0,0.0,0.0,0.0,0.753242,233371767.1627084,97.218101,104.4192652,111.6204294,118.8215936,126.0227578,133.22392200000002,140.4250862,147.6262504,154.8274146,162.0285788,169.22974299999998,176.43090719999998,183.63207139999997,190.8332356,198.0343998,205.235564,212.4367282,219.6378924,226.8390566,234.0402208,241.24138499999998
SF11C46886512282050980,11,,2019-05-18T11:00:00-0700,0.040008,0.040004,0.02916,0.0041,1.461494256724,1.724563193736,17.014600026624,197.12316908824798,0.831253047248,0.22509066008399997,0.279116245504,0.125702502188,4.012295995836,0.5230019349639999,0.6171422680559999,5.158178406264,118.51597409236798,0.274432320488,0.17385502376399997,0.086668906024,0.070404119708,1.245865334076,0.9384923217599999,1.10742092568,11.856421620359999,78.60719499588,0.5568207267599999,0.05123563632,0.19244733947999998,0.05529838247999999,2.76643066176,0.0,0.0,0.0,0.0,0.0,0.0,0.0,0.0,0.0,0.67521,466743534.3254168,192.073362,204.4046927,216.7360234,229.0673541,241.3986848,253.73001549999998,266.0613462,278.39267689999997,290.7240076,303.0553383,315.386669,327.71799969999995,340.04933040000003,352.3806611,364.71199179999996,377.0433225,389.3746532,401.7059839,414.03731459999995,426.36864529999997,438.699976
SF11C46886512282050980,12,,2019-05-18T12:00:00-0700,0.070014,0.070009,0.058221,0.007857,2.789077937825,3.2911119120840002,32.699660051535005,364.356393580281,1.592021293879,0.406552307961,0.535916226917,0.233619752881,7.703795742326999,0.9152795336690001,1.080029823126,9.027070094094,207.408879867828,0.48027028109799996,0.304254983469,0.151674918554,0.12321072934300001,2.180326621671,1.873798404156,2.2110820889580003,23.672589957441,156.947513712453,1.111751012781,0.102297324492,0.384241308363,0.110409023538,5.523469120655999,0.0,0.0,0.0,0.0,0.0,0.0,0.0,0.0,0.0,0.644382,816801185.0694795,330.05117,346.463441,362.875712,379.287983,395.70025400000003,412.112525,428.52479600000004,444.937067,461.349338,477.761609,494.17388000000005,510.58615100000003,526.998422,543.410693,559.822964,576.235235,592.647506,609.0597769999999,625.4720480000001,641.884319,658.29659
SF11C46886512282050980,13,,2019-05-18T13:00:00-0700,0.10002,0.100015,0.092384,0.01372,4.280878664738999,5.051436742042,50.459316202753996,545.3461440796921,2.450220932454,0.596982781083,0.826390059542,0.35121408405699994,11.879357127409,1.307570206115,1.54293280521,12.89609072349,296.30474824638003,0.68611510183,0.434659289115,0.21668309759,0.176019098905,3.114819052785,2.9733084586239995,3.5085039368319997,37.563225479264,249.041395833312,1.7641058306239998,0.162323491968,0.6097069619519999,0.17519498515199997,8.764538074624,0.0,0.0,0.0,0.0,0.0,0.0,0.0,0.0,0.0,0.626008,1166858835.813542,463.02944,482.4842483,501.9390566,521.3938649,540.8486732,560.3034815,579.7582898000001,599.2130981,618.6679064,638.1227147,657.5775229999999,677.0323313,696.4871396,715.9419479,735.3967562,754.8515645,774.3063728,793.7611810999999,813.2159893999999,832.6707977,852.125606
SF11C46886512282050980,14,,2019-05-18T14:00:00-0700,0.130026,0.130021,0.130314,0.021801,5.893917408665001,6.954822430266001,69.75063011268,736.490671792734,3.3803527959160005,0.794032069089,1.141724973368,0.475952071159,16.412296575003,1.6998608785609999,2.005835787294,16.765111352886,385.20061662493197,0.891959922562,0.565063594761,0.281691276626,0.228827468467,4.049311483899,4.1940565301040005,4.948986642972001,52.985518759794004,351.29005516780205,2.4883928733540004,0.22896847432800002,0.860033696742,0.247124602692,12.362985091104001,0.0,0.0,0.0,0.0,0.0,0.0,0.0,0.0,0.0,0.51381,1516916486.5576046,591.189326,620.6860240000001,650.182722,679.67942,709.1761180000001,738.672816,768.169514,797.6662120000001,827.16291,856.659608,886.1563060000001,915.653004,945.149702,974.6464000000001,1004.143098,1033.639796,1063.136494,1092.633192,1122.1298900000002,1151.626588,1181.123286
SF11C46886512282050980,15,,2019-05-18T15:00:00-0700,0.160032,0.160027,0.170502,0.032104,7.579628157479,8.943961083173999,89.96004416042399,933.7221352499699,4.353601984516,0.995048780511,1.4719620165679999,0.604972079785,21.159454144484997,2.092151551007,2.468738769378,20.634131982282,474.09648500348396,1.097804743294,0.695467900407,0.346699455662,0.281635838029,4.9838039150130005,5.487476606472,6.475222313795999,69.32591217814199,459.625650246486,3.255797241222,0.29958088010399997,1.1252625609059999,0.32333624175599995,16.175650229471998,0.0,0.0,0.0,0.0,0.0,0.0,0.0,0.0,0.0,0.401612,1866974137.3016672,714.70542,755.4417466,796.1780732,836.9143998,877.6507263999999,918.3870529999999,959.1233796,999.8597062,1040.5960328,1081.3323593999999,1122.068686,1162.8050126,1203.5413392,1244.2776658,1285.0139924,1325.750319,1366.4866456,1407.2229722,1447.9592988,1488.6956254,1529.431952
SF11C46886512282050980,16,,2019-05-18T16:00:00-0700,0.170034,0.170032,0.189171,0.042975,8.311278438068,9.807308401505999,98.840897917503,1013.689375734747,4.778728799635,1.071332324004,1.616847764405,0.6579836303019999,23.242186822464,2.222954329712,2.6230860444479998,21.924192350111998,503.73732893894396,1.166440263904,0.7389490401119999,0.36837534819199996,0.299243907664,5.295394822607999,6.088324108356,7.184222357058,76.916705567391,509.952046795803,3.6122885357310004,0.332383283892,1.248472416213,0.35873972263799997,17.946791999856,0.0,0.0,0.0,0.0,0.0,0.0,0.0,0.0,0.0,0.364213,1983660020.883021,754.874758,799.9383155500001,845.0018731,890.06543065,935.1289882000001,980.19254575,1025.2561033000002,1070.31966085,1115.3832184,1160.44677595,1205.5103335,1250.57389105,1295.6374486,1340.70100615,1385.7645637,1430.82812125,1475.8916788000001,1520.9552363500002,1566.0187939,1611.08235145,1656.1459089999998
SF11C46886512282050980,17,,2019-05-18T17:00:00-0700,0.120024,0.120033,0.137387,0.049477,5.990975984785,7.069351550488,71.33863521240501,725.967019620327,3.446895385733,0.763052439177,1.166765610759,0.47178700187699996,16.772255822959,1.569280353453,1.851750771462,15.477242991677999,355.610136942036,0.823441024026,0.521656336053,0.260052214698,0.211249317591,3.738250016127,4.421695631332,5.217600779026,55.861392220727005,370.3568826782911,2.623454361707,0.24139610312400003,0.906713396061,0.260537684286,13.034005806832,0.0,0.0,0.0,0.0,0.0,0.0,0.0,0.0,0.0,0.551209,1400230602.9762504,548.99383,576.3180674,603.6423048,630.9665422,658.2907796,685.615017,712.9392544,740.2634918,767.5877292,794.9119665999999,822.236204,849.5604414,876.8846788,904.2089162,931.5331536,958.857391,986.1816283999999,1013.5058658,1040.8301032,1068.1543406,1095.478578
SF11C46886512282050980,18,,2019-05-18T18:00:00-0700,0.070014,0.070023,0.080998,0.051627,3.522321313571,4.1563390845259995,41.962566579375995,425.79828430413,2.027052373084,0.446633524539,0.686267993232,0.276838193565,9.865102505465,0.915462566043,1.080245801322,9.028875276018,207.450356311116,0.480366322806,0.304315826643,0.151705249638,0.123235368321,2.180762630937,2.606858747528,3.076093283204,32.933691303357996,218.34792799301403,1.546686050278,0.14231769789600002,0.534562743594,0.15360282524399999,7.684339874528,0.0,0.0,0.0,0.0,0.0,0.0,0.0,0.0,0.0,0.738205,816801185.0694795,330.05117,342.28591335,354.5206567,366.75540005,378.9901434,391.22488675,403.4596301,415.69437345,427.9291168,440.16386015,452.39860350000004,464.63334685,476.8680902,489.10283355,501.3375769,513.57232025,525.8070636,538.04180695,550.2765503,562.51129365,574.746037
SF11C46886512282050980,19,,2019-05-18T19:00:00-0700,0.040008,0.040013,0.045928,0.051215,2.0012771896409998,2.361507046526,23.833609531245997,242.3516653587,1.1515058015939998,0.25459202148899995,0.389799563962,0.157516807835,5.603368788755,0.523119598633,0.617281111182,5.159338880358,118.542637520196,0.274494061586,0.17389413723299998,0.086688404578,0.070419959051,1.246145625747,1.4781575910079998,1.744225935344,18.674270650887998,123.809027838504,0.877011740008,0.080697884256,0.30311115938399996,0.087096848784,4.357223163007999,0.0,0.0,0.0,0.0,0.0,0.0,0.0,0.0,0.0,0.850403,466743534.3254168,192.073362,197.1334155,202.193469,207.2535225,212.313576,217.3736295,222.433683,227.4937365,232.55379,237.6138435,242.673897,247.7339505,252.794004,257.8540575,262.914111,267.97416450000003,273.034218,278.0942715,283.154325,288.2143785,293.274432
SF11C46886512282050980,20,,2019-05-18T20:00:00-0700,0.005701,0.005707,0.006638,0.048113,0.28825079845499996,0.34013593682200005,3.4348724909599997,34.801765159578,0.16590572257199998,0.036465596463,0.056173078256,0.022632060553,0.807488008501,0.074611839887,0.088041968898,0.735869517162,16.907575846044,0.039150716254,0.024802285287,0.012364249742,0.010043903389,0.177736062933,0.21363895856799997,0.252093967924,2.6990029737979997,17.894189313534,0.126755006318,0.011663311176,0.043808828513999996,0.012588157163999998,0.629751945568,0.0,0.0,0.0,0.0,0.0,0.0,0.0,0.0,0.0,0.978683,66509320.3656569,27.95062,27.9721605,27.993701,28.015241500000002,28.036782000000002,28.058322500000003,28.079863,28.1014035,28.122944,28.1444845,28.166025,28.1875655,28.209106000000002,28.230646500000002,28.252187000000003,28.2737275,28.295268,28.3168085,28.338349,28.3598895,28.38143
SF11C46886512282050980,21,,2019-05-18T21:00:00-0700,0.005701,0.005701,0.006089,0.045207,0.270503210445,0.319193783236,3.2108760888349996,33.304039264869004,0.155381208651,0.035474899269,0.052536842273,0.021580389468999997,0.755217113323,0.074533397441,0.087949406814,0.735095867766,16.889800227492,0.039109555522,0.024776209641,0.012351250706000001,0.010033343827,0.17754920181900002,0.195969813004,0.231244376422,2.475780221069,16.414239037377,0.116271653129,0.010698689628,0.040185591566999995,0.011547045641999999,0.577667911504,0.0,0.0,0.0,0.0,0.0,0.0,0.0,0.0,0.0,0.988042,66509320.3656569,27.95062,29.348151,30.745682000000002,32.143213,33.540744000000004,34.938275000000004,36.335806000000005,37.733337,39.130868,40.528399,41.92593,43.323461,44.720992,46.118523,47.516054,48.913585,50.311116,51.708647,53.106178,54.503709,55.90124
SF11C46886512282050980,22,,2019-05-18T22:00:00-0700,0.005701,0.005701,0.005729,0.042477,0.25891688548499997,0.305521919956,3.064500513275,32.333580067389,0.148506878691,0.034842360549,0.050160949193,0.020897693389,0.721063648363,0.074533397441,0.087949406814,0.735095867766,16.889800227492,0.039109555522,0.024776209641,0.012351250706000001,0.010033343827,0.17754920181900002,0.18438348804399998,0.217572513142,2.329404645509,15.443779839897001,0.109397323169,0.010066150908,0.037809698487,0.010864349562,0.5435144465439999,0.0,0.0,0.0,0.0,0.0,0.0,0.0,0.0,0.0,0.988042,66509320.3656569,27.95062,29.348151,30.745682000000002,32.143213,33.540744000000004,34.938275000000004,36.335806000000005,37.733337,39.130868,40.528399,41.92593,43.323461,44.720992,46.118523,47.516054,48.913585,50.311116,51.708647,53.106178,54.503709,55.90124
SF11C46886512282050980,23,,2019-05-18T23:00:00-0700,0.005701,0.005701,0.005284,0.039905,0.244594900465,0.28862197784599997,2.8835640379299994,31.133984670504,0.140009443046,0.034060472409,0.047224081358,0.020053805178999996,0.6788461708429999,0.074533397441,0.087949406814,0.735095867766,16.889800227492,0.039109555522,0.024776209641,0.012351250706000001,0.010033343827,0.17754920181900002,0.17006150302399997,0.20067257103199998,2.1484681701639996,14.244184443012,0.10089988752399999,0.009284262768,0.034872830651999996,0.010020461351999998,0.5012969690239999,0.0,0.0,0.0,0.0,0.0,0.0,0.0,0.0,0.0,0.988042,66509320.3656569,27.95062,29.348151,30.745682000000002,32.143213,33.540744000000004,34.938275000000004,36.335806000000005,37.733337,39.130868,40.528399,41.92593,43.323461,44.720992,46.118523,47.516054,48.913585,50.311116,51.708647,53.106178,54.503709,55.90124
SF11C46886612282050980,0,,2019-05-18T00:00:00-0700,0.005701,0.005697,0.004337,0.000304,0.057374993694999994,0.067702497497,0.654496696242,8.432454576647,0.032299987857,0.010185998731999999,0.010766371614,0.005302452387999999,0.15476657071199998,0.025389067895999998,0.029959104447,0.250403192046,5.7533446517039994,0.013322286378,0.008439775073999999,0.004207331349,0.0034177613309999996,0.060480394550999995,0.031985925798999996,0.03774339305,0.404093504196,2.679109924943,0.018977701479,0.0017462236579999998,0.006559040265,0.0018846910569999997,0.09428617616099999,0.0,0.0,0.0,0.0,0.0,0.0,0.0,0.0,0.0,0.95559,9748838.946879534,4.672058,5.41388085,6.1557037,6.897526549999999,7.6393493999999995,8.381172249999999,9.122995099999999,9.864817949999999,10.6066408,11.34846365,12.0902865,12.83210935,13.573932199999998,14.315755049999998,15.057577899999998,15.799400749999998,16.5412236,17.28304645,18.0248693,18.766692149999997,19.508515
SF11C46886612282050980,1,,2019-05-18T01:00:00-0700,0.005701,0.005701,0.003784,0.000544,0.053314374736,0.06291096705100001,0.6031475603900001,8.094887545808,0.029889542602,0.009969267898,0.009932998897,0.0050645398469999995,0.142786841435,0.025406894168000002,0.029980139451000004,0.25057900611800005,5.757384212632,0.013331640274000002,0.008445700842,0.004210285417,0.003420161023,0.060522859283000004,0.027907480568,0.032930827600000004,0.352568554272,2.337503333176,0.016557902327999998,0.001523567056,0.005722713480000001,0.001644378824,0.082263982152,0.0,0.0,0.0,0.0,0.0,0.0,0.0,0.0,0.0,0.95559,9748838.946879534,4.672058,5.474616999999999,6.277176,7.0797349999999994,7.882294,8.684853,9.487411999999999,10.289971,11.09253,11.895088999999999,12.697648,13.500207,14.302765999999998,15.105324999999999,15.907884,16.710442999999998,17.513002,18.315561,19.118119999999998,19.920679,20.723238
SF11C46886612282050980,2,,2019-05-18T02:00:00-0700,0.005701,0.005701,0.003332,0.000737,0.049980817332,0.058977369251,0.5610331347740001,7.81567203138,0.027911695918000003,0.00978727733,0.009249418956999999,0.004868118275,0.132960382679,0.025406894168000002,0.029980139451000004,0.25057900611800005,5.757384212632,0.013331640274000002,0.008445700842,0.004210285417,0.003420161023,0.060522859283000004,0.024573923164,0.0289972298,0.310454128656,2.058287818748,0.014580055643999999,0.001341576488,0.00503913354,0.0014479572519999998,0.072437523396,0.0,0.0,0.0,0.0,0.0,0.0,0.0,0.0,0.0,0.970393,9748838.946879534,4.672058,5.244083799999999,5.8161096,6.3881353999999995,6.9601612,7.5321869999999995,8.104212799999999,8.6762386,9.2482644,9.820290199999999,10.392316,10.9643418,11.536367599999998,12.108393399999999,12.6804192,13.252444999999998,13.824470799999999,14.396496599999999,14.968522399999998,15.540548199999998,16.112574
SF11C46886612282050980,3,,2019-05-18T03:00:00-0700,0.005701,0.005701,0.003008,0.000893,0.047591276184,0.056157710651000003,0.5308449181820001,7.615526397144,0.026493947410000003,0.009656823913999999,0.008759419176999999,0.004727320510999999,0.125916637907,0.025406894168000002,0.029980139451000004,0.25057900611800005,5.757384212632,0.013331640274000002,0.008445700842,0.004210285417,0.003420161023,0.060522859283000004,0.022184382016,0.0261775712,0.280265912064,1.8581421845119999,0.013162307136,0.0012111230719999999,0.00454913376,0.0013071594879999998,0.06539377862399999,0.0,0.0,0.0,0.0,0.0,0.0,0.0,0.0,0.0,0.977795,9748838.946879534,4.672058,5.11230725,5.5525565,5.9928057500000005,6.4330549999999995,6.87330425,7.3135535,7.75380275,8.194052,8.63430125,9.0745505,9.51479975,9.955049,10.39529825,10.8355475,11.275796750000001,11.716046,12.15629525,12.5965445,13.036793750000001,13.477043
SF11C46886612282050980,4,,2019-05-18T04:00:00-0700,0.005701,0.005701,0.002775,0.001023,0.045872871593000006,0.05412999320100001,0.5091354908180001,7.471594505857,0.025474393699,0.009563010192,0.008407042792,0.0046260677980000005,0.12085122885800001,0.025406894168000002,0.029980139451000004,0.25057900611800005,5.757384212632,0.013331640274000002,0.008445700842,0.004210285417,0.003420161023,0.060522859283000004,0.020465977425,0.024149853750000002,0.25855648470000003,1.714210293225,0.012142753425,0.00111730935,0.004196757375,0.001205906775,0.060328369575000006,0.0,0.0,0.0,0.0,0.0,0.0,0.0,0.0,0.0,0.982236,9748838.946879534,4.672058,5.02533045,5.3786029,5.73187535,6.0851478,6.43842025,6.7916927000000005,7.144965150000001,7.4982376,7.85151005,8.2047825,8.55805495,8.911327400000001,9.26459985,9.617872300000002,9.97114475,10.324417200000001,10.677689650000001,11.0309621,11.384234550000002,11.737507
SF11C46886612282050980,5,,2019-05-18T05:00:00-0700,0.005701,0.005701,0.002608,0.001133,0.044641225384000005,0.05267665065100001,0.49357551498200003,7.368433021544,0.02474364061,0.009495770314,0.008154481177,0.004553496111,0.117220656707,0.025406894168000002,0.029980139451000004,0.25057900611800005,5.757384212632,0.013331640274000002,0.008445700842,0.004210285417,0.003420161023,0.060522859283000004,0.019234331216,0.022696511200000002,0.242996508864,1.611048808912,0.011412000335999999,0.0010500694720000001,0.003944195760000001,0.001133335088,0.056697797424,0.0,0.0,0.0,0.0,0.0,0.0,0.0,0.0,0.0,0.985197,9748838.946879534,4.672058,4.962896199999999,5.2537344,5.5445726,5.8354108,6.126249,6.4170872,6.707925400000001,6.9987636,7.2896018,7.58044,7.871278200000001,8.1621164,8.4529546,8.743792800000001,9.034631000000001,9.3254692,9.6163074,9.9071456,10.197983800000001,10.488822
SF11C46886612282050980,6,,2019-05-18T06:00:00-0700,0.005701,0.005701,0.002489,0.001226,0.043763585271,0.051641035301000004,0.48248786753000006,7.294922742303,0.024222924337,0.009447856868,0.007974512122,0.004501783352,0.1146336023,0.025406894168000002,0.029980139451000004,0.25057900611800005,5.757384212632,0.013331640274000002,0.008445700842,0.004210285417,0.003420161023,0.060522859283000004,0.018356691103,0.02166089585,0.23190886141199998,1.5375385296709998,0.010891284062999999,0.001002156026,0.003764226705,0.001081622329,0.054110743016999995,0.0,0.0,0.0,0.0,0.0,0.0,0.0,0.0,0.0,0.987311,9748838.946879534,4.672058,4.91551695,5.1589759,5.40243485,5.6458938,5.8893527500000005,6.1328116999999995,6.37627065,6.6197296,6.86318855,7.1066475,7.35010645,7.5935654,7.83702435,8.080483300000001,8.32394225,8.5674012,8.81086015,9.0543191,9.297778050000002,9.541237
SF11C46886612282050980,7,,2019-05-18T07:00:00-0700,0.005701,0.005701,0.002403,0.001308,0.043129324349000006,0.050892607401,0.47447494584200006,7.241797666549,0.023846608375,0.009413230344,0.007844450452,0.004464411106,0.112763966342,0.025406894168000002,0.029980139451000004,0.25057900611800005,5.757384212632,0.013331640274000002,0.008445700842,0.004210285417,0.003420161023,0.060522859283000004,0.017722430181,0.020912467950000003,0.22389593972400001,1.484413453917,0.010514968101,0.000967529502,0.0036341650350000003,0.001044250083,0.052241107059,0.0,0.0,0.0,0.0,0.0,0.0,0.0,0.0,0.0,0.988897,9748838.946879534,4.672058,4.8780887,5.0841194,5.2901501,5.496180799999999,5.7022115,5.9082422,6.1142729,6.3203036,6.526334299999999,6.732365,6.938395699999999,7.1444263999999995,7.3504571,7.556487799999999,7.7625185,7.9685492,8.1745799,8.380610599999999,8.5866413,8.792672
SF11C46886612282050980,8,,2019-05-18T08:00:00-0700,0.005701,0.005701,0.00219,0.001368,0.041558422298000004,0.049038942951,0.45462898863800005,7.110220444042,0.022914570004000004,0.009327469302,0.007522320967,0.004371849613,0.108133356353,0.025406894168000002,0.029980139451000004,0.25057900611800005,5.757384212632,0.013331640274000002,0.008445700842,0.004210285417,0.003420161023,0.060522859283000004,0.016151528130000002,0.019058803500000002,0.20404998252,1.35283623141,0.00958292973,0.00088176846,0.0033120355500000005,0.00095168859,0.04761049707,0.0,0.0,0.0,0.0,0.0,0.0,0.0,0.0,0.0,0.990131,9748838.946879534,4.672058,4.84648975,5.0209215,5.19535325,5.369785,5.54421675,5.7186485000000005,5.89308025,6.067512,6.24194375,6.4163755,6.59080725,6.765239,6.93967075,7.1141024999999996,7.28853425,7.462966,7.63739775,7.8118295,7.98626125,8.160693
SF11C46886612282050980,9,,2019-05-18T09:00:00-0700,0.005701,0.005701,0.002861,0.001472,0.046507132515,0.054878421101000004,0.517148412506,7.524719581611,0.025850709661,0.009597636716,0.008537104462000001,0.004663440043999999,0.122720864816,0.025406894168000002,0.029980139451000004,0.25057900611800005,5.757384212632,0.013331640274000002,0.008445700842,0.004210285417,0.003420161023,0.060522859283000004,0.021100238347,0.02489828165,0.266569406388,1.767335368979,0.012519069386999999,0.001151935874,0.004326819045,0.0012432790209999998,0.062198005533,0.0,0.0,0.0,0.0,0.0,0.0,0.0,0.0,0.0,0.991118,9748838.946879534,4.672058,4.82626495,4.9804718999999995,5.13467885,5.2888858,5.44309275,5.5972997,5.75150665,5.9057136,6.05992055,6.2141275,6.36833445,6.5225414,6.67674835,6.830955299999999,6.98516225,7.1393692,7.29357615,7.4477831000000005,7.6019900499999995,7.756197
SF11C46886612282050980,10,,2019-05-18T10:00:00-0700,0.020004,0.019993,0.012272,0.002229,0.179607722568,0.211937129543,2.02218797555,27.771560171784,0.100452523306,0.034559594353999995,0.033324668221,0.017327193131,0.479042049935,0.08910016402399999,0.105138208743,0.878762685374,20.190735408376,0.046753110682000006,0.029618469906,0.014765170381,0.011994260539,0.212249346719,0.090507558544,0.1067989208,1.143425290176,7.580824763408,0.053699412624,0.004941124448,0.01855949784,0.005332932592,0.266792703216,0.0,0.0,0.0,0.0,0.0,0.0,0.0,0.0,0.0,0.947989,34207292.456302084,16.369583,17.95691335,19.5442437,21.131574049999998,22.7189044,24.30623475,25.8935651,27.48089545,29.0682258,30.655556150000002,32.2428865,33.83021685,35.4175472,37.00487755,38.592207900000005,40.17953825,41.7668686,43.354198950000004,44.9415293,46.52885965,48.11619
SF11C46886612282050980,11,,2019-05-18T11:00:00-0700,0.040008,0.039993,0.029027,0.0041,0.392309335453,0.462925050293,4.4623804620900005,58.319488582229,0.220537979391,0.070934567024,0.073434348696,0.036606722686,1.05561862245,0.178231524024,0.210313228743,1.757833045374,40.388540048376,0.09352259068200001,0.059247309905999995,0.029535510381,0.023992720539,0.424573006719,0.214077811429,0.25261182155,2.704547416716,17.930948533852998,0.127015388709,0.011687257118,0.043898838315,0.012614002147,0.631045615731,0.0,0.0,0.0,0.0,0.0,0.0,0.0,0.0,0.0,0.840172,68414584.91260417,32.672175,38.276118950000004,43.8800629,49.48400685,55.0879508,60.69189475,66.29583869999999,71.89978264999999,77.5037266,83.10767055,88.7116145,94.31555845,99.9195024,105.52344635,111.1273903,116.73133425,122.3352782,127.93922215,133.5431661,139.14711005,144.751054
SF11C46886612282050980,12,,2019-05-18T12:00:00-0700,0.070014,0.069992,0.05799,0.007857,0.739607722186,0.872737173492,8.479526360776,106.50659924575399,0.41742520053800003,0.127037834124,0.139391168414,0.06719000300599999,2.0037477550059997,0.31192410745599997,0.368070499992,3.076394631856,70.684237118144,0.16367447220800002,0.10368908846399999,0.051690281863999994,0.041989810615999996,0.7430478805359999,0.42768361473,0.5046666735,5.40313172892,35.82236212761,0.25375072833,0.02334874566,0.08770088655000001,0.025200192389999997,1.26069987447,0.0,0.0,0.0,0.0,0.0,0.0,0.0,0.0,0.0,0.679171,119725523.59705731,57.001055,69.699863,82.39867100000001,95.09747899999999,107.796287,120.49509499999999,133.193903,145.892711,158.591519,171.290327,183.989135,196.68794300000002,209.386751,222.085559,234.784367,247.48317500000002,260.181983,272.880791,285.579599,298.278407,310.977215
SF11C46886612282050980,13,,2019-05-18T13:00:00-0700,0.10002,0.099998,0.092112,0.01372,1.124985585088,1.3274830792980001,12.977662061859998,157.887665952704,0.636903372956,0.185228660124,0.213155345606,0.100019382986,3.06410761837,0.445647886864,0.525864582498,4.395263892964,100.987003419536,0.23384272305200002,0.148141237116,0.073850222966,0.059991100154,1.061597067634,0.679337698224,0.8016184968,8.582398168895999,56.900662533167996,0.403060649904,0.037087423008,0.13930512264,0.040028282831999995,2.002510550736,0.0,0.0,0.0,0.0,0.0,0.0,0.0,0.0,0.0,0.668988,171036462.2815104,81.180742,96.9378247,112.6949074,128.4519901,144.2090728,159.9661555,175.72323820000003,191.4803209,207.2374036,222.9944863,238.75156900000002,254.50865170000003,270.26573440000004,286.0228171,301.7798998,317.5369825,333.29406520000003,349.05114790000005,364.80823060000006,380.5653133,396.322396
SF11C46886612282050980,14,,2019-05-18T14:00:00-0700,0.130026,0.130003,0.130012,0.021801,1.538222221228,1.8151023380529998,17.82776332265,211.60151970196398,0.872910854626,0.244939155934,0.29263242369099995,0.134489934501,4.206590407985,0.579367209704,0.6836534062530001,5.7140892005540005,131.288759830696,0.304008635422,0.192591904326,0.096009425551,0.07799178976900001,1.380135638549,0.9588550115239999,1.1314489317999998,12.113674122095999,80.31275987126799,0.568902219204,0.052347251607999995,0.19662299813999998,0.05649814473199999,2.826454769436,0.0,0.0,0.0,0.0,0.0,0.0,0.0,0.0,0.0,0.703836,222347400.96596357,105.212152,121.8280927,138.4440334,155.0599741,171.6759148,188.2918555,204.9077962,221.52373690000002,238.1396776,254.7556183,271.371559,287.9874997,304.6034404,321.21938109999996,337.8353218,354.4512625,371.0672032,387.6831439,404.2990846,420.91502529999997,437.530966
SF11C46886612282050980,15,,2019-05-18T15:00:00-0700,0.160032,0.16001,0.170182,0.032104,1.968209308794,2.3224871298100003,22.889456353636,266.719648138218,1.118856004334,0.305566593808,0.37554400196000004,0.16994813933199998,5.3984441232760005,0.71309544568,0.8414527475100001,7.033002415180001,161.59253602232002,0.37417922474000004,0.23704553442,0.11817010517000001,0.09599367923,1.69869544183,1.255113863114,1.4810343823,15.856453938456,105.127112115898,0.7446767795939999,0.068521059388,0.25737389679,0.07395446010199999,3.699748681446,0.0,0.0,0.0,0.0,0.0,0.0,0.0,0.0,0.0,0.736568,273658339.6504167,129.096194,145.8919497,162.6877054,179.4834611,196.2792168,213.0749725,229.8707282,246.6664839,263.4622396,280.2579953,297.05375100000003,313.8495067,330.6452624,347.4410181,364.23677380000004,381.0325295,397.8282852,414.62404089999995,431.41979660000004,448.2155523,465.011308
SF11C46886612282050980,16,,2019-05-18T16:00:00-0700,0.170034,0.170027,0.189019,0.042975,2.151776017749,2.539095856627,25.084848113638,288.471963382605,1.224706821371,0.32799061498,0.411429769514,0.18414339357999998,5.914301923048,0.757736887336,0.8941296562770001,7.473284804986001,171.708606476264,0.39760371879800005,0.251885138934,0.125567829959,0.10200310792100001,1.805037746941,1.394039130413,1.64496620035,17.611563308652,116.76335690634099,0.8271031025729999,0.076105476046,0.285861939555,0.08214028565899999,4.109264176107,0.0,0.0,0.0,0.0,0.0,0.0,0.0,0.0,0.0,0.783801,290761985.8785677,137.02495,151.69762375,166.3702975,181.04297125,195.715645,210.38831875,225.0609925,239.73366625,254.40634,269.07901375,283.7516875,298.42436125,313.097035,327.76970875,342.4423825,357.11505625,371.78773,386.46040375,401.1330775,415.80575125,430.478425
SF11C46886612282050980,17,,2019-05-18T17:00:00-0700,0.120024,0.120061,0.137792,0.049477,1.551293510232,1.830526452611,18.115667338934,206.36715717084,0.8837052133779999,0.23334315208999998,0.297056131777,0.13190638461499998,4.270181150939,0.535060010648,0.631370903811,5.277103324598,121.248431144152,0.280759526914,0.17786340796199998,0.088667089537,0.072027355303,1.274589547163,1.0162334995839999,1.1991555488,12.838564014335999,85.118726026688,0.6029456864639999,0.055479744128,0.20838904224000002,0.059879029311999996,2.995591603776,0.0,0.0,0.0,0.0,0.0,0.0,0.0,0.0,0.0,0.868512,205243754.73781252,97.218101,105.367198,113.51629500000001,121.66539200000001,129.814489,137.96358600000002,146.112683,154.26178000000002,162.41087700000003,170.559974,178.709071,186.85816800000003,195.00726500000002,203.156362,211.30545900000004,219.45455600000003,227.603653,235.75275000000005,243.90184700000003,252.05094400000002,260.200041
SF11C46886612282050980,18,,2019-05-18T18:00:00-0700,0.070014,0.070051,0.081447,0.051627,0.912869013737,1.077185500851,10.667690595494001,121.056356048065,0.520205537023,0.13656982494,0.17490981758200003,0.07741889584,2.514328187324,0.312187044968,0.36838076630100003,3.0789878894180003,70.743820641832,0.163812442174,0.103776493542,0.051733854367,0.042025206073,0.743674235333,0.600681968769,0.70880473455,7.588702706076,50.312535406233,0.356393094849,0.032793331398,0.12317596321500002,0.035393689767,1.770653951991,0.0,0.0,0.0,0.0,0.0,0.0,0.0,0.0,0.0,0.929029,119725523.59705731,57.001055,60.6653375,64.32962,67.9939025,71.658185,75.3224675,78.98675,82.6510325,86.315315,89.97959750000001,93.64388,97.30816250000001,100.972445,104.6367275,108.30101,111.9652925,115.629575,119.2938575,122.95814000000001,126.6224225,130.286705
SF11C46886612282050980,19,,2019-05-18T19:00:00-0700,0.040008,0.040031,0.04621,0.051215,0.519205492278,0.612662517781,6.065051083738,68.97237809338199,0.295815645764,0.077909321842,0.099449036477,0.044096581423,1.4295796498029998,0.17840087360799997,0.210513061281,1.759503279058,40.426915877191995,0.093611452694,0.059303604701999996,0.029563574026999998,0.024015517612999998,0.4249764216729999,0.34080461867,0.4021494565,4.30554780468,28.54546221619,0.20220419306999998,0.01860571714,0.06988546245,0.02008106381,1.00460322813,0.0,0.0,0.0,0.0,0.0,0.0,0.0,0.0,0.0,0.96491,68414584.91260417,32.672175,34.0874955,35.502816,36.9181365,38.333457,39.7487775,41.164098,42.5794185,43.994739,45.4100595,46.82538,48.2407005,49.656021,51.0713415,52.486662,53.9019825,55.317303,56.7326235,58.147944,59.5632645,60.978585
SF11C46886612282050980,20,,2019-05-18T20:00:00-0700,0.005701,0.005727,0.006951,0.048113,0.076787272713,0.09060898712700001,0.899370851694,10.077506493152999,0.043808397015,0.011282927267999999,0.014741796953999999,0.006456392532,0.211913293344,0.025522764936,0.030116866977000004,0.25172179758600005,5.783641358664,0.013392440598000002,0.008484218334,0.004229486859,0.003435759021,0.060798880041,0.051264507777,0.06049212015,0.647649054108,4.293865134489,0.030415956416999998,0.0027987089339999997,0.010512310095,0.0030206335109999997,0.151114413303,0.0,0.0,0.0,0.0,0.0,0.0,0.0,0.0,0.0,0.997935,9748838.946879534,4.672058,4.9056609,5.1392638,5.372866699999999,5.6064696,5.8400725,6.0736754,6.3072783,6.540881199999999,6.7744841000000005,7.008087,7.2416899,7.4752928,7.708895699999999,7.9424986,8.1761015,8.409704399999999,8.6433073,8.876910200000001,9.110513099999999,9.344116
SF11C46886612282050980,21,,2019-05-18T21:00:00-0700,0.005701,0.005701,0.006098,0.045207,0.070380418614,0.083048899151,0.8187510579020001,9.524322723654,0.040015067439999996,0.010900962973999999,0.013432565227000001,0.006070114001,0.193093092677,0.025406894168000002,0.029980139451000004,0.25057900611800005,5.757384212632,0.013331640274000002,0.008445700842,0.004210285417,0.003420161023,0.060522859283000004,0.044973524446,0.0530687597,0.568172051784,3.766938511022,0.026683427165999998,0.002455262132,0.009222279810000001,0.0026499529779999997,0.132570233394,0.0,0.0,0.0,0.0,0.0,0.0,0.0,0.0,0.0,0.999488,9748838.946879534,4.672058,4.9056609,5.1392638,5.372866699999999,5.6064696,5.8400725,6.0736754,6.3072783,6.540881199999999,6.7744841000000005,7.008087,7.2416899,7.4752928,7.708895699999999,7.9424986,8.1761015,8.409704399999999,8.6433073,8.876910200000001,9.110513099999999,9.344116
SF11C46886612282050980,22,,2019-05-18T22:00:00-0700,0.005701,0.005701,0.005732,0.042477,0.067681122132,0.079863729251,0.7846495539740002,9.29823228498,0.038413536718000005,0.01075359893,0.012879046957,0.005911064675,0.185136269879,0.025406894168000002,0.029980139451000004,0.25057900611800005,5.757384212632,0.013331640274000002,0.008445700842,0.004210285417,0.003420161023,0.060522859283000004,0.042274227964,0.0498835898,0.534070547856,3.540848072348,0.025081896444,0.002307898088,0.00866876154,0.002490903652,0.12461341059600001,0.0,0.0,0.0,0.0,0.0,0.0,0.0,0.0,0.0,0.999491,9748838.946879534,4.672058,4.9056609,5.1392638,5.372866699999999,5.6064696,5.8400725,6.0736754,6.3072783,6.540881199999999,6.7744841000000005,7.008087,7.2416899,7.4752928,7.708895699999999,7.9424986,8.1761015,8.409704399999999,8.6433073,8.876910200000001,9.110513099999999,9.344116
SF11C46886612282050980,23,,2019-05-18T23:00:00-0700,0.005701,0.005701,0.005287,0.039905,0.064399190617,0.07599105000100001,0.743187342914,9.023340904625,0.036466320403000005,0.0105744268,0.012206053432,0.00571768503,0.17546199079400002,0.025406894168000002,0.029980139451000004,0.25057900611800005,5.757384212632,0.013331640274000002,0.008445700842,0.004210285417,0.003420161023,0.060522859283000004,0.038992296449,0.04601091055,0.49260833679599997,3.265956691993,0.023134680129,0.002128725958,0.007995768015,0.002297524007,0.114939131511,0.0,0.0,0.0,0.0,0.0,0.0,0.0,0.0,0.0,0.999494,9748838.946879534,4.672058,4.9056609,5.1392638,5.372866699999999,5.6064696,5.8400725,6.0736754,6.3072783,6.540881199999999,6.7744841000000005,7.008087,7.2416899,7.4752928,7.708895699999999,7.9424986,8.1761015,8.409704399999999,8.6433073,8.876910200000001,9.110513099999999,9.344116
SF11C46886712282050980,0,,2019-05-18T00:00:00-0700,0.005701,0.0057,0.004749,0.000329,0.050222815896,0.059262920819999995,0.56728399527,7.671297641316,0.028134326838000004,0.009480273021000001,0.009344392539,0.004795138149,0.13432561271100002,0.024254315100000003,0.0286200933,0.2392115352,5.4962015787,0.012726851700000002,0.008062558800000001,0.004019286600000001,0.0032650056,0.05777724630000001,0.025968500796,0.03064282752,0.32807246007,2.175096062616,0.015407475138,0.0014177142209999998,0.005325105938999999,0.001530132549,0.076548366411,0.0,0.0,0.0,0.0,0.0,0.0,0.0,0.0,0.0,0.91765,9461140.627597043,8.659062,9.5842654,10.5094688,11.4346722,12.359875599999999,13.285079,14.210282399999999,15.135485799999998,16.0606892,16.9858926,17.911096,18.836299399999998,19.761502799999995,20.686706199999996,21.611909599999997,22.537112999999998,23.4623164,24.387519799999996,25.312723199999994,26.237926599999994,27.163129999999995
SF11C46886712282050980,1,,2019-05-18T01:00:00-0700,0.005701,0.005701,0.003953,0.000579,0.045874380655000005,0.054131767809,0.512336347926,7.307684825543001,0.025554047467000005,0.009244058421000002,0.008452534121,0.004539238961,0.12150515322600001,0.024258570243000002,0.028625114369,0.239253502136,5.497165824591001,0.012729084481000002,0.008063973284000001,0.004019991738,0.003265578408,0.057787382659000006,0.021615810412,0.025506653440000002,0.27308284579000003,1.810519000952,0.012824962986000001,0.0011800851369999999,0.004432542383,0.001273660553,0.06371777056700001,0.0,0.0,0.0,0.0,0.0,0.0,0.0,0.0,0.0,0.91765,9461140.627597043,8.659062,9.6666785,10.674295,11.6819115,12.689528,13.6971445,14.704761,15.712377499999999,16.719994,17.727610499999997,18.735227000000002,19.7428435,20.750459999999997,21.7580765,22.765693,23.7733095,24.780926,25.7885425,26.796158999999996,27.8037755,28.811391999999998
SF11C46886712282050980,2,,2019-05-18T02:00:00-0700,0.005701,0.005701,0.003401,0.000774,0.042855932047,0.050569998849,0.474202846566,7.054862541575001,0.023763159643000003,0.009079270413000001,0.007833570449,0.004361384009,0.11260755409800001,0.024258570243000002,0.028625114369,0.239253502136,5.497165824591001,0.012729084481000002,0.008063973284000001,0.004019991738,0.003265578408,0.057787382659000006,0.018597361804,0.02194488448,0.23494934443,1.5576967169840001,0.011034075162000001,0.001015297129,0.003813578711,0.001095805601,0.054820171439000004,0.0,0.0,0.0,0.0,0.0,0.0,0.0,0.0,0.0,0.9451,9461140.627597043,8.659062,9.34666915,10.0342763,10.72188345,11.4094906,12.09709775,12.784704900000001,13.47231205,14.159919200000001,14.847526349999999,15.5351335,16.22274065,16.9103478,17.597954950000002,18.2855621,18.973169249999998,19.6607764,20.34838355,21.0359907,21.723597849999997,22.411205
SF11C46886712282050980,3,,2019-05-18T03:00:00-0700,0.005701,0.005701,0.003021,0.00093,0.040778014527,0.048118056448999996,0.44795152316599995,6.880818215655001,0.022530302083,0.008965829393,0.007407472268999999,0.0042389476289999995,0.106482395278,0.024258570243000002,0.028625114369,0.239253502136,5.497165824591001,0.012729084481000002,0.008063973284000001,0.004019991738,0.003265578408,0.057787382659000006,0.016519444284,0.01949294208,0.20869802102999999,1.383652391064,0.009801217602,0.0009018561089999999,0.0033874805309999996,0.000973369221,0.048695012619,0.0,0.0,0.0,0.0,0.0,0.0,0.0,0.0,0.0,0.958825,9461140.627597043,8.659062,9.163904,9.668746,10.173588,10.67843,11.183272,11.688113999999999,12.192955999999999,12.697797999999999,13.202639999999999,13.707481999999999,14.212323999999999,14.717165999999999,15.222007999999999,15.726849999999999,16.231692,16.736534,17.241376,17.746218,18.25106,18.755902
SF11C46886712282050980,4,,2019-05-18T04:00:00-0700,0.005701,0.005701,0.00276,0.001056,0.039350813283000004,0.046433959169000005,0.429921008936,6.7612772444310005,0.021683523601000003,0.008887913324000001,0.007114810098,0.004154853168,0.102275378299,0.024258570243000002,0.028625114369,0.239253502136,5.497165824591001,0.012729084481000002,0.008063973284000001,0.004019991738,0.003265578408,0.057787382659000006,0.01509224304,0.0178088448,0.1906675068,1.26411141984,0.00895443912,0.00082394004,0.00309481836,0.00088927476,0.04448799564,0.0,0.0,0.0,0.0,0.0,0.0,0.0,0.0,0.0,0.96706,9461140.627597043,8.659062,9.04333705,9.427612100000001,9.81188715,10.1961622,10.580437250000001,10.9647123,11.348987350000002,11.733262400000001,12.11753745,12.5018125,12.886087550000001,13.2703626,13.654637650000002,14.038912700000001,14.42318775,14.8074628,15.19173785,15.5760129,15.960287950000001,16.344563
SF11C46886712282050980,5,,2019-05-18T05:00:00-0700,0.005701,0.005701,0.00258,0.001162,0.038366536563,0.045272512769,0.417486171536,6.678835195311001,0.021099538441,0.008834178104000001,0.006912974117999999,0.004096856988,0.09937398727900001,0.024258570243000002,0.028625114369,0.239253502136,5.497165824591001,0.012729084481000002,0.008063973284000001,0.004019991738,0.003265578408,0.057787382659000006,0.01410796632,0.0166473984,0.1782326694,1.18166937072,0.00837045396,0.0007702048199999999,0.0028929823799999995,0.00083127858,0.04158660462,0.0,0.0,0.0,0.0,0.0,0.0,0.0,0.0,0.0,0.97255,9461140.627597043,8.659062,8.9567789,9.2544958,9.5522127,9.849929600000001,10.1476465,10.445363400000002,10.7430803,11.0407972,11.338514100000001,11.636231,11.9339479,12.2316648,12.5293817,12.8270986,13.1248155,13.422532400000001,13.7202493,14.0179662,14.315683100000001,14.6134
SF11C46886712282050980,6,,2019-05-18T06:00:00-0700,0.005701,0.005701,0.002457,0.001251,0.037693947471,0.044478857729,0.408989032646,6.622499795079001,0.020700481915000003,0.008797459037,0.006775052865000001,0.004057226265,0.09739137008200001,0.024258570243000002,0.028625114369,0.239253502136,5.497165824591001,0.012729084481000002,0.008063973284000001,0.004019991738,0.003265578408,0.057787382659000006,0.013435377228000001,0.015853743360000002,0.16973553051,1.125333970488,0.007971397434,0.000733485753,0.002755061127,0.0007916478570000001,0.039603987423,0.0,0.0,0.0,0.0,0.0,0.0,0.0,0.0,0.0,0.976471,9461140.627597043,8.659062,8.8910667,9.1230714,9.3550761,9.5870808,9.8190855,10.0510902,10.2830949,10.515099600000001,10.7471043,10.979109000000001,11.2111137,11.4431184,11.6751231,11.9071278,12.1391325,12.3711372,12.6031419,12.8351466,13.067151299999999,13.299156
SF11C46886712282050980,7,,2019-05-18T07:00:00-0700,0.005701,0.005701,0.002372,0.001329,0.037229150131000005,0.043930396929,0.403117026096,6.5835688274390005,0.020424711145000003,0.008772084072000001,0.00667974143,0.00402983918,0.09602126876700001,0.024258570243000002,0.028625114369,0.239253502136,5.497165824591001,0.012729084481000002,0.008063973284000001,0.004019991738,0.003265578408,0.057787382659000006,0.012970579888,0.015305282560000001,0.16386352396,1.086403002848,0.0076956266640000005,0.000708110788,0.0026597496919999997,0.0007642607720000001,0.038233886108,0.0,0.0,0.0,0.0,0.0,0.0,0.0,0.0,0.0,0.979412,9461140.627597043,8.659062,8.83912965,9.0191973,9.19926495,9.3793326,9.55940025,9.739467900000001,9.91953555,10.0996032,10.27967085,10.4597385,10.63980615,10.8198738,10.99994145,11.1800091,11.360076750000001,11.540144399999999,11.72021205,11.9002797,12.08034735,12.260415
SF11C46886712282050980,8,,2019-05-18T08:00:00-0700,0.005701,0.005701,0.002186,0.001388,0.036212064187,0.042730235649,0.39026769411600004,6.498378710015,0.019821259813,0.008716557678000001,0.006471177584,0.003969909794,0.09302316471300001,0.024258570243000002,0.028625114369,0.239253502136,5.497165824591001,0.012729084481000002,0.008063973284000001,0.004019991738,0.003265578408,0.057787382659000006,0.011953493944,0.01410512128,0.15101419198000002,1.001212885424,0.0070921753320000004,0.0006525843939999999,0.002451185846,0.0007043313860000001,0.035235782054000006,0.0,0.0,0.0,0.0,0.0,0.0,0.0,0.0,0.0,0.9817,9461140.627597043,8.659062,8.7958011,8.9325402,9.0692793,9.2060184,9.342757500000001,9.479496600000001,9.6162357,9.7529748,9.8897139,10.026453,10.1631921,10.2999312,10.4366703,10.5734094,10.710148499999999,10.846887599999999,10.983626699999999,11.1203658,11.2571049,11.393844
SF11C46886712282050980,9,,2019-05-18T09:00:00-0700,0.005701,0.005701,0.002869,0.00149,0.039946847519,0.047137279489,0.437450993806,6.811200485287001,0.022037159059,0.008920452985,0.007237032997,0.004189973077,0.10403233175000001,0.024258570243000002,0.028625114369,0.239253502136,5.497165824591001,0.012729084481000002,0.008063973284000001,0.004019991738,0.003265578408,0.057787382659000006,0.015688277276,0.01851216512,0.19819749167,1.314034660696,0.009308074578,0.000856479701,0.0032170412589999997,0.0009243946690000001,0.04624494909100001,0.0,0.0,0.0,0.0,0.0,0.0,0.0,0.0,0.0,0.98353,9461140.627597043,8.659062,8.76611755,8.8731731,8.98022865,9.087284200000001,9.194339750000001,9.3013953,9.40845085,9.5155064,9.62256195,9.7296175,9.83667305,9.9437286,10.05078415,10.1578397,10.264895249999999,10.371950799999999,10.479006349999999,10.586061899999999,10.693117449999999,10.800173
SF11C46886712282050980,10,,2019-05-18T10:00:00-0700,0.020004,0.020001,0.012398,0.002246,0.152901908335,0.18042424810899998,1.6958646540759998,24.964307204723003,0.08488145285700001,0.031992257026000004,0.028005478916,0.015451380806,0.402578682281,0.08510711514300001,0.100426401069,0.839380686936,19.285882065891002,0.044657852781000006,0.028291094484000003,0.014103465138000001,0.011456732808000001,0.20273731635900002,0.06779479319199999,0.07999784704,0.85648396714,5.678425138832,0.040223600076,0.0037011625419999996,0.013902013777999999,0.003994647998,0.199841365922,0.0,0.0,0.0,0.0,0.0,0.0,0.0,0.0,0.0,0.903555,33197799.879749388,30.301001,32.12903115,33.9570613,35.785091449999996,37.6131216,39.44115175,41.2691819,43.097212049999996,44.9252422,46.75327235,48.5813025,50.409332649999996,52.2373628,54.06539295,55.8934231,57.721453249999996,59.5494834,61.37751355,63.2055437,65.03357385,66.861604
SF11C46886712282050980,11,,2019-05-18T11:00:00-0700,0.040008,0.040004,0.029247,0.004114,0.33015130296,0.389578526836,3.699299137954,51.969151571412,0.184208026538,0.06531609559900001,0.061003323368999995,0.032338023879,0.876922589669,0.17022274057200001,0.20086284427599999,1.6788453077439998,38.573692623564,0.089320171124,0.056585017936,0.028208340552,0.022914611231999997,0.405494905436,0.159928562388,0.18871568256000001,2.02045383021,13.395458947848,0.09488785541400001,0.008731077662999999,0.032794982816999996,0.009423412647,0.471427684233,0.0,0.0,0.0,0.0,0.0,0.0,0.0,0.0,0.0,0.703632,66395599.759498775,60.372465,67.38310355,74.3937421,81.40438065000001,88.4150192,95.42565775,102.43629630000001,109.44693484999999,116.4575734,123.46821195000001,130.4788505,137.48948905,144.5001276,151.51076615,158.5214047,165.53204325000002,172.5426818,179.55332035,186.56395890000002,193.57459745,200.585236
SF11C46886712282050980,12,,2019-05-18T12:00:00-0700,0.070014,0.070008,0.058366,0.007868,0.617051245808,0.728120446232,6.970086364868,94.237218775672,0.34567296474000003,0.11644913948600001,0.11481173893,0.058906726029999995,1.650418377946,0.297894051144,0.35151499855199997,2.9380212554879996,67.504926337128,0.156312532248,0.09902519587200001,0.049365301104,0.040101142464,0.709626220872,0.319157194664,0.37660544768000004,4.03206510938,26.732292438544,0.18936043249200002,0.017423943614,0.065446437826,0.018805583566,0.9407921570740001,0.0,0.0,0.0,0.0,0.0,0.0,0.0,0.0,0.0,0.644382,116192299.57912286,105.053077,115.5853566,126.11763619999999,136.6499158,147.1821954,157.714475,168.2467546,178.7790342,189.3113138,199.84359339999997,210.37587299999998,220.9081526,231.44043219999998,241.97271179999998,252.5049914,263.037271,273.56955059999996,284.1018302,294.6341098,305.16638939999996,315.698669
SF11C46886712282050980,13,,2019-05-18T13:00:00-0700,0.10002,0.100014,0.092542,0.013726,0.93161240657,1.0993025991260001,10.590307374163999,138.823378040602,0.5235491071380001,0.16909467349400004,0.174292034494,0.087105944254,2.5054474077640005,0.42557387200200003,0.502177194966,4.1972811371039995,96.438088542474,0.22330935893400003,0.14146820277600003,0.07052367193200001,0.057288819312,1.0137778090260001,0.506038534568,0.59712540416,6.39302623706,42.385289498128,0.300239748204,0.027626470718,0.10376836256199999,0.029817124942000003,1.4916695987380002,0.0,0.0,0.0,0.0,0.0,0.0,0.0,0.0,0.0,0.668988,165988999.3987469,149.226951,160.63541815000002,172.0438853,183.45235245,194.8608196,206.26928675000002,217.67775390000003,229.08622105,240.4946882,251.90315535000002,263.3116225,274.72008965,286.1285568,297.53702395000005,308.9454911,320.35395825,331.7624254,343.17089255,354.57935970000005,365.98782685000003,377.396294
SF11C46886712282050980,14,,2019-05-18T14:00:00-0700,0.130026,0.13002,0.130475,0.021803,1.2667176097600001,1.49472671938,14.47007107297,185.13028607522,0.71361431757,0.22286178095499998,0.237985095485,0.11651567163500001,3.4210349157050004,0.55325369286,0.6528393913799999,5.456541018719999,125.37125074782,0.29030618562,0.18391120968,0.09168204276,0.07447649616,1.3179293971800001,0.7134639169,0.8418873280000001,9.013530054250001,59.75903532740001,0.42330813195000005,0.038950571275,0.146303052725,0.042039175475,2.1031055185250005,0.0,0.0,0.0,0.0,0.0,0.0,0.0,0.0,0.0,0.703836,215785699.218371,192.899835,204.0484349,215.19703479999998,226.3456347,237.4942346,248.6428345,259.79143439999996,270.9400343,282.0886342,293.23723409999997,304.385834,315.53443389999995,326.6830338,337.8316337,348.9802336,360.1288335,371.27743339999995,382.4260333,393.5746332,404.7232331,415.871833
SF11C46886712282050980,15,,2019-05-18T15:00:00-0700,0.160032,0.160026,0.170655,0.032099,1.614109867338,1.904649562194,18.505062991986,232.46634568968602,0.910969609416,0.277299683079,0.304197742293,0.146649384663,4.3728414548790004,0.680933513718,0.8035015877939999,6.715800900335999,154.304412953166,0.35730301230600003,0.226354216584,0.11284041358800001,0.091664173008,1.6220809853340001,0.9331763536200001,1.1011479744000001,11.78926209165,78.16193273652,0.55366659711,0.050945466495,0.191357328705,0.054985211655000005,2.7507604695450003,0.0,0.0,0.0,0.0,0.0,0.0,0.0,0.0,0.0,0.736568,265582399.0379951,236.077411,246.34090160000002,256.6043922,266.8678828,277.13137340000003,287.394864,297.6583546,307.9218452,318.1853358,328.44882640000003,338.712317,348.9758076,359.2392982,369.50278879999996,379.76627940000003,390.02977,400.2932606,410.5567512,420.82024179999996,431.08373240000003,441.347223
SF11C46886712282050980,16,,2019-05-18T16:00:00-0700,0.170034,0.170032,0.189183,0.042963,1.7580017119079998,2.074441928048,20.204943416642,250.600624997784,0.9934223552379999,0.296984155295,0.332029003329,0.15835064163899998,4.772915712025,0.723510474576,0.853742404208,7.135722061951999,163.95265733851198,0.379644218992,0.240507543488,0.119896024416,0.09739568985599999,1.723505393488,1.0344912373319999,1.22069952384,13.069221354689999,86.647967659272,0.613778136246,0.056476611807,0.21213297891299998,0.060954951783,3.0494103185370003,0.0,0.0,0.0,0.0,0.0,0.0,0.0,0.0,0.0,0.783801,282181298.97786975,250.36084,258.2460623,266.1312846,274.01650689999997,281.9017292,289.7869515,297.6721738,305.5573961,313.4426184,321.3278407,329.21306300000003,337.0982853,344.9835076,352.8687299,360.7539522,368.6391745,376.5243968,384.4096191,392.2948414,400.1800637,408.065286
SF11C46886712282050980,17,,2019-05-18T17:00:00-0700,0.120024,0.120034,0.136999,0.049461,1.2599003146580001,1.486682303866,14.501683023394001,178.48939287691002,0.7124839841920001,0.210684346927,0.238259020381,0.112897650271,3.4249725403670004,0.510761834862,0.602698996346,5.037459195824,115.74229128029401,0.268009634554,0.169786172456,0.084640534692,0.068756435472,1.216707716206,0.749138479796,0.8839833075200001,9.46422382757,62.747101596616005,0.44447434963800003,0.040898174471,0.153618485689,0.044141214799,2.208264824161,0.0,0.0,0.0,0.0,0.0,0.0,0.0,0.0,0.0,0.861301,199186799.27849633,178.397521,182.1924334,185.9873458,189.7822582,193.57717060000002,197.372083,201.16699540000002,204.9619078,208.75682020000002,212.5517326,216.34664500000002,220.1415574,223.9364698,227.7313822,231.5262946,235.32120700000002,239.1161194,242.9110318,246.7059442,250.50085660000002,254.295769
SF11C46886712282050980,18,,2019-05-18T18:00:00-0700,0.070014,0.070024,0.080612,0.05161,0.7387649942800001,0.871742653416,8.507565573624,104.44156795839201,0.41788276628800003,0.12311284736400001,0.139767705644,0.066083574404,2.0091602520840004,0.297962133432,0.351595335656,2.9386927264639997,67.52035427138401,0.15634825674400002,0.099047827616,0.049376583312000004,0.040110307392,0.7097884026160001,0.440802860848,0.52014731776,5.568872847160001,36.921213687008006,0.26153450954400004,0.024065019748,0.090391122332,0.025973267012000003,1.2993718494680002,0.0,0.0,0.0,0.0,0.0,0.0,0.0,0.0,0.0,0.919093,116192299.57912286,105.053077,106.4650079,107.8769388,109.2888697,110.70080060000001,112.1127315,113.52466240000001,114.9365933,116.3485242,117.7604551,119.172386,120.5843169,121.9962478,123.40817870000001,124.82010960000001,126.23204050000001,127.6439714,129.0559023,130.4678332,131.87976410000002,133.291695
SF11C46886712282050980,19,,2019-05-18T19:00:00-0700,0.040008,0.040014,0.04569,0.051197,0.420107532762,0.49572686616600004,4.835641203804,59.509875217434,0.23757739871400002,0.07023895278600001,0.079448091522,0.037641703002,1.1420660229360002,0.17026529200200002,0.200913054966,1.679264977104,38.583335082474,0.08934249893400001,0.056599162776,0.028215391932,0.022920339312,0.40559626902600004,0.24984224076,0.29481381120000005,3.1563762267000004,20.926540134960003,0.14823489978,0.01363979001,0.05123269959,0.014721363690000001,0.7364697539100001,0.0,0.0,0.0,0.0,0.0,0.0,0.0,0.0,0.0,0.953767,66395599.759498775,60.372465,60.75635005,61.1402351,61.52412015,61.9080052,62.29189025,62.6757753,63.05966035,63.4435454,63.82743045,64.2113155,64.59520055,64.9790856,65.36297065000001,65.7468557,66.13074075,66.5146258,66.89851085000001,67.2823959,67.66628095,68.050166
SF11C46886712282050980,20,,2019-05-18T20:00:00-0700,0.005701,0.005708,0.006396,0.048096,0.05926298902800001,0.06993032393200001,0.681398492968,8.433356357892,0.033495653300000004,0.009983266156,0.01119683286,0.00533038566,0.16095443141600002,0.024288356244000005,0.028660261852,0.239547270688,5.503915545828001,0.012744713948000001,0.008073874672,0.004024927704000001,0.003269588064,0.05785833717200001,0.034974632784,0.04127006208,0.44185122228,2.929440812064,0.020750939352,0.0019093914839999999,0.0071719051559999995,0.002060797596,0.103096094244,0.0,0.0,0.0,0.0,0.0,0.0,0.0,0.0,0.0,0.995421,9461140.627597043,8.659062,9.092015100000001,9.5249682,9.9579213,10.390874400000001,10.8238275,11.2567806,11.689733700000001,12.1226868,12.555639900000001,12.988593000000002,13.4215461,13.854499200000001,14.287452300000002,14.7204054,15.153358500000001,15.586311600000002,16.0192647,16.4522178,16.8851709,17.318124
SF11C46886712282050980,21,,2019-05-18T21:00:00-0700,0.005701,0.005701,0.006082,0.04519,0.057516186971,0.067869097729,0.659412841396,8.282791062079001,0.032461294165,0.009879626662,0.01083980524,0.00522520489,0.155822161457,0.024258570243000002,0.028625114369,0.239253502136,5.497165824591001,0.012729084481000002,0.008063973284000001,0.004019991738,0.003265578408,0.057787382659000006,0.033257616728,0.03924398336,0.42015933926,2.785625237488,0.019732209684,0.0018156533779999998,0.006819813501999999,0.001959626482,0.098034778798,0.0,0.0,0.0,0.0,0.0,0.0,0.0,0.0,0.0,0.998858,9461140.627597043,8.659062,9.092015100000001,9.5249682,9.9579213,10.390874400000001,10.8238275,11.2567806,11.689733700000001,12.1226868,12.555639900000001,12.988593000000002,13.4215461,13.854499200000001,14.287452300000002,14.7204054,15.153358500000001,15.586311600000002,16.0192647,16.4522178,16.8851709,17.318124
SF11C46886712282050980,22,,2019-05-18T22:00:00-0700,0.005701,0.005701,0.005723,0.042461,0.055553101735,0.065552657409,0.634612249026,8.118364975223,0.031296568207,0.009772454751000002,0.010437254590999999,0.005109534731,0.15003549825600002,0.024258570243000002,0.028625114369,0.239253502136,5.497165824591001,0.012729084481000002,0.008063973284000001,0.004019991738,0.003265578408,0.057787382659000006,0.031294531492,0.036927543040000003,0.39535874689,2.621199150632,0.018567483726,0.0017084814669999998,0.006417262853,0.0018439563230000001,0.09224811559700001,0.0,0.0,0.0,0.0,0.0,0.0,0.0,0.0,0.0,0.998858,9461140.627597043,8.659062,9.092015100000001,9.5249682,9.9579213,10.390874400000001,10.8238275,11.2567806,11.689733700000001,12.1226868,12.555639900000001,12.988593000000002,13.4215461,13.854499200000001,14.287452300000002,14.7204054,15.153358500000001,15.586311600000002,16.0192647,16.4522178,16.8851709,17.318124
SF11C46886712282050980,23,,2019-05-18T23:00:00-0700,0.005701,0.005701,0.005278,0.03989,0.053119750955,0.062681303809,0.603870567676,7.914549909343,0.029852827117000002,0.009639609346,0.009938271196,0.004966155286,0.142862614901,0.024258570243000002,0.028625114369,0.239253502136,5.497165824591001,0.012729084481000002,0.008063973284000001,0.004019991738,0.003265578408,0.057787382659000006,0.028861180711999997,0.03405618944,0.36461706554,2.417384084752,0.017123742636,0.0015756360619999998,0.005918279457999999,0.001700576878,0.085075232242,0.0,0.0,0.0,0.0,0.0,0.0,0.0,0.0,0.0,0.998858,9461140.627597043,8.659062,9.092015100000001,9.5249682,9.9579213,10.390874400000001,10.8238275,11.2567806,11.689733700000001,12.1226868,12.555639900000001,12.988593000000002,13.4215461,13.854499200000001,14.287452300000002,14.7204054,15.153358500000001,15.586311600000002,16.0192647,16.4522178,16.8851709,17.318124
SF11C46886812282050980,0,,2019-05-18T00:00:00-0600,0.005701,0.005701,0.004755,0.000329,0.009247479509000001,0.010912022758000002,0.09662017256800001,1.8163472368690001,0.0049864427870000005,0.002531012543,0.0016093387290000002,0.001096912506,0.023134283928,0.007292970044000001,0.008605705108000001,0.07192793782300001,1.6526395672090002,0.003826807652,0.002424310343,0.001208549289,0.000981746406,0.017372902443,0.001954509465,0.00230631765,0.024692234744999996,0.16370766965999997,0.001159635135,0.0001067022,0.00040078944,0.00011516609999999998,0.005761381484999999,0.0,0.0,0.0,0.0,0.0,0.0,0.0,0.0,0.0,0.93669,2503879.132281361,6.658674,6.86191975,7.065165500000001,7.268411250000001,7.471657,7.67490275,7.8781485,8.08139425,8.28464,8.48788575,8.691131500000001,8.894377250000002,9.097623,9.30086875,9.5041145,9.70736025,9.910606000000001,10.11385175,10.317097500000001,10.52034325,10.723589
SF11C46886812282050980,1,,2019-05-18T01:00:00-0600,0.005701,0.005701,0.00417,0.000594,0.009007019354000001,0.010628280208000001,0.09358232665300001,1.7962065456490002,0.004843774742,0.0025178851430000004,0.001560030249,0.001082743806,0.022425470433,0.007292970044000001,0.008605705108000001,0.07192793782300001,1.6526395672090002,0.003826807652,0.002424310343,0.001208549289,0.000981746406,0.017372902443,0.00171404931,0.0020225751,0.02165438883,0.14356697844,0.00101696709,9.357480000000001e-05,0.00035148096,0.0001009974,0.0050525679899999995,0.0,0.0,0.0,0.0,0.0,0.0,0.0,0.0,0.0,0.93669,2503879.132281361,6.658674,6.89979965,7.1409253,7.38205095,7.623176600000001,7.864302250000001,8.1054279,8.34655355,8.5876792,8.828804850000001,9.0699305,9.31105615,9.5521818,9.79330745,10.034433100000001,10.27555875,10.5166844,10.75781005,10.9989357,11.240061350000001,11.481187
SF11C46886812282050980,2,,2019-05-18T02:00:00-0600,0.005701,0.005701,0.003478,0.000794,0.008722577598,0.010292639448000001,0.08998884054500002,1.7723820015050002,0.004675011858000001,0.0025023566630000002,0.0015017029530000003,0.001065983566,0.021587010709,0.007292970044000001,0.008605705108000001,0.07192793782300001,1.6526395672090002,0.003826807652,0.002424310343,0.001208549289,0.000981746406,0.017372902443,0.001429607554,0.0016869343400000001,0.018060902722,0.119742434296,0.0008482042060000001,7.804632000000001e-05,0.00029315366400000005,8.423716e-05,0.004214108266,0.0,0.0,0.0,0.0,0.0,0.0,0.0,0.0,0.0,0.957793,2503879.132281361,6.658674,6.7747715500000005,6.890869100000001,7.006966650000001,7.1230642,7.23916175,7.3552593,7.47135685,7.5874544,7.70355195,7.819649500000001,7.93574705,8.051844599999999,8.16794215,8.2840397,8.40013725,8.5162348,8.63233235,8.7484299,8.86452745,8.980625
SF11C46886812282050980,3,,2019-05-18T03:00:00-0600,0.005701,0.005701,0.003028,0.000948,0.008537608248000001,0.010074375948000001,0.08765203599500002,1.7568891621050002,0.0045652672080000005,0.002492258663,0.0014637733530000001,0.001055084566,0.021041769559,0.007292970044000001,0.008605705108000001,0.07192793782300001,1.6526395672090002,0.003826807652,0.002424310343,0.001208549289,0.000981746406,0.017372902443,0.001244638204,0.00146867084,0.015724098172,0.10424959489599998,0.000738459556,6.794832e-05,0.000255224064,7.333815999999999e-05,0.0036688671159999997,0.0,0.0,0.0,0.0,0.0,0.0,0.0,0.0,0.0,0.968345,2503879.132281361,6.658674,6.7030086,6.7473432,6.7916778,6.8360124,6.880347,6.9246816,6.9690162,7.0133508,7.0576854,7.1020199999999996,7.1463546000000004,7.1906892,7.2350238,7.2793584,7.323693,7.3680276,7.4123622,7.4566968,7.5010314,7.545366
SF11C46886812282050980,4,,2019-05-18T04:00:00-0600,0.005701,0.005701,0.002734,0.001072,0.008416761606,0.009931777128,0.08612532368900001,1.746767173697,0.00449356737,0.002485661303,0.0014389926810000001,0.001047963886,0.020685545341,0.007292970044000001,0.008605705108000001,0.07192793782300001,1.6526395672090002,0.003826807652,0.002424310343,0.001208549289,0.000981746406,0.017372902443,0.001123791562,0.0013260720199999999,0.014197385865999999,0.09412760648799999,0.000666759718,6.135096e-05,0.000230443392,6.621748e-05,0.0033126428979999996,0.0,0.0,0.0,0.0,0.0,0.0,0.0,0.0,0.0,0.974676,2503879.132281361,6.658674,6.9916077,7.3245414,7.6574751,7.990408800000001,8.3233425,8.6562762,8.9892099,9.3221436,9.6550773,9.988011,10.3209447,10.6538784,10.986812100000002,11.3197458,11.652679500000001,11.9856132,12.318546900000001,12.6514806,12.984414300000001,13.317347999999999
SF11C46886812282050980,5,,2019-05-18T05:00:00-0600,0.005701,0.005701,0.002543,0.001174,0.008338252393000001,0.009839136398000001,0.08513347998000001,1.7401913240850002,0.0044469868630000004,0.0024813752630000003,0.001422893673,0.001043337866,0.020454120764,0.007292970044000001,0.008605705108000001,0.07192793782300001,1.6526395672090002,0.003826807652,0.002424310343,0.001208549289,0.000981746406,0.017372902443,0.001045282349,0.00123343129,0.013205542157,0.087551756876,0.000620179211,5.7064920000000005e-05,0.000214344384,6.159146e-05,0.0030812183209999997,0.0,0.0,0.0,0.0,0.0,0.0,0.0,0.0,0.0,0.978897,2503879.132281361,6.658674,6.9916077,7.3245414,7.6574751,7.990408800000001,8.3233425,8.6562762,8.9892099,9.3221436,9.6550773,9.988011,10.3209447,10.6538784,10.986812100000002,11.3197458,11.652679500000001,11.9856132,12.318546900000001,12.6514806,12.984414300000001,13.317347999999999
SF11C46886812282050980,6,,2019-05-18T06:00:00-0600,0.005701,0.005701,0.002418,0.00126,0.008286872018000001,0.009778507648000001,0.08448436760500001,1.7358877575850002,0.004416502238,0.002478570263,0.001412357673,0.001040310366,0.020302664889,0.007292970044000001,0.008605705108000001,0.07192793782300001,1.6526395672090002,0.003826807652,0.002424310343,0.001208549289,0.000981746406,0.017372902443,0.000993901974,0.0011728025400000001,0.012556429781999999,0.083248190376,0.000589694586,5.425992000000001e-05,0.000203808384,5.8563959999999994e-05,0.0029297624459999998,0.0,0.0,0.0,0.0,0.0,0.0,0.0,0.0,0.0,0.981911,2503879.132281361,6.658674,6.9916077,7.3245414,7.6574751,7.990408800000001,8.3233425,8.6562762,8.9892099,9.3221436,9.6550773,9.988011,10.3209447,10.6538784,10.986812100000002,11.3197458,11.652679500000001,11.9856132,12.318546900000001,12.6514806,12.984414300000001,13.317347999999999
SF11C46886812282050980,7,,2019-05-18T07:00:00-0600,0.005701,0.005701,0.002337,0.001334,0.008253577535,0.009739220218000002,0.08406374278600001,1.7330990464930003,0.004396748201,0.002476752623,0.001405530345,0.0010383485460000001,0.020204521482,0.007292970044000001,0.008605705108000001,0.07192793782300001,1.6526395672090002,0.003826807652,0.002424310343,0.001208549289,0.000981746406,0.017372902443,0.000960607491,0.00113351511,0.012135804963,0.08045947928399999,0.0005699405490000001,5.244228e-05,0.000196981056,5.660214e-05,0.002831619039,0.0,0.0,0.0,0.0,0.0,0.0,0.0,0.0,0.0,0.984172,2503879.132281361,6.658674,6.9916077,7.3245414,7.6574751,7.990408800000001,8.3233425,8.6562762,8.9892099,9.3221436,9.6550773,9.988011,10.3209447,10.6538784,10.986812100000002,11.3197458,11.652679500000001,11.9856132,12.318546900000001,12.6514806,12.984414300000001,13.317347999999999
SF11C46886812282050980,8,,2019-05-18T08:00:00-0600,0.005701,0.005701,0.002186,0.001393,0.008191510042000002,0.009665980688000002,0.08327961503700002,1.727900338161,0.004359922774,0.002473364183,0.001392802857,0.0010346913260000001,0.020021562785,0.007292970044000001,0.008605705108000001,0.07192793782300001,1.6526395672090002,0.003826807652,0.002424310343,0.001208549289,0.000981746406,0.017372902443,0.000898539998,0.0010602755800000001,0.011351677214,0.075260770952,0.0005331151220000001,4.9053840000000004e-05,0.000184253568,5.2944919999999997e-05,0.0026486603419999997,0.0,0.0,0.0,0.0,0.0,0.0,0.0,0.0,0.0,0.985931,2503879.132281361,6.658674,6.9916077,7.3245414,7.6574751,7.990408800000001,8.3233425,8.6562762,8.9892099,9.3221436,9.6550773,9.988011,10.3209447,10.6538784,10.986812100000002,11.3197458,11.652679500000001,11.9856132,12.318546900000001,12.6514806,12.984414300000001,13.317347999999999
SF11C46886812282050980,9,,2019-05-18T09:00:00-0600,0.005701,0.005701,0.002869,0.001495,0.008472252411000001,0.009997256178000001,0.08682636505400002,1.7514150255170002,0.004526490765,0.0024886907030000002,0.0014503715610000001,0.001051233586,0.020849117686,0.007292970044000001,0.008605705108000001,0.07192793782300001,1.6526395672090002,0.003826807652,0.002424310343,0.001208549289,0.000981746406,0.017372902443,0.001179282367,0.0013915510700000001,0.014898427231,0.098775458308,0.0006996831130000001,6.438036e-05,0.00024182227200000001,6.948717999999999e-05,0.003476215243,0.0,0.0,0.0,0.0,0.0,0.0,0.0,0.0,0.0,0.987338,2503879.132281361,6.658674,6.9916077,7.3245414,7.6574751,7.990408800000001,8.3233425,8.6562762,8.9892099,9.3221436,9.6550773,9.988011,10.3209447,10.6538784,10.986812100000002,11.3197458,11.652679500000001,11.9856132,12.318546900000001,12.6514806,12.984414300000001,13.317347999999999
SF11C46886812282050980,10,,2019-05-18T10:00:00-0600,0.020004,0.020004,0.012408,0.00225,0.030690218520000003,0.036214450272,0.31681841768400004,6.226066948692001,0.016453750824,0.008784996492,0.005286473460000001,0.003745330584,0.075993165348,0.025589996976000003,0.030196198032000004,0.25238492689200004,5.798877723636001,0.013427725008,0.008506560972,0.004240627956000001,0.0034448088240000003,0.06095904937200001,0.005100221544,0.006018252240000001,0.064433490792,0.427189225056,0.003026025816,0.00027843552000000004,0.001045845504,0.00030052176,0.015034115976,0.0,0.0,0.0,0.0,0.0,0.0,0.0,0.0,0.0,0.925854,8785756.562384905,23.315593,23.48728625,23.6589795,23.83067275,24.002366,24.17405925,24.3457525,24.51744575,24.689139,24.86083225,25.0325255,25.20421875,25.375912,25.54760525,25.7192985,25.89099175,26.062685000000002,26.23437825,26.4060715,26.57776475,26.749458
SF11C46886812282050980,11,,2019-05-18T11:00:00-0600,0.040008,0.040008,0.029264,0.004118,0.06320875630400001,0.07458631398400001,0.6567348501200001,12.605272007720002,0.033992266544,0.017669806104,0.010947859944,0.007598391728000001,0.15737573655200002,0.05117999395200001,0.06039239606400001,0.5047698537840001,11.597755447272002,0.026855450016,0.017013121944,0.008481255912000002,0.006889617648000001,0.12191809874400002,0.012028762351999999,0.01419391792,0.151964996336,1.0075165604479999,0.007136816528,0.0006566841600000001,0.0024666040319999997,0.0007087740799999999,0.035457637807999993,0.0,0.0,0.0,0.0,0.0,0.0,0.0,0.0,0.0,0.772155,17571513.12476981,46.495281,48.155019599999996,49.8147582,51.4744968,53.1342354,54.793974,56.4537126,58.1134512,59.7731898,61.4329284,63.092667000000006,64.7524056,66.4121442,68.0718828,69.7316214,71.39136,73.0510986,74.7108372,76.37057580000001,78.03031440000001,79.690053
SF11C46886812282050980,12,,2019-05-18T12:00:00-0600,0.070014,0.070013,0.058394,0.007871,0.11356615511400002,0.13400802542400003,1.1865687716050002,22.306201844425004,0.061237319814,0.031082899519000003,0.019763899329000002,0.013470961358000001,0.284106540377,0.08956371017200002,0.10568518360400002,0.8833346273990001,20.295782146817004,0.046996366276,0.029772538159000002,0.014841985857000002,0.012056658678000001,0.21335362545900002,0.024002444942,0.028322841820000003,0.303234144206,2.010419697608,0.014240953538000001,0.0013103613600000002,0.004921913472,0.00141430268,0.070752914918,0.0,0.0,0.0,0.0,0.0,0.0,0.0,0.0,0.0,0.644382,30750147.968347173,81.011725,84.2569148,87.5021046,90.7472944,93.9924842,97.237674,100.4828638,103.72805360000001,106.9732434,110.2184332,113.46362300000001,116.7088128,119.95400260000001,123.19919240000002,126.4443822,129.689572,132.93476180000002,136.1799516,139.42514140000003,142.67033120000002,145.915521
SF11C46886812282050980,13,,2019-05-18T13:00:00-0600,0.10002,0.100019,0.092571,0.013728,0.165999367189,0.195879192782,1.742623871066,32.181182368043004,0.08971389155500001,0.044609672856999995,0.029005552239,0.019465941533999997,0.41695557395399996,0.127948705636,0.150979480652,1.261912017737,28.994098732271002,0.067137953788,0.042532379616999995,0.021202927791,0.017223871914,0.304792199517,0.038050661553,0.044899712130000005,0.48071185332899996,3.187083635772,0.022575937767000002,0.0020772932400000004,0.007802624448,0.00224206962,0.11216337443699999,0.0,0.0,0.0,0.0,0.0,0.0,0.0,0.0,0.0,0.668988,43928782.811924525,115.22682,118.1373232,121.0478264,123.9583296,126.8688328,129.779336,132.6898392,135.6003424,138.5108456,141.4213488,144.331852,147.2423552,150.1528584,153.0633616,155.9738648,158.884368,161.7948712,164.70537439999998,167.6158776,170.5263808,173.436884
SF11C46886812282050980,14,,2019-05-18T14:00:00-0600,0.130026,0.130025,0.130502,0.021803,0.219975634686,0.25957116276000003,2.318173113373,42.185407600789,0.119105977554,0.058220685955000004,0.038563622301,0.02555184359,0.554353130369,0.1663337011,0.1962737777,1.640489408075,37.692415317725,0.0872795413,0.055292221075,0.027563869725000002,0.02239108515,0.39623077357500003,0.053641933586,0.06329738506,0.677683705298,4.492992283064,0.031826436254,0.0029284648800000004,0.010999752576000001,0.00316075844,0.158122356794,0.0,0.0,0.0,0.0,0.0,0.0,0.0,0.0,0.0,0.703836,57107417.65550189,149.143197,151.1956123,153.2480276,155.30044289999998,157.3528582,159.4052735,161.4576888,163.5101041,165.56251939999999,167.6149347,169.66735,171.7197653,173.7721806,175.8245959,177.8770112,179.9294265,181.9818418,184.0342571,186.0866724,188.1390877,190.191503
SF11C46886812282050980,15,,2019-05-18T15:00:00-0600,0.160032,0.160031,0.170679,0.032097,0.274875104761,0.32435251011800004,2.9053856068340003,52.26695931640701,0.149045811295,0.071882099293,0.04831100321100001,0.031692143766,0.694472045946,0.20471869656400002,0.24156807474800002,2.019066798413,46.39073190317901,0.107421128812,0.068052062533,0.033924811659000007,0.027558298386,0.487669347633,0.070156408197,0.08278443537,0.886318808421,5.8762274132279995,0.041624682483000004,0.00383003676,0.014386191552,0.00413384538,0.206802698313,0.0,0.0,0.0,0.0,0.0,0.0,0.0,0.0,0.0,0.736568,70286052.49907924,182.763464,183.67815985,184.5928557,185.50755155,186.4222474,187.33694325,188.2516391,189.16633495,190.0810308,190.99572665,191.91042249999998,192.82511835,193.73981419999998,194.65451005,195.5692059,196.48390175,197.3985976,198.31329345,199.2279893,200.14268514999998,201.057381
SF11C46886812282050980,16,,2019-05-18T16:00:00-0600,0.170034,0.170034,0.189175,0.042959,0.29527403382100004,0.348423233522,3.127638546907,55.803478192006,0.160271094043,0.07655085526199999,0.051990520026,0.033862693504,0.747365240887,0.217514974296,0.256667683272,2.1452718785819997,49.290460650906,0.114135662568,0.072305768262,0.036045337626,0.029280875004,0.518151919662,0.07775905952500001,0.09175555025000001,0.982366668325,6.5130175411,0.046135431475,0.004245087000000001,0.0159451824,0.0045818185,0.229213321225,0.0,0.0,0.0,0.0,0.0,0.0,0.0,0.0,0.0,0.783801,74678930.7802717,193.904865,203.60010825,213.2953515,222.99059475,232.685838,242.38108125000002,252.0763245,261.77156775000003,271.466811,281.16205425,290.8572975,300.55254075,310.247784,319.94302725,329.6382705,339.33351375,349.02875700000004,358.72400025,368.4192435,378.11448675,387.80973000000006
SF11C46886812282050980,17,,2019-05-18T17:00:00-0600,0.120024,0.120025,0.136906,0.049455,0.20981551405800003,0.24758221488000004,2.225261208569,39.50702882971701,0.11395524586200001,0.054111961715000004,0.036983512653000004,0.023984888470000004,0.5316390877570001,0.15354126110000002,0.18117869770000003,1.514322178075,34.793556227725006,0.0805670213,0.051039791075,0.025443979725000003,0.020669025150000003,0.36575734357500006,0.056274252957999996,0.06640351718,0.710939030494,4.713472601992,0.033388224562,0.0030721706400000004,0.011539532928,0.0033158633199999996,0.165881744182,0.0,0.0,0.0,0.0,0.0,0.0,0.0,0.0,0.0,0.868512,52714539.374309435,137.870768,144.7643064,151.6578448,158.5513832,165.4449216,172.33846,179.2319984,186.1255368,193.0190752,199.9126136,206.806152,213.6996904,220.5932288,227.48676719999997,234.38030559999999,241.273844,248.1673824,255.0609208,261.9544592,268.8479976,275.741536
SF11C46886812282050980,18,,2019-05-18T18:00:00-0600,0.070014,0.070015,0.080523,0.051603,0.12266468414899999,0.14474427331,1.3015076670219998,23.068650600871,0.06663541645099999,0.031580324764999994,0.021629532458999998,0.014007270149999999,0.31092517152599997,0.08956626865999999,0.10568820261999999,0.883359860845,20.296361918635,0.046997708779999994,0.029773388644999996,0.014842409834999999,0.012057003089999999,0.213359720145,0.033098415489,0.03905607069,0.418147806177,2.772288682236,0.019637707671,0.00180693612,0.006787122624,0.0019502670599999999,0.09756545138099999,0.0,0.0,0.0,0.0,0.0,0.0,0.0,0.0,0.0,0.929029,30750147.968347173,81.011725,85.06231125,89.1128975,93.16348375,97.21406999999999,101.26465625,105.3152425,109.36582874999999,113.416415,117.46700125000001,121.5175875,125.56817375,129.61876,133.66934625,137.7199325,141.77051875,145.821105,149.87169125,153.9222775,157.97286375,162.02345000000003
SF11C46886812282050980,19,,2019-05-18T19:00:00-0600,0.040008,0.040009,0.045635,0.051191,0.06993922050100002,0.082528249622,0.7417604163720001,13.169191391001002,0.037985448163,0.018037596587,0.012327950781000001,0.007995069554000001,0.177214656932,0.05118127319600001,0.06039390557200001,0.5047824705070001,11.598045333181002,0.026856121268,0.017013547187,0.008481467901000002,0.006889789854,0.12192114608700001,0.018757947305,0.02213434405,0.23697794586499998,1.5711460578199998,0.011129326895000001,0.0010240494,0.0038464828800000004,0.0011052797,0.055293510845,0.0,0.0,0.0,0.0,0.0,0.0,0.0,0.0,0.0,0.961105,17571513.12476981,46.495281,48.82004505,51.144809099999996,53.469573149999995,55.7943372,58.11910125,60.4438653,62.76862935,65.0933934,67.41815745,69.7429215,72.06768555,74.39244959999999,76.71721364999999,79.04197769999999,81.36674174999999,83.69150579999999,86.01626984999999,88.34103389999999,90.66579794999998,92.99056199999998
SF11C46886812282050980,20,,2019-05-18T20:00:00-0600,0.005701,0.005702,0.006343,0.048089,0.009901495037,0.011683759906,0.104879112903,1.871309631594,0.005374390715,0.002567072506,0.001743400062,0.001135546072,0.025061426706999998,0.007294249288,0.008607214616,0.071940554546,1.652929453118,0.0038274789039999995,0.0024247355859999997,0.001208761278,0.000981918612,0.017375949786,0.002607245749,0.00307654529,0.032938558357,0.21838017847599997,0.001546911811,0.00014233692,0.0005346387839999999,0.00015362746,0.0076854769209999995,0.0,0.0,0.0,0.0,0.0,0.0,0.0,0.0,0.0,0.997056,2503879.132281361,6.658674,6.9916077,7.3245414,7.6574751,7.990408800000001,8.3233425,8.6562762,8.9892099,9.3221436,9.6550773,9.988011,10.3209447,10.6538784,10.986812100000002,11.3197458,11.652679500000001,11.9856132,12.318546900000001,12.6514806,12.984414300000001,13.317347999999999
SF11C46886812282050980,21,,2019-05-18T21:00:00-0600,0.005701,0.005701,0.00608,0.045185,0.009792111484,0.011554687508,0.10350076374300002,1.8619650417690001,0.005309579812,0.002560745543,0.0017210203290000002,0.001129004006,0.024739716203,0.007292970044000001,0.008605705108000001,0.07192793782300001,1.6526395672090002,0.003826807652,0.002424310343,0.001208549289,0.000981746406,0.017372902443,0.0024991414400000003,0.0029489824000000003,0.03157282592,0.20932547456,0.00148277216,0.0001364352,0.0005124710400000001,0.0001472576,0.00736681376,0.0,0.0,0.0,0.0,0.0,0.0,0.0,0.0,0.0,0.99927,2503879.132281361,6.658674,6.9916077,7.3245414,7.6574751,7.990408800000001,8.3233425,8.6562762,8.9892099,9.3221436,9.6550773,9.988011,10.3209447,10.6538784,10.986812100000002,11.3197458,11.652679500000001,11.9856132,12.318546900000001,12.6514806,12.984414300000001,13.317347999999999
SF11C46886812282050980,22,,2019-05-18T22:00:00-0600,0.005701,0.005701,0.005722,0.042456,0.00964495809,0.011381046768000001,0.10164170590100001,1.8496396273130002,0.005222271846,0.0025527120230000003,0.001690845225,0.001120333246,0.024305946577,0.007292970044000001,0.008605705108000001,0.07192793782300001,1.6526395672090002,0.003826807652,0.002424310343,0.001208549289,0.000981746406,0.017372902443,0.002351988046,0.00277534166,0.029713768077999997,0.19700006010399998,0.001395464194,0.00012840168,0.000482295936,0.00013858683999999998,0.006933044133999999,0.0,0.0,0.0,0.0,0.0,0.0,0.0,0.0,0.0,0.999274,2503879.132281361,6.658674,6.9916077,7.3245414,7.6574751,7.990408800000001,8.3233425,8.6562762,8.9892099,9.3221436,9.6550773,9.988011,10.3209447,10.6538784,10.986812100000002,11.3197458,11.652679500000001,11.9856132,12.318546900000001,12.6514806,12.984414300000001,13.317347999999999
SF11C46886812282050980,23,,2019-05-18T23:00:00-0600,0.005701,0.005701,0.005277,0.039885,0.009462043955,0.011165208418000002,0.09933086584600001,1.834318930573,0.0051137465810000005,0.0025427262230000003,0.0016533370650000001,0.001109555346,0.023766763662,0.007292970044000001,0.008605705108000001,0.07192793782300001,1.6526395672090002,0.003826807652,0.002424310343,0.001208549289,0.000981746406,0.017372902443,0.002169073911,0.00255950331,0.027402928022999998,0.18167936336399998,0.001286938929,0.00011841588,0.00044478777599999997,0.00012780894,0.006393861218999999,0.0,0.0,0.0,0.0,0.0,0.0,0.0,0.0,0.0,0.999278,2503879.132281361,6.658674,6.9916077,7.3245414,7.6574751,7.990408800000001,8.3233425,8.6562762,8.9892099,9.3221436,9.6550773,9.988011,10.3209447,10.6538784,10.986812100000002,11.3197458,11.652679500000001,11.9856132,12.318546900000001,12.6514806,12.984414300000001,13.317347999999999
SF11C46886912282050980,0,,2019-05-18T00:00:00-0700,0.005701,0.005701,0.004754,0.000329,0.025081083956000002,0.029595683155000004,0.288451685514,3.5654000043450003,0.014177717631000002,0.0042178188170000006,0.004739715062000001,0.002253927884,0.068133396755,0.01025307747,0.012098633695000001,0.101122388258,2.3234206752630002,0.005380050803,0.0034083029430000003,0.0016990804320000002,0.0013802235020000002,0.024424298313,0.014828006486000002,0.01749704946,0.18732929725600003,1.241979329082,0.008797666828000001,0.000809515874,0.0030406346300000005,0.0008737043820000001,0.043709098442,0.0,0.0,0.0,0.0,0.0,0.0,0.0,0.0,0.0,0.911602,4249125.616971518,9.294246,9.69536025,10.0964745,10.49758875,10.898703,11.29981725,11.7009315,12.10204575,12.503160000000001,12.90427425,13.3053885,13.70650275,14.107617000000001,14.50873125,14.909845500000001,15.310959750000002,15.712074000000001,16.11318825,16.5143025,16.915416750000002,17.316531
SF11C46886912282050980,1,,2019-05-18T01:00:00-0700,0.005701,0.005701,0.00417,0.000594,0.023259553500000002,0.027446276995,0.26543942013800004,3.4128303938730005,0.013096977743,0.004118374713,0.0043661915820000004,0.002146598612,0.062763999723,0.01025307747,0.012098633695000001,0.101122388258,2.3234206752630002,0.005380050803,0.0034083029430000003,0.0016990804320000002,0.0013802235020000002,0.024424298313,0.01300647603,0.0153476433,0.16431703188000002,1.08940971861,0.0077169269399999995,0.00071007177,0.00266711115,0.00076637511,0.038339701409999996,0.0,0.0,0.0,0.0,0.0,0.0,0.0,0.0,0.0,0.911602,4249125.616971518,9.294246,9.74797755,10.201709099999999,10.65544065,11.1091722,11.56290375,12.0166353,12.47036685,12.9240984,13.37782995,13.8315615,14.28529305,14.7390246,15.192756150000001,15.646487700000002,16.100219250000002,16.553950800000003,17.007682350000003,17.461413900000004,17.91514545,18.368877
SF11C46886912282050980,2,,2019-05-18T02:00:00-0700,0.005701,0.005701,0.003478,0.000794,0.021101164672000003,0.024899377915,0.23817146185,3.232045855437,0.011816374999,0.004000540261000001,0.003923591842000001,0.0020194207760000004,0.056401632007000005,0.01025307747,0.012098633695000001,0.101122388258,2.3234206752630002,0.005380050803,0.0034083029430000003,0.0016990804320000002,0.0013802235020000002,0.024424298313,0.010848087202000001,0.01280074422,0.137049073592,0.908625180174,0.006436324196,0.0005922373179999999,0.0022245114100000003,0.0006391972740000001,0.031977333694,0.0,0.0,0.0,0.0,0.0,0.0,0.0,0.0,0.0,0.941068,4249125.616971518,9.294246,9.540042,9.785838,10.031633999999999,10.277429999999999,10.523226,10.769022,11.014818,11.260613999999999,11.506409999999999,11.752206,11.998002,12.243797999999998,12.489593999999999,12.735389999999999,12.981186,13.226982,13.472777999999998,13.718574,13.964369999999999,14.210166
SF11C46886912282050980,3,,2019-05-18T03:00:00-0700,0.005701,0.005701,0.003028,0.000948,0.019697588122,0.023243157415,0.22043940805,3.114483655587,0.010983613098999999,0.003923913811,0.003635774092,0.0019367184260000003,0.052264254157,0.01025307747,0.012098633695000001,0.101122388258,2.3234206752630002,0.005380050803,0.0034083029430000003,0.0016990804320000002,0.0013802235020000002,0.024424298313,0.009444510651999999,0.011144523719999999,0.119317019792,0.7910629803239999,0.005603562296,0.0005156108679999999,0.00193669366,0.000556494924,0.027839955843999998,0.0,0.0,0.0,0.0,0.0,0.0,0.0,0.0,0.0,0.955801,4249125.616971518,9.294246,9.42219985,9.5501537,9.67810755,9.806061399999999,9.93401525,10.061969099999999,10.18992295,10.317876799999999,10.44583065,10.573784499999999,10.70173835,10.8296922,10.95764605,11.0855999,11.213553749999999,11.3415076,11.469461449999999,11.5974153,11.725369149999999,11.853323
SF11C46886912282050980,4,,2019-05-18T04:00:00-0700,0.005701,0.005701,0.002734,0.001072,0.018780584776,0.022161093355,0.208854466234,3.037676351685,0.010439541991,0.0038738511970000003,0.003447733162,0.0018826862240000001,0.049561167295,0.01025307747,0.012098633695000001,0.101122388258,2.3234206752630002,0.005380050803,0.0034083029430000003,0.0016990804320000002,0.0013802235020000002,0.024424298313,0.008527507306,0.010062459659999998,0.107732077976,0.7142556764219999,0.005059491187999999,0.00046554825399999994,0.00174865273,0.000502462722,0.025136868982,0.0,0.0,0.0,0.0,0.0,0.0,0.0,0.0,0.0,0.964641,4249125.616971518,9.294246,9.344983299999999,9.395720599999999,9.446457899999999,9.4971952,9.5479325,9.5986698,9.6494071,9.7001444,9.750881699999999,9.801618999999999,9.8523563,9.9030936,9.9538309,10.0045682,10.0553055,10.106042799999999,10.156780099999999,10.2075174,10.2582547,10.308992
SF11C46886912282050980,5,,2019-05-18T05:00:00-0700,0.005701,0.005701,0.002543,0.001174,0.018184844507000003,0.021458119765000002,0.20132819451,2.9877777290820005,0.010086080829,0.0038413275260000003,0.003325570517,0.0018475836710000002,0.047805080252000004,0.01025307747,0.012098633695000001,0.101122388258,2.3234206752630002,0.005380050803,0.0034083029430000003,0.0016990804320000002,0.0013802235020000002,0.024424298313,0.007931767037000001,0.00935948607,0.10020580625200001,0.664357053819,0.004706030026,0.000433024583,0.001626490085,0.000467360169,0.023380781939,0.0,0.0,0.0,0.0,0.0,0.0,0.0,0.0,0.0,0.970534,4249125.616971518,9.294246,9.7589583,10.223670599999998,10.688382899999999,11.1530952,11.6178075,12.0825198,12.547232099999999,13.011944399999999,13.4766567,13.941368999999998,14.406081299999999,14.870793599999999,15.3355059,15.8002182,16.2649305,16.7296428,17.1943551,17.659067399999998,18.1237797,18.588492
SF11C46886912282050980,6,,2019-05-18T06:00:00-0700,0.005701,0.005701,0.002418,0.00126,0.017794962132,0.020998058515,0.19640262401000003,2.955121562457,0.009854758079,0.003820042401,0.003245621142,0.0018246107960000002,0.046655808627,0.01025307747,0.012098633695000001,0.101122388258,2.3234206752630002,0.005380050803,0.0034083029430000003,0.0016990804320000002,0.0013802235020000002,0.024424298313,0.007541884662,0.00889942482,0.09528023575200001,0.631700887194,0.004474707276,0.00041173945799999995,0.00154654071,0.000444387294,0.022231510314,0.0,0.0,0.0,0.0,0.0,0.0,0.0,0.0,0.0,0.974743,4249125.616971518,9.294246,9.7589583,10.223670599999998,10.688382899999999,11.1530952,11.6178075,12.0825198,12.547232099999999,13.011944399999999,13.4766567,13.941368999999998,14.406081299999999,14.870793599999999,15.3355059,15.8002182,16.2649305,16.7296428,17.1943551,17.659067399999998,18.1237797,18.588492
SF11C46886912282050980,7,,2019-05-18T07:00:00-0700,0.005701,0.005701,0.002337,0.001334,0.017542318353,0.020699938825,0.193210854326,2.9339603664840004,0.009704860937000001,0.0038062496400000003,0.0031938139470000003,0.0018097243730000002,0.045911080614,0.01025307747,0.012098633695000001,0.101122388258,2.3234206752630002,0.005380050803,0.0034083029430000003,0.0016990804320000002,0.0013802235020000002,0.024424298313,0.007289240883,0.00860130513,0.092088466068,0.6105396912209999,0.0043248101340000004,0.00039794669699999997,0.0014947335150000002,0.000429500871,0.021486782301,0.0,0.0,0.0,0.0,0.0,0.0,0.0,0.0,0.0,0.9779,4249125.616971518,9.294246,9.7589583,10.223670599999998,10.688382899999999,11.1530952,11.6178075,12.0825198,12.547232099999999,13.011944399999999,13.4766567,13.941368999999998,14.406081299999999,14.870793599999999,15.3355059,15.8002182,16.2649305,16.7296428,17.1943551,17.659067399999998,18.1237797,18.588492
SF11C46886912282050980,8,,2019-05-18T08:00:00-0700,0.005701,0.005701,0.002186,0.001393,0.017071340444,0.020144184835000002,0.18726076516200002,2.8945117172010004,0.009425423055,0.003780537209,0.0030972351020000003,0.0017819731400000004,0.044522760491,0.01025307747,0.012098633695000001,0.101122388258,2.3234206752630002,0.005380050803,0.0034083029430000003,0.0016990804320000002,0.0013802235020000002,0.024424298313,0.006818262974,0.00804555114,0.086138376904,0.571091041938,0.004045372252,0.00037223426599999995,0.0013981546700000001,0.000401749638,0.020098462177999998,0.0,0.0,0.0,0.0,0.0,0.0,0.0,0.0,0.0,0.980356,4249125.616971518,9.294246,9.7589583,10.223670599999998,10.688382899999999,11.1530952,11.6178075,12.0825198,12.547232099999999,13.011944399999999,13.4766567,13.941368999999998,14.406081299999999,14.870793599999999,15.3355059,15.8002182,16.2649305,16.7296428,17.1943551,17.659067399999998,18.1237797,18.588492
SF11C46886912282050980,9,,2019-05-18T09:00:00-0700,0.005701,0.005701,0.002869,0.001495,0.019201657741,0.022657959505,0.214174082374,3.0729450116400003,0.010689370561,0.0038968391320000004,0.003534078487,0.0019074969290000003,0.05080238065,0.01025307747,0.012098633695000001,0.101122388258,2.3234206752630002,0.005380050803,0.0034083029430000003,0.0016990804320000002,0.0013802235020000002,0.024424298313,0.008948580271,0.010559325809999999,0.11305169411600001,0.749524336377,0.005309319758,0.0004885361889999999,0.001834998055,0.000527273427,0.026378082336999998,0.0,0.0,0.0,0.0,0.0,0.0,0.0,0.0,0.0,0.98232,4249125.616971518,9.294246,9.7589583,10.223670599999998,10.688382899999999,11.1530952,11.6178075,12.0825198,12.547232099999999,13.011944399999999,13.4766567,13.941368999999998,14.406081299999999,14.870793599999999,15.3355059,15.8002182,16.2649305,16.7296428,17.1943551,17.659067399999998,18.1237797,18.588492
SF11C46886912282050980,10,,2019-05-18T10:00:00-0700,0.020004,0.020004,0.012407,0.00225,0.074674758893,0.08811622821000001,0.8437165361800001,11.393873919183,0.041838005686000004,0.014071927739000002,0.013897287293,0.007123204089,0.199773501263,0.035976593880000005,0.04245238878,0.35482411063200003,8.152553444652,0.018877834812,0.011959251372,0.005961832128000001,0.004843008408,0.08570139685200001,0.038698165013,0.04566383943,0.488892425548,3.241320474531,0.022960170874,0.002112676367,0.007935455165,0.002280195681,0.11407210441099999,0.0,0.0,0.0,0.0,0.0,0.0,0.0,0.0,0.0,0.896472,14909578.818084238,32.517246,33.00964735,33.5020487,33.99445005,34.4868514,34.97925275,35.4716541,35.964055450000004,36.4564568,36.94885815,37.4412595,37.93366085,38.426062200000004,38.91846355,39.4108649,39.90326625,40.3956676,40.888068950000005,41.3804703,41.87287165,42.365273
SF11C46886912282050980,11,,2019-05-18T11:00:00-0700,0.040008,0.040008,0.029262,0.004118,0.16322309221800002,0.19260327593999998,1.862704573032,23.949784871549998,0.091907400108,0.028901265366,0.030639493146,0.015063874962000002,0.44044268403,0.07195318776000001,0.08490477756,0.7096482212640001,16.305106889304,0.037755669624,0.023918502744,0.011923664256000001,0.009686016816,0.17140279370400002,0.091269904458,0.10769849838,1.153056351768,7.644677982245999,0.054151730483999995,0.004982762621999999,0.01871582889,0.005377858146,0.26903989032599995,0.0,0.0,0.0,0.0,0.0,0.0,0.0,0.0,0.0,0.681867,29819157.636168476,64.770149,67.9064578,71.04276660000001,74.1790754,77.3153842,80.451693,83.5880018,86.7243106,89.8606194,92.9969282,96.13323700000001,99.2695458,102.4058546,105.54216339999999,108.6784722,111.814781,114.9510898,118.0873986,121.2237074,124.36001619999999,127.496325
SF11C46886912282050980,12,,2019-05-18T12:00:00-0700,0.070014,0.070013,0.058391,0.007871,0.30804125417899997,0.363488730125,3.5427385460779997,43.788139313322,0.174128811701,0.051799659830000004,0.05821270606100001,0.027681560479,0.836807560412,0.12591628011,0.14858123853500002,1.241866649554,28.533529510119,0.06607147813900001,0.04185678195900001,0.020866114416000003,0.016950287326000003,0.29995060476900004,0.182124974069,0.21490749158999997,2.300871896524,15.254609803202998,0.108057333562,0.009942877870999999,0.037346591645,0.010731273153,0.536856955643,0.0,0.0,0.0,0.0,0.0,0.0,0.0,0.0,0.0,0.644382,52183525.86329484,112.658557,116.66871275,120.67886850000001,124.68902425,128.69918,132.70933575,136.7194915,140.72964725,144.739803,148.74995875000002,152.7601145,156.77027025,160.780426,164.79058175,168.8007375,172.81089325,176.82104900000002,180.83120474999998,184.8413605,188.85151625,192.861672
SF11C46886912282050980,13,,2019-05-18T13:00:00-0700,0.10002,0.100019,0.092567,0.013728,0.468603105383,0.552951739535,5.4216650912899995,64.945426684908,0.265691054351,0.075558060344,0.089014252973,0.041227040899,1.279579712138,0.17988117093,0.212259821705,1.774102815502,40.762359677096995,0.09438823035699999,0.059795659017,0.029808862608,0.024214799938,0.42850270004700003,0.288721934453,0.34069191782999997,3.6475622757879997,24.183067007810997,0.171302823994,0.015762401327,0.059205390365,0.017012240961,0.851077012091,0.0,0.0,0.0,0.0,0.0,0.0,0.0,0.0,0.0,0.668988,74547894.09042118,159.964203,163.5223904,167.0805778,170.6387652,174.1969526,177.75513999999998,181.3133274,184.8715148,188.4297022,191.9878896,195.546077,199.1042644,202.66245179999999,206.2206392,209.7788266,213.337014,216.8952014,220.4533888,224.01157619999998,227.5697636,231.127951
SF11C46886912282050980,14,,2019-05-18T14:00:00-0700,0.130026,0.130025,0.130498,0.021803,0.640877023132,0.756234988895,7.448555774322001,87.08370530190899,0.36420223241099997,0.099955866013,0.12221747911000001,0.055462626484,1.756875983479,0.23384606175,0.275938404875,2.30633898145,52.991189844074995,0.122704982575,0.077734536075,0.0387516108,0.03147931255,0.557054795325,0.407030961382,0.48029658402,5.142216792872,34.092515457834,0.241497249836,0.022221329938,0.08346586831000001,0.023983313934,1.199821188154,0.0,0.0,0.0,0.0,0.0,0.0,0.0,0.0,0.0,0.703836,96912262.31754754,206.69418,209.12068935,211.5471987,213.97370805,216.4002174,218.82672674999998,221.25323609999998,223.67974544999998,226.1062548,228.53276415,230.9592735,233.38578285,235.8122922,238.23880155,240.6653109,243.09182025,245.51832960000002,247.94483895000002,250.3713483,252.79785765,255.224367
SF11C46886912282050980,15,,2019-05-18T15:00:00-0700,0.160032,0.160031,0.170674,0.032097,0.820153228336,0.967780938305,9.563909703534,109.80848867149498,0.466867967061,0.12473595252700001,0.156856596022,0.07011080490400001,2.254813173205,0.28781095257,0.339616988045,2.838575147398,65.220020011053,0.151021734793,0.09567341313300001,0.047694358992,0.038743825162000006,0.6856068906030001,0.532342275766,0.6281639502599999,6.725334556136,44.588468660442,0.31584623226799996,0.029062539393999998,0.10916223703,0.031366979742,1.569206282602,0.0,0.0,0.0,0.0,0.0,0.0,0.0,0.0,0.0,0.736568,119276630.5446739,252.855493,253.77807415,254.7006553,255.62323645,256.5458176,257.46839875,258.3909799,259.31356105,260.2361422,261.15872335,262.0813045,263.00388565000003,263.9264668,264.84904795,265.7716291,266.69421025,267.6167914,268.53937255,269.4619537,270.38453485,271.307116
SF11C46886912282050980,16,,2019-05-18T16:00:00-0700,0.170034,0.170034,0.189173,0.042959,0.895842796187,1.0570946393999998,10.470284525944,118.718024351151,0.5105417445880001,0.133866204275,0.171669678023,0.075932352927,2.467751162171,0.30580104797999996,0.36084530463,3.016004940372,69.296704279542,0.160461595902,0.101653636662,0.050675573088,0.041165571468,0.728461873242,0.5900417482070001,0.69624933477,7.454279585572,49.421320071608996,0.350080148686,0.032212567613,0.12099410493500001,0.034766781459,1.739289288929,0.0,0.0,0.0,0.0,0.0,0.0,0.0,0.0,0.0,0.783801,126731419.95371601,268.117426,281.5232973,294.9291686,308.3350399,321.7409112,335.14678250000003,348.55265380000003,361.95852510000003,375.36439640000003,388.77026770000003,402.17613900000003,415.58201030000004,428.98788160000004,442.39375290000004,455.79962420000004,469.20549550000004,482.61136680000004,496.01723810000004,509.42310940000004,522.8289807000001,536.234852
SF11C46886912282050980,17,,2019-05-18T17:00:00-0700,0.120024,0.120025,0.136912,0.049455,0.642897967558,0.758619701755,7.5239200678180005,84.68389689377099,0.366634835359,0.095069618347,0.12333952144000002,0.054220390646000004,1.773005279101,0.21586136175,0.254716454875,2.12896240145,48.915728214075,0.113267952575,0.071756106075,0.0357712908,0.029058292550000003,0.5142126653250001,0.427036605808,0.50390324688,5.394957666368001,35.768168679696,0.253366882784,0.023313512272,0.08756823064000001,0.025162098096,1.258792613776,0.0,0.0,0.0,0.0,0.0,0.0,0.0,0.0,0.0,0.851115,89457472.90850542,191.18105,200.7401025,210.29915499999998,219.8582075,229.41726,238.9763125,248.535365,258.09441749999996,267.65346999999997,277.2125225,286.771575,296.3306275,305.88968,315.4487325,325.007785,334.5668375,344.12589,353.68494250000003,363.24399500000004,372.8030475,382.3621
SF11C46886912282050980,18,,2019-05-18T18:00:00-0700,0.070014,0.070015,0.080529,0.051603,0.377094579261,0.44497166213499995,4.415112259226,49.57249213960199,0.215098883423,0.055570536293999995,0.072372656235,0.031750632737000004,1.0403567307119999,0.12591987705,0.14858548292499998,1.24190212487,28.534344602444996,0.06607336554499998,0.041857977644999995,0.020866710479999998,0.01695077153,0.299959173195,0.251174702211,0.29638617921,3.173210134356,21.038147537157,0.149025517878,0.013712558649,0.051505945755000004,0.014799861207000001,0.740397557517,0.0,0.0,0.0,0.0,0.0,0.0,0.0,0.0,0.0,0.913151,52183525.86329484,112.658557,118.29148485,123.9244127,129.55734055,135.1902684,140.82319625,146.4561241,152.08905195,157.72197979999999,163.35490765,168.98783550000002,174.62076335,180.2536912,185.88661904999998,191.5195469,197.15247475,202.7854026,208.41833044999998,214.0512583,219.68418615000002,225.317114
SF11C46886912282050980,19,,2019-05-18T19:00:00-0700,0.040008,0.040009,0.045639,0.051191,0.214305719931,0.25288078286500004,2.5080508553180003,28.228672744254,0.122215325225,0.031690555146,0.041114438493000005,0.018073931255,0.591019939464,0.07195498623,0.08490689975500001,0.709665958922,16.305514435467,0.037756613327,0.023919100587000003,0.011923962288000002,0.009686258918,0.17140707791700002,0.142350733701,0.16797388311,1.798384896396,11.923158308786999,0.084458711898,0.007771454559,0.029190476205,0.008387672337,0.41961286154699995,0.0,0.0,0.0,0.0,0.0,0.0,0.0,0.0,0.0,0.950372,29819157.636168476,64.770149,68.00865645,71.2471639,74.48567135,77.7241788,80.96268625,84.2011937,87.43970115,90.6782086,93.91671605,97.1552235,100.39373095,103.6322384,106.87074585,110.1092533,113.34776075,116.5862682,119.82477565,123.0632831,126.30179055,129.540298
SF11C46886912282050980,20,,2019-05-18T20:00:00-0700,0.005701,0.005702,0.006347,0.048089,0.030051543413000002,0.03546082592,0.351240893624,3.981977737976999,0.01712663846,0.004489674293,0.005758887929000001,0.0025469363049999997,0.082783998557,0.01025487594,0.01210075589,0.101140125916,2.3238282214259995,0.005380994506,0.0034089007859999998,0.001699378464,0.001380465604,0.024428582526,0.019796667473,0.02336007003,0.250100767708,1.6581495165509998,0.011745643954,0.0010807735069999999,0.0040595094650000005,0.001166470701,0.058355416030999994,0.0,0.0,0.0,0.0,0.0,0.0,0.0,0.0,0.0,0.994724,4249125.616971518,9.294246,9.7589583,10.223670599999998,10.688382899999999,11.1530952,11.6178075,12.0825198,12.547232099999999,13.011944399999999,13.4766567,13.941368999999998,14.406081299999999,14.870793599999999,15.3355059,15.8002182,16.2649305,16.7296428,17.1943551,17.659067399999998,18.1237797,18.588492
SF11C46886912282050980,21,,2019-05-18T21:00:00-0700,0.005701,0.005701,0.00608,0.045185,0.02921695619,0.034476012895,0.34070213737800004,3.911816619903,0.016631589363,0.004443611423000001,0.005587818032,0.0024976241420000002,0.080324870153,0.01025307747,0.012098633695000001,0.101122388258,2.3234206752630002,0.005380050803,0.0034083029430000003,0.0016990804320000002,0.0013802235020000002,0.024424298313,0.01896387872,0.0223773792,0.23957974912000002,1.58839594464,0.01125153856,0.00103530848,0.0038887376000000004,0.00111740064,0.055900571839999996,0.0,0.0,0.0,0.0,0.0,0.0,0.0,0.0,0.0,0.998684,4249125.616971518,9.294246,9.7589583,10.223670599999998,10.688382899999999,11.1530952,11.6178075,12.0825198,12.547232099999999,13.011944399999999,13.4766567,13.941368999999998,14.406081299999999,14.870793599999999,15.3355059,15.8002182,16.2649305,16.7296428,17.1943551,17.659067399999998,18.1237797,18.588492
SF11C46886912282050980,22,,2019-05-18T22:00:00-0700,0.005701,0.005701,0.005722,0.042456,0.028100333068,0.033158397475,0.326595303466,3.8182893586890003,0.015969081006999997,0.004382650825000001,0.005358843022,0.002431829828,0.077033356219,0.01025307747,0.012098633695000001,0.101122388258,2.3234206752630002,0.005380050803,0.0034083029430000003,0.0016990804320000002,0.0013802235020000002,0.024424298313,0.017847255598,0.021059763779999997,0.225472915208,1.4948686834259999,0.010589030203999998,0.0009743478819999999,0.00365976259,0.0010516063259999999,0.05260905790599999,0.0,0.0,0.0,0.0,0.0,0.0,0.0,0.0,0.0,0.998684,4249125.616971518,9.294246,9.7589583,10.223670599999998,10.688382899999999,11.1530952,11.6178075,12.0825198,12.547232099999999,13.011944399999999,13.4766567,13.941368999999998,14.406081299999999,14.870793599999999,15.3355059,15.8002182,16.2649305,16.7296428,17.1943551,17.659067399999998,18.1237797,18.588492
SF11C46886912282050980,23,,2019-05-18T23:00:00-0700,0.005701,0.005701,0.005277,0.039885,0.026712351813,0.031520579425,0.309060272486,3.7020334055040003,0.015145572016999998,0.00430687578,0.005074223247,0.0023500463930000003,0.07294194923399999,0.01025307747,0.012098633695000001,0.101122388258,2.3234206752630002,0.005380050803,0.0034083029430000003,0.0016990804320000002,0.0013802235020000002,0.024424298313,0.016459274343,0.019421945729999997,0.207937884228,1.3786127302409998,0.009765521214,0.0008985728369999998,0.003375142815,0.000969822891,0.048517650920999994,0.0,0.0,0.0,0.0,0.0,0.0,0.0,0.0,0.0,0.998684,4249125.616971518,9.294246,9.7589583,10.223670599999998,10.688382899999999,11.1530952,11.6178075,12.0825198,12.547232099999999,13.011944399999999,13.4766567,13.941368999999998,14.406081299999999,14.870793599999999,15.3355059,15.8002182,16.2649305,16.7296428,17.1943551,17.659067399999998,18.1237797,18.588492
SF11C46887012282050980,0,,2019-05-18T00:00:00-0400,0.005701,0.005701,0.004404,0.000304,0.000550050292,0.000649058541,0.0069033200170000005,0.04843006345,0.00032522504,3.4618119e-05,0.000112145052,3.3659142000000006e-05,0.0016120687660000001,1.6510096000000002e-05,1.9480317e-05,0.00016282626100000002,0.003741098818,8.665520000000002e-06,5.490063000000001e-06,2.7364800000000003e-06,2.22339e-06,3.9325498e-05,0.000533540196,0.000629578224,0.006740493756000001,0.044688964632,0.00031655952,2.9128056e-05,0.000109408572,3.1435752000000004e-05,0.0015727432680000002,0.0,0.0,0.0,0.0,0.0,0.0,0.0,0.0,0.0,0.978104,31132.8157542356,2.304188,2.4193974,2.5346067999999997,2.6498162,2.7650256,2.880235,2.9954444,3.1106537999999997,3.2258632,3.3410725999999995,3.456282,3.5714913999999998,3.6867007999999997,3.8019102,3.9171195999999995,4.032329,4.1475384,4.2627478,4.377957199999999,4.4931666,4.608376
SF11C46887012282050980,1,,2019-05-18T01:00:00-0400,0.005701,0.005701,0.003775,0.000544,0.00047384757100000005,0.0005591392170000001,0.005940610986,0.042047375268,0.00028001252000000004,3.0457913e-05,9.651880500000001e-05,2.916934e-05,0.001387442173,1.6510096000000002e-05,1.9480317e-05,0.00016282626100000002,0.003741098818,8.665520000000002e-06,5.490063000000001e-06,2.7364800000000003e-06,2.22339e-06,3.9325498e-05,0.00045733747500000004,0.0005396589,0.005777784725,0.03830627645,0.000271347,2.4967850000000002e-05,9.3782325e-05,2.6945950000000002e-05,0.001348116675,0.0,0.0,0.0,0.0,0.0,0.0,0.0,0.0,0.0,0.978104,31132.8157542356,2.304188,2.4193974,2.5346067999999997,2.6498162,2.7650256,2.880235,2.9954444,3.1106537999999997,3.2258632,3.3410725999999995,3.456282,3.5714913999999998,3.6867007999999997,3.8019102,3.9171195999999995,4.032329,4.1475384,4.2627478,4.377957199999999,4.4931666,4.608376
SF11C46887012282050980,2,,2019-05-18T02:00:00-0400,0.005701,0.005701,0.003325,0.000737,0.000419330521,0.000494809017,0.005251868436,0.037481064168,0.00024766652,2.7481613e-05,8.5339455e-05,2.595724e-05,0.001226739523,1.6510096000000002e-05,1.9480317e-05,0.00016282626100000002,0.003741098818,8.665520000000002e-06,5.490063000000001e-06,2.7364800000000003e-06,2.22339e-06,3.9325498e-05,0.000402820425,0.0004753287,0.005089042175,0.03373996535,0.000239001,2.1991549999999998e-05,8.2602975e-05,2.373385e-05,0.001187414025,0.0,0.0,0.0,0.0,0.0,0.0,0.0,0.0,0.0,0.985403,31132.8157542356,2.304188,2.4193974,2.5346067999999997,2.6498162,2.7650256,2.880235,2.9954444,3.1106537999999997,3.2258632,3.3410725999999995,3.456282,3.5714913999999998,3.6867007999999997,3.8019102,3.9171195999999995,4.032329,4.1475384,4.2627478,4.377957199999999,4.4931666,4.608376
SF11C46887012282050980,3,,2019-05-18T03:00:00-0400,0.005701,0.005701,0.003003,0.000893,0.000380320543,0.000448777185,0.0047590348780000005,0.034213614892000005,0.00022452116,2.5351905000000004e-05,7.7340009e-05,2.3658804e-05,0.001111747849,1.6510096000000002e-05,1.9480317e-05,0.00016282626100000002,0.003741098818,8.665520000000002e-06,5.490063000000001e-06,2.7364800000000003e-06,2.22339e-06,3.9325498e-05,0.000363810447,0.000429296868,0.004596208617000001,0.030472516074000002,0.00021585564,1.9861842000000002e-05,7.4603529e-05,2.1435414e-05,0.001072422351,0.0,0.0,0.0,0.0,0.0,0.0,0.0,0.0,0.0,0.989052,31132.8157542356,2.304188,2.4193974,2.5346067999999997,2.6498162,2.7650256,2.880235,2.9954444,3.1106537999999997,3.2258632,3.3410725999999995,3.456282,3.5714913999999998,3.6867007999999997,3.8019102,3.9171195999999995,4.032329,4.1475384,4.2627478,4.377957199999999,4.4931666,4.608376
SF11C46887012282050980,4,,2019-05-18T04:00:00-0400,0.005701,0.005701,0.002771,0.001023,0.00035221397500000004,0.000415611393,0.00440394983,0.031859427836,0.00020784499999999999,2.3817457000000003e-05,7.1576433e-05,2.2002788e-05,0.001028896705,1.6510096000000002e-05,1.9480317e-05,0.00016282626100000002,0.003741098818,8.665520000000002e-06,5.490063000000001e-06,2.7364800000000003e-06,2.22339e-06,3.9325498e-05,0.00033570387900000003,0.000396131076,0.004241123569,0.028118329018,0.00019917948,1.8327394e-05,6.8839953e-05,1.9779398e-05,0.0009895712070000001,0.0,0.0,0.0,0.0,0.0,0.0,0.0,0.0,0.0,0.991242,31132.8157542356,2.304188,2.4193974,2.5346067999999997,2.6498162,2.7650256,2.880235,2.9954444,3.1106537999999997,3.2258632,3.3410725999999995,3.456282,3.5714913999999998,3.6867007999999997,3.8019102,3.9171195999999995,4.032329,4.1475384,4.2627478,4.377957199999999,4.4931666,4.608376
SF11C46887012282050980,5,,2019-05-18T05:00:00-0400,0.005701,0.005701,0.002606,0.001133,0.00033222439,0.00039202365299999996,0.004151410895,0.030185113766,0.0001959848,2.2726147e-05,6.7477338e-05,2.0825017999999997e-05,0.0009699724,1.6510096000000002e-05,1.9480317e-05,0.00016282626100000002,0.003741098818,8.665520000000002e-06,5.490063000000001e-06,2.7364800000000003e-06,2.22339e-06,3.9325498e-05,0.000315714294,0.000372543336,0.003988584634,0.026444014948,0.00018731928,1.7236084e-05,6.4740858e-05,1.8601627999999998e-05,0.000930646902,0.0,0.0,0.0,0.0,0.0,0.0,0.0,0.0,0.0,0.992701,31132.8157542356,2.304188,2.4193974,2.5346067999999997,2.6498162,2.7650256,2.880235,2.9954444,3.1106537999999997,3.2258632,3.3410725999999995,3.456282,3.5714913999999998,3.6867007999999997,3.8019102,3.9171195999999995,4.032329,4.1475384,4.2627478,4.377957199999999,4.4931666,4.608376
SF11C46887012282050980,6,,2019-05-18T06:00:00-0400,0.005701,0.005701,0.002487,0.001226,0.00031780765900000005,0.000375011889,0.003969276754,0.028977578164,0.00018743108,2.1939081000000003e-05,6.4521021e-05,1.9975596e-05,0.000927475477,1.6510096000000002e-05,1.9480317e-05,0.00016282626100000002,0.003741098818,8.665520000000002e-06,5.490063000000001e-06,2.7364800000000003e-06,2.22339e-06,3.9325498e-05,0.00030129756300000004,0.000355531572,0.0038064504930000005,0.025236479346000002,0.00017876556,1.6449018e-05,6.1784541e-05,1.7752206000000002e-05,0.0008881499790000001,0.0,0.0,0.0,0.0,0.0,0.0,0.0,0.0,0.0,0.993744,31132.8157542356,2.304188,2.4193974,2.5346067999999997,2.6498162,2.7650256,2.880235,2.9954444,3.1106537999999997,3.2258632,3.3410725999999995,3.456282,3.5714913999999998,3.6867007999999997,3.8019102,3.9171195999999995,4.032329,4.1475384,4.2627478,4.377957199999999,4.4931666,4.608376
SF11C46887012282050980,7,,2019-05-18T07:00:00-0400,0.005701,0.005701,0.002402,0.001308,0.000307509994,0.000362860629,0.0038391809390000003,0.028115052734,0.00018132128,2.1376891000000004e-05,6.2409366e-05,1.9368866e-05,0.000897120532,1.6510096000000002e-05,1.9480317e-05,0.00016282626100000002,0.003741098818,8.665520000000002e-06,5.490063000000001e-06,2.7364800000000003e-06,2.22339e-06,3.9325498e-05,0.000290999898,0.000343380312,0.0036763546780000005,0.024373953916000002,0.00017265576,1.5886828000000002e-05,5.9672886000000004e-05,1.7145476e-05,0.000857795034,0.0,0.0,0.0,0.0,0.0,0.0,0.0,0.0,0.0,0.994526,31132.8157542356,2.304188,2.4193974,2.5346067999999997,2.6498162,2.7650256,2.880235,2.9954444,3.1106537999999997,3.2258632,3.3410725999999995,3.456282,3.5714913999999998,3.6867007999999997,3.8019102,3.9171195999999995,4.032329,4.1475384,4.2627478,4.377957199999999,4.4931666,4.608376
SF11C46887012282050980,8,,2019-05-18T08:00:00-0400,0.005701,0.005701,0.002187,0.001368,0.000281462959,0.000332125089,0.003510115054,0.025933370764000003,0.00016586708,1.9954881000000002e-05,5.706812100000001e-05,1.7834196000000002e-05,0.000820340377,1.6510096000000002e-05,1.9480317e-05,0.00016282626100000002,0.003741098818,8.665520000000002e-06,5.490063000000001e-06,2.7364800000000003e-06,2.22339e-06,3.9325498e-05,0.000264952863,0.000312644772,0.003347288793,0.022192271946000004,0.00015720156,1.4464818000000002e-05,5.4331641000000006e-05,1.5610806000000003e-05,0.0007810148790000001,0.0,0.0,0.0,0.0,0.0,0.0,0.0,0.0,0.0,0.995134,31132.8157542356,2.304188,2.4193974,2.5346067999999997,2.6498162,2.7650256,2.880235,2.9954444,3.1106537999999997,3.2258632,3.3410725999999995,3.456282,3.5714913999999998,3.6867007999999997,3.8019102,3.9171195999999995,4.032329,4.1475384,4.2627478,4.377957199999999,4.4931666,4.608376
SF11C46887012282050980,9,,2019-05-18T09:00:00-0400,0.005701,0.005701,0.002871,0.001472,0.000364328875,0.00042990699299999996,0.00455700373,0.032874163636,0.00021503299999999997,2.4478857000000003e-05,7.4060733e-05,2.2716588e-05,0.001064608405,1.6510096000000002e-05,1.9480317e-05,0.00016282626100000002,0.003741098818,8.665520000000002e-06,5.490063000000001e-06,2.7364800000000003e-06,2.22339e-06,3.9325498e-05,0.000347818779,0.000410426676,0.004394177469,0.029133064818,0.00020636747999999998,1.8988794e-05,7.1324253e-05,2.0493198e-05,0.001025282907,0.0,0.0,0.0,0.0,0.0,0.0,0.0,0.0,0.0,0.995621,31132.8157542356,2.304188,2.4193974,2.5346067999999997,2.6498162,2.7650256,2.880235,2.9954444,3.1106537999999997,3.2258632,3.3410725999999995,3.456282,3.5714913999999998,3.6867007999999997,3.8019102,3.9171195999999995,4.032329,4.1475384,4.2627478,4.377957199999999,4.4931666,4.608376
SF11C46887012282050980,10,,2019-05-18T10:00:00-0400,0.020004,0.020004,0.012417,0.002229,0.001562238717,0.00184343832,0.019576037007,0.139126729158,0.0009229400399999999,0.00010138988999999998,0.000318077451,9.6434106e-05,0.004572309381,5.7931584e-05,6.8353668e-05,0.0005713342440000001,0.013126984872,3.0406080000000002e-05,1.9263852e-05,9.60192e-06,7.80156e-06,0.000137987592,0.001504307133,0.001775084652,0.019004702763,0.125999744286,0.0008925339599999999,8.212603799999999e-05,0.000308475531,8.8632546e-05,0.004434321789,0.0,0.0,0.0,0.0,0.0,0.0,0.0,0.0,0.0,0.974356,109240.63258160479,8.079229,8.48319045,8.8871519,9.29111335,9.6950748,10.09903625,10.5029977,10.906959149999999,11.3109206,11.71488205,12.1188435,12.52280495,12.9267664,13.330727849999999,13.7346893,14.13865075,14.5426122,14.94657365,15.3505351,15.754496549999999,16.158458
SF11C46887012282050980,11,,2019-05-18T11:00:00-0400,0.040008,0.040008,0.029285,0.0041,0.003663711633,0.004323173796,0.045964503103,0.323419348774,0.00216581796,0.000232218694,0.000746731095,0.00022463945,0.010734146529,0.000115863168,0.000136707336,0.0011426684880000001,0.026253969744,6.0812160000000004e-05,3.8527704e-05,1.920384e-05,1.560312e-05,0.000275975184,0.003547848465,0.00418646646,0.044821834615,0.29716537903,0.0021050058,0.00019369099,0.000727527255,0.00020903633,0.010458171345,0.0,0.0,0.0,0.0,0.0,0.0,0.0,0.0,0.0,0.921199,218481.26516320958,16.14214,16.949247,17.756354,18.563461,19.370568000000002,20.177675,20.984782000000003,21.791889,22.598996,23.406103,24.213210000000004,25.020317000000002,25.827424,26.634531000000003,27.441638,28.248745,29.055852,29.862959000000004,30.670066000000002,31.477173,32.28428
SF11C46887012282050980,12,,2019-05-18T12:00:00-0400,0.070014,0.070014,0.058436,0.007857,0.007282223508000001,0.008593014654000001,0.09143824685800002,0.63891545914,0.004306800960000001,0.000453919186,0.001485332268,0.000444421628,0.021351445584,0.00020276054400000004,0.000239237838,0.001999669854,0.045944447052,0.00010642128000000002,6.7423482e-05,3.3606720000000006e-05,2.7305460000000002e-05,0.00048295657200000003,0.007079462964,0.008353776816,0.08943857700400001,0.5929710120880001,0.0042003796800000005,0.000386495704,0.001451725548,0.000417116168,0.020868489012000002,0.0,0.0,0.0,0.0,0.0,0.0,0.0,0.0,0.0,0.841819,382342.2140356168,28.205981,29.61628005,31.026579100000003,32.43687815,33.847177200000004,35.25747625,36.6677753,38.07807435,39.4883734,40.89867245000001,42.3089715,43.719270550000005,45.1295696,46.53986865,47.9501677,49.36046675,50.77076580000001,52.18106485,53.591363900000005,55.001662950000004,56.411962
SF11C46887012282050980,13,,2019-05-18T13:00:00-0400,0.10002,0.10002,0.092637,0.01372,0.011512537833,0.013584783311999998,0.144641212563,1.005655727406,0.00681077796,0.000709020378,0.002349390591,0.000700250706,0.033772185488999996,0.00028965792000000003,0.00034176834,0.00285667122,0.06563492436,0.0001520304,9.631926e-05,4.80096e-05,3.9007799999999996e-05,0.0006899379599999999,0.011222879913,0.013243014971999999,0.141784541343,0.940020803046,0.00665874756,0.000612701118,0.002301380991,0.000661242906,0.033082247529,0.0,0.0,0.0,0.0,0.0,0.0,0.0,0.0,0.0,0.772453,546203.1629080239,40.23329,42.2449545,44.25661899999999,46.268283499999995,48.279948,50.2916125,52.303276999999994,54.314941499999996,56.326606,58.33827049999999,60.349934999999995,62.3615995,64.37326399999999,66.3849285,68.396593,70.40825749999999,72.41992199999999,74.4315865,76.44325099999999,78.4549155,80.46658
SF11C46887012282050980,14,,2019-05-18T14:00:00-0400,0.130026,0.130026,0.130595,0.021801,0.016198008950999997,0.019113637662,0.203594413291,1.410519619678,0.00958480812,0.0009889703679999999,0.0033067840649999994,0.00098289725,0.047534613962999996,0.000376555296,0.000444298842,0.003713672586,0.085325401668,0.00019763952,0.000125215038,6.241248e-05,5.071014e-05,0.000896919348,0.015821453654999998,0.01866933882,0.199880740705,1.32519421801,0.009387168599999999,0.0008637553299999999,0.0032443715849999996,0.00093218711,0.046637694614999996,0.0,0.0,0.0,0.0,0.0,0.0,0.0,0.0,0.0,0.724552,710064.1117804311,52.224179,54.83538795,57.4465969,60.05780585,62.6690148,65.28022375,67.8914327,70.50264165,73.1138506,75.72505955,78.3362685,80.94747745000001,83.5586864,86.16989534999999,88.78110430000001,91.39231325,94.00352219999999,96.61473115,99.2259401,101.83714905,104.448358
SF11C46887012282050980,15,,2019-05-18T15:00:00-0400,0.160032,0.160032,0.1708,0.032104,0.021155701872000002,0.024963714144,0.26598673515200005,1.8381846253760001,0.012520352640000001,0.0012837820160000002,0.004319999760000001,0.00128158288,0.06209948433600001,0.000463452672,0.000546829344,0.0045706739520000005,0.105015878976,0.00024324864000000002,0.000154110816,7.681536e-05,6.241248e-05,0.001103900736,0.020692249200000002,0.0244168848,0.26141606120000005,1.7331687464,0.012277104,0.0011296712000000001,0.004243184400000001,0.0012191704,0.06099558360000001,0.0,0.0,0.0,0.0,0.0,0.0,0.0,0.0,0.0,0.736568,873925.0606528383,64.178757,67.38769485,70.5966327,73.80557055,77.01450840000001,80.22344625000001,83.43238410000001,86.64132195,89.8502598,93.05919765000002,96.2681355,99.47707335000001,102.68601120000001,105.89494905000001,109.1038869,112.31282475,115.52176260000002,118.73070045,121.93963830000001,125.14857615000001,128.357514
SF11C46887012282050980,16,,2019-05-18T16:00:00-0400,0.170034,0.170034,0.189309,0.042975,0.023427014505000003,0.027643863581999998,0.29460114862500003,2.032565567034,0.0138659826,0.001415832468,0.004784619807,0.001417600902,0.068778356685,0.000492418464,0.000581006178,0.004856341074,0.11157937141199999,0.00025845168,0.000163742742,8.161632e-05,6.631325999999999e-05,0.0011728945319999999,0.022934596041000004,0.027062857404,0.289744807551,1.9209861956220002,0.01360753092,0.001252089726,0.004703003487,0.001351287642,0.067605462153,0.0,0.0,0.0,0.0,0.0,0.0,0.0,0.0,0.0,0.783801,928545.3769436406,68.155566,71.5633443,74.97112259999999,78.37890089999999,81.7866792,85.1944575,88.60223579999999,92.01001409999999,95.4177924,98.82557069999999,102.23334899999999,105.6411273,109.04890559999998,112.45668389999999,115.86446219999999,119.27224049999998,122.68001879999998,126.08779709999999,129.49557539999998,132.90335369999997,136.311132
SF11C46887012282050980,17,,2019-05-18T17:00:00-0400,0.120024,0.120024,0.137003,0.049477,0.016945365951,0.019995522876,0.21311644008100003,1.4689803973060003,0.01003021212,0.0010217209540000001,0.0034611770490000004,0.001024736774,0.04975402590300001,0.00034758950400000003,0.000410122008,0.003428005464,0.078761909232,0.00018243648000000002,0.00011558311200000001,5.7611520000000004e-05,4.6809360000000003e-05,0.000827925552,0.016597776447,0.019585400868,0.20968843461700004,1.3902184880740003,0.00984777564,0.0009061378420000001,0.0034035655290000004,0.000977927414,0.04892610035100001,0.0,0.0,0.0,0.0,0.0,0.0,0.0,0.0,0.0,0.868512,655443.7954896288,48.231256,50.6428188,53.0543816,55.4659444,57.877507200000004,60.28907,62.7006328,65.1121956,67.5237584,69.9353212,72.346884,74.7584468,77.1700096,79.5815724,81.99313520000001,84.404698,86.81626080000001,89.2278236,91.6393864,94.0509492,96.462512
SF11C46887012282050980,18,,2019-05-18T18:00:00-0400,0.070014,0.070014,0.08058,0.051627,0.009964946964,0.011758632318000001,0.12533050247400002,0.863618554692,0.00589851168,0.0006003796019999999,0.0020354556599999998,0.0006024855000000001,0.029259444432,0.00020276054400000004,0.000239237838,0.001999669854,0.045944447052,0.00010642128000000002,6.7423482e-05,3.3606720000000006e-05,2.7305460000000002e-05,0.00048295657200000003,0.009762186420000001,0.01151939448,0.12333083262000001,0.81767410764,0.0057920904,0.00053295612,0.00200184894,0.0005751800400000001,0.02877648786,0.0,0.0,0.0,0.0,0.0,0.0,0.0,0.0,0.0,0.945473,382342.2140356168,28.205981,29.61628005,31.026579100000003,32.43687815,33.847177200000004,35.25747625,36.6677753,38.07807435,39.4883734,40.89867245000001,42.3089715,43.719270550000005,45.1295696,46.53986865,47.9501677,49.36046675,50.77076580000001,52.18106485,53.591363900000005,55.001662950000004,56.411962
SF11C46887012282050980,19,,2019-05-18T19:00:00-0400,0.040008,0.040008,0.045668,0.051215,0.005648495700000001,0.006665221944,0.07103932354,0.48966351488800003,0.0033434280000000003,0.000340575856,0.0011537339640000002,0.000341581304,0.01658479434,0.000115863168,0.000136707336,0.0011426684880000001,0.026253969744,6.0812160000000004e-05,3.8527704e-05,1.920384e-05,1.560312e-05,0.000275975184,0.0055326325320000005,0.006528514608,0.069896655052,0.463409545144,0.00328261584,0.000302048152,0.001134530124,0.000325978184,0.016308819156,0.0,0.0,0.0,0.0,0.0,0.0,0.0,0.0,0.0,0.982699,218481.26516320958,16.14214,16.949247,17.756354,18.563461,19.370568000000002,20.177675,20.984782000000003,21.791889,22.598996,23.406103,24.213210000000004,25.020317000000002,25.827424,26.634531000000003,27.441638,28.248745,29.055852,29.862959000000004,30.670066000000002,31.477173,32.28428
SF11C46887012282050980,20,,2019-05-18T20:00:00-0400,0.005701,0.005701,0.006347,0.048113,0.0007854427990000001,0.000926822049,0.009877157294000002,0.068146380044,0.00046488788000000004,4.746912100000001e-05,0.00016041500099999998,4.7528276000000005e-05,0.002305947097,1.6510096000000002e-05,1.9480317e-05,0.00016282626100000002,0.003741098818,8.665520000000002e-06,5.490063000000001e-06,2.7364800000000003e-06,2.22339e-06,3.9325498e-05,0.0007689327030000001,0.000907341732,0.009714331033000002,0.064405281226,0.00045622236,4.1979058000000004e-05,0.000157678521,4.5304886e-05,0.002266621599,0.0,0.0,0.0,0.0,0.0,0.0,0.0,0.0,0.0,0.998982,31132.8157542356,2.304188,2.4193974,2.5346067999999997,2.6498162,2.7650256,2.880235,2.9954444,3.1106537999999997,3.2258632,3.3410725999999995,3.456282,3.5714913999999998,3.6867007999999997,3.8019102,3.9171195999999995,4.032329,4.1475384,4.2627478,4.377957199999999,4.4931666,4.608376
SF11C46887012282050980,21,,2019-05-18T21:00:00-0400,0.005701,0.005701,0.006085,0.045207,0.0007537017610000001,0.000889367577,0.009476156076000001,0.06548777224800001,0.00044605532,4.5736253e-05,0.000153906135,4.5658120000000004e-05,0.002212382443,1.6510096000000002e-05,1.9480317e-05,0.00016282626100000002,0.003741098818,8.665520000000002e-06,5.490063000000001e-06,2.7364800000000003e-06,2.22339e-06,3.9325498e-05,0.000737191665,0.00086988726,0.009313329815,0.06174667343,0.0004373898,4.024619e-05,0.000151169655,4.343473e-05,0.002173056945,0.0,0.0,0.0,0.0,0.0,0.0,0.0,0.0,0.0,0.999747,31132.8157542356,2.304188,2.4193974,2.5346067999999997,2.6498162,2.7650256,2.880235,2.9954444,3.1106537999999997,3.2258632,3.3410725999999995,3.456282,3.5714913999999998,3.6867007999999997,3.8019102,3.9171195999999995,4.032329,4.1475384,4.2627478,4.377957199999999,4.4931666,4.608376
SF11C46887012282050980,22,,2019-05-18T22:00:00-0400,0.005701,0.005701,0.005726,0.042477,0.0007102092700000001,0.0008380463730000001,0.008926692575,0.061844870726000006,0.0004202504,4.3361827e-05,0.000144987498,4.309557800000001e-05,0.00208417744,1.6510096000000002e-05,1.9480317e-05,0.00016282626100000002,0.003741098818,8.665520000000002e-06,5.490063000000001e-06,2.7364800000000003e-06,2.22339e-06,3.9325498e-05,0.000693699174,0.0008185660560000001,0.008763866314,0.05810377190800001,0.00041158488,3.7871764e-05,0.000142251018,4.0872188000000005e-05,0.002044851942,0.0,0.0,0.0,0.0,0.0,0.0,0.0,0.0,0.0,0.999749,31132.8157542356,2.304188,2.4193974,2.5346067999999997,2.6498162,2.7650256,2.880235,2.9954444,3.1106537999999997,3.2258632,3.3410725999999995,3.456282,3.5714913999999998,3.6867007999999997,3.8019102,3.9171195999999995,4.032329,4.1475384,4.2627478,4.377957199999999,4.4931666,4.608376
SF11C46887012282050980,23,,2019-05-18T23:00:00-0400,0.005701,0.005701,0.00528,0.039905,0.0006561768160000001,0.000774287997,0.008244072181000001,0.057319149058,0.00038819192000000003,4.0411983000000006e-05,0.00013390751999999999,3.991203e-05,0.001924903258,1.6510096000000002e-05,1.9480317e-05,0.00016282626100000002,0.003741098818,8.665520000000002e-06,5.490063000000001e-06,2.7364800000000003e-06,2.22339e-06,3.9325498e-05,0.00063966672,0.00075480768,0.00808124592,0.05357805024,0.0003795264,3.492192e-05,0.00013117104,3.768864e-05,0.00188557776,0.0,0.0,0.0,0.0,0.0,0.0,0.0,0.0,0.0,0.99975,31132.8157542356,2.304188,2.4193974,2.5346067999999997,2.6498162,2.7650256,2.880235,2.9954444,3.1106537999999997,3.2258632,3.3410725999999995,3.456282,3.5714913999999998,3.6867007999999997,3.8019102,3.9171195999999995,4.032329,4.1475384,4.2627478,4.377957199999999,4.4931666,4.608376
SF11C46887112282050980,0,,2019-05-18T00:00:00-0600,0.005701,0.005701,0.004755,0.000329,0.0026900738600000003,0.0031742882950000005,0.026531222584,0.609589886335,0.001411550497,0.000894230355,0.00044578399400000004,0.00036212752,0.006408140638000001,0.0026900738600000003,0.0031742882950000005,0.026531222584,0.609589886335,0.001411550497,0.000894230355,0.00044578399400000004,0.00036212752,0.006408140638000001,0.0,0.0,0.0,0.0,0.0,0.0,0.0,0.0,0.0,0.0,0.0,0.0,0.0,0.0,0.0,0.0,0.0,0.0,0.977516,745990.5320783829,2.365996,2.40355625,2.4411165,2.47867675,2.516237,2.55379725,2.5913575,2.62891775,2.666478,2.70403825,2.7415985000000003,2.77915875,2.816719,2.8542792500000003,2.8918395,2.92939975,2.9669600000000003,3.00452025,3.0420805,3.0796407500000003,3.117201
SF11C46887112282050980,1,,2019-05-18T01:00:00-0600,0.005701,0.005701,0.00417,0.000594,0.0026900738600000003,0.0031742882950000005,0.026531222584,0.609589886335,0.001411550497,0.000894230355,0.00044578399400000004,0.00036212752,0.006408140638000001,0.0026900738600000003,0.0031742882950000005,0.026531222584,0.609589886335,0.001411550497,0.000894230355,0.00044578399400000004,0.00036212752,0.006408140638000001,0.0,0.0,0.0,0.0,0.0,0.0,0.0,0.0,0.0,0.0,0.0,0.0,0.0,0.0,0.0,0.0,0.0,0.0,0.977516,745990.5320783829,2.365996,2.4149029,2.4638098,2.5127167,2.5616236,2.6105305,2.6594374,2.7083443,2.7572512,2.8061580999999998,2.8550649999999997,2.9039719,2.9528787999999997,3.0017857,3.0506926,3.0995995,3.1485064,3.1974133,3.2463202,3.2952271,3.344134
SF11C46887112282050980,2,,2019-05-18T02:00:00-0600,0.005701,0.005701,0.003478,0.000794,0.0026900738600000003,0.0031742882950000005,0.026531222584,0.609589886335,0.001411550497,0.000894230355,0.00044578399400000004,0.00036212752,0.006408140638000001,0.0026900738600000003,0.0031742882950000005,0.026531222584,0.609589886335,0.001411550497,0.000894230355,0.00044578399400000004,0.00036212752,0.006408140638000001,0.0,0.0,0.0,0.0,0.0,0.0,0.0,0.0,0.0,0.0,0.0,0.0,0.0,0.0,0.0,0.0,0.0,0.0,0.985011,745990.5320783829,2.365996,2.37879505,2.3915941,2.4043931499999998,2.4171922,2.42999125,2.4427903,2.45558935,2.4683884,2.4811874499999997,2.4939865,2.50678555,2.5195846,2.53238365,2.5451827,2.5579817499999997,2.5707807999999996,2.5835798499999996,2.5963789,2.60917795,2.621977
SF11C46887112282050980,3,,2019-05-18T03:00:00-0600,0.005701,0.005701,0.003028,0.000948,0.0026900738600000003,0.0031742882950000005,0.026531222584,0.609589886335,0.001411550497,0.000894230355,0.00044578399400000004,0.00036212752,0.006408140638000001,0.0026900738600000003,0.0031742882950000005,0.026531222584,0.609589886335,0.001411550497,0.000894230355,0.00044578399400000004,0.00036212752,0.006408140638000001,0.0,0.0,0.0,0.0,0.0,0.0,0.0,0.0,0.0,0.0,0.0,0.0,0.0,0.0,0.0,0.0,0.0,0.0,0.988758,745990.5320783829,2.365996,2.4842958,2.6025956,2.7208954,2.8391952,2.9574949999999998,3.0757947999999997,3.1940946,3.3123944,3.4306942,3.548994,3.6672938,3.7855936,3.9038934,4.0221932,4.140493,4.2587928,4.3770926,4.4953924,4.6136922,4.731992
SF11C46887112282050980,4,,2019-05-18T04:00:00-0600,0.005701,0.005701,0.002734,0.001072,0.0026900738600000003,0.0031742882950000005,0.026531222584,0.609589886335,0.001411550497,0.000894230355,0.00044578399400000004,0.00036212752,0.006408140638000001,0.0026900738600000003,0.0031742882950000005,0.026531222584,0.609589886335,0.001411550497,0.000894230355,0.00044578399400000004,0.00036212752,0.006408140638000001,0.0,0.0,0.0,0.0,0.0,0.0,0.0,0.0,0.0,0.0,0.0,0.0,0.0,0.0,0.0,0.0,0.0,0.0,0.991007,745990.5320783829,2.365996,2.4842958,2.6025956,2.7208954,2.8391952,2.9574949999999998,3.0757947999999997,3.1940946,3.3123944,3.4306942,3.548994,3.6672938,3.7855936,3.9038934,4.0221932,4.140493,4.2587928,4.3770926,4.4953924,4.6136922,4.731992
SF11C46887112282050980,5,,2019-05-18T05:00:00-0600,0.005701,0.005701,0.002543,0.001174,0.0026900738600000003,0.0031742882950000005,0.026531222584,0.609589886335,0.001411550497,0.000894230355,0.00044578399400000004,0.00036212752,0.006408140638000001,0.0026900738600000003,0.0031742882950000005,0.026531222584,0.609589886335,0.001411550497,0.000894230355,0.00044578399400000004,0.00036212752,0.006408140638000001,0.0,0.0,0.0,0.0,0.0,0.0,0.0,0.0,0.0,0.0,0.0,0.0,0.0,0.0,0.0,0.0,0.0,0.0,0.992505,745990.5320783829,2.365996,2.4842958,2.6025956,2.7208954,2.8391952,2.9574949999999998,3.0757947999999997,3.1940946,3.3123944,3.4306942,3.548994,3.6672938,3.7855936,3.9038934,4.0221932,4.140493,4.2587928,4.3770926,4.4953924,4.6136922,4.731992
SF11C46887112282050980,6,,2019-05-18T06:00:00-0600,0.005701,0.005701,0.002418,0.00126,0.0026900738600000003,0.0031742882950000005,0.026531222584,0.609589886335,0.001411550497,0.000894230355,0.00044578399400000004,0.00036212752,0.006408140638000001,0.0026900738600000003,0.0031742882950000005,0.026531222584,0.609589886335,0.001411550497,0.000894230355,0.00044578399400000004,0.00036212752,0.006408140638000001,0.0,0.0,0.0,0.0,0.0,0.0,0.0,0.0,0.0,0.0,0.0,0.0,0.0,0.0,0.0,0.0,0.0,0.0,0.993576,745990.5320783829,2.365996,2.4842958,2.6025956,2.7208954,2.8391952,2.9574949999999998,3.0757947999999997,3.1940946,3.3123944,3.4306942,3.548994,3.6672938,3.7855936,3.9038934,4.0221932,4.140493,4.2587928,4.3770926,4.4953924,4.6136922,4.731992
SF11C46887112282050980,7,,2019-05-18T07:00:00-0600,0.005701,0.005701,0.002337,0.001334,0.0026900738600000003,0.0031742882950000005,0.026531222584,0.609589886335,0.001411550497,0.000894230355,0.00044578399400000004,0.00036212752,0.006408140638000001,0.0026900738600000003,0.0031742882950000005,0.026531222584,0.609589886335,0.001411550497,0.000894230355,0.00044578399400000004,0.00036212752,0.006408140638000001,0.0,0.0,0.0,0.0,0.0,0.0,0.0,0.0,0.0,0.0,0.0,0.0,0.0,0.0,0.0,0.0,0.0,0.0,0.994379,745990.5320783829,2.365996,2.4842958,2.6025956,2.7208954,2.8391952,2.9574949999999998,3.0757947999999997,3.1940946,3.3123944,3.4306942,3.548994,3.6672938,3.7855936,3.9038934,4.0221932,4.140493,4.2587928,4.3770926,4.4953924,4.6136922,4.731992
SF11C46887112282050980,8,,2019-05-18T08:00:00-0600,0.005701,0.005701,0.002186,0.001393,0.0026900738600000003,0.0031742882950000005,0.026531222584,0.609589886335,0.001411550497,0.000894230355,0.00044578399400000004,0.00036212752,0.006408140638000001,0.0026900738600000003,0.0031742882950000005,0.026531222584,0.609589886335,0.001411550497,0.000894230355,0.00044578399400000004,0.00036212752,0.006408140638000001,0.0,0.0,0.0,0.0,0.0,0.0,0.0,0.0,0.0,0.0,0.0,0.0,0.0,0.0,0.0,0.0,0.0,0.0,0.995004,745990.5320783829,2.365996,2.4842958,2.6025956,2.7208954,2.8391952,2.9574949999999998,3.0757947999999997,3.1940946,3.3123944,3.4306942,3.548994,3.6672938,3.7855936,3.9038934,4.0221932,4.140493,4.2587928,4.3770926,4.4953924,4.6136922,4.731992
SF11C46887112282050980,9,,2019-05-18T09:00:00-0600,0.005701,0.005701,0.002869,0.001495,0.0026900738600000003,0.0031742882950000005,0.026531222584,0.609589886335,0.001411550497,0.000894230355,0.00044578399400000004,0.00036212752,0.006408140638000001,0.0026900738600000003,0.0031742882950000005,0.026531222584,0.609589886335,0.001411550497,0.000894230355,0.00044578399400000004,0.00036212752,0.006408140638000001,0.0,0.0,0.0,0.0,0.0,0.0,0.0,0.0,0.0,0.0,0.0,0.0,0.0,0.0,0.0,0.0,0.0,0.0,0.995503,745990.5320783829,2.365996,2.4842958,2.6025956,2.7208954,2.8391952,2.9574949999999998,3.0757947999999997,3.1940946,3.3123944,3.4306942,3.548994,3.6672938,3.7855936,3.9038934,4.0221932,4.140493,4.2587928,4.3770926,4.4953924,4.6136922,4.731992
SF11C46887112282050980,10,,2019-05-18T10:00:00-0600,0.020004,0.020004,0.012408,0.00225,0.00943908744,0.011138127180000002,0.093094295136,2.13896440734,0.0049529303880000005,0.00313772742,0.001564192776,0.0012706540799999999,0.022485256152,0.00943908744,0.011138127180000002,0.093094295136,2.13896440734,0.0049529303880000005,0.00313772742,0.001564192776,0.0012706540799999999,0.022485256152,0.0,0.0,0.0,0.0,0.0,0.0,0.0,0.0,0.0,0.0,0.0,0.0,0.0,0.0,0.0,0.0,0.0,0.0,0.973668,2617574.917329586,8.295787,8.71057635,9.125365700000001,9.540155050000001,9.9549444,10.369733750000002,10.784523100000001,11.19931245,11.6141018,12.028891150000002,12.443680500000001,12.858469850000002,13.273259200000002,13.688048550000001,14.1028379,14.51762725,14.932416600000002,15.347205950000003,15.761995300000002,16.176784650000002,16.591574
SF11C46887112282050980,11,,2019-05-18T11:00:00-0600,0.040008,0.040008,0.029264,0.004118,0.01887817488,0.022276254360000004,0.186188590272,4.27792881468,0.009905860776000001,0.00627545484,0.003128385552,0.0025413081599999997,0.044970512304,0.01887817488,0.022276254360000004,0.186188590272,4.27792881468,0.009905860776000001,0.00627545484,0.003128385552,0.0025413081599999997,0.044970512304,0.0,0.0,0.0,0.0,0.0,0.0,0.0,0.0,0.0,0.0,0.0,0.0,0.0,0.0,0.0,0.0,0.0,0.0,0.919084,5235149.834659172,16.574369,16.906219450000002,17.2380699,17.56992035,17.9017708,18.23362125,18.5654717,18.89732215,19.229172600000002,19.56102305,19.8928735,20.22472395,20.556574400000002,20.88842485,21.2202753,21.552125750000002,21.8839762,22.21582665,22.5476771,22.87952755,23.211378
SF11C46887112282050980,12,,2019-05-18T12:00:00-0600,0.070014,0.070013,0.058394,0.007871,0.03303633418,0.03898288833500001,0.325825379192,7.486268498855001,0.017335008761,0.010981889115,0.0054745965220000005,0.0044472257599999995,0.078697272494,0.03303633418,0.03898288833500001,0.325825379192,7.486268498855001,0.017335008761,0.010981889115,0.0054745965220000005,0.0044472257599999995,0.078697272494,0.0,0.0,0.0,0.0,0.0,0.0,0.0,0.0,0.0,0.0,0.0,0.0,0.0,0.0,0.0,0.0,0.0,0.0,0.837574,9161512.210653553,28.96006,29.978454749999997,30.9968495,32.01524425,33.033639,34.05203375,35.0704285,36.08882325,37.107218,38.12561275,39.1440075,40.16240225,41.180797,42.19919175,43.217586499999996,44.23598125,45.254376,46.27277075,47.291165500000005,48.309560250000004,49.327955
SF11C46887112282050980,13,,2019-05-18T13:00:00-0600,0.10002,0.100019,0.092571,0.013728,0.04719496534,0.055690079105000005,0.46546682189599997,10.694715109865,0.024764404343,0.015688480245,0.007820885686,0.006353206879999999,0.112425156722,0.04719496534,0.055690079105000005,0.46546682189599997,10.694715109865,0.024764404343,0.015688480245,0.007820885686,0.006353206879999999,0.112425156722,0.0,0.0,0.0,0.0,0.0,0.0,0.0,0.0,0.0,0.0,0.0,0.0,0.0,0.0,0.0,0.0,0.0,0.0,0.766347,13087874.58664793,41.307241,43.041632899999996,44.7760248,46.5104167,48.2448086,49.9792005,51.713592399999996,53.4479843,55.1823762,56.9167681,58.651160000000004,60.3855519,62.1199438,63.8543357,65.5887276,67.3231195,69.05751140000001,70.7919033,72.5262952,74.26068710000001,75.995079
SF11C46887112282050980,14,,2019-05-18T14:00:00-0600,0.130026,0.130025,0.130502,0.021803,0.0613535965,0.072397269875,0.6051082646,13.903161720875,0.032193799925,0.020395071375,0.01016717485,0.008259187999999999,0.14615304095,0.0613535965,0.072397269875,0.6051082646,13.903161720875,0.032193799925,0.020395071375,0.01016717485,0.008259187999999999,0.14615304095,0.0,0.0,0.0,0.0,0.0,0.0,0.0,0.0,0.0,0.0,0.0,0.0,0.0,0.0,0.0,0.0,0.0,0.0,0.717161,17014236.96264231,53.61603,55.92295415,58.2298783,60.53680245,62.843726600000004,65.15065075,67.4575749,69.76449905,72.0714232,74.37834735,76.6852715,78.99219565,81.2991198,83.60604395,85.9129681,88.21989225,90.5268164,92.83374055,95.1406647,97.44758885,99.754513
SF11C46887112282050980,15,,2019-05-18T15:00:00-0600,0.160032,0.160031,0.170679,0.032097,0.07551222766,0.08910446064500001,0.744749707304,17.111608331885,0.039623195507000004,0.025101662505,0.012513464014000001,0.01016516912,0.17988092517800003,0.07551222766,0.08910446064500001,0.744749707304,17.111608331885,0.039623195507000004,0.025101662505,0.012513464014000001,0.01016516912,0.17988092517800003,0.0,0.0,0.0,0.0,0.0,0.0,0.0,0.0,0.0,0.0,0.0,0.0,0.0,0.0,0.0,0.0,0.0,0.0,0.736568,20940599.33863669,65.886548,68.0058321,70.12511620000001,72.2444003,74.3636844,76.4829685,78.6022526,80.7215367,82.8408208,84.9601049,87.07938899999999,89.1986731,91.3179572,93.4372413,95.5565254,97.6758095,99.7950936,101.91437769999999,104.03366179999999,106.15294589999999,108.27223
SF11C46887112282050980,16,,2019-05-18T16:00:00-0600,0.170034,0.170034,0.189175,0.042959,0.08023224324,0.09467408103,0.7913015086559999,18.18119746239,0.042099908298,0.026670683069999996,0.013295638596,0.010800559679999999,0.191124677292,0.08023224324,0.09467408103,0.7913015086559999,18.18119746239,0.042099908298,0.026670683069999996,0.013295638596,0.010800559679999999,0.191124677292,0.0,0.0,0.0,0.0,0.0,0.0,0.0,0.0,0.0,0.0,0.0,0.0,0.0,0.0,0.0,0.0,0.0,0.0,0.783801,22249386.79730148,69.968236,71.4563311,72.94442620000001,74.4325213,75.9206164,77.40871150000001,78.8968066,80.3849017,81.8729968,83.3610919,84.849187,86.3372821,87.82537719999999,89.3134723,90.8015674,92.28966249999999,93.7777576,95.2658527,96.75394779999999,98.2420429,99.730138
SF11C46887112282050980,17,,2019-05-18T17:00:00-0600,0.120024,0.120025,0.136906,0.049455,0.05663499650000001,0.06682931987500002,0.5585704246000001,12.833893370875,0.029717829925,0.018826521375000002,0.00938523485,0.007623988,0.13491266095,0.05663499650000001,0.06682931987500002,0.5585704246000001,12.833893370875,0.029717829925,0.018826521375000002,0.00938523485,0.007623988,0.13491266095,0.0,0.0,0.0,0.0,0.0,0.0,0.0,0.0,0.0,0.0,0.0,0.0,0.0,0.0,0.0,0.0,0.0,0.0,0.868512,15705449.503977517,49.517359,50.043819649999996,50.5702803,51.09674095,51.6232016,52.14966225,52.676122899999996,53.20258355,53.7290442,54.25550485,54.7819655,55.30842615,55.8348868,56.36134745,56.8878081,57.41426875,57.940729399999995,58.46719005,58.993650699999996,59.52011135,60.046572
SF11C46887112282050980,18,,2019-05-18T18:00:00-0600,0.070014,0.070015,0.080523,0.051603,0.033037277899999995,0.038984001925,0.32583468676,7.486482352524999,0.017335503954999998,0.010982202824999999,0.005474752909999999,0.004447352799999999,0.07869952057,0.033037277899999995,0.038984001925,0.32583468676,7.486482352524999,0.017335503954999998,0.010982202824999999,0.005474752909999999,0.004447352799999999,0.07869952057,0.0,0.0,0.0,0.0,0.0,0.0,0.0,0.0,0.0,0.0,0.0,0.0,0.0,0.0,0.0,0.0,0.0,0.0,0.944009,9161512.210653553,28.96006,30.408063,31.856066,33.304069,34.752072,36.200075,37.648078,39.096081,40.544084,41.992087,43.44009,44.888093,46.336096,47.784099,49.232102,50.680105,52.128108,53.576111,55.024114,56.472117,57.92012
SF11C46887112282050980,19,,2019-05-18T19:00:00-0600,0.040008,0.040009,0.045635,0.051191,0.01887864674,0.022276811155000003,0.18619324405600002,4.2780357415150005,0.009906108373000001,0.006275611695000001,0.0031284637460000002,0.00254137168,0.04497163634200001,0.01887864674,0.022276811155000003,0.18619324405600002,4.2780357415150005,0.009906108373000001,0.006275611695000001,0.0031284637460000002,0.00254137168,0.04497163634200001,0.0,0.0,0.0,0.0,0.0,0.0,0.0,0.0,0.0,0.0,0.0,0.0,0.0,0.0,0.0,0.0,0.0,0.0,0.982235,5235149.834659172,16.574369,17.40308745,18.2318059,19.06052435,19.8892428,20.717961250000002,21.5466797,22.375398150000002,23.2041166,24.032835050000003,24.8615535,25.690271950000003,26.5189904,27.34770885,28.1764273,29.00514575,29.8338642,30.66258265,31.4913011,32.32001955,33.148738
SF11C46887112282050980,20,,2019-05-18T20:00:00-0600,0.005701,0.005702,0.006343,0.048089,0.0026905457199999996,0.00317484509,0.026535876368,0.6096968131699999,0.001411798094,0.0008943872099999999,0.00044586218799999995,0.00036219103999999994,0.006409264676,0.0026905457199999996,0.00317484509,0.026535876368,0.6096968131699999,0.001411798094,0.0008943872099999999,0.00044586218799999995,0.00036219103999999994,0.006409264676,0.0,0.0,0.0,0.0,0.0,0.0,0.0,0.0,0.0,0.0,0.0,0.0,0.0,0.0,0.0,0.0,0.0,0.0,0.998954,745990.5320783829,2.365996,2.4842958,2.6025956,2.7208954,2.8391952,2.9574949999999998,3.0757947999999997,3.1940946,3.3123944,3.4306942,3.548994,3.6672938,3.7855936,3.9038934,4.0221932,4.140493,4.2587928,4.3770926,4.4953924,4.6136922,4.731992
SF11C46887112282050980,21,,2019-05-18T21:00:00-0600,0.005701,0.005701,0.00608,0.045185,0.0026900738600000003,0.0031742882950000005,0.026531222584,0.609589886335,0.001411550497,0.000894230355,0.00044578399400000004,0.00036212752,0.006408140638000001,0.0026900738600000003,0.0031742882950000005,0.026531222584,0.609589886335,0.001411550497,0.000894230355,0.00044578399400000004,0.00036212752,0.006408140638000001,0.0,0.0,0.0,0.0,0.0,0.0,0.0,0.0,0.0,0.0,0.0,0.0,0.0,0.0,0.0,0.0,0.0,0.0,0.999741,745990.5320783829,2.365996,2.4842958,2.6025956,2.7208954,2.8391952,2.9574949999999998,3.0757947999999997,3.1940946,3.3123944,3.4306942,3.548994,3.6672938,3.7855936,3.9038934,4.0221932,4.140493,4.2587928,4.3770926,4.4953924,4.6136922,4.731992
SF11C46887112282050980,22,,2019-05-18T22:00:00-0600,0.005701,0.005701,0.005722,0.042456,0.0026900738600000003,0.0031742882950000005,0.026531222584,0.609589886335,0.001411550497,0.000894230355,0.00044578399400000004,0.00036212752,0.006408140638000001,0.0026900738600000003,0.0031742882950000005,0.026531222584,0.609589886335,0.001411550497,0.000894230355,0.00044578399400000004,0.00036212752,0.006408140638000001,0.0,0.0,0.0,0.0,0.0,0.0,0.0,0.0,0.0,0.0,0.0,0.0,0.0,0.0,0.0,0.0,0.0,0.0,0.999742,745990.5320783829,2.365996,2.4842958,2.6025956,2.7208954,2.8391952,2.9574949999999998,3.0757947999999997,3.1940946,3.3123944,3.4306942,3.548994,3.6672938,3.7855936,3.9038934,4.0221932,4.140493,4.2587928,4.3770926,4.4953924,4.6136922,4.731992
SF11C46887112282050980,23,,2019-05-18T23:00:00-0600,0.005701,0.005701,0.005277,0.039885,0.0026900738600000003,0.0031742882950000005,0.026531222584,0.609589886335,0.001411550497,0.000894230355,0.00044578399400000004,0.00036212752,0.006408140638000001,0.0026900738600000003,0.0031742882950000005,0.026531222584,0.609589886335,0.001411550497,0.000894230355,0.00044578399400000004,0.00036212752,0.006408140638000001,0.0,0.0,0.0,0.0,0.0,0.0,0.0,0.0,0.0,0.0,0.0,0.0,0.0,0.0,0.0,0.0,0.0,0.0,0.999744,745990.5320783829,2.365996,2.4842958,2.6025956,2.7208954,2.8391952,2.9574949999999998,3.0757947999999997,3.1940946,3.3123944,3.4306942,3.548994,3.6672938,3.7855936,3.9038934,4.0221932,4.140493,4.2587928,4.3770926,4.4953924,4.6136922,4.731992
SF11C46887212282050980,0,,2019-05-18T00:00:00-0500,0.005701,0.005701,0.004756,0.000329,0.011330572171000001,0.013370070715000001,0.111749308803,2.5675881999570005,0.005945436076,0.00376647967,0.001877635752,0.0015252683440000001,0.026991036739000003,0.011330572171000001,0.013370070715000001,0.111749308803,2.5675881999570005,0.005945436076,0.00376647967,0.001877635752,0.0015252683440000001,0.026991036739000003,0.0,0.0,0.0,0.0,0.0,0.0,0.0,0.0,0.0,0.0,0.0,0.0,0.0,0.0,0.0,0.0,0.0,0.0,0.844242,5064782.272813309,16.362014,16.72363025,17.0852465,17.446862749999998,17.808479,18.17009525,18.5317115,18.89332775,19.254944,19.61656025,19.9781765,20.33979275,20.701408999999998,21.06302525,21.4246415,21.78625775,22.147874,22.50949025,22.8711065,23.23272275,23.594339
SF11C46887212282050980,1,,2019-05-18T01:00:00-0500,0.005701,0.005701,0.003952,0.000579,0.011330572171000001,0.013370070715000001,0.111749308803,2.5675881999570005,0.005945436076,0.00376647967,0.001877635752,0.0015252683440000001,0.026991036739000003,0.011330572171000001,0.013370070715000001,0.111749308803,2.5675881999570005,0.005945436076,0.00376647967,0.001877635752,0.0015252683440000001,0.026991036739000003,0.0,0.0,0.0,0.0,0.0,0.0,0.0,0.0,0.0,0.0,0.0,0.0,0.0,0.0,0.0,0.0,0.0,0.0,0.844242,5064782.272813309,16.362014,16.80951365,17.257013299999997,17.704512949999998,18.1520126,18.59951225,19.0470119,19.49451155,19.9420112,20.38951085,20.837010499999998,21.28451015,21.7320098,22.17950945,22.627009100000002,23.07450875,23.5220084,23.96950805,24.4170077,24.86450735,25.312007
SF11C46887212282050980,2,,2019-05-18T02:00:00-0500,0.005701,0.005701,0.0034,0.000774,0.011330572171000001,0.013370070715000001,0.111749308803,2.5675881999570005,0.005945436076,0.00376647967,0.001877635752,0.0015252683440000001,0.026991036739000003,0.011330572171000001,0.013370070715000001,0.111749308803,2.5675881999570005,0.005945436076,0.00376647967,0.001877635752,0.0015252683440000001,0.026991036739000003,0.0,0.0,0.0,0.0,0.0,0.0,0.0,0.0,0.0,0.0,0.0,0.0,0.0,0.0,0.0,0.0,0.0,0.0,0.896161,5064782.272813309,16.362014,16.536210649999997,16.7104073,16.88460395,17.058800599999998,17.232997249999997,17.4071939,17.58139055,17.755587199999997,17.92978385,18.1039805,18.278177149999998,18.452373799999997,18.62657045,18.800767099999998,18.97496375,19.1491604,19.32335705,19.497553699999997,19.67175035,19.845947
SF11C46887212282050980,3,,2019-05-18T03:00:00-0500,0.005701,0.005701,0.00302,0.00093,0.011330572171000001,0.013370070715000001,0.111749308803,2.5675881999570005,0.005945436076,0.00376647967,0.001877635752,0.0015252683440000001,0.026991036739000003,0.011330572171000001,0.013370070715000001,0.111749308803,2.5675881999570005,0.005945436076,0.00376647967,0.001877635752,0.0015252683440000001,0.026991036739000003,0.0,0.0,0.0,0.0,0.0,0.0,0.0,0.0,0.0,0.0,0.0,0.0,0.0,0.0,0.0,0.0,0.0,0.0,0.922121,5064782.272813309,16.362014,16.378898149999998,16.3957823,16.41266645,16.4295506,16.446434749999998,16.463318899999997,16.48020305,16.4970872,16.51397135,16.5308555,16.54773965,16.5646238,16.58150795,16.598392099999998,16.61527625,16.6321604,16.64904455,16.665928700000002,16.68281285,16.699697
SF11C46887212282050980,4,,2019-05-18T04:00:00-0500,0.005701,0.005701,0.002759,0.001056,0.011330572171000001,0.013370070715000001,0.111749308803,2.5675881999570005,0.005945436076,0.00376647967,0.001877635752,0.0015252683440000001,0.026991036739000003,0.011330572171000001,0.013370070715000001,0.111749308803,2.5675881999570005,0.005945436076,0.00376647967,0.001877635752,0.0015252683440000001,0.026991036739000003,0.0,0.0,0.0,0.0,0.0,0.0,0.0,0.0,0.0,0.0,0.0,0.0,0.0,0.0,0.0,0.0,0.0,0.0,0.937697,5064782.272813309,16.362014,17.180114699999997,17.9982154,18.816316099999998,19.634416799999997,20.4525175,21.270618199999998,22.088718899999996,22.9068196,23.724920299999997,24.543020999999996,25.361121699999998,26.179222399999997,26.997323099999996,27.815423799999998,28.633524499999996,29.451625199999995,30.269725899999997,31.087826599999996,31.905927299999995,32.724028
SF11C46887212282050980,5,,2019-05-18T05:00:00-0500,0.005701,0.005701,0.00258,0.001162,0.011330572171000001,0.013370070715000001,0.111749308803,2.5675881999570005,0.005945436076,0.00376647967,0.001877635752,0.0015252683440000001,0.026991036739000003,0.011330572171000001,0.013370070715000001,0.111749308803,2.5675881999570005,0.005945436076,0.00376647967,0.001877635752,0.0015252683440000001,0.026991036739000003,0.0,0.0,0.0,0.0,0.0,0.0,0.0,0.0,0.0,0.0,0.0,0.0,0.0,0.0,0.0,0.0,0.0,0.0,0.948081,5064782.272813309,16.362014,17.180114699999997,17.9982154,18.816316099999998,19.634416799999997,20.4525175,21.270618199999998,22.088718899999996,22.9068196,23.724920299999997,24.543020999999996,25.361121699999998,26.179222399999997,26.997323099999996,27.815423799999998,28.633524499999996,29.451625199999995,30.269725899999997,31.087826599999996,31.905927299999995,32.724028
SF11C46887212282050980,6,,2019-05-18T06:00:00-0500,0.005701,0.005701,0.002457,0.001251,0.011330572171000001,0.013370070715000001,0.111749308803,2.5675881999570005,0.005945436076,0.00376647967,0.001877635752,0.0015252683440000001,0.026991036739000003,0.011330572171000001,0.013370070715000001,0.111749308803,2.5675881999570005,0.005945436076,0.00376647967,0.001877635752,0.0015252683440000001,0.026991036739000003,0.0,0.0,0.0,0.0,0.0,0.0,0.0,0.0,0.0,0.0,0.0,0.0,0.0,0.0,0.0,0.0,0.0,0.0,0.955498,5064782.272813309,16.362014,17.180114699999997,17.9982154,18.816316099999998,19.634416799999997,20.4525175,21.270618199999998,22.088718899999996,22.9068196,23.724920299999997,24.543020999999996,25.361121699999998,26.179222399999997,26.997323099999996,27.815423799999998,28.633524499999996,29.451625199999995,30.269725899999997,31.087826599999996,31.905927299999995,32.724028
SF11C46887212282050980,7,,2019-05-18T07:00:00-0500,0.005701,0.005701,0.002372,0.001329,0.011330572171000001,0.013370070715000001,0.111749308803,2.5675881999570005,0.005945436076,0.00376647967,0.001877635752,0.0015252683440000001,0.026991036739000003,0.011330572171000001,0.013370070715000001,0.111749308803,2.5675881999570005,0.005945436076,0.00376647967,0.001877635752,0.0015252683440000001,0.026991036739000003,0.0,0.0,0.0,0.0,0.0,0.0,0.0,0.0,0.0,0.0,0.0,0.0,0.0,0.0,0.0,0.0,0.0,0.0,0.961061,5064782.272813309,16.362014,17.180114699999997,17.9982154,18.816316099999998,19.634416799999997,20.4525175,21.270618199999998,22.088718899999996,22.9068196,23.724920299999997,24.543020999999996,25.361121699999998,26.179222399999997,26.997323099999996,27.815423799999998,28.633524499999996,29.451625199999995,30.269725899999997,31.087826599999996,31.905927299999995,32.724028
SF11C46887212282050980,8,,2019-05-18T08:00:00-0500,0.005701,0.005701,0.002186,0.001388,0.011330572171000001,0.013370070715000001,0.111749308803,2.5675881999570005,0.005945436076,0.00376647967,0.001877635752,0.0015252683440000001,0.026991036739000003,0.011330572171000001,0.013370070715000001,0.111749308803,2.5675881999570005,0.005945436076,0.00376647967,0.001877635752,0.0015252683440000001,0.026991036739000003,0.0,0.0,0.0,0.0,0.0,0.0,0.0,0.0,0.0,0.0,0.0,0.0,0.0,0.0,0.0,0.0,0.0,0.0,0.965387,5064782.272813309,16.362014,17.180114699999997,17.9982154,18.816316099999998,19.634416799999997,20.4525175,21.270618199999998,22.088718899999996,22.9068196,23.724920299999997,24.543020999999996,25.361121699999998,26.179222399999997,26.997323099999996,27.815423799999998,28.633524499999996,29.451625199999995,30.269725899999997,31.087826599999996,31.905927299999995,32.724028
SF11C46887212282050980,9,,2019-05-18T09:00:00-0500,0.005701,0.005701,0.00287,0.00149,0.011330572171000001,0.013370070715000001,0.111749308803,2.5675881999570005,0.005945436076,0.00376647967,0.001877635752,0.0015252683440000001,0.026991036739000003,0.011330572171000001,0.013370070715000001,0.111749308803,2.5675881999570005,0.005945436076,0.00376647967,0.001877635752,0.0015252683440000001,0.026991036739000003,0.0,0.0,0.0,0.0,0.0,0.0,0.0,0.0,0.0,0.0,0.0,0.0,0.0,0.0,0.0,0.0,0.0,0.0,0.968848,5064782.272813309,16.362014,17.180114699999997,17.9982154,18.816316099999998,19.634416799999997,20.4525175,21.270618199999998,22.088718899999996,22.9068196,23.724920299999997,24.543020999999996,25.361121699999998,26.179222399999997,26.997323099999996,27.815423799999998,28.633524499999996,29.451625199999995,30.269725899999997,31.087826599999996,31.905927299999995,32.724028
SF11C46887212282050980,10,,2019-05-18T10:00:00-0500,0.020004,0.020004,0.012411,0.002246,0.039757369884,0.04691368086,0.392112466812,9.009302640228,0.020861691504,0.01321604268,0.006588357408,0.0053519501760000004,0.09470771775600001,0.039757369884,0.04691368086,0.392112466812,9.009302640228,0.020861691504,0.01321604268,0.006588357408,0.0053519501760000004,0.09470771775600001,0.0,0.0,0.0,0.0,0.0,0.0,0.0,0.0,0.0,0.0,0.0,0.0,0.0,0.0,0.0,0.0,0.0,0.0,0.817584,17771602.27773328,57.117997,57.2171436,57.316290200000005,57.4154368,57.5145834,57.613730000000004,57.7128766,57.8120232,57.9111698,58.0103164,58.109463000000005,58.2086096,58.3077562,58.406902800000005,58.5060494,58.605196,58.704342600000004,58.8034892,58.9026358,59.0017824,59.100929
SF11C46887212282050980,11,,2019-05-18T11:00:00-0500,0.040008,0.040008,0.029269,0.004114,0.079514739768,0.09382736172,0.784224933624,18.018605280456,0.041723383008,0.02643208536,0.013176714816,0.010703900352000001,0.18941543551200002,0.079514739768,0.09382736172,0.784224933624,18.018605280456,0.041723383008,0.02643208536,0.013176714816,0.010703900352000001,0.18941543551200002,0.0,0.0,0.0,0.0,0.0,0.0,0.0,0.0,0.0,0.0,0.0,0.0,0.0,0.0,0.0,0.0,0.0,0.0,0.67521,35543204.55546656,113.420377,114.08084565,114.7413143,115.40178295,116.0622516,116.72272025000001,117.38318890000001,118.04365755,118.7041262,119.36459485,120.0250635,120.68553215,121.3460008,122.00646945,122.6669381,123.32740675,123.98787540000001,124.64834405,125.3088127,125.96928135,126.62975
SF11C46887212282050980,12,,2019-05-18T12:00:00-0500,0.070014,0.070014,0.058404,0.007868,0.139150794594,0.16419788301000002,1.3723936338420002,31.532559240798005,0.073015920264,0.04625614938,0.023059250928,0.018731825616,0.33147701214600006,0.139150794594,0.16419788301000002,1.3723936338420002,31.532559240798005,0.073015920264,0.04625614938,0.023059250928,0.018731825616,0.33147701214600006,0.0,0.0,0.0,0.0,0.0,0.0,0.0,0.0,0.0,0.0,0.0,0.0,0.0,0.0,0.0,0.0,0.0,0.0,0.644382,62200607.972066484,196.370098,206.1886029,216.00710780000003,225.82561270000002,235.64411760000002,245.4626225,255.2811274,265.09963230000005,274.91813720000005,284.73664210000004,294.55514700000003,304.3736519,314.1921568,324.0106617,333.8291666,343.6476715,353.4661764,363.2846813,373.1031862,382.92169110000003,392.740196
SF11C46887212282050980,13,,2019-05-18T13:00:00-0500,0.10002,0.10002,0.092587,0.013726,0.19878684942,0.2345684043,1.96056233406,45.04651320114,0.10430845752,0.06608021339999999,0.032941787039999997,0.02675975088,0.47353858878,0.19878684942,0.2345684043,1.96056233406,45.04651320114,0.10430845752,0.06608021339999999,0.032941787039999997,0.02675975088,0.47353858878,0.0,0.0,0.0,0.0,0.0,0.0,0.0,0.0,0.0,0.0,0.0,0.0,0.0,0.0,0.0,0.0,0.0,0.0,0.668988,88858011.38866639,277.549456,291.42692880000004,305.3044016,319.1818744,333.05934720000005,346.93682,360.81429280000003,374.69176560000005,388.5692384,402.44671120000004,416.32418400000006,430.2016568,444.07912960000004,457.95660240000007,471.83407520000003,485.71154800000005,499.58902080000007,513.4664936,527.3439664,541.2214392000001,555.098912
SF11C46887212282050980,14,,2019-05-18T14:00:00-0500,0.130026,0.130026,0.130525,0.021803,0.258422904246,0.30493892559,2.548731034278,58.560467161482,0.135600994776,0.08590427742,0.042824323152,0.034787676144,0.615600165414,0.258422904246,0.30493892559,2.548731034278,58.560467161482,0.135600994776,0.08590427742,0.042824323152,0.034787676144,0.615600165414,0.0,0.0,0.0,0.0,0.0,0.0,0.0,0.0,0.0,0.0,0.0,0.0,0.0,0.0,0.0,0.0,0.0,0.0,0.703836,115515414.80526632,356.996235,374.84604675,392.6958585,410.54567025,428.395482,446.24529375000003,464.09510550000005,481.94491725,499.794729,517.64454075,535.4943525,553.34416425,571.193976,589.0437877500001,606.8935995,624.74341125,642.5932230000001,660.44303475,678.2928465,696.1426582500001,713.99247
SF11C46887212282050980,15,,2019-05-18T15:00:00-0500,0.160032,0.160032,0.170708,0.032099,0.318058959072,0.37530944688,3.136899734496,72.074421121824,0.166893532032,0.10572834144,0.052706859264,0.042815601408000004,0.7576617420480001,0.318058959072,0.37530944688,3.136899734496,72.074421121824,0.166893532032,0.10572834144,0.052706859264,0.042815601408000004,0.7576617420480001,0.0,0.0,0.0,0.0,0.0,0.0,0.0,0.0,0.0,0.0,0.0,0.0,0.0,0.0,0.0,0.0,0.0,0.0,0.650219,142172818.22186625,434.747413,456.48478365,478.2221543,499.95952495,521.6968956,543.43426625,565.1716369,586.90900755,608.6463782,630.38374885,652.1211195,673.85849015,695.5958608,717.33323145,739.0706021,760.80797275,782.5453434,804.28271405,826.0200847,847.75745535,869.494826
SF11C46887212282050980,16,,2019-05-18T16:00:00-0500,0.170034,0.170034,0.189207,0.042963,0.337937644014,0.39876628730999997,3.332955967902,76.579072441938,0.17732437778399998,0.11233636277999999,0.056001037967999996,0.045491576496,0.805015600926,0.337937644014,0.39876628730999997,3.332955967902,76.579072441938,0.17732437778399998,0.11233636277999999,0.056001037967999996,0.045491576496,0.805015600926,0.0,0.0,0.0,0.0,0.0,0.0,0.0,0.0,0.0,0.0,0.0,0.0,0.0,0.0,0.0,0.0,0.0,0.0,0.628358,151058619.36073288,460.29395,483.3086475,506.323345,529.3380425,552.35274,575.3674375,598.3821350000001,621.3968325,644.41153,667.4262275,690.440925,713.4556225,736.47032,759.4850175,782.4997149999999,805.5144124999999,828.52911,851.5438075,874.558505,897.5732025,920.5879
SF11C46887212282050980,17,,2019-05-18T17:00:00-0500,0.120024,0.120024,0.13693,0.049461,0.23854421930400002,0.28148208516,2.352674800872,54.05581584136801,0.125170149024,0.07929625608,0.039530144448,0.032111701056,0.5682463065360001,0.23854421930400002,0.28148208516,2.352674800872,54.05581584136801,0.125170149024,0.07929625608,0.039530144448,0.032111701056,0.5682463065360001,0.0,0.0,0.0,0.0,0.0,0.0,0.0,0.0,0.0,0.0,0.0,0.0,0.0,0.0,0.0,0.0,0.0,0.0,0.737664,106629613.66639969,330.704185,347.23939425,363.7746035,380.30981275,396.845022,413.38023125,429.9154405,446.45064975,462.985859,479.52106825,496.0562775,512.5914867500001,529.126696,545.66190525,562.1971145,578.73232375,595.267533,611.8027422499999,628.3379515,644.87316075,661.4083700000001
SF11C46887212282050980,18,,2019-05-18T18:00:00-0500,0.070014,0.070014,0.080537,0.05161,0.139150794594,0.16419788301000002,1.3723936338420002,31.532559240798005,0.073015920264,0.04625614938,0.023059250928,0.018731825616,0.33147701214600006,0.139150794594,0.16419788301000002,1.3723936338420002,31.532559240798005,0.073015920264,0.04625614938,0.023059250928,0.018731825616,0.33147701214600006,0.0,0.0,0.0,0.0,0.0,0.0,0.0,0.0,0.0,0.0,0.0,0.0,0.0,0.0,0.0,0.0,0.0,0.0,0.846971,62200607.972066484,196.370098,206.1886029,216.00710780000003,225.82561270000002,235.64411760000002,245.4626225,255.2811274,265.09963230000005,274.91813720000005,284.73664210000004,294.55514700000003,304.3736519,314.1921568,324.0106617,333.8291666,343.6476715,353.4661764,363.2846813,373.1031862,382.92169110000003,392.740196
SF11C46887212282050980,19,,2019-05-18T19:00:00-0500,0.040008,0.040008,0.045643,0.051197,0.079514739768,0.09382736172,0.784224933624,18.018605280456,0.041723383008,0.02643208536,0.013176714816,0.010703900352000001,0.18941543551200002,0.079514739768,0.09382736172,0.784224933624,18.018605280456,0.041723383008,0.02643208536,0.013176714816,0.010703900352000001,0.18941543551200002,0.0,0.0,0.0,0.0,0.0,0.0,0.0,0.0,0.0,0.0,0.0,0.0,0.0,0.0,0.0,0.0,0.0,0.0,0.912555,35543204.55546656,113.420377,119.09139585,124.76241470000001,130.43343355000002,136.1044524,141.77547125,147.4464901,153.11750895,158.7885278,164.45954665,170.1305655,175.80158435,181.4726032,187.14362205,192.8146409,198.48565975000002,204.15667860000002,209.82769745000002,215.4987163,221.16973515,226.840754
SF11C46887212282050980,20,,2019-05-18T20:00:00-0500,0.005701,0.005701,0.006344,0.048096,0.011330572171000001,0.013370070715000001,0.111749308803,2.5675881999570005,0.005945436076,0.00376647967,0.001877635752,0.0015252683440000001,0.026991036739000003,0.011330572171000001,0.013370070715000001,0.111749308803,2.5675881999570005,0.005945436076,0.00376647967,0.001877635752,0.0015252683440000001,0.026991036739000003,0.0,0.0,0.0,0.0,0.0,0.0,0.0,0.0,0.0,0.0,0.0,0.0,0.0,0.0,0.0,0.0,0.0,0.0,0.987539,5064782.272813309,16.362014,17.180114699999997,17.9982154,18.816316099999998,19.634416799999997,20.4525175,21.270618199999998,22.088718899999996,22.9068196,23.724920299999997,24.543020999999996,25.361121699999998,26.179222399999997,26.997323099999996,27.815423799999998,28.633524499999996,29.451625199999995,30.269725899999997,31.087826599999996,31.905927299999995,32.724028
SF11C46887212282050980,21,,2019-05-18T21:00:00-0500,0.005701,0.005701,0.006081,0.04519,0.011330572171000001,0.013370070715000001,0.111749308803,2.5675881999570005,0.005945436076,0.00376647967,0.001877635752,0.0015252683440000001,0.026991036739000003,0.011330572171000001,0.013370070715000001,0.111749308803,2.5675881999570005,0.005945436076,0.00376647967,0.001877635752,0.0015252683440000001,0.026991036739000003,0.0,0.0,0.0,0.0,0.0,0.0,0.0,0.0,0.0,0.0,0.0,0.0,0.0,0.0,0.0,0.0,0.0,0.0,0.995914,5064782.272813309,16.362014,17.180114699999997,17.9982154,18.816316099999998,19.634416799999997,20.4525175,21.270618199999998,22.088718899999996,22.9068196,23.724920299999997,24.543020999999996,25.361121699999998,26.179222399999997,26.997323099999996,27.815423799999998,28.633524499999996,29.451625199999995,30.269725899999997,31.087826599999996,31.905927299999995,32.724028
SF11C46887212282050980,22,,2019-05-18T22:00:00-0500,0.005701,0.005701,0.005723,0.042461,0.011330572171000001,0.013370070715000001,0.111749308803,2.5675881999570005,0.005945436076,0.00376647967,0.001877635752,0.0015252683440000001,0.026991036739000003,0.011330572171000001,0.013370070715000001,0.111749308803,2.5675881999570005,0.005945436076,0.00376647967,0.001877635752,0.0015252683440000001,0.026991036739000003,0.0,0.0,0.0,0.0,0.0,0.0,0.0,0.0,0.0,0.0,0.0,0.0,0.0,0.0,0.0,0.0,0.0,0.0,0.995914,5064782.272813309,16.362014,17.180114699999997,17.9982154,18.816316099999998,19.634416799999997,20.4525175,21.270618199999998,22.088718899999996,22.9068196,23.724920299999997,24.543020999999996,25.361121699999998,26.179222399999997,26.997323099999996,27.815423799999998,28.633524499999996,29.451625199999995,30.269725899999997,31.087826599999996,31.905927299999995,32.724028
SF11C46887212282050980,23,,2019-05-18T23:00:00-0500,0.005701,0.005701,0.005277,0.03989,0.011330572171000001,0.013370070715000001,0.111749308803,2.5675881999570005,0.005945436076,0.00376647967,0.001877635752,0.0015252683440000001,0.026991036739000003,0.011330572171000001,0.013370070715000001,0.111749308803,2.5675881999570005,0.005945436076,0.00376647967,0.001877635752,0.0015252683440000001,0.026991036739000003,0.0,0.0,0.0,0.0,0.0,0.0,0.0,0.0,0.0,0.0,0.0,0.0,0.0,0.0,0.0,0.0,0.0,0.0,0.995914,5064782.272813309,16.362014,17.180114699999997,17.9982154,18.816316099999998,19.634416799999997,20.4525175,21.270618199999998,22.088718899999996,22.9068196,23.724920299999997,24.543020999999996,25.361121699999998,26.179222399999997,26.997323099999996,27.815423799999998,28.633524499999996,29.451625199999995,30.269725899999997,31.087826599999996,31.905927299999995,32.724028
SF11C46887312282050980,0,,2019-05-18T00:00:00-0500,0.005701,0.005701,0.004756,0.000329,0.003292076656,0.003884655699,0.032468580343,0.7460086592549999,0.0017274372060000001,0.001094346857,0.000545545793,0.00044316723500000004,0.007842204384,0.003292076656,0.003884655699,0.032468580343,0.7460086592549999,0.0017274372060000001,0.001094346857,0.000545545793,0.00044316723500000004,0.007842204384,0.0,0.0,0.0,0.0,0.0,0.0,0.0,0.0,0.0,0.0,0.0,0.0,0.0,0.0,0.0,0.0,0.0,0.0,0.961061,1040991.7636491952,4.096793,4.13656265,4.1763323,4.21610195,4.2558716,4.29564125,4.335410899999999,4.37518055,4.4149502,4.45471985,4.4944895,4.53425915,4.5740288,4.61379845,4.653568099999999,4.6933377499999995,4.7331074,4.77287705,4.8126467,4.8524163499999995,4.892186
SF11C46887312282050980,1,,2019-05-18T01:00:00-0500,0.005701,0.005701,0.003952,0.000579,0.003292076656,0.003884655699,0.032468580343,0.7460086592549999,0.0017274372060000001,0.001094346857,0.000545545793,0.00044316723500000004,0.007842204384,0.003292076656,0.003884655699,0.032468580343,0.7460086592549999,0.0017274372060000001,0.001094346857,0.000545545793,0.00044316723500000004,0.007842204384,0.0,0.0,0.0,0.0,0.0,0.0,0.0,0.0,0.0,0.0,0.0,0.0,0.0,0.0,0.0,0.0,0.0,0.0,0.961061,1040991.7636491952,4.096793,4.1543702,4.2119474,4.2695246,4.3271018,4.384679,4.4422562,4.4998334,4.5574106,4.6149878,4.6725650000000005,4.7301422,4.7877194,4.8452966,4.9028738,4.960451,5.0180282,5.075605400000001,5.1331826000000005,5.1907598,5.248337
SF11C46887312282050980,2,,2019-05-18T02:00:00-0500,0.005701,0.005701,0.0034,0.000774,0.003292076656,0.003884655699,0.032468580343,0.7460086592549999,0.0017274372060000001,0.001094346857,0.000545545793,0.00044316723500000004,0.007842204384,0.003292076656,0.003884655699,0.032468580343,0.7460086592549999,0.0017274372060000001,0.001094346857,0.000545545793,0.00044316723500000004,0.007842204384,0.0,0.0,0.0,0.0,0.0,0.0,0.0,0.0,0.0,0.0,0.0,0.0,0.0,0.0,0.0,0.0,0.0,0.0,0.97404,1040991.7636491952,4.096793,4.09770195,4.0986109,4.09951985,4.1004287999999995,4.10133775,4.1022467,4.10315565,4.1040646,4.1049735499999995,4.1058825,4.10679145,4.1077004,4.10860935,4.1095182999999995,4.11042725,4.1113362,4.11224515,4.1131541,4.1140630499999995,4.114972
SF11C46887312282050980,3,,2019-05-18T03:00:00-0500,0.005701,0.005701,0.00302,0.00093,0.003292076656,0.003884655699,0.032468580343,0.7460086592549999,0.0017274372060000001,0.001094346857,0.000545545793,0.00044316723500000004,0.007842204384,0.003292076656,0.003884655699,0.032468580343,0.7460086592549999,0.0017274372060000001,0.001094346857,0.000545545793,0.00044316723500000004,0.007842204384,0.0,0.0,0.0,0.0,0.0,0.0,0.0,0.0,0.0,0.0,0.0,0.0,0.0,0.0,0.0,0.0,0.0,0.0,0.98053,1040991.7636491952,4.096793,4.30163265,4.5064722999999995,4.71131195,4.9161516,5.120991249999999,5.3258309,5.53067055,5.7355102,5.94034985,6.1451895,6.350029149999999,6.5548687999999995,6.75970845,6.9645481,7.16938775,7.3742274,7.579067049999999,7.783906699999999,7.9887463499999996,8.193586
SF11C46887312282050980,4,,2019-05-18T04:00:00-0500,0.005701,0.005701,0.002759,0.001056,0.003292076656,0.003884655699,0.032468580343,0.7460086592549999,0.0017274372060000001,0.001094346857,0.000545545793,0.00044316723500000004,0.007842204384,0.003292076656,0.003884655699,0.032468580343,0.7460086592549999,0.0017274372060000001,0.001094346857,0.000545545793,0.00044316723500000004,0.007842204384,0.0,0.0,0.0,0.0,0.0,0.0,0.0,0.0,0.0,0.0,0.0,0.0,0.0,0.0,0.0,0.0,0.0,0.0,0.984424,1040991.7636491952,4.096793,4.30163265,4.5064722999999995,4.71131195,4.9161516,5.120991249999999,5.3258309,5.53067055,5.7355102,5.94034985,6.1451895,6.350029149999999,6.5548687999999995,6.75970845,6.9645481,7.16938775,7.3742274,7.579067049999999,7.783906699999999,7.9887463499999996,8.193586
SF11C46887312282050980,5,,2019-05-18T05:00:00-0500,0.005701,0.005701,0.00258,0.001162,0.003292076656,0.003884655699,0.032468580343,0.7460086592549999,0.0017274372060000001,0.001094346857,0.000545545793,0.00044316723500000004,0.007842204384,0.003292076656,0.003884655699,0.032468580343,0.7460086592549999,0.0017274372060000001,0.001094346857,0.000545545793,0.00044316723500000004,0.007842204384,0.0,0.0,0.0,0.0,0.0,0.0,0.0,0.0,0.0,0.0,0.0,0.0,0.0,0.0,0.0,0.0,0.0,0.0,0.98702,1040991.7636491952,4.096793,4.30163265,4.5064722999999995,4.71131195,4.9161516,5.120991249999999,5.3258309,5.53067055,5.7355102,5.94034985,6.1451895,6.350029149999999,6.5548687999999995,6.75970845,6.9645481,7.16938775,7.3742274,7.579067049999999,7.783906699999999,7.9887463499999996,8.193586
SF11C46887312282050980,6,,2019-05-18T06:00:00-0500,0.005701,0.005701,0.002457,0.001251,0.003292076656,0.003884655699,0.032468580343,0.7460086592549999,0.0017274372060000001,0.001094346857,0.000545545793,0.00044316723500000004,0.007842204384,0.003292076656,0.003884655699,0.032468580343,0.7460086592549999,0.0017274372060000001,0.001094346857,0.000545545793,0.00044316723500000004,0.007842204384,0.0,0.0,0.0,0.0,0.0,0.0,0.0,0.0,0.0,0.0,0.0,0.0,0.0,0.0,0.0,0.0,0.0,0.0,0.988874,1040991.7636491952,4.096793,4.30163265,4.5064722999999995,4.71131195,4.9161516,5.120991249999999,5.3258309,5.53067055,5.7355102,5.94034985,6.1451895,6.350029149999999,6.5548687999999995,6.75970845,6.9645481,7.16938775,7.3742274,7.579067049999999,7.783906699999999,7.9887463499999996,8.193586
SF11C46887312282050980,7,,2019-05-18T07:00:00-0500,0.005701,0.005701,0.002372,0.001329,0.003292076656,0.003884655699,0.032468580343,0.7460086592549999,0.0017274372060000001,0.001094346857,0.000545545793,0.00044316723500000004,0.007842204384,0.003292076656,0.003884655699,0.032468580343,0.7460086592549999,0.0017274372060000001,0.001094346857,0.000545545793,0.00044316723500000004,0.007842204384,0.0,0.0,0.0,0.0,0.0,0.0,0.0,0.0,0.0,0.0,0.0,0.0,0.0,0.0,0.0,0.0,0.0,0.0,0.990265,1040991.7636491952,4.096793,4.30163265,4.5064722999999995,4.71131195,4.9161516,5.120991249999999,5.3258309,5.53067055,5.7355102,5.94034985,6.1451895,6.350029149999999,6.5548687999999995,6.75970845,6.9645481,7.16938775,7.3742274,7.579067049999999,7.783906699999999,7.9887463499999996,8.193586
SF11C46887312282050980,8,,2019-05-18T08:00:00-0500,0.005701,0.005701,0.002186,0.001388,0.003292076656,0.003884655699,0.032468580343,0.7460086592549999,0.0017274372060000001,0.001094346857,0.000545545793,0.00044316723500000004,0.007842204384,0.003292076656,0.003884655699,0.032468580343,0.7460086592549999,0.0017274372060000001,0.001094346857,0.000545545793,0.00044316723500000004,0.007842204384,0.0,0.0,0.0,0.0,0.0,0.0,0.0,0.0,0.0,0.0,0.0,0.0,0.0,0.0,0.0,0.0,0.0,0.0,0.991347,1040991.7636491952,4.096793,4.30163265,4.5064722999999995,4.71131195,4.9161516,5.120991249999999,5.3258309,5.53067055,5.7355102,5.94034985,6.1451895,6.350029149999999,6.5548687999999995,6.75970845,6.9645481,7.16938775,7.3742274,7.579067049999999,7.783906699999999,7.9887463499999996,8.193586
SF11C46887312282050980,9,,2019-05-18T09:00:00-0500,0.005701,0.005701,0.00287,0.00149,0.003292076656,0.003884655699,0.032468580343,0.7460086592549999,0.0017274372060000001,0.001094346857,0.000545545793,0.00044316723500000004,0.007842204384,0.003292076656,0.003884655699,0.032468580343,0.7460086592549999,0.0017274372060000001,0.001094346857,0.000545545793,0.00044316723500000004,0.007842204384,0.0,0.0,0.0,0.0,0.0,0.0,0.0,0.0,0.0,0.0,0.0,0.0,0.0,0.0,0.0,0.0,0.0,0.0,0.992212,1040991.7636491952,4.096793,4.30163265,4.5064722999999995,4.71131195,4.9161516,5.120991249999999,5.3258309,5.53067055,5.7355102,5.94034985,6.1451895,6.350029149999999,6.5548687999999995,6.75970845,6.9645481,7.16938775,7.3742274,7.579067049999999,7.783906699999999,7.9887463499999996,8.193586
SF11C46887312282050980,10,,2019-05-18T10:00:00-0500,0.020004,0.020004,0.012411,0.002246,0.011551429824,0.013630705596000001,0.11392764097199999,2.6176385230199997,0.006061332024,0.0038399078279999998,0.0019142427720000002,0.00155501094,0.027517182336,0.011551429824,0.013630705596000001,0.11392764097199999,2.6176385230199997,0.006061332024,0.0038399078279999998,0.0019142427720000002,0.00155501094,0.027517182336,0.0,0.0,0.0,0.0,0.0,0.0,0.0,0.0,0.0,0.0,0.0,0.0,0.0,0.0,0.0,0.0,0.0,0.0,0.954396,3652692.3767827577,14.356606,15.074436299999999,15.7922666,16.5100969,17.2279272,17.9457575,18.6635878,19.381418099999998,20.0992484,20.8170787,21.534909,22.2527393,22.970569599999997,23.6883999,24.406230199999996,25.1240605,25.841890799999998,26.559721099999997,27.2775514,27.995381699999996,28.713212
SF11C46887312282050980,11,,2019-05-18T11:00:00-0500,0.040008,0.040008,0.029269,0.004114,0.023102859648,0.027261411192000002,0.22785528194399998,5.235277046039999,0.012122664048,0.0076798156559999995,0.0038284855440000004,0.00311002188,0.055034364672,0.023102859648,0.027261411192000002,0.22785528194399998,5.235277046039999,0.012122664048,0.0076798156559999995,0.0038284855440000004,0.00311002188,0.055034364672,0.0,0.0,0.0,0.0,0.0,0.0,0.0,0.0,0.0,0.0,0.0,0.0,0.0,0.0,0.0,0.0,0.0,0.0,0.859862,7305384.753565515,28.661685,29.050016149999998,29.4383473,29.82667845,30.2150096,30.60334075,30.9916719,31.38000305,31.768334199999998,32.15666535,32.544996499999996,32.93332765,33.3216588,33.70998995,34.0983211,34.48665225,34.8749834,35.263314550000004,35.6516457,36.03997685,36.428308
SF11C46887312282050980,12,,2019-05-18T12:00:00-0500,0.070014,0.070014,0.058404,0.007868,0.040430004384000004,0.047707469586,0.398746743402,9.16173483057,0.021214662084000004,0.013439677398,0.006699849702000001,0.005442538290000001,0.09631013817600001,0.040430004384000004,0.047707469586,0.398746743402,9.16173483057,0.021214662084000004,0.013439677398,0.006699849702000001,0.005442538290000001,0.09631013817600001,0.0,0.0,0.0,0.0,0.0,0.0,0.0,0.0,0.0,0.0,0.0,0.0,0.0,0.0,0.0,0.0,0.0,0.0,0.718694,12784423.318739653,50.023092,51.39277465,52.7624573,54.132139949999996,55.5018226,56.87150525,58.2411879,59.61087055,60.9805532,62.350235850000004,63.719918500000006,65.08960115000001,66.45928380000001,67.82896645,69.19864910000001,70.56833175,71.9380144,73.30769705,74.6773797,76.04706235,77.416745
SF11C46887312282050980,13,,2019-05-18T13:00:00-0500,0.10002,0.10002,0.092587,0.013726,0.05775714912,0.06815352797999999,0.5696382048599999,13.088192615099999,0.03030666012,0.01919953914,0.00957121386,0.0077750547,0.13758591167999998,0.05775714912,0.06815352797999999,0.5696382048599999,13.088192615099999,0.03030666012,0.01919953914,0.00957121386,0.0077750547,0.13758591167999998,0.0,0.0,0.0,0.0,0.0,0.0,0.0,0.0,0.0,0.0,0.0,0.0,0.0,0.0,0.0,0.0,0.0,0.0,0.668988,18263461.883913785,71.269598,72.99234005,74.7150821,76.43782415,78.1605662,79.88330825,81.6060503,83.32879235,85.05153440000001,86.77427645,88.4970185,90.21976055,91.94250260000001,93.66524465,95.3879867,97.11072875,98.8334708,100.55621285000001,102.2789549,104.00169695,105.724439
SF11C46887312282050980,14,,2019-05-18T14:00:00-0500,0.130026,0.130026,0.130525,0.021803,0.075084293856,0.088599586374,0.740529666318,17.01465039963,0.039398658156,0.024959400882,0.012442578018,0.01010757111,0.178861685184,0.075084293856,0.088599586374,0.740529666318,17.01465039963,0.039398658156,0.024959400882,0.012442578018,0.01010757111,0.178861685184,0.0,0.0,0.0,0.0,0.0,0.0,0.0,0.0,0.0,0.0,0.0,0.0,0.0,0.0,0.0,0.0,0.0,0.0,0.703836,23742500.449087925,92.401821,93.5696767,94.73753239999999,95.9053881,97.0732438,98.24109949999999,99.4089552,100.5768109,101.7446666,102.91252229999999,104.080378,105.2482337,106.4160894,107.5839451,108.7518008,109.9196565,111.08751219999999,112.2553679,113.4232236,114.59107929999999,115.758935
SF11C46887312282050980,15,,2019-05-18T15:00:00-0500,0.160032,0.160032,0.170708,0.032099,0.092411438592,0.10904564476800001,0.9114211277759999,20.941108184159997,0.048490656192,0.030719262623999998,0.015313942176000002,0.01244008752,0.220137458688,0.092411438592,0.10904564476800001,0.9114211277759999,20.941108184159997,0.048490656192,0.030719262623999998,0.015313942176000002,0.01244008752,0.220137458688,0.0,0.0,0.0,0.0,0.0,0.0,0.0,0.0,0.0,0.0,0.0,0.0,0.0,0.0,0.0,0.0,0.0,0.0,0.736568,29221539.01426206,113.420377,113.86035955,114.3003421,114.74032465,115.1803072,115.62028975,116.06027230000001,116.50025485,116.9402374,117.38021995,117.8202025,118.26018505,118.7001676,119.14015015,119.58013270000001,120.02011525,120.4600978,120.90008035,121.34006289999999,121.78004545,122.220028
SF11C46887312282050980,16,,2019-05-18T16:00:00-0500,0.170034,0.170034,0.189207,0.042963,0.098187153504,0.11586099756599999,0.9683849482619998,22.249927445669996,0.051521322204,0.032639216538,0.016271063561999997,0.013217592989999999,0.23389604985599996,0.098187153504,0.11586099756599999,0.9683849482619998,22.249927445669996,0.051521322204,0.032639216538,0.016271063561999997,0.013217592989999999,0.23389604985599996,0.0,0.0,0.0,0.0,0.0,0.0,0.0,0.0,0.0,0.0,0.0,0.0,0.0,0.0,0.0,0.0,0.0,0.0,0.783801,31047885.202653438,120.401408,126.4214784,132.4415488,138.4616192,144.4816896,150.50176,156.5218304,162.5419008,168.56197120000002,174.5820416,180.602112,186.62218239999999,192.6422528,198.6623232,204.6823936,210.70246400000002,216.7225344,222.74260479999998,228.7626752,234.7827456,240.802816
SF11C46887312282050980,17,,2019-05-18T17:00:00-0500,0.120024,0.120024,0.13693,0.049461,0.069308578944,0.081784233576,0.683565845832,15.705831138119999,0.036367992144,0.023039446968,0.011485456632,0.00933006564,0.16510309401599998,0.069308578944,0.081784233576,0.683565845832,15.705831138119999,0.036367992144,0.023039446968,0.011485456632,0.00933006564,0.16510309401599998,0.0,0.0,0.0,0.0,0.0,0.0,0.0,0.0,0.0,0.0,0.0,0.0,0.0,0.0,0.0,0.0,0.0,0.0,0.868512,21916154.260696545,85.370407,89.63892735,93.9074477,98.17596805,102.4444884,106.71300875,110.9815291,115.25004945,119.5185698,123.78709015000001,128.0556105,132.32413085000002,136.5926512,140.86117155,145.1296919,149.39821225,153.6667326,157.93525295,162.20377330000002,166.47229364999998,170.740814
SF11C46887312282050980,18,,2019-05-18T18:00:00-0500,0.070014,0.070014,0.080537,0.05161,0.040430004384000004,0.047707469586,0.398746743402,9.16173483057,0.021214662084000004,0.013439677398,0.006699849702000001,0.005442538290000001,0.09631013817600001,0.040430004384000004,0.047707469586,0.398746743402,9.16173483057,0.021214662084000004,0.013439677398,0.006699849702000001,0.005442538290000001,0.09631013817600001,0.0,0.0,0.0,0.0,0.0,0.0,0.0,0.0,0.0,0.0,0.0,0.0,0.0,0.0,0.0,0.0,0.0,0.0,0.929029,12784423.318739653,50.023092,52.5242466,55.0254012,57.5265558,60.0277104,62.528864999999996,65.0300196,67.5311742,70.0323288,72.5334834,75.034638,77.5357926,80.0369472,82.53810179999999,85.0392564,87.540411,90.0415656,92.54272019999999,95.0438748,97.5450294,100.046184
SF11C46887312282050980,19,,2019-05-18T19:00:00-0500,0.040008,0.040008,0.045643,0.051197,0.023102859648,0.027261411192000002,0.22785528194399998,5.235277046039999,0.012122664048,0.0076798156559999995,0.0038284855440000004,0.00311002188,0.055034364672,0.023102859648,0.027261411192000002,0.22785528194399998,5.235277046039999,0.012122664048,0.0076798156559999995,0.0038284855440000004,0.00311002188,0.055034364672,0.0,0.0,0.0,0.0,0.0,0.0,0.0,0.0,0.0,0.0,0.0,0.0,0.0,0.0,0.0,0.0,0.0,0.0,0.969233,7305384.753565515,28.661685,30.09476925,31.5278535,32.96093775,34.394022,35.82710625,37.26019049999999,38.69327475,40.126358999999994,41.55944325,42.992527499999994,44.425611749999995,45.858695999999995,47.291780249999995,48.724864499999995,50.157948749999996,51.591032999999996,53.024117249999996,54.4572015,55.89028575,57.32337
SF11C46887312282050980,20,,2019-05-18T20:00:00-0500,0.005701,0.005701,0.006344,0.048096,0.003292076656,0.003884655699,0.032468580343,0.7460086592549999,0.0017274372060000001,0.001094346857,0.000545545793,0.00044316723500000004,0.007842204384,0.003292076656,0.003884655699,0.032468580343,0.7460086592549999,0.0017274372060000001,0.001094346857,0.000545545793,0.00044316723500000004,0.007842204384,0.0,0.0,0.0,0.0,0.0,0.0,0.0,0.0,0.0,0.0,0.0,0.0,0.0,0.0,0.0,0.0,0.0,0.0,0.998189,1040991.7636491952,4.096793,4.30163265,4.5064722999999995,4.71131195,4.9161516,5.120991249999999,5.3258309,5.53067055,5.7355102,5.94034985,6.1451895,6.350029149999999,6.5548687999999995,6.75970845,6.9645481,7.16938775,7.3742274,7.579067049999999,7.783906699999999,7.9887463499999996,8.193586
SF11C46887312282050980,21,,2019-05-18T21:00:00-0500,0.005701,0.005701,0.006081,0.04519,0.003292076656,0.003884655699,0.032468580343,0.7460086592549999,0.0017274372060000001,0.001094346857,0.000545545793,0.00044316723500000004,0.007842204384,0.003292076656,0.003884655699,0.032468580343,0.7460086592549999,0.0017274372060000001,0.001094346857,0.000545545793,0.00044316723500000004,0.007842204384,0.0,0.0,0.0,0.0,0.0,0.0,0.0,0.0,0.0,0.0,0.0,0.0,0.0,0.0,0.0,0.0,0.0,0.0,0.999551,1040991.7636491952,4.096793,4.30163265,4.5064722999999995,4.71131195,4.9161516,5.120991249999999,5.3258309,5.53067055,5.7355102,5.94034985,6.1451895,6.350029149999999,6.5548687999999995,6.75970845,6.9645481,7.16938775,7.3742274,7.579067049999999,7.783906699999999,7.9887463499999996,8.193586
SF11C46887312282050980,22,,2019-05-18T22:00:00-0500,0.005701,0.005701,0.005723,0.042461,0.003292076656,0.003884655699,0.032468580343,0.7460086592549999,0.0017274372060000001,0.001094346857,0.000545545793,0.00044316723500000004,0.007842204384,0.003292076656,0.003884655699,0.032468580343,0.7460086592549999,0.0017274372060000001,0.001094346857,0.000545545793,0.00044316723500000004,0.007842204384,0.0,0.0,0.0,0.0,0.0,0.0,0.0,0.0,0.0,0.0,0.0,0.0,0.0,0.0,0.0,0.0,0.0,0.0,0.999553,1040991.7636491952,4.096793,4.30163265,4.5064722999999995,4.71131195,4.9161516,5.120991249999999,5.3258309,5.53067055,5.7355102,5.94034985,6.1451895,6.350029149999999,6.5548687999999995,6.75970845,6.9645481,7.16938775,7.3742274,7.579067049999999,7.783906699999999,7.9887463499999996,8.193586
SF11C46887312282050980,23,,2019-05-18T23:00:00-0500,0.005701,0.005701,0.005277,0.03989,0.003292076656,0.003884655699,0.032468580343,0.7460086592549999,0.0017274372060000001,0.001094346857,0.000545545793,0.00044316723500000004,0.007842204384,0.003292076656,0.003884655699,0.032468580343,0.7460086592549999,0.0017274372060000001,0.001094346857,0.000545545793,0.00044316723500000004,0.007842204384,0.0,0.0,0.0,0.0,0.0,0.0,0.0,0.0,0.0,0.0,0.0,0.0,0.0,0.0,0.0,0.0,0.0,0.0,0.999556,1040991.7636491952,4.096793,4.30163265,4.5064722999999995,4.71131195,4.9161516,5.120991249999999,5.3258309,5.53067055,5.7355102,5.94034985,6.1451895,6.350029149999999,6.5548687999999995,6.75970845,6.9645481,7.16938775,7.3742274,7.579067049999999,7.783906699999999,7.9887463499999996,8.193586
SF11C46887412282050980,0,,2019-05-18T00:00:00-0600,0.005701,0.005701,0.004403,0.000304,0.012058405974,0.014228914318,0.138163146297,1.740851802122,0.006803503306,0.002079737752,0.0022713928599999997,0.001097779615,0.032651273336,0.005116288337000001,0.006037216475,0.050460075492,1.1593869549420002,0.0026846465080000003,0.001700745124,0.000847841318,0.0006887321090000001,0.012187723222,0.006942117636999999,0.008191697843,0.087703070805,0.5814648471799999,0.004118856798,0.00037899262799999996,0.001423551542,0.000409047506,0.020463550113999997,0.0,0.0,0.0,0.0,0.0,0.0,0.0,0.0,0.0,0.875583,2411864.8766740947,13.075148,13.11784865,13.1605493,13.20324995,13.2459506,13.288651250000001,13.331351900000001,13.37405255,13.4167532,13.459453850000001,13.5021545,13.54485515,13.5875558,13.630256450000001,13.672957100000001,13.71565775,13.7583584,13.801059050000001,13.8437597,13.88646035,13.929161
SF11C46887412282050980,1,,2019-05-18T01:00:00-0600,0.005701,0.005701,0.003775,0.000544,0.011068251562,0.01306053225,0.125654055117,1.657917456442,0.006216030658000001,0.002025682024,0.0020683516680000003,0.001039437159,0.029732556671999998,0.005116288337000001,0.006037216475,0.050460075492,1.1593869549420002,0.0026846465080000003,0.001700745124,0.000847841318,0.0006887321090000001,0.012187723222,0.005951963225,0.007023315775,0.075193979625,0.4985305015,0.00353138415,0.0003249369,0.00122051035,0.00035070505,0.01754483345,0.0,0.0,0.0,0.0,0.0,0.0,0.0,0.0,0.0,0.875583,2411864.8766740947,13.075148,13.1594057,13.2436634,13.327921100000001,13.4121788,13.4964365,13.5806942,13.6649519,13.7492096,13.8334673,13.917725,14.0019827,14.0862404,14.1704981,14.2547558,14.3390135,14.4232712,14.5075289,14.591786599999999,14.6760443,14.760302
SF11C46887412282050980,2,,2019-05-18T02:00:00-0600,0.005701,0.005701,0.003325,0.000737,0.010358746012,0.012223315799999999,0.116690534367,1.5984899794420002,0.005795070958,0.001986947824,0.001922860368,0.000997631259,0.027641119571999998,0.005116288337000001,0.006037216475,0.050460075492,1.1593869549420002,0.0026846465080000003,0.001700745124,0.000847841318,0.0006887321090000001,0.012187723222,0.005242457674999999,0.006186099325,0.066230458875,0.4391030245,0.00311042445,0.00028620269999999996,0.00107501905,0.00030889914999999995,0.015453396349999999,0.0,0.0,0.0,0.0,0.0,0.0,0.0,0.0,0.0,0.917055,2411864.8766740947,13.075148,13.7289054,14.3826628,15.0364202,15.6901776,16.343935000000002,16.997692400000002,17.6514498,18.3052072,18.9589646,19.612722,20.2664794,20.9202368,21.5739942,22.2277516,22.881509,23.5352664,24.1890238,24.8427812,25.4965386,26.150296
SF11C46887412282050980,3,,2019-05-18T03:00:00-0600,0.005701,0.005701,0.003003,0.000893,0.009851055374000002,0.011624240918,0.110276637297,1.555966318122,0.0054938509060000005,0.001959231352,0.00181875326,0.0009677168150000001,0.026144580135999997,0.005116288337000001,0.006037216475,0.050460075492,1.1593869549420002,0.0026846465080000003,0.001700745124,0.000847841318,0.0006887321090000001,0.012187723222,0.004734767037,0.005587024443,0.059816561805,0.39657936318,0.002809204398,0.000258486228,0.000970911942,0.000278984706,0.013956856913999999,0.0,0.0,0.0,0.0,0.0,0.0,0.0,0.0,0.0,0.937791,2411864.8766740947,13.075148,13.7289054,14.3826628,15.0364202,15.6901776,16.343935000000002,16.997692400000002,17.6514498,18.3052072,18.9589646,19.612722,20.2664794,20.9202368,21.5739942,22.2277516,22.881509,23.5352664,24.1890238,24.8427812,25.4965386,26.150296
SF11C46887412282050980,4,,2019-05-18T04:00:00-0600,0.005701,0.005701,0.002771,0.001023,0.009485265846,0.011192609326,0.105655444377,1.5253281522020001,0.005276822794,0.00193926172,0.001743744412,0.000946163551,0.02506632812,0.005116288337000001,0.006037216475,0.050460075492,1.1593869549420002,0.0026846465080000003,0.001700745124,0.000847841318,0.0006887321090000001,0.012187723222,0.004368977509,0.0051553928510000005,0.055195368885000005,0.36594119726,0.002592176286,0.000238516596,0.000895903094,0.000257431442,0.012878604897999999,0.0,0.0,0.0,0.0,0.0,0.0,0.0,0.0,0.0,0.950233,2411864.8766740947,13.075148,13.7289054,14.3826628,15.0364202,15.6901776,16.343935000000002,16.997692400000002,17.6514498,18.3052072,18.9589646,19.612722,20.2664794,20.9202368,21.5739942,22.2277516,22.881509,23.5352664,24.1890238,24.8427812,25.4965386,26.150296
SF11C46887412282050980,5,,2019-05-18T05:00:00-0600,0.005701,0.005701,0.002606,0.001133,0.009225113811,0.010885629961,0.102368820102,1.5035380773020002,0.005122470904,0.00192505918,0.001690397602,0.000930834721,0.02429946785,0.005116288337000001,0.006037216475,0.050460075492,1.1593869549420002,0.0026846465080000003,0.001700745124,0.000847841318,0.0006887321090000001,0.012187723222,0.004108825474,0.004848413486,0.05190874461,0.34415112235999995,0.002437824396,0.00022431405599999997,0.0008425562839999999,0.00024210261199999997,0.012111744627999998,0.0,0.0,0.0,0.0,0.0,0.0,0.0,0.0,0.0,0.958528,2411864.8766740947,13.075148,13.7289054,14.3826628,15.0364202,15.6901776,16.343935000000002,16.997692400000002,17.6514498,18.3052072,18.9589646,19.612722,20.2664794,20.9202368,21.5739942,22.2277516,22.881509,23.5352664,24.1890238,24.8427812,25.4965386,26.150296
SF11C46887412282050980,6,,2019-05-18T06:00:00-0600,0.005701,0.005701,0.002487,0.001226,0.00903748901,0.010664232722,0.099998466837,1.4878228111620002,0.005011150450000001,0.001914816136,0.001651923236,0.0009197793830000001,0.023746398927999998,0.005116288337000001,0.006037216475,0.050460075492,1.1593869549420002,0.0026846465080000003,0.001700745124,0.000847841318,0.0006887321090000001,0.012187723222,0.003921200673,0.004627016247000001,0.049538391345,0.32843585622,0.0023265039420000003,0.000214071012,0.000804081918,0.000231047274,0.011558675705999999,0.0,0.0,0.0,0.0,0.0,0.0,0.0,0.0,0.0,0.964452,2411864.8766740947,13.075148,13.7289054,14.3826628,15.0364202,15.6901776,16.343935000000002,16.997692400000002,17.6514498,18.3052072,18.9589646,19.612722,20.2664794,20.9202368,21.5739942,22.2277516,22.881509,23.5352664,24.1890238,24.8427812,25.4965386,26.150296
SF11C46887412282050980,7,,2019-05-18T07:00:00-0600,0.005701,0.005701,0.002402,0.001308,0.008903471295000001,0.010506091837,0.09830535736200001,1.4765976210620002,0.00493163584,0.001907499676,0.001624441546,0.0009118827130000001,0.023351349698,0.005116288337000001,0.006037216475,0.050460075492,1.1593869549420002,0.0026846465080000003,0.001700745124,0.000847841318,0.0006887321090000001,0.012187723222,0.003787182958,0.004468875362,0.047845281870000006,0.31721066612,0.002246989332,0.000206754552,0.000776600228,0.000223150604,0.011163626476,0.0,0.0,0.0,0.0,0.0,0.0,0.0,0.0,0.0,0.968896,2411864.8766740947,13.075148,13.7289054,14.3826628,15.0364202,15.6901776,16.343935000000002,16.997692400000002,17.6514498,18.3052072,18.9589646,19.612722,20.2664794,20.9202368,21.5739942,22.2277516,22.881509,23.5352664,24.1890238,24.8427812,25.4965386,26.150296
SF11C46887412282050980,8,,2019-05-18T08:00:00-0600,0.005701,0.005701,0.002187,0.001368,0.008564485310000002,0.010106088422,0.09402278633700001,1.4482044931620002,0.00473051065,0.001888993336,0.001554929036,0.0008919087830000001,0.022352107528,0.005116288337000001,0.006037216475,0.050460075492,1.1593869549420002,0.0026846465080000003,0.001700745124,0.000847841318,0.0006887321090000001,0.012187723222,0.003448196973,0.004068871947,0.043562710845000005,0.28881753822,0.002045864142,0.000188248212,0.0007070877180000001,0.000203176674,0.010164384306,0.0,0.0,0.0,0.0,0.0,0.0,0.0,0.0,0.0,0.972352,2411864.8766740947,13.075148,13.7289054,14.3826628,15.0364202,15.6901776,16.343935000000002,16.997692400000002,17.6514498,18.3052072,18.9589646,19.612722,20.2664794,20.9202368,21.5739942,22.2277516,22.881509,23.5352664,24.1890238,24.8427812,25.4965386,26.150296
SF11C46887412282050980,9,,2019-05-18T09:00:00-0600,0.005701,0.005701,0.002871,0.001472,0.009642933746,0.011378657426,0.10764733787700001,1.538534258202,0.005370369394000001,0.0019478693199999999,0.001776075812,0.000955453751,0.02553109192,0.005116288337000001,0.006037216475,0.050460075492,1.1593869549420002,0.0026846465080000003,0.001700745124,0.000847841318,0.0006887321090000001,0.012187723222,0.004526645409,0.0053414409509999995,0.057187262385,0.37914730325999996,0.002685722886,0.00024712419599999996,0.0009282344939999999,0.00026672164199999997,0.013343368698,0.0,0.0,0.0,0.0,0.0,0.0,0.0,0.0,0.0,0.975117,2411864.8766740947,13.075148,13.7289054,14.3826628,15.0364202,15.6901776,16.343935000000002,16.997692400000002,17.6514498,18.3052072,18.9589646,19.612722,20.2664794,20.9202368,21.5739942,22.2277516,22.881509,23.5352664,24.1890238,24.8427812,25.4965386,26.150296
SF11C46887412282050980,10,,2019-05-18T10:00:00-0600,0.020004,0.020004,0.012417,0.002229,0.037529952891,0.044285328477,0.424390660263,5.707926484188,0.021035724954,0.007036478987999999,0.00698954481,0.00357022737,0.10047471233399999,0.017952329748,0.0211837359,0.177057244368,4.068124302168,0.009420043632,0.005967673295999999,0.002974954872,0.0024166632360000002,0.042764991288,0.019577623143,0.023101592577,0.247333415895,1.63980218202,0.011615681321999999,0.001068805692,0.0040145899379999996,0.0011535641339999998,0.057709721045999994,0.0,0.0,0.0,0.0,0.0,0.0,0.0,0.0,0.0,0.854288,8462891.596735412,45.691024,47.9755752,50.2601264,52.5446776,54.829228799999996,57.11378,59.3983312,61.6828824,63.9674336,66.2519848,68.536536,70.8210872,73.1056384,75.3901896,77.6747408,79.959292,82.2438432,84.5283944,86.8129456,89.0974968,91.382048
SF11C46887412282050980,11,,2019-05-18T11:00:00-0600,0.040008,0.040008,0.029285,0.0041,0.08207770401100001,0.096851657885,0.937440500211,12.003656746436,0.046235209074,0.014456082252,0.015418160234,0.007553961542,0.22163606140599998,0.035904659496,0.0423674718,0.354114488736,8.136248604336,0.018840087264,0.011935346591999999,0.005949909744,0.0048333264720000005,0.085529982576,0.046173044515,0.054484186085,0.583326011475,3.8674081421,0.02739512181,0.00252073566,0.00946825049,0.0027206350699999996,0.13610607882999998,0.0,0.0,0.0,0.0,0.0,0.0,0.0,0.0,0.0,0.67521,16925783.193470825,90.86013,95.4031365,99.94614299999999,104.4891495,109.032156,113.5751625,118.118169,122.6611755,127.204182,131.7471885,136.29019499999998,140.8332015,145.376208,149.9192145,154.462221,159.0052275,163.54823399999998,168.0912405,172.634247,177.1772535,181.72026
SF11C46887412282050980,12,,2019-05-18T12:00:00-0600,0.070014,0.070014,0.058436,0.007857,0.154967968162,0.182862143366,1.7836832409480001,21.955555159748002,0.087635043888,0.025916793672,0.029305518956,0.013887142598000002,0.421266843676,0.06283315411800001,0.07414307565,0.619700355288,14.238435057588001,0.032970152712,0.020886856536,0.010412342052,0.008458321326,0.149677469508,0.092134814044,0.10871906771600001,1.16398288566,7.71712010216,0.054664891176,0.005029937136,0.018893176904,0.005428821272,0.271589374168,0.0,0.0,0.0,0.0,0.0,0.0,0.0,0.0,0.0,0.644382,29620120.588573948,157.648216,165.5306268,173.4130376,181.2954484,189.1778592,197.06027,204.9426808,212.82509159999998,220.70750239999998,228.58991319999998,236.472324,244.3547348,252.2371456,260.11955639999996,268.00196719999997,275.88437799999997,283.7667888,291.6491996,299.5316104,307.4140212,315.296432
SF11C46887412282050980,13,,2019-05-18T13:00:00-0600,0.10002,0.10002,0.092637,0.01372,0.235820461263,0.278268057897,2.730516603435,32.57436192606,0.13375898200199998,0.037812188892,0.04482561337799999,0.020689478754,0.644368197846,0.08976164874,0.1059186795,0.8852862218399999,20.34062151084,0.04710021816,0.029838366479999996,0.014874774359999999,0.01208331618,0.21382495644,0.146058812523,0.17234937839699999,1.845230381595,12.23374041522,0.086658763842,0.007973822412,0.029950839017999997,0.008606162573999999,0.430543241406,0.0,0.0,0.0,0.0,0.0,0.0,0.0,0.0,0.0,0.668988,42314457.98367706,223.295221,234.45998205,245.6247431,256.78950414999997,267.9542652,279.11902625,290.2837873,301.44854835,312.6133094,323.77807045,334.9428315,346.10759255,357.2723536,368.43711465,379.6018757,390.76663675,401.9313978,413.09615885,424.2609199,435.42568095,446.59044199999994
SF11C46887412282050980,14,,2019-05-18T14:00:00-0600,0.130026,0.130026,0.130595,0.021801,0.322596537367,0.38066379954499996,3.752185404717,43.689322094792004,0.183397465878,0.05003097164399999,0.06156039849799999,0.027840847724,0.8849307279819999,0.11669014336200001,0.13769428335,1.150872088392,26.442807964092,0.061230283608,0.038789876423999996,0.019337206667999998,0.015708311034,0.277972443372,0.20590639400499997,0.24296951619499998,2.6013133163249997,17.2465141307,0.12216718227,0.011241095219999999,0.04222319182999999,0.01213253669,0.6069582846099999,0.0,0.0,0.0,0.0,0.0,0.0,0.0,0.0,0.0,0.703836,55008795.378780186,287.82064,302.211672,316.602704,330.993736,345.384768,359.7758,374.166832,388.55786400000005,402.94889600000005,417.33992800000004,431.73096000000004,446.12199200000003,460.51302400000003,474.904056,489.2950880000001,503.6861200000001,518.0771520000001,532.4681840000001,546.8592160000001,561.250248,575.64128
SF11C46887412282050980,15,,2019-05-18T15:00:00-0600,0.160032,0.160032,0.1708,0.032104,0.412915411184,0.48724004200000004,4.818612052944,55.101023465344,0.235137941856,0.062443167168,0.07902167017600001,0.035200967488,1.135936500704,0.143618637984,0.1694698872,1.416457954944,32.544994417344,0.075360349056,0.047741386367999995,0.023799638976,0.019333305888000002,0.342119930304,0.2692967732,0.31777015480000004,3.4021540980000005,22.556029048,0.1597775928,0.014701780800000001,0.0552220312,0.0158676616,0.7938165704,0.0,0.0,0.0,0.0,0.0,0.0,0.0,0.0,0.0,0.7206,67703132.7738833,351.243634,368.8058157,386.3679974,403.9301791,421.4923608,439.05454249999997,456.6167242,474.1789059,491.7410876,509.3032693,526.865451,544.4276327,561.9898144,579.5519961,597.1141778,614.6763595,632.2385412,649.8007229,667.3629046,684.9250863,702.487268
SF11C46887412282050980,16,,2019-05-18T16:00:00-0600,0.170034,0.170034,0.189309,0.042975,0.451074327669,0.532267552779,5.275820243043,59.579403775968004,0.257162503866,0.0670201845,0.086493366438,0.038128822224,1.24334212809,0.152594802858,0.18006175515,1.5049865771279998,34.579056568428,0.08007037087199999,0.05072522301599999,0.025287116412,0.020541637506,0.363502425948,0.298479524811,0.352205797629,3.770833665915,25.00034720754,0.177092132994,0.016294961484,0.061206250026,0.017587184718,0.879839702142,0.0,0.0,0.0,0.0,0.0,0.0,0.0,0.0,0.0,0.703137,71934578.572251,372.142914,390.7500597,409.3572054,427.96435110000004,446.57149680000003,465.1786425,483.7857882,502.3929339,521.0000796,539.6072253,558.214371,576.8215167000001,595.4286624,614.0358081,632.6429538,651.2500995,669.8572452000001,688.4643909,707.0715366,725.6786823,744.285828
SF11C46887412282050980,17,,2019-05-18T17:00:00-0600,0.120024,0.120024,0.137003,0.049477,0.323723731525,0.38199389384300003,3.7912973180130005,42.501507216188,0.18468191019000002,0.047598710004,0.062144717174,0.027227832122,0.893330296642,0.107713978488,0.1271024154,1.062343466208,24.408745813008,0.056520261792,0.035806039776,0.017849729232,0.014499979416000001,0.256589947728,0.216009753037,0.25489147844300003,2.7289538518050005,18.092761403180003,0.128161648398,0.011792670228,0.044294987942,0.012727852706000001,0.636740348914,0.0,0.0,0.0,0.0,0.0,0.0,0.0,0.0,0.0,0.79045,50777349.58041248,266.435598,279.75737790000005,293.0791578,306.40093770000004,319.7227176,333.04449750000003,346.36627740000006,359.6880573,373.00983720000005,386.3316171,399.65339700000004,412.97517690000006,426.29695680000003,439.6187367,452.9405166,466.26229650000005,479.5840764000001,492.90585630000004,506.2276362,519.5494161,532.871196
SF11C46887412282050980,18,,2019-05-18T18:00:00-0600,0.070014,0.070014,0.08058,0.051627,0.189881947938,0.22406063463,2.224768137588,24.879915272388,0.108350002992,0.027822860616,0.036464984172,0.015944364486,0.524184139548,0.06283315411800001,0.07414307565,0.619700355288,14.238435057588001,0.032970152712,0.020886856536,0.010412342052,0.008458321326,0.149677469508,0.12704879382,0.14991755898,1.6050677823000001,10.6414802148,0.07537985028,0.00693600408,0.02605264212,0.00748604316,0.37450667004,0.0,0.0,0.0,0.0,0.0,0.0,0.0,0.0,0.0,0.877762,29620120.588573948,157.648216,165.5306268,173.4130376,181.2954484,189.1778592,197.06027,204.9426808,212.82509159999998,220.70750239999998,228.58991319999998,236.472324,244.3547348,252.2371456,260.11955639999996,268.00196719999997,275.88437799999997,283.7667888,291.6491996,299.5316104,307.4140212,315.296432
SF11C46887412282050980,19,,2019-05-18T19:00:00-0600,0.040008,0.040008,0.045668,0.051215,0.10790843606799999,0.127331918108,1.2637724123160001,14.167213092415999,0.061560948552,0.01586626536,0.020715013496000002,0.009075975008,0.29777831476,0.035904659496,0.0423674718,0.354114488736,8.136248604336,0.018840087264,0.011935346591999999,0.005949909744,0.0048333264720000005,0.085529982576,0.072003776572,0.084964446308,0.9096579235800001,6.0309644880799995,0.042720861288,0.003930918768,0.014765103752,0.004242648536,0.212248332184,0.0,0.0,0.0,0.0,0.0,0.0,0.0,0.0,0.0,0.93015,16925783.193470825,90.86013,95.4031365,99.94614299999999,104.4891495,109.032156,113.5751625,118.118169,122.6611755,127.204182,131.7471885,136.29019499999998,140.8332015,145.376208,149.9192145,154.462221,159.0052275,163.54823399999998,168.0912405,172.634247,177.1772535,181.72026
SF11C46887412282050980,20,,2019-05-18T20:00:00-0600,0.005701,0.005701,0.006347,0.048113,0.015123469950000001,0.017845689382000002,0.176885555937,1.9975785027620003,0.00862204921,0.0022470694959999997,0.002899915276,0.0012783811030000001,0.041686281608,0.005116288337000001,0.006037216475,0.050460075492,1.1593869549420002,0.0026846465080000003,0.001700745124,0.000847841318,0.0006887321090000001,0.012187723222,0.010007181613,0.011808472907000002,0.12642548044500002,0.83819154782,0.005937402702,0.000546324372,0.002052073958,0.0005896489940000001,0.029498558386,0.0,0.0,0.0,0.0,0.0,0.0,0.0,0.0,0.0,0.990047,2411864.8766740947,13.075148,13.7289054,14.3826628,15.0364202,15.6901776,16.343935000000002,16.997692400000002,17.6514498,18.3052072,18.9589646,19.612722,20.2664794,20.9202368,21.5739942,22.2277516,22.881509,23.5352664,24.1890238,24.8427812,25.4965386,26.150296
SF11C46887412282050980,21,,2019-05-18T21:00:00-0600,0.005701,0.005701,0.006085,0.045207,0.014710380052,0.01735824336,0.17166679496700002,1.9629785050420003,0.008376957118,0.002224517584,0.002815207008,0.001254040779,0.040468600452,0.005116288337000001,0.006037216475,0.050460075492,1.1593869549420002,0.0026846465080000003,0.001700745124,0.000847841318,0.0006887321090000001,0.012187723222,0.009594091715,0.011321026885,0.12120671947500002,0.8035915501,0.00569231061,0.00052377246,0.00196736569,0.00056530867,0.028280877229999998,0.0,0.0,0.0,0.0,0.0,0.0,0.0,0.0,0.0,0.997393,2411864.8766740947,13.075148,13.7289054,14.3826628,15.0364202,15.6901776,16.343935000000002,16.997692400000002,17.6514498,18.3052072,18.9589646,19.612722,20.2664794,20.9202368,21.5739942,22.2277516,22.881509,23.5352664,24.1890238,24.8427812,25.4965386,26.150296
SF11C46887412282050980,22,,2019-05-18T22:00:00-0600,0.005701,0.005701,0.005726,0.042477,0.014144352291,0.016690330681,0.164515897302,1.915568584502,0.008041124824,0.0021936163,0.002699137282,0.0012206889610000002,0.03880009841,0.005116288337000001,0.006037216475,0.050460075492,1.1593869549420002,0.0026846465080000003,0.001700745124,0.000847841318,0.0006887321090000001,0.012187723222,0.009028063954,0.010653114206,0.11405582181000001,0.75618162956,0.005356478316,0.000492871176,0.001851295964,0.000531956852,0.026612375187999998,0.0,0.0,0.0,0.0,0.0,0.0,0.0,0.0,0.0,0.997393,2411864.8766740947,13.075148,13.7289054,14.3826628,15.0364202,15.6901776,16.343935000000002,16.997692400000002,17.6514498,18.3052072,18.9589646,19.612722,20.2664794,20.9202368,21.5739942,22.2277516,22.881509,23.5352664,24.1890238,24.8427812,25.4965386,26.150296
SF11C46887412282050980,23,,2019-05-18T23:00:00-0600,0.005701,0.005701,0.00528,0.039905,0.013441153457000001,0.015860556155,0.155632052292,1.856669351742,0.007623906988,0.002155226404,0.002554939238,0.0011792546690000002,0.036727251862,0.005116288337000001,0.006037216475,0.050460075492,1.1593869549420002,0.0026846465080000003,0.001700745124,0.000847841318,0.0006887321090000001,0.012187723222,0.00832486512,0.00982333968,0.10517197680000001,0.6972823968,0.00493926048,0.00045448128,0.0017070979199999999,0.00049052256,0.02453952864,0.0,0.0,0.0,0.0,0.0,0.0,0.0,0.0,0.0,0.997393,2411864.8766740947,13.075148,13.7289054,14.3826628,15.0364202,15.6901776,16.343935000000002,16.997692400000002,17.6514498,18.3052072,18.9589646,19.612722,20.2664794,20.9202368,21.5739942,22.2277516,22.881509,23.5352664,24.1890238,24.8427812,25.4965386,26.150296
SF11C46887512282050980,0,,2019-05-18T00:00:00-0700,0.005701,0.005701,0.004742,0.000329,0.043936549938,0.051845123130999995,0.5223108989049999,5.369018408858,0.025257224319,0.005683449405000001,0.008544435445,0.003483794997,0.12282626600899998,0.011823303900000002,0.013951492901000001,0.116608932419,2.6792444912440003,0.006203982127000001,0.0039302751010000005,0.0019592911750000003,0.0015915994790000002,0.028164792825,0.032113246038,0.037893630229999996,0.40570196648599993,2.689773917614,0.019053242191999997,0.0017531743039999998,0.006585144269999999,0.001892195518,0.09466147318399999,0.0,0.0,0.0,0.0,0.0,0.0,0.0,0.0,0.0,0.91904,5607220.121445168,8.513007,9.0543621,9.5957172,10.1370723,10.6784274,11.2197825,11.761137600000001,12.3024927,12.8438478,13.385202900000001,13.926558,14.4679131,15.009268200000001,15.550623300000002,16.091978400000002,16.6333335,17.174688600000003,17.7160437,18.257398800000004,18.7987539,19.340109
SF11C46887512282050980,1,,2019-05-18T01:00:00-0700,0.005701,0.005701,0.004172,0.000594,0.040076459208,0.047290216081,0.473544530095,5.045701004168,0.022966977999000004,0.0054727135650000005,0.007752884995000001,0.0032563484670000004,0.111447725369,0.011823303900000002,0.013951492901000001,0.116608932419,2.6792444912440003,0.006203982127000001,0.0039302751010000005,0.0019592911750000003,0.0015915994790000002,0.028164792825,0.028253155308000003,0.03333872318,0.356935597676,2.366456512924,0.016762995872000003,0.001542438464,0.00579359382,0.0016647489880000001,0.083282932544,0.0,0.0,0.0,0.0,0.0,0.0,0.0,0.0,0.0,0.91904,5607220.121445168,8.513007,9.104811,9.696615,10.288419,10.880223,11.472027,12.063831,12.655635,13.247439,13.839243,14.431047,15.022851,15.614654999999999,16.206459,16.798263,17.390067000000002,17.981870999999998,18.573675,19.165478999999998,19.757283,20.349086999999997
SF11C46887512282050980,2,,2019-05-18T02:00:00-0700,0.005701,0.005701,0.00348,0.000794,0.03539017362000001,0.041760399101000004,0.414340447259,4.653182330404,0.020186538607000003,0.0052168728610000005,0.0067919149750000005,0.002980220399,0.09763377778499999,0.011823303900000002,0.013951492901000001,0.116608932419,2.6792444912440003,0.006203982127000001,0.0039302751010000005,0.0019592911750000003,0.0015915994790000002,0.028164792825,0.02356686972,0.0278089062,0.29773151484,1.97393783916,0.01398255648,0.00128659776,0.0048326238,0.0013886209200000001,0.06946898496,0.0,0.0,0.0,0.0,0.0,0.0,0.0,0.0,0.0,0.946027,5607220.121445168,8.513007,8.86606775,9.2191285,9.572189250000001,9.92525,10.27831075,10.6313715,10.984432250000001,11.337493,11.69055375,12.0436145,12.396675250000001,12.749736,13.10279675,13.4558575,13.808918250000001,14.161979,14.51503975,14.8681005,15.221161250000002,15.574222
SF11C46887512282050980,3,,2019-05-18T03:00:00-0700,0.005701,0.005701,0.003029,0.000948,0.032335961481,0.038156428786,0.375755127376,4.397364524237,0.018374431431000003,0.005050132749000001,0.006165618040000001,0.0028002583200000004,0.088630757033,0.011823303900000002,0.013951492901000001,0.116608932419,2.6792444912440003,0.006203982127000001,0.0039302751010000005,0.0019592911750000003,0.0015915994790000002,0.028164792825,0.020512657581,0.024204935885,0.259146194957,1.718120032993,0.012170449304,0.001119857648,0.004206326865,0.0012086588410000002,0.060465964207999996,0.0,0.0,0.0,0.0,0.0,0.0,0.0,0.0,0.0,0.95952,5607220.121445168,8.513007,8.7321905,8.951374,9.170557500000001,9.389741,9.6089245,9.828108,10.0472915,10.266475,10.4856585,10.704842,10.9240255,11.143209,11.3623925,11.581576,11.8007595,12.019943000000001,12.239126500000001,12.45831,12.6774935,12.896677
SF11C46887512282050980,4,,2019-05-18T04:00:00-0700,0.005701,0.005701,0.002735,0.001072,0.030344967315000002,0.035807055676,0.350601947674,4.230600810239,0.017193146487000002,0.004941437421,0.00575734465,0.0026829437940000004,0.082761825545,0.011823303900000002,0.013951492901000001,0.116608932419,2.6792444912440003,0.006203982127000001,0.0039302751010000005,0.0019592911750000003,0.0015915994790000002,0.028164792825,0.018521663415,0.021855562775,0.233993015255,1.5513563189950001,0.01098916436,0.00101116232,0.003798053475,0.001091344315,0.05459703272,0.0,0.0,0.0,0.0,0.0,0.0,0.0,0.0,0.0,0.967616,5607220.121445168,8.513007,8.6454569,8.7779068,8.9103567,9.0428066,9.1752565,9.3077064,9.4401563,9.572606200000001,9.7050561,9.837506000000001,9.9699559,10.1024058,10.2348557,10.3673056,10.499755500000001,10.6322054,10.764655300000001,10.8971052,11.0295551,11.162005
SF11C46887512282050980,5,,2019-05-18T05:00:00-0700,0.005701,0.005701,0.002544,0.001174,0.029051498316000002,0.034280762261,0.33426093637099996,4.122261118492,0.016425713071,0.004870822429000001,0.005492105815,0.002606729255,0.078949016313,0.011823303900000002,0.013951492901000001,0.116608932419,2.6792444912440003,0.006203982127000001,0.0039302751010000005,0.0019592911750000003,0.0015915994790000002,0.028164792825,0.017228194416,0.02032926936,0.21765200395199996,1.4430166272479998,0.010221730944,0.0009405473279999999,0.0035328146399999996,0.001015129776,0.05078422348799999,0.0,0.0,0.0,0.0,0.0,0.0,0.0,0.0,0.0,0.973013,5607220.121445168,8.513007,8.5841823,8.6553576,8.7265329,8.7977082,8.868883499999999,8.9400588,9.0112341,9.0824094,9.1535847,9.22476,9.2959353,9.3671106,9.4382859,9.5094612,9.5806365,9.651811799999999,9.7229871,9.7941624,9.8653377,9.936513
SF11C46887512282050980,6,,2019-05-18T06:00:00-0700,0.005701,0.005701,0.002419,0.00126,0.028204987191000005,0.033281879136,0.32356655724600003,4.051358178867,0.015923466071,0.004824608429000001,0.00531852019,0.0025568506300000004,0.076453722313,0.011823303900000002,0.013951492901000001,0.116608932419,2.6792444912440003,0.006203982127000001,0.0039302751010000005,0.0019592911750000003,0.0015915994790000002,0.028164792825,0.016381683291000003,0.019330386235,0.206957624827,1.372113687623,0.009719483944,0.000894333328,0.003359229015,0.0009652511510000001,0.048288929488,0.0,0.0,0.0,0.0,0.0,0.0,0.0,0.0,0.0,0.976869,5607220.121445168,8.513007,8.5382422,8.5634774,8.588712600000001,8.6139478,8.639183,8.6644182,8.689653400000001,8.7148886,8.7401238,8.765359,8.790594200000001,8.8158294,8.8410646,8.8662998,8.891535000000001,8.9167702,8.9420054,8.9672406,8.992475800000001,9.017711
SF11C46887512282050980,7,,2019-05-18T07:00:00-0700,0.005701,0.005701,0.002338,0.001334,0.027656447982000003,0.032634602871,0.31663659957299994,4.005413073990001,0.015598010015,0.004794661757,0.005206036705,0.0025245292810000004,0.07483677180099998,0.011823303900000002,0.013951492901000001,0.116608932419,2.6792444912440003,0.006203982127000001,0.0039302751010000005,0.0019592911750000003,0.0015915994790000002,0.028164792825,0.015833144082,0.018683109969999997,0.20002766715399997,1.326168582746,0.009394027888,0.0008643866559999998,0.0032467455299999997,0.0009329298019999999,0.04667197897599999,0.0,0.0,0.0,0.0,0.0,0.0,0.0,0.0,0.0,0.97976,5607220.121445168,8.513007,8.93865735,9.3643077,9.78995805,10.2156084,10.64125875,11.0669091,11.49255945,11.9182098,12.343860150000001,12.769510499999999,13.19516085,13.6208112,14.04646155,14.4721119,14.89776225,15.323412600000001,15.749062949999999,16.1747133,16.60036365,17.026014
SF11C46887512282050980,8,,2019-05-18T08:00:00-0700,0.005701,0.005701,0.002186,0.001393,0.026627090454000003,0.031419960991,0.303632234557,3.919195099406,0.014987277663,0.004738465533000001,0.004994956585,0.0024638768730000002,0.071802494297,0.011823303900000002,0.013951492901000001,0.116608932419,2.6792444912440003,0.006203982127000001,0.0039302751010000005,0.0019592911750000003,0.0015915994790000002,0.028164792825,0.014803786554000001,0.01746846809,0.187023302138,1.239950608162,0.008783295536,0.000808190432,0.00303566541,0.000872277394,0.043637701471999996,0.0,0.0,0.0,0.0,0.0,0.0,0.0,0.0,0.0,0.982009,5607220.121445168,8.513007,8.93865735,9.3643077,9.78995805,10.2156084,10.64125875,11.0669091,11.49255945,11.9182098,12.343860150000001,12.769510499999999,13.19516085,13.6208112,14.04646155,14.4721119,14.89776225,15.323412600000001,15.749062949999999,16.1747133,16.60036365,17.026014
SF11C46887512282050980,9,,2019-05-18T09:00:00-0700,0.005701,0.005701,0.002868,0.001495,0.031245655152000004,0.036869867321,0.361980767063,4.306041538000001,0.017727537294999998,0.004990609117,0.005942039755,0.002736014651,0.08541681836099999,0.011823303900000002,0.013951492901000001,0.116608932419,2.6792444912440003,0.006203982127000001,0.0039302751010000005,0.0019592911750000003,0.0015915994790000002,0.028164792825,0.019422351252,0.02291837442,0.24537183464399998,1.626797046756,0.011523555167999999,0.001060334016,0.00398274858,0.001144415172,0.05725202553599999,0.0,0.0,0.0,0.0,0.0,0.0,0.0,0.0,0.0,0.983808,5607220.121445168,8.513007,8.93865735,9.3643077,9.78995805,10.2156084,10.64125875,11.0669091,11.49255945,11.9182098,12.343860150000001,12.769510499999999,13.19516085,13.6208112,14.04646155,14.4721119,14.89776225,15.323412600000001,15.749062949999999,16.1747133,16.60036365,17.026014
SF11C46887512282050980,10,,2019-05-18T10:00:00-0700,0.020004,0.020003,0.012382,0.00225,0.125336227698,0.147896728433,1.468486160963,16.423980348826,0.071518383513,0.018367862187,0.024069228695,0.010525194615,0.345995163439,0.041484221700000004,0.048951361603,0.40914374235699996,9.400618761332,0.021767804681,0.013790088203000001,0.006874531025,0.005584417537,0.09882132097499999,0.08385200599800001,0.09894536683,1.059342418606,7.0233615874940005,0.049750578832,0.004577773984,0.017194697670000002,0.004940777078000001,0.247173842464,0.0,0.0,0.0,0.0,0.0,0.0,0.0,0.0,0.0,0.905184,19674939.713978097,29.791271,30.6246366,31.4580022,32.291367799999996,33.1247334,33.958099,34.7914646,35.6248302,36.4581958,37.2915614,38.124927,38.9582926,39.7916582,40.625023799999994,41.4583894,42.291754999999995,43.125120599999995,43.958486199999996,44.791851799999996,45.6252174,46.458583
SF11C46887512282050980,11,,2019-05-18T11:00:00-0700,0.040008,0.040007,0.029218,0.004118,0.280837413702,0.331388107577,3.318054893027,35.374844202814,0.160933920357,0.038383111023,0.054324004055,0.022827943575000002,0.780907583011,0.0829705173,0.097905170407,0.818307938833,18.801707483108,0.043536697589,0.027580865807,0.013749405725,0.011169114253,0.19764758227499998,0.197866896402,0.23348293717000002,2.499746954194,16.573136719706,0.117397222768,0.010802245216,0.04057459833,0.011658829322,0.583260000736,0.0,0.0,0.0,0.0,0.0,0.0,0.0,0.0,0.0,0.708636,39349879.42795619,59.360663,63.452546250000005,67.5444295,71.63631275,75.728196,79.82007925,83.9119625,88.00384575000001,92.095729,96.18761225,100.27949550000001,104.37137875,108.46326200000001,112.55514525000001,116.6470285,120.73891175,124.83079500000001,128.92267825,133.0145615,137.10644475,141.198328
SF11C46887512282050980,12,,2019-05-18T12:00:00-0700,0.070014,0.070013,0.058315,0.007871,0.540114330735,0.637334839088,6.421195982942,65.980979959627,0.310498307391,0.069826787493,0.10504288355,0.04281553546200001,1.5099915311049998,0.14519996070000002,0.17133588361300003,1.4320542335470001,32.903340565772005,0.076190036951,0.04826703221300001,0.024061717775,0.019546159327000004,0.345886974225,0.394914370035,0.465998955475,4.989141749394999,33.077639393855,0.23430827044,0.02155975528,0.08098116577499999,0.023269376135000002,1.16410455688,0.0,0.0,0.0,0.0,0.0,0.0,0.0,0.0,0.0,0.644382,68862288.99892335,103.302336,109.49274405,115.6831521,121.87356015,128.0639682,134.25437625,140.44478429999998,146.63519235,152.82560039999998,159.01600845000002,165.2064165,171.39682455000002,177.5872326,183.77764065,189.9680487,196.15845675,202.3488648,208.53927285,214.7296809,220.92008895,227.110497
SF11C46887512282050980,13,,2019-05-18T13:00:00-0700,0.10002,0.100019,0.092478,0.013728,0.833698650642,0.9837643058890001,9.957758870034999,99.46067005356201,0.480417760841,0.10314342495500001,0.162796841255,0.064824608263,2.3402047544310003,0.2074294041,0.244766596819,2.0458005282609997,47.004973648436,0.108843376313,0.068953198619,0.034374029825,0.027923204401,0.49412636617499994,0.626269246542,0.7389977090700001,7.911958341774,52.455696405126005,0.371574384528,0.034190226336,0.12842281143,0.036901403862000005,1.8460783882560001,0.0,0.0,0.0,0.0,0.0,0.0,0.0,0.0,0.0,0.668988,98374698.56989048,146.754021,153.1260351,159.4980492,165.8700633,172.2420774,178.6140915,184.98610559999997,191.35811969999997,197.73013379999998,204.10214789999998,210.47416199999998,216.84617609999998,223.21819019999998,229.59020429999998,235.96221839999998,242.33423249999998,248.7062466,255.0782607,261.4502748,267.8222889,274.194303
SF11C46887512282050980,14,,2019-05-18T14:00:00-0700,0.130026,0.130025,0.130399,0.021803,1.152732481011,1.3602241949599998,13.815837571141998,135.071986124383,0.665436768099,0.137849440113,0.22576947718999998,0.088333232046,3.245436496573,0.2696588475,0.318197310025,2.659546822975,61.1066067311,0.141496715675,0.089639365025,0.044686341875,0.036300249475000004,0.642365758125,0.883073633511,1.0420268849349998,11.156290748166999,73.965379393283,0.523940052424,0.048210075087999994,0.18108313531499998,0.052032982570999996,2.603070738448,0.0,0.0,0.0,0.0,0.0,0.0,0.0,0.0,0.0,0.703836,127887108.14085762,189.72118,195.4663457,201.2115114,206.9566771,212.7018428,218.4470085,224.1921742,229.9373399,235.6825056,241.42767130000001,247.17283700000002,252.91800270000002,258.6631684,264.40833410000005,270.1534998,275.8986655,281.6438312,287.38899690000005,293.1341626,298.8793283,304.624494
SF11C46887512282050980,15,,2019-05-18T15:00:00-0700,0.160032,0.160031,0.170569,0.032097,1.486996739541,1.754655989216,17.866329541465998,171.95898788493702,0.859492203381,0.17338693755900003,0.29186526569,0.11273927205,4.195563568363,0.33188829090000005,0.39162802323100004,3.273293117689,75.208239813764,0.174150055037,0.11032553143100002,0.054998653925,0.044677294549000005,0.790605150075,1.155108448641,1.363027965985,14.593036423776999,96.750748071173,0.685342148344,0.063061406128,0.23686661176499998,0.068061977501,3.404958418288,0.0,0.0,0.0,0.0,0.0,0.0,0.0,0.0,0.0,0.736568,157399517.71182477,232.209216,236.8664726,241.5237292,246.1809858,250.8382424,255.495499,260.1527556,264.8100122,269.4672688,274.12452540000004,278.781782,283.4390386,288.0962952,292.7535518,297.4108084,302.06806500000005,306.72532160000003,311.3825782,316.0398348,320.69709140000003,325.354348
SF11C46887512282050980,16,,2019-05-18T16:00:00-0700,0.170034,0.170034,0.189124,0.042959,1.633398072636,1.927409551894,19.658405731137996,187.18483456420398,0.944931282742,0.187143021922,0.32107009689,0.122935882682,4.615383080697999,0.3526335126,0.416107374834,3.4778956700459998,79.90925413509599,0.185035589718,0.117221609634,0.05843643495,0.047469922085999997,0.8400232210499999,1.280764560036,1.51130217706,16.180510061091997,107.27558042910799,0.759895693024,0.06992141228799999,0.26263366194,0.075465960596,3.7753598596479994,0.0,0.0,0.0,0.0,0.0,0.0,0.0,0.0,0.0,0.783801,167236987.5688138,246.266348,249.06340785,251.8604677,254.65752755,257.4545874,260.25164725,263.0487071,265.84576695,268.64282679999997,271.43988665,274.2369465,277.03400634999997,279.8310662,282.62812605,285.4251859,288.22224574999996,291.0193056,293.81636545,296.61342529999996,299.41048515,302.207545
SF11C46887512282050980,17,,2019-05-18T17:00:00-0700,0.120024,0.120026,0.137049,0.049455,1.177029946761,1.388895214411,14.180257804711,134.144888032877,0.681275126726,0.133414704314,0.23156782611500001,0.088195264075,3.328787827698,0.2489219214,0.293727747226,2.4550260870939997,56.40747225154399,0.130615533902,0.082746044426,0.04124993555,0.033508738653999996,0.5929674484499999,0.928108025361,1.095167467185,11.725231717617,77.737415781333,0.550659592824,0.050668659888,0.190317890565,0.054686525421000005,2.735820379248,0.0,0.0,0.0,0.0,0.0,0.0,0.0,0.0,0.0,0.863643,118049638.28386858,175.452295,176.02746395,176.6026329,177.17780184999998,177.75297079999999,178.32813975,178.9033087,179.47847765,180.05364659999998,180.62881554999998,181.2039845,181.77915345,182.3543224,182.92949134999998,183.50466029999998,184.07982925,184.6549982,185.23016715,185.80533609999998,186.38050504999998,186.955674
SF11C46887512282050980,18,,2019-05-18T18:00:00-0700,0.070014,0.070016,0.080677,0.051603,0.691558006653,0.816038376221,8.334438993245,78.666642128113,0.40035155138399997,0.07809635544,0.13609768854499998,0.051739459497000005,1.956404467504,0.1452061824,0.171343225216,1.4321155959039997,32.904750447104,0.076193301632,0.048269100416,0.0240627488,0.019546996864,0.3459017952,0.546351824253,0.644695151005,6.902323397340999,45.761891681009,0.32415824975199997,0.029827255023999997,0.11203493974499999,0.032192462633000005,1.610502672304,0.0,0.0,0.0,0.0,0.0,0.0,0.0,0.0,0.0,0.920459,68862288.99892335,103.302336,108.46745279999999,113.6325696,118.7976864,123.9628032,129.12792,134.29303679999998,139.4581536,144.6232704,149.7883872,154.953504,160.1186208,165.2837376,170.4488544,175.61397119999998,180.779088,185.9442048,191.1093216,196.2744384,201.4395552,206.604672
SF11C46887512282050980,19,,2019-05-18T19:00:00-0700,0.040008,0.040009,0.045731,0.051191,0.392669067159,0.463349458324,4.730866061194,44.742346059923,0.227284934499,0.044489544081000004,0.07725604680999999,0.02941766781,1.110555782237,0.08297466510000001,0.09791006480900001,0.818348847071,18.802647403996,0.043538874043000005,0.027582244609000002,0.013750093075,0.011169672611000001,0.197657462925,0.309694402059,0.365439393515,3.912517214123,25.939698655927,0.183746060456,0.016907299472,0.063505953735,0.018247995199,0.9128983193119999,0.0,0.0,0.0,0.0,0.0,0.0,0.0,0.0,0.0,0.954548,39349879.42795619,59.360663,62.32869615,65.29672930000001,68.26476245,71.2327956,74.20082875,77.1688619,80.13689505,83.1049282,86.07296135,89.04099450000001,92.00902765000001,94.9770608,97.94509395,100.9131271,103.88116025000001,106.8491934,109.81722655,112.78525970000001,115.75329285000001,118.721326
SF11C46887512282050980,20,,2019-05-18T20:00:00-0700,0.005701,0.005703,0.00645,0.048089,0.05550742575,0.065498756553,0.668479803507,6.338776096782,0.032122103781,0.006316296302999999,0.010916996775,0.004165894887,0.15693184387499998,0.0118274517,0.013956387303,0.11664984065699999,2.6801844121319998,0.006206158581,0.003931653903,0.001959978525,0.001592157837,0.028174673474999995,0.04367997405,0.05154236925,0.55182996285,3.65859168465,0.0259159452,0.0023846424,0.00895701825,0.0025737370500000002,0.12875717039999998,0.0,0.0,0.0,0.0,0.0,0.0,0.0,0.0,0.0,0.995575,5607220.121445168,8.513007,8.93865735,9.3643077,9.78995805,10.2156084,10.64125875,11.0669091,11.49255945,11.9182098,12.343860150000001,12.769510499999999,13.19516085,13.6208112,14.04646155,14.4721119,14.89776225,15.323412600000001,15.749062949999999,16.1747133,16.60036365,17.026014
SF11C46887512282050980,21,,2019-05-18T21:00:00-0700,0.005701,0.005701,0.006081,0.045185,0.053004377108999995,0.062545159166,0.6368690880919998,6.128530698121001,0.030637294183,0.006178493773,0.01040388466,0.004018094828,0.149555855337,0.011823303900000002,0.013951492901000001,0.116608932419,2.6792444912440003,0.006203982127000001,0.0039302751010000005,0.0019592911750000003,0.0015915994790000002,0.028164792825,0.041181073208999996,0.048593666264999995,0.5202601556729999,3.449286206877,0.024433312056,0.0022482186719999997,0.008444593484999999,0.0024264953489999998,0.12139106251199999,0.0,0.0,0.0,0.0,0.0,0.0,0.0,0.0,0.0,0.998896,5607220.121445168,8.513007,8.93865735,9.3643077,9.78995805,10.2156084,10.64125875,11.0669091,11.49255945,11.9182098,12.343860150000001,12.769510499999999,13.19516085,13.6208112,14.04646155,14.4721119,14.89776225,15.323412600000001,15.749062949999999,16.1747133,16.60036365,17.026014
SF11C46887512282050980,22,,2019-05-18T22:00:00-0700,0.005701,0.005701,0.005723,0.042456,0.050579969247000006,0.059684357896,0.6062403862779999,5.9254646790350005,0.029198858775,0.006046136877,0.00990673543,0.003875242446,0.142409333321,0.011823303900000002,0.013951492901000001,0.116608932419,2.6792444912440003,0.006203982127000001,0.0039302751010000005,0.0019592911750000003,0.0015915994790000002,0.028164792825,0.038756665347,0.045732864995,0.489631453859,3.246220187791,0.022994876648,0.0021158617759999996,0.007947444255,0.002283642967,0.114244540496,0.0,0.0,0.0,0.0,0.0,0.0,0.0,0.0,0.0,0.998896,5607220.121445168,8.513007,8.93865735,9.3643077,9.78995805,10.2156084,10.64125875,11.0669091,11.49255945,11.9182098,12.343860150000001,12.769510499999999,13.19516085,13.6208112,14.04646155,14.4721119,14.89776225,15.323412600000001,15.749062949999999,16.1747133,16.60036365,17.026014
SF11C46887512282050980,23,,2019-05-18T23:00:00-0700,0.005701,0.005701,0.005278,0.039885,0.047566389641999995,0.056128333971,0.568168396593,5.673050213970001,0.027410859455,0.005881615037,0.009288770605,0.003697674541,0.133526086681,0.011823303900000002,0.013951492901000001,0.116608932419,2.6792444912440003,0.006203982127000001,0.0039302751010000005,0.0019592911750000003,0.0015915994790000002,0.028164792825,0.035743085742,0.04217684107,0.45155946417399995,2.993805722726,0.021206877327999998,0.0019513399359999998,0.007329479429999999,0.002106075062,0.10536129385599999,0.0,0.0,0.0,0.0,0.0,0.0,0.0,0.0,0.0,0.998896,5607220.121445168,8.513007,8.93865735,9.3643077,9.78995805,10.2156084,10.64125875,11.0669091,11.49255945,11.9182098,12.343860150000001,12.769510499999999,13.19516085,13.6208112,14.04646155,14.4721119,14.89776225,15.323412600000001,15.749062949999999,16.1747133,16.60036365,17.026014
SF11C46887612282050980,0,,2019-05-18T00:00:00-0600,0.005701,0.005701,0.004366,0.000304,0.013979771073,0.016496126618,0.170219222309,1.500561083064,0.008136117765,0.001404295982,0.002775901265,0.000998388903,0.03990356281,0.002307553863,0.0027229116200000003,0.022758545927000003,0.522907737708,0.0012108296890000001,0.0007670695500000001,0.000382394575,0.000310630387,0.005496915602,0.01167221721,0.013773214998000001,0.147460676382,0.977653345356,0.0069252880760000005,0.000637226432,0.00239350669,0.000687758516,0.034406647208000005,0.0,0.0,0.0,0.0,0.0,0.0,0.0,0.0,0.0,0.979128,1157862.201421321,2.19648,2.2691985000000003,2.341917,2.4146355,2.4873540000000003,2.5600725000000004,2.632791,2.7055095000000002,2.7782280000000004,2.8509465,2.923665,2.9963835000000003,3.069102,3.1418205,3.2145390000000003,3.2872575,3.359976,3.4326945,3.505413,3.5781315,3.65085
SF11C46887612282050980,1,,2019-05-18T01:00:00-0600,0.005701,0.005701,0.00378,0.000544,0.012413138163,0.014647499960000001,0.150427202987,1.3693414631879999,0.007206612769,0.00131876811,0.002454647275,0.000906078667,0.035285538242,0.002307553863,0.0027229116200000003,0.022758545927000003,0.522907737708,0.0012108296890000001,0.0007670695500000001,0.000382394575,0.000310630387,0.005496915602,0.0101055843,0.01192458834,0.12766865706,0.84643372548,0.00599578308,0.00055169856,0.0020722527,0.00059544828,0.02978862264,0.0,0.0,0.0,0.0,0.0,0.0,0.0,0.0,0.0,0.979128,1157862.201421321,2.19648,2.27586805,2.3552561,2.4346441500000005,2.5140322000000004,2.5934202500000003,2.6728083000000002,2.75219635,2.8315844,2.91097245,2.9903605000000004,3.0697485500000004,3.1491366000000003,3.22852465,3.3079127,3.3873007500000005,3.4666888,3.5460768500000004,3.6254649000000003,3.7048529500000003,3.784241
SF11C46887612282050980,2,,2019-05-18T02:00:00-0600,0.005701,0.005701,0.003329,0.000737,0.011207418977999999,0.013224751457,0.13519477856,1.268351619222,0.006491242883000001,0.001252943758,0.00220740231,0.0008350344410000001,0.031731393053999996,0.002307553863,0.0027229116200000003,0.022758545927000003,0.522907737708,0.0012108296890000001,0.0007670695500000001,0.000382394575,0.000310630387,0.005496915602,0.008899865114999999,0.010501839837,0.112436232633,0.745443881514,0.005280413194,0.000485874208,0.001825007735,0.000524404054,0.026234477452,0.0,0.0,0.0,0.0,0.0,0.0,0.0,0.0,0.0,0.986085,1157862.201421321,2.19648,2.23095715,2.2654343000000003,2.29991145,2.3343886,2.3688657500000003,2.4033429,2.43782005,2.4722972,2.50677435,2.5412515,2.57572865,2.6102058,2.64468295,2.6791601,2.7136372499999997,2.7481144,2.78259155,2.8170686999999996,2.85154585,2.886023
SF11C46887612282050980,3,,2019-05-18T03:00:00-0600,0.005701,0.005701,0.003005,0.000893,0.010341226038,0.012202643885000001,0.12425175081199999,1.195800157038,0.005977318619,0.00120565531,0.00202978065,0.0007839960170000001,0.029178082542,0.002307553863,0.0027229116200000003,0.022758545927000003,0.522907737708,0.0012108296890000001,0.0007670695500000001,0.000382394575,0.000310630387,0.005496915602,0.008033672175,0.009479732265,0.101493204885,0.6728924193299999,0.00476648893,0.00043858575999999996,0.001647386075,0.00047336563,0.02368116694,0.0,0.0,0.0,0.0,0.0,0.0,0.0,0.0,0.0,0.989564,1157862.201421321,2.19648,2.2056077000000003,2.2147354000000004,2.2238631,2.2329908,2.2421185,2.2512462,2.2603739000000003,2.2695016,2.2786293,2.287757,2.2968847,2.3060124,2.3151401,2.3242678,2.3333955,2.3425232,2.3516509,2.3607785999999997,2.3699063,2.379034
SF11C46887612282050980,4,,2019-05-18T04:00:00-0600,0.005701,0.005701,0.002773,0.001023,0.009720989118,0.011470764389,0.116416002548,1.143849727326,0.0056093234670000006,0.001171794446,0.0019025947699999998,0.000747449985,0.027349786126,0.002307553863,0.0027229116200000003,0.022758545927000003,0.522907737708,0.0012108296890000001,0.0007670695500000001,0.000382394575,0.000310630387,0.005496915602,0.007413435255,0.008747852769,0.093657456621,0.620941989618,0.004398493778,0.00040472489599999997,0.0015202001949999999,0.00043681959799999996,0.021852870524,0.0,0.0,0.0,0.0,0.0,0.0,0.0,0.0,0.0,0.991651,1157862.201421321,2.19648,2.3063040000000004,2.416128,2.525952,2.6357760000000003,2.7456000000000005,2.855424,2.9652480000000003,3.0750720000000005,3.184896,3.2947200000000003,3.4045440000000005,3.514368,3.6241920000000003,3.7340160000000004,3.84384,3.9536640000000003,4.063488,4.173312,4.283136000000001,4.39296
SF11C46887612282050980,5,,2019-05-18T05:00:00-0600,0.005701,0.005701,0.002607,0.001133,0.009277198908,0.010947091991000002,0.110809389566,1.10667829917,0.005346016591,0.0011475664140000001,0.0018115910799999999,0.000721300669,0.026041608518,0.002307553863,0.0027229116200000003,0.022758545927000003,0.522907737708,0.0012108296890000001,0.0007670695500000001,0.000382394575,0.000310630387,0.005496915602,0.006969645045,0.008224180371000001,0.088050843639,0.5837705614619999,0.004135186902,0.000380496864,0.001429196505,0.000410670282,0.020544692916,0.0,0.0,0.0,0.0,0.0,0.0,0.0,0.0,0.0,0.993043,1157862.201421321,2.19648,2.3063040000000004,2.416128,2.525952,2.6357760000000003,2.7456000000000005,2.855424,2.9652480000000003,3.0750720000000005,3.184896,3.2947200000000003,3.4045440000000005,3.514368,3.6241920000000003,3.7340160000000004,3.84384,3.9536640000000003,4.063488,4.173312,4.283136000000001,4.39296
SF11C46887612282050980,6,,2019-05-18T06:00:00-0600,0.005701,0.005701,0.002488,0.001226,0.008959060143,0.010571688284000002,0.106790191103,1.080031311516,0.005157260457000001,0.0011301981260000002,0.0017463534950000002,0.000702555075,0.025103818546000002,0.002307553863,0.0027229116200000003,0.022758545927000003,0.522907737708,0.0012108296890000001,0.0007670695500000001,0.000382394575,0.000310630387,0.005496915602,0.00665150628,0.007848776664,0.08403164517600001,0.557123573808,0.003946430768,0.000363128576,0.0013639589200000002,0.00039192468800000005,0.019606902944000002,0.0,0.0,0.0,0.0,0.0,0.0,0.0,0.0,0.0,0.994036,1157862.201421321,2.19648,2.3063040000000004,2.416128,2.525952,2.6357760000000003,2.7456000000000005,2.855424,2.9652480000000003,3.0750720000000005,3.184896,3.2947200000000003,3.4045440000000005,3.514368,3.6241920000000003,3.7340160000000004,3.84384,3.9536640000000003,4.063488,4.173312,4.283136000000001,4.39296
SF11C46887612282050980,7,,2019-05-18T07:00:00-0600,0.005701,0.005701,0.002403,0.001308,0.008731818168000002,0.010303542779,0.10391933505800002,1.060997748906,0.0050224346470000006,0.001117792206,0.00169975522,0.0006891653650000001,0.024433968566,0.002307553863,0.0027229116200000003,0.022758545927000003,0.522907737708,0.0012108296890000001,0.0007670695500000001,0.000382394575,0.000310630387,0.005496915602,0.006424264305000001,0.007580631159000001,0.08116078913100001,0.538090011198,0.0038116049580000006,0.000350722656,0.001317360645,0.00037853497800000003,0.018937052964,0.0,0.0,0.0,0.0,0.0,0.0,0.0,0.0,0.0,0.994782,1157862.201421321,2.19648,2.3063040000000004,2.416128,2.525952,2.6357760000000003,2.7456000000000005,2.855424,2.9652480000000003,3.0750720000000005,3.184896,3.2947200000000003,3.4045440000000005,3.514368,3.6241920000000003,3.7340160000000004,3.84384,3.9536640000000003,4.063488,4.173312,4.283136000000001,4.39296
SF11C46887612282050980,8,,2019-05-18T08:00:00-0600,0.005701,0.005701,0.002189,0.001368,0.008159703078,0.009628447037,0.09669153278,1.013077955982,0.004682990843,0.001086558478,0.00158243721,0.000655454801,0.022747522734,0.002307553863,0.0027229116200000003,0.022758545927000003,0.522907737708,0.0012108296890000001,0.0007670695500000001,0.000382394575,0.000310630387,0.005496915602,0.005852149215,0.0069055354170000005,0.073932986853,0.490170218274,0.0034721611540000003,0.00031948892799999997,0.001200042635,0.000344824414,0.017250607132,0.0,0.0,0.0,0.0,0.0,0.0,0.0,0.0,0.0,0.995362,1157862.201421321,2.19648,2.3063040000000004,2.416128,2.525952,2.6357760000000003,2.7456000000000005,2.855424,2.9652480000000003,3.0750720000000005,3.184896,3.2947200000000003,3.4045440000000005,3.514368,3.6241920000000003,3.7340160000000004,3.84384,3.9536640000000003,4.063488,4.173312,4.283136000000001,4.39296
SF11C46887612282050980,9,,2019-05-18T09:00:00-0600,0.005701,0.005701,0.002866,0.001472,0.009969618573000001,0.011764147118000001,0.119557056809,1.1646746840639999,0.005756838765000001,0.001185367982,0.001953578765,0.0007620999030000001,0.02808268081,0.002307553863,0.0027229116200000003,0.022758545927000003,0.522907737708,0.0012108296890000001,0.0007670695500000001,0.000382394575,0.000310630387,0.005496915602,0.00766206471,0.009041235498,0.096798510882,0.641766946356,0.004546009076000001,0.000418298432,0.00157118419,0.000451469516,0.022585765208,0.0,0.0,0.0,0.0,0.0,0.0,0.0,0.0,0.0,0.995826,1157862.201421321,2.19648,2.3063040000000004,2.416128,2.525952,2.6357760000000003,2.7456000000000005,2.855424,2.9652480000000003,3.0750720000000005,3.184896,3.2947200000000003,3.4045440000000005,3.514368,3.6241920000000003,3.7340160000000004,3.84384,3.9536640000000003,4.063488,4.173312,4.283136000000001,4.39296
SF11C46887612282050980,10,,2019-05-18T10:00:00-0600,0.020004,0.020004,0.012336,0.002229,0.041076373212,0.048470109888000004,0.49650215717999996,4.597138793808,0.023815820052,0.004492002072,0.008104548540000001,0.003033198684,0.116502830376,0.008096879052,0.00955431048,0.079856508108,1.834809048432,0.004248629556,0.0026915382000000003,0.0013417683,0.001089957948,0.019287896808000003,0.03297949416,0.038915799408,0.41664564907199997,2.762329745376,0.019567190496,0.001800463872,0.00676278024,0.001943240736,0.097214933568,0.0,0.0,0.0,0.0,0.0,0.0,0.0,0.0,0.0,0.975555,4062774.1584339766,7.701828,7.7514739,7.8011198,7.8507657,7.9004116,7.9500575,7.9997034,8.0493493,8.098995200000001,8.1486411,8.198287,8.2479329,8.2975788,8.3472247,8.3968706,8.4465165,8.4961624,8.545808300000001,8.5954542,8.6451001,8.694746
SF11C46887612282050980,11,,2019-05-18T11:00:00-0600,0.040008,0.040008,0.029141,0.0041,0.09410032743899999,0.111038364033,1.143943792773,10.19499513237,0.054720305338,0.009636263632,0.018659069915000003,0.006770381062,0.268224008524,0.016193758104,0.01910862096,0.159713016216,3.669618096864,0.008497259112,0.005383076400000001,0.0026835366,0.002179915896,0.038575793616000005,0.077906569335,0.091929743073,0.984230776557,6.525377035506,0.046223046226,0.004253187232,0.015975533315000002,0.004590465166,0.22964821490800003,0.0,0.0,0.0,0.0,0.0,0.0,0.0,0.0,0.0,0.924883,8125548.316867953,15.388827,15.961984549999999,16.535142099999998,17.10829965,17.6814572,18.25461475,18.8277723,19.400929849999997,19.9740874,20.54724495,21.120402499999997,21.69356005,22.2667176,22.839875149999997,23.4130327,23.98619025,24.559347799999998,25.13250535,25.7056629,26.278820449999998,26.851978
SF11C46887612282050980,12,,2019-05-18T12:00:00-0600,0.070014,0.070013,0.058188,0.007857,0.183900507699,0.21700255782400002,2.2447805104269998,19.451445137412,0.107166982025,0.017912904126000002,0.036595656395,0.012980921218999998,0.52606232917,0.028338671919,0.03343960906,0.27949378635100003,6.421739947404001,0.014869991057000001,0.00942024915,0.004696121975,0.0038147983310000003,0.067506674626,0.15556183578,0.183562948764,1.965286724076,13.029705190007999,0.092296990968,0.008492654976,0.03189953442,0.009166122887999999,0.458555654544,0.0,0.0,0.0,0.0,0.0,0.0,0.0,0.0,0.0,0.849215,14219709.55451892,26.891582,28.496803,30.102024,31.707245,33.312466,34.917687,36.522908,38.128129,39.73335,41.338571,42.943792,44.549013,46.154233999999995,47.759454999999996,49.364675999999996,50.969896999999996,52.575117999999996,54.180339,55.78556,57.390781,58.996002
SF11C46887612282050980,13,,2019-05-18T13:00:00-0600,0.10002,0.100019,0.092345,0.01372,0.287362345572,0.339087506065,3.518210330578,29.852239863822,0.167719281561,0.02693549389,0.0573336886,0.019996473723,0.824171418698,0.040483990496999994,0.04777107478,0.399278548513,9.173953520052,0.021242935390999997,0.01345755645,0.006708774424999999,0.005449735253,0.096438519838,0.246878355075,0.291316431285,3.1189317820649998,20.678286343769997,0.14647634617,0.013477937439999999,0.050624914175,0.014546738469999999,0.72773289886,0.0,0.0,0.0,0.0,0.0,0.0,0.0,0.0,0.0,0.783092,20313870.792169884,38.361131,41.11892455,43.8767181,46.63451165,49.3923052,52.15009875,54.9078923,57.66568585,60.423479400000005,63.18127295,65.9390665,68.69686005,71.4546536,74.21244715,76.9702407,79.72803425000001,82.48582780000001,85.24362135000001,88.0014149,90.75920845,93.517002
SF11C46887612282050980,14,,2019-05-18T14:00:00-0600,0.130026,0.130025,0.130271,0.021801,0.40090035996,0.47306234146299997,4.918937285242,41.097005148785996,0.234249916131,0.036508176742,0.08013794314,0.027605741721,1.151982444398,0.052629309075,0.0621025405,0.519063310675,11.9261670927,0.027615879725,0.01749486375,0.008721426875,0.007084672175,0.12537036505000002,0.348271050885,0.410959800963,4.399873974567,29.170838056085998,0.206634036406,0.019013312992,0.071416516265,0.020521069545999998,1.026612079348,0.0,0.0,0.0,0.0,0.0,0.0,0.0,0.0,0.0,0.737432,26408032.02982085,49.79757,53.59043925,57.3833085,61.17617775,64.969047,68.76191625,72.55478550000001,76.34765475,80.140524,83.93339325,87.72626249999999,91.51913175,95.31200100000001,99.10487025,102.8977395,106.69060875,110.48347799999999,114.27634724999999,118.06921650000001,121.86208575,125.654955
SF11C46887612282050980,15,,2019-05-18T15:00:00-0600,0.160032,0.160031,0.170456,0.032104,0.520477664013,0.6141635379879999,6.395961461149,52.847615350644,0.304363744875,0.046410565162,0.104180615365,0.035570860953,1.49759571839,0.064774627653,0.07643400622,0.6388480728370001,14.678380665348001,0.033988824059,0.02153217105,0.010734079325,0.008719609097,0.154302210262,0.45570303636,0.537729531768,5.757113388312,38.169234685296,0.270374920816,0.024878394111999998,0.09344653604,0.026851251856,1.343293508128,0.0,0.0,0.0,0.0,0.0,0.0,0.0,0.0,0.0,0.736568,32502193.267471813,61.200994,65.4021954,69.6033968,73.8045982,78.0057996,82.20700099999999,86.4082024,90.6094038,94.8106052,99.0118066,103.213008,107.4142094,111.6154108,115.8166122,120.0178136,124.21901499999998,128.4202164,132.6214178,136.8226192,141.0238206,145.225022
SF11C46887612282050980,16,,2019-05-18T16:00:00-0600,0.170034,0.170034,0.189149,0.042975,0.574501028757,0.677911099377,7.067245613691001,57.950927901306,0.33613884694000007,0.050484749548,0.11509934958500001,0.039060527932,1.6545524624800003,0.06882347194199999,0.08121163908,0.678780318918,15.595876911672,0.036113351226,0.0228780747,0.011405030549999999,0.009264642558,0.16394712286799998,0.505677556815,0.596699460297,6.388465294773001,42.355050989634,0.30002549571400006,0.027606674848,0.10369431903500001,0.029795885374000002,1.4906053396120003,0.0,0.0,0.0,0.0,0.0,0.0,0.0,0.0,0.0,0.783801,34533580.3466888,64.994816,68.5227549,72.0506938,75.5786327,79.1065716,82.6345105,86.1624494,89.6903883,93.2183272,96.7462661,100.274205,103.8021439,107.3300828,110.8580217,114.3859606,117.9138995,121.4418384,124.9697773,128.4977162,132.0256551,135.553594
SF11C46887612282050980,17,,2019-05-18T17:00:00-0600,0.120024,0.120025,0.137445,0.049477,0.41603195265000004,0.49091762208500006,5.12131726544,41.78621675307,0.24350532449500004,0.03620973639,0.08340008755,0.028190963245000002,1.1988757627100002,0.048581679075,0.0573263405,0.4791430406750001,11.008946012700001,0.025491989725,0.01614936375,0.008050676875,0.0065398021750000005,0.11572834505,0.36745027357500004,0.43359128158500004,4.642174224765,30.77727074037,0.21801333477000004,0.02006037264,0.075349410675,0.02165116107,1.0831474176600002,0.0,0.0,0.0,0.0,0.0,0.0,0.0,0.0,0.0,0.868512,24376644.95060386,45.989097,47.807391,49.625685000000004,51.443979,53.262273,55.080567,56.898861000000004,58.717155000000005,60.535449,62.35374300000001,64.172037,65.990331,67.808625,69.626919,71.44521300000001,73.263507,75.08180100000001,76.90009500000001,78.718389,80.53668300000001,82.354977
SF11C46887612282050980,18,,2019-05-18T18:00:00-0600,0.070014,0.070015,0.081062,0.051627,0.245053469415,0.289163045786,3.017352743579,24.573672242111996,0.14344982536700002,0.021251679274,0.049135660455,0.016584279916999997,0.7063248274859999,0.028339481444999995,0.033440564299999996,0.279501770405,6.42192339162,0.014870415834999998,0.009420518249999999,0.004696256124999999,0.003814907305,0.06750860302999999,0.21671398797,0.255722481486,2.737850973174,18.151748850491998,0.128579409532,0.011831161024,0.04443940433,0.012769372611999999,0.638816224456,0.0,0.0,0.0,0.0,0.0,0.0,0.0,0.0,0.0,0.948022,14219709.55451892,26.891582,27.2604459,27.629309799999998,27.9981737,28.3670376,28.735901499999997,29.104765399999998,29.4736293,29.8424932,30.211357099999997,30.580220999999998,30.9490849,31.317948799999996,31.686812699999997,32.0556766,32.4245405,32.7934044,33.162268299999994,33.531132199999995,33.899996099999996,34.26886
SF11C46887612282050980,19,,2019-05-18T19:00:00-0600,0.040008,0.040009,0.045968,0.051215,0.139086622947,0.16412218768400003,1.712275957379,13.963060478460001,0.081411269549,0.012092332486000001,0.027883950795,0.009421125551,0.40083162700200003,0.016194162867,0.01910909858,0.15971700824300003,3.6697098189720005,0.008497471501,0.005383210950000001,0.002683603675,0.002179970383,0.038576757818000004,0.12289246008,0.14501308910400001,1.5525589491360001,10.293350659488,0.07291379804800001,0.006709121536,0.02520034712,0.007241155168,0.362254869184,0.0,0.0,0.0,0.0,0.0,0.0,0.0,0.0,0.0,0.983508,8125548.316867953,15.388827,16.15826835,16.927709699999998,17.69715105,18.4665924,19.236033749999997,20.005475099999998,20.77491645,21.5443578,22.313799149999998,23.0832405,23.852681849999996,24.622123199999997,25.39156455,26.1610059,26.93044725,27.699888599999998,28.469329949999995,29.238771299999996,30.008212649999997,30.777654
SF11C46887612282050980,20,,2019-05-18T20:00:00-0600,0.005701,0.005702,0.006683,0.048113,0.020174524731,0.023805935238999997,0.24847937264499997,2.019485329494,0.011811523116,0.001742601316,0.004046182495,0.001363431132,0.058163849408000005,0.002307958626,0.0027233892399999996,0.022762537954,0.522999459816,0.001211042078,0.0007672041,0.00038246164999999996,0.00031068487399999996,0.005497879804,0.017866566105,0.021082545999,0.22571683469099998,1.496485869678,0.010600481038,0.0009753972159999999,0.0036637208449999997,0.0010527462579999999,0.052665969604,0.0,0.0,0.0,0.0,0.0,0.0,0.0,0.0,0.0,0.999029,1157862.201421321,2.19648,2.3063040000000004,2.416128,2.525952,2.6357760000000003,2.7456000000000005,2.855424,2.9652480000000003,3.0750720000000005,3.184896,3.2947200000000003,3.4045440000000005,3.514368,3.6241920000000003,3.7340160000000004,3.84384,3.9536640000000003,4.063488,4.173312,4.283136000000001,4.39296
SF11C46887612282050980,21,,2019-05-18T21:00:00-0600,0.005701,0.005701,0.00609,0.045207,0.018588773013,0.02193474839,0.228446937857,1.886606517648,0.010870702429,0.0016559172300000002,0.003721023925,0.001269963727,0.053489696522,0.002307553863,0.0027229116200000003,0.022758545927000003,0.522907737708,0.0012108296890000001,0.0007670695500000001,0.000382394575,0.000310630387,0.005496915602,0.01628121915,0.01921183677,0.20568839193,1.36369877994,0.00965987274,0.00088884768,0.00333862935,0.00095933334,0.04799278092,0.0,0.0,0.0,0.0,0.0,0.0,0.0,0.0,0.0,0.999759,1157862.201421321,2.19648,2.3063040000000004,2.416128,2.525952,2.6357760000000003,2.7456000000000005,2.855424,2.9652480000000003,3.0750720000000005,3.184896,3.2947200000000003,3.4045440000000005,3.514368,3.6241920000000003,3.7340160000000004,3.84384,3.9536640000000003,4.063488,4.173312,4.283136000000001,4.39296
SF11C46887612282050980,22,,2019-05-18T22:00:00-0600,0.005701,0.005701,0.005729,0.042477,0.017623662978,0.020795918657,0.21625424336,1.8057698576219998,0.010298089283,0.0016032285579999999,0.00352311831,0.001213096841,0.050644804254,0.002307553863,0.0027229116200000003,0.022758545927000003,0.522907737708,0.0012108296890000001,0.0007670695500000001,0.000382394575,0.000310630387,0.005496915602,0.015316109114999999,0.018073007037,0.193495697433,1.2828621199139998,0.009087259594,0.0008361590079999999,0.003140723735,0.0009024664539999999,0.045147888652,0.0,0.0,0.0,0.0,0.0,0.0,0.0,0.0,0.0,0.999761,1157862.201421321,2.19648,2.3063040000000004,2.416128,2.525952,2.6357760000000003,2.7456000000000005,2.855424,2.9652480000000003,3.0750720000000005,3.184896,3.2947200000000003,3.4045440000000005,3.514368,3.6241920000000003,3.7340160000000004,3.84384,3.9536640000000003,4.063488,4.173312,4.283136000000001,4.39296
SF11C46887612282050980,23,,2019-05-18T23:00:00-0600,0.005701,0.005701,0.005284,0.039905,0.016433984403,0.019392098072,0.20122446759499998,1.7061235592519999,0.009592236512999999,0.001538279918,0.003279162635,0.001142997771,0.047137942594000004,0.002307553863,0.0027229116200000003,0.022758545927000003,0.522907737708,0.0012108296890000001,0.0007670695500000001,0.000382394575,0.000310630387,0.005496915602,0.014126430539999998,0.016669186452,0.178465921668,1.1832158215439998,0.008381406824,0.000771210368,0.00289676806,0.000832367384,0.041641026992,0.0,0.0,0.0,0.0,0.0,0.0,0.0,0.0,0.0,0.999762,1157862.201421321,2.19648,2.3063040000000004,2.416128,2.525952,2.6357760000000003,2.7456000000000005,2.855424,2.9652480000000003,3.0750720000000005,3.184896,3.2947200000000003,3.4045440000000005,3.514368,3.6241920000000003,3.7340160000000004,3.84384,3.9536640000000003,4.063488,4.173312,4.283136000000001,4.39296
SF11C46887712282050980,0,,2019-05-18T00:00:00-0700,0.005701,0.005701,0.004732,0.000329,0.024794247627,0.029257208485,0.298788736695,2.8216347971360003,0.014353113103,0.0028023384990000003,0.0048791364350000005,0.0018556493900000002,0.070137615927,0.005214584979,0.006153209021,0.05142953624300001,1.1816616627,0.0027362234550000002,0.0017334175550000003,0.000864129075,0.00070196413,0.012421880395,0.019579662648,0.023103999463999998,0.247359200452,1.639973134436,0.011616889648,0.001068920944,0.00401500736,0.00115368526,0.057715735532000004,0.0,0.0,0.0,0.0,0.0,0.0,0.0,0.0,0.0,0.95952,2600339.674955192,4.258771,4.4598738,4.660976600000001,4.862079400000001,5.0631822,5.264285,5.4653878,5.6664906,5.8675934000000005,6.0686962,6.269799000000001,6.4709018,6.6720046,6.8731074,7.0742102000000004,7.275313000000001,7.4764158,7.677518600000001,7.8786214,8.079724200000001,8.280827
SF11C46887712282050980,1,,2019-05-18T01:00:00-0700,0.005701,0.005701,0.004173,0.000594,0.022481265501,0.026527889867,0.26956773224599995,2.6279017070790003,0.012980788226999999,0.002676064871,0.004404836115,0.001719362395,0.063319548268,0.005214584979,0.006153209021,0.05142953624300001,1.1816616627,0.0027362234550000002,0.0017334175550000003,0.000864129075,0.00070196413,0.012421880395,0.017266680522,0.020374680846,0.21813819600299997,1.446240044379,0.010244564771999998,0.000942647316,0.0035407070399999995,0.001017398265,0.050897667873,0.0,0.0,0.0,0.0,0.0,0.0,0.0,0.0,0.0,0.95952,2600339.674955192,4.258771,4.4792379,4.6997048,4.9201717,5.1406386,5.3611055,5.581572400000001,5.802039300000001,6.0225062000000005,6.2429731,6.46344,6.6839069,6.9043738,7.1248407,7.3453076,7.5657745,7.7862414,8.0067083,8.2271752,8.4476421,8.668109
SF11C46887712282050980,2,,2019-05-18T02:00:00-0700,0.005701,0.005701,0.003482,0.000794,0.019622105127,0.023154080985,0.233446597945,2.3884212683859998,0.011284408103,0.002519973499,0.003818536435,0.0015508931400000001,0.054891489677,0.005214584979,0.006153209021,0.05142953624300001,1.1816616627,0.0027362234550000002,0.0017334175550000003,0.000864129075,0.00070196413,0.012421880395,0.014407520148,0.017000871964,0.182017061702,1.206759605686,0.008548184648,0.000786555944,0.00295440736,0.00084892901,0.042469609282,0.0,0.0,0.0,0.0,0.0,0.0,0.0,0.0,0.0,0.973013,2600339.674955192,4.258771,4.3751064,4.4914418000000005,4.6077772,4.724112600000001,4.840448,4.956783400000001,5.0731188000000005,5.1894542,5.305789600000001,5.422125,5.5384604,5.6547958000000005,5.7711312,5.887466600000001,6.003802,6.120137400000001,6.2364728000000005,6.3528082,6.469143600000001,6.585479
SF11C46887712282050980,3,,2019-05-18T03:00:00-0700,0.005701,0.005701,0.00303,0.000948,0.017751858399000002,0.020947190081,0.20981888057300002,2.23177125639,0.010174764375000001,0.0024178703150000004,0.0034350234750000004,0.00144069328,0.049378490425000005,0.005214584979,0.006153209021,0.05142953624300001,1.1816616627,0.0027362234550000002,0.0017334175550000003,0.000864129075,0.00070196413,0.012421880395,0.01253727342,0.01479398106,0.15838934433000001,1.05010959369,0.00743854092,0.0006844527600000001,0.0025708944000000004,0.00073872915,0.03695661003,0.0,0.0,0.0,0.0,0.0,0.0,0.0,0.0,0.0,0.97976,2600339.674955192,4.258771,4.3170701000000005,4.375369200000001,4.4336683,4.4919674,4.5502665,4.6085656,4.6668647000000005,4.7251638,4.7834629,4.841762,4.9000611,4.9583601999999996,5.0166593,5.0749584,5.1332575,5.1915566,5.2498556999999995,5.3081548,5.3664539,5.424753
SF11C46887712282050980,4,,2019-05-18T04:00:00-0700,0.005701,0.005701,0.002736,0.001072,0.016535370483,0.019511734492999998,0.194450409539,2.129879434428,0.009453004959,0.0023514580670000004,0.0031855703550000003,0.0013690146100000002,0.045792601531,0.005214584979,0.006153209021,0.05142953624300001,1.1816616627,0.0027362234550000002,0.0017334175550000003,0.000864129075,0.00070196413,0.012421880395,0.011320785504,0.013358525472,0.143020873296,0.9482177717280001,0.006716781504,0.000618040512,0.0023214412800000002,0.00066705048,0.033370721136,0.0,0.0,0.0,0.0,0.0,0.0,0.0,0.0,0.0,0.983808,2600339.674955192,4.258771,4.27975425,4.3007375,4.32172075,4.342704,4.36368725,4.3846705,4.40565375,4.426637,4.44762025,4.4686035,4.48958675,4.5105699999999995,4.53155325,4.5525364999999995,4.57351975,4.594503,4.61548625,4.6364695,4.65745275,4.678436
SF11C46887712282050980,5,,2019-05-18T05:00:00-0700,0.005701,0.005701,0.002544,0.001174,0.015740929395,0.018574294108999998,0.184413857027,2.063337836412,0.008981651871,0.0023080868030000003,0.003022662195,0.00132220405,0.043450796539,0.005214584979,0.006153209021,0.05142953624300001,1.1816616627,0.0027362234550000002,0.0017334175550000003,0.000864129075,0.00070196413,0.012421880395,0.010526344415999998,0.012421085087999998,0.132984320784,0.881676173712,0.006245428415999999,0.000574669248,0.0021585331199999998,0.00062023992,0.031028916144,0.0,0.0,0.0,0.0,0.0,0.0,0.0,0.0,0.0,0.986507,2600339.674955192,4.258771,4.47170955,4.6846481,4.89758665,5.1105252000000005,5.32346375,5.536402300000001,5.74934085,5.9622794,6.17521795,6.388156500000001,6.6010950500000005,6.8140336,7.026972150000001,7.2399107,7.45284925,7.6657878,7.878726350000001,8.091664900000001,8.30460345,8.517542
SF11C46887712282050980,6,,2019-05-18T06:00:00-0700,0.005701,0.005701,0.002419,0.00126,0.015223715145,0.017963981359,0.177879643152,2.0200164835370003,0.008674781371000001,0.0022798503030000005,0.0029166021950000004,0.001291728425,0.041926183914,0.005214584979,0.006153209021,0.05142953624300001,1.1816616627,0.0027362234550000002,0.0017334175550000003,0.000864129075,0.00070196413,0.012421880395,0.010009130166,0.011810772338,0.126450106909,0.8383548208370001,0.005938557916,0.0005464327480000001,0.0020524731200000004,0.000589764295,0.029504303519000002,0.0,0.0,0.0,0.0,0.0,0.0,0.0,0.0,0.0,0.988434,2600339.674955192,4.258771,4.47170955,4.6846481,4.89758665,5.1105252000000005,5.32346375,5.536402300000001,5.74934085,5.9622794,6.17521795,6.388156500000001,6.6010950500000005,6.8140336,7.026972150000001,7.2399107,7.45284925,7.6657878,7.878726350000001,8.091664900000001,8.30460345,8.517542
SF11C46887712282050980,7,,2019-05-18T07:00:00-0700,0.005701,0.005701,0.002338,0.001334,0.014888560310999999,0.017568498696999998,0.173645472561,1.991944246874,0.008475929287,0.002261553051,0.0028478753149999998,0.00127198022,0.040938234933,0.005214584979,0.006153209021,0.05142953624300001,1.1816616627,0.0027362234550000002,0.0017334175550000003,0.000864129075,0.00070196413,0.012421880395,0.009673975331999998,0.011415289675999998,0.12221593631799998,0.810282584174,0.005739705832,0.000528135496,0.0019837462399999997,0.00057001609,0.028516354538,0.0,0.0,0.0,0.0,0.0,0.0,0.0,0.0,0.0,0.98988,2600339.674955192,4.258771,4.47170955,4.6846481,4.89758665,5.1105252000000005,5.32346375,5.536402300000001,5.74934085,5.9622794,6.17521795,6.388156500000001,6.6010950500000005,6.8140336,7.026972150000001,7.2399107,7.45284925,7.6657878,7.878726350000001,8.091664900000001,8.30460345,8.517542
SF11C46887712282050980,8,,2019-05-18T08:00:00-0700,0.005701,0.005701,0.002186,0.001393,0.014259627783,0.016826358393,0.165699868489,1.939265481778,0.008102774759,0.0022272174670000004,0.002718906355,0.00123492186,0.039084305981,0.005214584979,0.006153209021,0.05142953624300001,1.1816616627,0.0027362234550000002,0.0017334175550000003,0.000864129075,0.00070196413,0.012421880395,0.009045042804,0.010673149372,0.114270332246,0.757603819078,0.0053665513039999994,0.000493799912,0.0018547772800000001,0.00053295773,0.026662425586000002,0.0,0.0,0.0,0.0,0.0,0.0,0.0,0.0,0.0,0.991004,2600339.674955192,4.258771,4.47170955,4.6846481,4.89758665,5.1105252000000005,5.32346375,5.536402300000001,5.74934085,5.9622794,6.17521795,6.388156500000001,6.6010950500000005,6.8140336,7.026972150000001,7.2399107,7.45284925,7.6657878,7.878726350000001,8.091664900000001,8.30460345,8.517542
SF11C46887712282050980,9,,2019-05-18T09:00:00-0700,0.005701,0.005701,0.002866,0.001495,0.017073273303,0.020146459753,0.201245991969,2.1749336414180003,0.009772150279,0.0023808240270000005,0.003295872755,0.00140070926,0.047378198661,0.005214584979,0.006153209021,0.05142953624300001,1.1816616627,0.0027362234550000002,0.0017334175550000003,0.000864129075,0.00070196413,0.012421880395,0.011858688324,0.013993250732,0.149816455726,0.9932719787180001,0.007035926824,0.0006474064720000001,0.00243174368,0.00069874513,0.034956318266,0.0,0.0,0.0,0.0,0.0,0.0,0.0,0.0,0.0,0.991904,2600339.674955192,4.258771,4.47170955,4.6846481,4.89758665,5.1105252000000005,5.32346375,5.536402300000001,5.74934085,5.9622794,6.17521795,6.388156500000001,6.6010950500000005,6.8140336,7.026972150000001,7.2399107,7.45284925,7.6657878,7.878726350000001,8.091664900000001,8.30460345,8.517542
SF11C46887712282050980,10,,2019-05-18T10:00:00-0700,0.020004,0.020004,0.012363,0.00225,0.069451796898,0.08195310951,0.826718833665,8.430938175549,0.039951739752000004,0.008875019016000001,0.013521864540000001,0.005477253735,0.194376902643,0.018297238716000003,0.021590737284,0.180458944572,4.1462830908,0.00960101982,0.006082316220000001,0.0030321063,0.00246309252,0.04358661558,0.051154558182,0.060362372226,0.646259889093,4.284655084749001,0.030350719932,0.0027927027960000005,0.01048975824,0.003014161215,0.15079028706300002,0.0,0.0,0.0,0.0,0.0,0.0,0.0,0.0,0.0,0.952592,9124222.918400923,14.923474,15.1597592,15.396044400000001,15.6323296,15.8686148,16.1049,16.341185199999998,16.5774704,16.8137556,17.050040799999998,17.286326,17.5226112,17.758896399999998,17.9951816,18.2314668,18.467752,18.7040372,18.9403224,19.176607599999997,19.412892799999998,19.649178
SF11C46887712282050980,11,,2019-05-18T11:00:00-0700,0.040008,0.040007,0.029183,0.004118,0.157344470415,0.185666451113,1.886412576114,18.406335236509,0.09084477409700001,0.018756534621,0.030825252865,0.012041023225,0.44311321414800003,0.036593562753,0.043180395247,0.360908868001,8.292358908899999,0.019201559685,0.012164328385000001,0.006064061024999999,0.0049260619100000005,0.08717105226499999,0.120750907662,0.142486055866,1.525503708113,10.113976327609,0.071643214412,0.0065922062360000006,0.024761191840000002,0.0071149613149999996,0.35594216188300004,0.0,0.0,0.0,0.0,0.0,0.0,0.0,0.0,0.0,0.854318,18248445.836801846,29.791271,31.307958449999997,32.8246459,34.34133335,35.8580208,37.37470825,38.8913957,40.408083149999996,41.9247706,43.441458049999994,44.9581455,46.47483295,47.9915204,49.50820785,51.0248953,52.54158275,54.058270199999995,55.57495765,57.091645099999994,58.60833255,60.12502
SF11C46887712282050980,12,,2019-05-18T12:00:00-0700,0.070014,0.070013,0.058254,0.007871,0.305077812183,0.35999177268099997,3.676750045453,34.700920268142,0.176614562271,0.034446915283,0.060039574395,0.022823317160000002,0.863069246489,0.06403942082700001,0.07556650117300001,0.6315972848590001,14.5117835451,0.033603089415,0.021287802715,0.010612220475,0.00862070069,0.152550975635,0.241038391356,0.28442527150799995,3.045152760594,20.189136723042,0.143011472856,0.013159112568,0.04942735392,0.01420261647,0.710518270854,0.0,0.0,0.0,0.0,0.0,0.0,0.0,0.0,0.0,0.707566,31934780.21440323,51.989025,55.944798,59.900571,63.856344,67.812117,71.76789,75.723663,79.67943600000001,83.635209,87.590982,91.546755,95.50252800000001,99.458301,103.414074,107.36984700000001,111.32562000000001,115.28139300000001,119.237166,123.19293900000001,127.14871200000002,131.104485
SF11C46887712282050980,13,,2019-05-18T13:00:00-0700,0.10002,0.100019,0.092407,0.013728,0.473839016499,0.559129969413,5.732742514094,52.756778222261,0.274860477493,0.051285279089000005,0.093565871285,0.034844628105,1.345009929712,0.091485278901,0.107952607099,0.902285701717,20.731208181299998,0.048004619145,0.030411277045,0.015160379924999998,0.01231533947,0.21793089900499998,0.382353737598,0.45117736231399996,4.830456812377,32.025570040961,0.226855858348,0.020874002044,0.07840549136000001,0.022529288635,1.127079030707,0.0,0.0,0.0,0.0,0.0,0.0,0.0,0.0,0.0,0.668988,45621114.59200461,74.06267,79.3026228,84.54257559999999,89.78252839999999,95.0224812,100.262434,105.5023868,110.74233960000001,115.9822924,121.2222452,126.462198,131.7021508,136.9421036,142.1820564,147.4220092,152.66196200000002,157.9019148,163.1418676,168.38182039999998,173.6217732,178.861726
SF11C46887712282050980,14,,2019-05-18T14:00:00-0700,0.130026,0.130025,0.13032,0.021803,0.658158025455,0.7766263736649999,7.985284136095,72.11574247086,0.38233705735499995,0.068972996815,0.130282452975,0.04778264585,1.872810960695,0.118931136975,0.140338713025,1.172974118575,26.950632817499997,0.062406148875000005,0.039534751375,0.019708539374999997,0.01600997825,0.283310822375,0.53922688848,0.6362876606399999,6.81231001752,45.16510965336,0.31993090847999994,0.02943824544,0.11057391359999999,0.0317726676,1.58950013832,0.0,0.0,0.0,0.0,0.0,0.0,0.0,0.0,0.0,0.703836,59307448.969606,96.012899,101.1864984,106.3600978,111.5336972,116.7072966,121.880896,127.0544954,132.2280948,137.4016942,142.5752936,147.748893,152.92249239999998,158.09609179999998,163.26969119999998,168.44329059999998,173.61688999999998,178.79048939999998,183.96408879999998,189.13768819999999,194.31128759999999,199.484887
SF11C46887712282050980,15,,2019-05-18T15:00:00-0700,0.160032,0.160031,0.170485,0.032097,0.851795166339,1.005118172421,10.355546155268,92.255184212855,0.49534221614499996,0.087169423325,0.16890981162500002,0.061269712455,2.42807941273,0.146376995049,0.172724818951,1.4436625354330002,33.1700574537,0.07680767860500001,0.048658225705,0.024256698825,0.01970461703,0.348690745745,0.70541817129,0.83239335347,8.911883619834999,59.085126759155,0.41853453754,0.03851119762,0.1446531128,0.041565095425,2.079388666985,0.0,0.0,0.0,0.0,0.0,0.0,0.0,0.0,0.0,0.736568,72993783.34720738,117.840403,122.63307015,127.4257373,132.21840445,137.0110716,141.80373875,146.5964059,151.38907305,156.1817402,160.97440735,165.7670745,170.55974165,175.3524088,180.14507595,184.9377431,189.73041025,194.5230774,199.31574455,204.1084117,208.90107885,213.693746
SF11C46887712282050980,16,,2019-05-18T16:00:00-0700,0.170034,0.170034,0.189085,0.042959,0.937906180776,1.106729157584,11.418075673297,100.774750338755,0.54580553641,0.09441247669,0.18620774435,0.067036154845,2.6767372580149997,0.15552652908599998,0.18352126691399998,1.533901028862,35.2434062718,0.08160866846999999,0.051699687870000004,0.025772903549999997,0.02093628642,0.37048623242999995,0.78237965169,0.92320789067,9.884174644435,65.531344066955,0.46419686794,0.04271278882,0.1604348408,0.046099868425,2.306251025585,0.0,0.0,0.0,0.0,0.0,0.0,0.0,0.0,0.0,0.783801,77555894.80640784,125.089084,128.78062835,132.4721727,136.16371705,139.8552614,143.54680575,147.2383501,150.92989445,154.6214388,158.31298315,162.0045275,165.69607185,169.3876162,173.07916054999998,176.7707049,180.46224925,184.1537936,187.84533795,191.5368823,195.22842665000002,198.919971
SF11C46887712282050980,17,,2019-05-18T17:00:00-0700,0.120024,0.120025,0.137156,0.049455,0.6772966483589999,0.799209947337,8.252415794491,72.412173616888,0.39431964125900004,0.067476644527,0.134566912255,0.048217996830000005,1.934400025931,0.109784346975,0.129545503025,1.0827626885750001,24.8779058175,0.057606598875000005,0.03649420137500001,0.018192789375,0.014778678250000002,0.26152187237499996,0.567512301384,0.669664444312,7.169653105916,47.534267799388005,0.336713042384,0.030982443152,0.11637412288,0.03343931858,1.672878153556,0.0,0.0,0.0,0.0,0.0,0.0,0.0,0.0,0.0,0.868512,54745337.51040554,88.709826,90.3037886,91.8977512,93.49171380000001,95.08567640000001,96.67963900000001,98.2736016,99.8675642,101.4615268,103.0554894,104.649452,106.24341460000001,107.8373772,109.4313398,111.0253024,112.619265,114.21322760000001,115.80719020000001,117.4011528,118.9951154,120.589078
SF11C46887712282050980,18,,2019-05-18T18:00:00-0700,0.070014,0.070015,0.080794,0.051603,0.39834371510100003,0.470045526403,4.855017533679,42.513041163962,0.231950410741,0.039539129073,0.079164616745,0.02831892812,1.137991752819,0.064041250185,0.075568659815,0.631615327145,14.512198090499998,0.033604049324999996,0.021288410825,0.010612523624999998,0.00862094695,0.15255533342499997,0.334302464916,0.394476866588,4.223402206534,28.000843073462004,0.198346361416,0.018250718248,0.06855209312,0.01969798117,0.9854364193940001,0.0,0.0,0.0,0.0,0.0,0.0,0.0,0.0,0.0,0.929029,31934780.21440323,51.989025,52.41109265,52.833160299999996,53.25522795,53.6772956,54.099363249999996,54.5214309,54.94349855,55.365566199999996,55.78763385,56.209701499999994,56.63176915,57.0538368,57.475904449999994,57.8979721,58.32003975,58.742107399999995,59.16417505,59.5862427,60.008310349999995,60.430378
SF11C46887712282050980,19,,2019-05-18T19:00:00-0700,0.040008,0.040009,0.045804,0.051191,0.22611924416699997,0.266820675497,2.755271968931,24.167103430992,0.131649690651,0.022511693663,0.044928142095,0.016093552389999998,0.645842263459,0.036595392111000005,0.043182553889000004,0.360926910287,8.2927734543,0.019202519595000002,0.012164936495000002,0.006064364175,0.00492630817,0.087175410055,0.18952385205599998,0.22363812160799998,2.394345058644,15.874329976692,0.112447171056,0.010346757168,0.038863777919999995,0.011167244219999999,0.558666853404,0.0,0.0,0.0,0.0,0.0,0.0,0.0,0.0,0.0,0.968016,18248445.836801846,29.791271,31.280834549999998,32.7703981,34.25996165,35.7495252,37.23908875,38.7286523,40.21821585,41.7077794,43.19734295,44.6869065,46.17647005,47.6660336,49.15559715,50.6451607,52.13472425,53.6242878,55.11385135,56.6034149,58.09297845,59.582542
SF11C46887712282050980,20,,2019-05-18T20:00:00-0700,0.005701,0.005702,0.006532,0.048089,0.032243047506,0.038046791405999994,0.39289043763799997,3.4456695512359996,0.018772528257999996,0.003209248154,0.00640655201,0.00229462152,0.092094216622,0.005215499658,0.0061542883419999994,0.051438557386,1.1818689353999998,0.0027367034099999997,0.00173372161,0.0008642806499999998,0.0007020872599999999,0.012424059289999997,0.027027547848,0.031892503063999995,0.34145188025199996,2.263800615836,0.016035824847999997,0.001475526544,0.00554227136,0.0015925342599999999,0.079670157332,0.0,0.0,0.0,0.0,0.0,0.0,0.0,0.0,0.0,0.998118,2600339.674955192,4.258771,4.47170955,4.6846481,4.89758665,5.1105252000000005,5.32346375,5.536402300000001,5.74934085,5.9622794,6.17521795,6.388156500000001,6.6010950500000005,6.8140336,7.026972150000001,7.2399107,7.45284925,7.6657878,7.878726350000001,8.091664900000001,8.30460345,8.517542
SF11C46887712282050980,21,,2019-05-18T21:00:00-0700,0.005701,0.005701,0.006083,0.045185,0.030384299240999998,0.035853468687,0.369410520256,3.2898519790089997,0.017669769467,0.0031075185910000003,0.006025432915,0.002185029945,0.086615629178,0.005214584979,0.006153209021,0.05142953624300001,1.1816616627,0.0027362234550000002,0.0017334175550000003,0.000864129075,0.00070196413,0.012421880395,0.025169714261999997,0.029700259665999998,0.317980984013,2.108190316309,0.014933546011999999,0.001374101036,0.00516130384,0.001483065815,0.074193748783,0.0,0.0,0.0,0.0,0.0,0.0,0.0,0.0,0.0,0.999533,2600339.674955192,4.258771,4.47170955,4.6846481,4.89758665,5.1105252000000005,5.32346375,5.536402300000001,5.74934085,5.9622794,6.17521795,6.388156500000001,6.6010950500000005,6.8140336,7.026972150000001,7.2399107,7.45284925,7.6657878,7.878726350000001,8.091664900000001,8.30460345,8.517542
SF11C46887712282050980,22,,2019-05-18T22:00:00-0700,0.005701,0.005701,0.005724,0.042456,0.028898859915,0.034100650469,0.350644258007,3.1654330535520003,0.016788437391,0.003026423363,0.005720828595,0.00209750395,0.082236941719,0.005214584979,0.006153209021,0.05142953624300001,1.1816616627,0.0027362234550000002,0.0017334175550000003,0.000864129075,0.00070196413,0.012421880395,0.023684274935999998,0.027947441447999998,0.299214721764,1.983771390852,0.014052213935999999,0.001293005808,0.00485669952,0.0013955398199999999,0.069815061324,0.0,0.0,0.0,0.0,0.0,0.0,0.0,0.0,0.0,0.999536,2600339.674955192,4.258771,4.47170955,4.6846481,4.89758665,5.1105252000000005,5.32346375,5.536402300000001,5.74934085,5.9622794,6.17521795,6.388156500000001,6.6010950500000005,6.8140336,7.026972150000001,7.2399107,7.45284925,7.6657878,7.878726350000001,8.091664900000001,8.30460345,8.517542
SF11C46887712282050980,23,,2019-05-18T23:00:00-0700,0.005701,0.005701,0.005279,0.039885,0.027057577185,0.031927937079,0.327382456612,3.011209037317,0.015695978411,0.0029259014230000003,0.005343254995,0.001989010725,0.076809320774,0.005214584979,0.006153209021,0.05142953624300001,1.1816616627,0.0027362234550000002,0.0017334175550000003,0.000864129075,0.00070196413,0.012421880395,0.021842992206,0.025774728057999997,0.275952920369,1.8295473746170001,0.012959754956,0.001192483868,0.00447912592,0.001287046595,0.064387440379,0.0,0.0,0.0,0.0,0.0,0.0,0.0,0.0,0.0,0.999538,2600339.674955192,4.258771,4.47170955,4.6846481,4.89758665,5.1105252000000005,5.32346375,5.536402300000001,5.74934085,5.9622794,6.17521795,6.388156500000001,6.6010950500000005,6.8140336,7.026972150000001,7.2399107,7.45284925,7.6657878,7.878726350000001,8.091664900000001,8.30460345,8.517542
SF11C46887812282050980,0,,2019-05-18T00:00:00-0700,0.005701,0.005701,0.004755,0.000329,0.001883051702,0.0022219989560000003,0.018571856949,0.42671292328500005,0.0009880859180000001,0.0006259583980000001,0.000312049936,0.000253489264,0.004485695026,0.001883051702,0.0022219989560000003,0.018571856949,0.42671292328500005,0.0009880859180000001,0.0006259583980000001,0.000312049936,0.000253489264,0.004485695026,0.0,0.0,0.0,0.0,0.0,0.0,0.0,0.0,0.0,0.0,0.0,0.0,0.0,0.0,0.0,0.0,0.0,0.0,0.984261,418593.83569293085,1.656344,1.67511715,1.6938903,1.71266345,1.7314366,1.75020975,1.7689829000000001,1.78775605,1.8065292000000002,1.82530235,1.8440755000000002,1.86284865,1.8816218,1.9003949500000001,1.9191681,1.9379412500000002,1.9567144,1.9754875500000002,1.9942607,2.0130338500000002,2.031807
SF11C46887812282050980,1,,2019-05-18T01:00:00-0700,0.005701,0.005701,0.00417,0.000594,0.001883051702,0.0022219989560000003,0.018571856949,0.42671292328500005,0.0009880859180000001,0.0006259583980000001,0.000312049936,0.000253489264,0.004485695026,0.001883051702,0.0022219989560000003,0.018571856949,0.42671292328500005,0.0009880859180000001,0.0006259583980000001,0.000312049936,0.000253489264,0.004485695026,0.0,0.0,0.0,0.0,0.0,0.0,0.0,0.0,0.0,0.0,0.0,0.0,0.0,0.0,0.0,0.0,0.0,0.0,0.984261,418593.83569293085,1.656344,1.68251295,1.7086819,1.73485085,1.7610198000000001,1.78718875,1.8133577,1.83952665,1.8656956,1.89186455,1.9180335,1.9442024500000001,1.9703714,1.99654035,2.0227093000000003,2.04887825,2.0750472,2.10121615,2.1273851,2.1535540500000003,2.179723
SF11C46887812282050980,2,,2019-05-18T02:00:00-0700,0.005701,0.005701,0.003478,0.000794,0.001883051702,0.0022219989560000003,0.018571856949,0.42671292328500005,0.0009880859180000001,0.0006259583980000001,0.000312049936,0.000253489264,0.004485695026,0.001883051702,0.0022219989560000003,0.018571856949,0.42671292328500005,0.0009880859180000001,0.0006259583980000001,0.000312049936,0.000253489264,0.004485695026,0.0,0.0,0.0,0.0,0.0,0.0,0.0,0.0,0.0,0.0,0.0,0.0,0.0,0.0,0.0,0.0,0.0,0.0,0.989508,418593.83569293085,1.656344,1.6589777,1.6616114,1.6642451,1.6668788,1.6695125,1.6721462,1.6747799,1.6774136,1.6800473,1.682681,1.6853147,1.6879484,1.6905820999999999,1.6932158,1.6958495,1.6984831999999999,1.7011169,1.7037506,1.7063842999999999,1.709018
SF11C46887812282050980,3,,2019-05-18T03:00:00-0700,0.005701,0.005701,0.003028,0.000948,0.001883051702,0.0022219989560000003,0.018571856949,0.42671292328500005,0.0009880859180000001,0.0006259583980000001,0.000312049936,0.000253489264,0.004485695026,0.001883051702,0.0022219989560000003,0.018571856949,0.42671292328500005,0.0009880859180000001,0.0006259583980000001,0.000312049936,0.000253489264,0.004485695026,0.0,0.0,0.0,0.0,0.0,0.0,0.0,0.0,0.0,0.0,0.0,0.0,0.0,0.0,0.0,0.0,0.0,0.0,0.992131,418593.83569293085,1.656344,1.7391612,1.8219784,1.9047956000000001,1.9876128,2.07043,2.1532472,2.2360644,2.3188816,2.4016988,2.484516,2.5673332,2.6501504000000002,2.7329676000000003,2.8157848000000003,2.8986020000000003,2.9814192000000004,3.0642364000000004,3.1470536000000005,3.2298708000000005,3.3126880000000005
SF11C46887812282050980,4,,2019-05-18T04:00:00-0700,0.005701,0.005701,0.002734,0.001072,0.001883051702,0.0022219989560000003,0.018571856949,0.42671292328500005,0.0009880859180000001,0.0006259583980000001,0.000312049936,0.000253489264,0.004485695026,0.001883051702,0.0022219989560000003,0.018571856949,0.42671292328500005,0.0009880859180000001,0.0006259583980000001,0.000312049936,0.000253489264,0.004485695026,0.0,0.0,0.0,0.0,0.0,0.0,0.0,0.0,0.0,0.0,0.0,0.0,0.0,0.0,0.0,0.0,0.0,0.0,0.993705,418593.83569293085,1.656344,1.7391612,1.8219784,1.9047956000000001,1.9876128,2.07043,2.1532472,2.2360644,2.3188816,2.4016988,2.484516,2.5673332,2.6501504000000002,2.7329676000000003,2.8157848000000003,2.8986020000000003,2.9814192000000004,3.0642364000000004,3.1470536000000005,3.2298708000000005,3.3126880000000005
SF11C46887812282050980,5,,2019-05-18T05:00:00-0700,0.005701,0.005701,0.002543,0.001174,0.001883051702,0.0022219989560000003,0.018571856949,0.42671292328500005,0.0009880859180000001,0.0006259583980000001,0.000312049936,0.000253489264,0.004485695026,0.001883051702,0.0022219989560000003,0.018571856949,0.42671292328500005,0.0009880859180000001,0.0006259583980000001,0.000312049936,0.000253489264,0.004485695026,0.0,0.0,0.0,0.0,0.0,0.0,0.0,0.0,0.0,0.0,0.0,0.0,0.0,0.0,0.0,0.0,0.0,0.0,0.994754,418593.83569293085,1.656344,1.7391612,1.8219784,1.9047956000000001,1.9876128,2.07043,2.1532472,2.2360644,2.3188816,2.4016988,2.484516,2.5673332,2.6501504000000002,2.7329676000000003,2.8157848000000003,2.8986020000000003,2.9814192000000004,3.0642364000000004,3.1470536000000005,3.2298708000000005,3.3126880000000005
SF11C46887812282050980,6,,2019-05-18T06:00:00-0700,0.005701,0.005701,0.002418,0.00126,0.001883051702,0.0022219989560000003,0.018571856949,0.42671292328500005,0.0009880859180000001,0.0006259583980000001,0.000312049936,0.000253489264,0.004485695026,0.001883051702,0.0022219989560000003,0.018571856949,0.42671292328500005,0.0009880859180000001,0.0006259583980000001,0.000312049936,0.000253489264,0.004485695026,0.0,0.0,0.0,0.0,0.0,0.0,0.0,0.0,0.0,0.0,0.0,0.0,0.0,0.0,0.0,0.0,0.0,0.0,0.995503,418593.83569293085,1.656344,1.7391612,1.8219784,1.9047956000000001,1.9876128,2.07043,2.1532472,2.2360644,2.3188816,2.4016988,2.484516,2.5673332,2.6501504000000002,2.7329676000000003,2.8157848000000003,2.8986020000000003,2.9814192000000004,3.0642364000000004,3.1470536000000005,3.2298708000000005,3.3126880000000005
SF11C46887812282050980,7,,2019-05-18T07:00:00-0700,0.005701,0.005701,0.002337,0.001334,0.001883051702,0.0022219989560000003,0.018571856949,0.42671292328500005,0.0009880859180000001,0.0006259583980000001,0.000312049936,0.000253489264,0.004485695026,0.001883051702,0.0022219989560000003,0.018571856949,0.42671292328500005,0.0009880859180000001,0.0006259583980000001,0.000312049936,0.000253489264,0.004485695026,0.0,0.0,0.0,0.0,0.0,0.0,0.0,0.0,0.0,0.0,0.0,0.0,0.0,0.0,0.0,0.0,0.0,0.0,0.996065,418593.83569293085,1.656344,1.7391612,1.8219784,1.9047956000000001,1.9876128,2.07043,2.1532472,2.2360644,2.3188816,2.4016988,2.484516,2.5673332,2.6501504000000002,2.7329676000000003,2.8157848000000003,2.8986020000000003,2.9814192000000004,3.0642364000000004,3.1470536000000005,3.2298708000000005,3.3126880000000005
SF11C46887812282050980,8,,2019-05-18T08:00:00-0700,0.005701,0.005701,0.002186,0.001393,0.001883051702,0.0022219989560000003,0.018571856949,0.42671292328500005,0.0009880859180000001,0.0006259583980000001,0.000312049936,0.000253489264,0.004485695026,0.001883051702,0.0022219989560000003,0.018571856949,0.42671292328500005,0.0009880859180000001,0.0006259583980000001,0.000312049936,0.000253489264,0.004485695026,0.0,0.0,0.0,0.0,0.0,0.0,0.0,0.0,0.0,0.0,0.0,0.0,0.0,0.0,0.0,0.0,0.0,0.0,0.996503,418593.83569293085,1.656344,1.7391612,1.8219784,1.9047956000000001,1.9876128,2.07043,2.1532472,2.2360644,2.3188816,2.4016988,2.484516,2.5673332,2.6501504000000002,2.7329676000000003,2.8157848000000003,2.8986020000000003,2.9814192000000004,3.0642364000000004,3.1470536000000005,3.2298708000000005,3.3126880000000005
SF11C46887812282050980,9,,2019-05-18T09:00:00-0700,0.005701,0.005701,0.002869,0.001495,0.001883051702,0.0022219989560000003,0.018571856949,0.42671292328500005,0.0009880859180000001,0.0006259583980000001,0.000312049936,0.000253489264,0.004485695026,0.001883051702,0.0022219989560000003,0.018571856949,0.42671292328500005,0.0009880859180000001,0.0006259583980000001,0.000312049936,0.000253489264,0.004485695026,0.0,0.0,0.0,0.0,0.0,0.0,0.0,0.0,0.0,0.0,0.0,0.0,0.0,0.0,0.0,0.0,0.0,0.0,0.996852,418593.83569293085,1.656344,1.7391612,1.8219784,1.9047956000000001,1.9876128,2.07043,2.1532472,2.2360644,2.3188816,2.4016988,2.484516,2.5673332,2.6501504000000002,2.7329676000000003,2.8157848000000003,2.8986020000000003,2.9814192000000004,3.0642364000000004,3.1470536000000005,3.2298708000000005,3.3126880000000005
SF11C46887812282050980,10,,2019-05-18T10:00:00-0700,0.020004,0.020004,0.012408,0.00225,0.006607361208,0.007796679024,0.065166010596,1.4972750951400002,0.003467053272,0.0021963991920000005,0.001094938944,0.000889457856,0.015739667304,0.006607361208,0.007796679024,0.065166010596,1.4972750951400002,0.003467053272,0.0021963991920000005,0.001094938944,0.000889457856,0.015739667304,0.0,0.0,0.0,0.0,0.0,0.0,0.0,0.0,0.0,0.0,0.0,0.0,0.0,0.0,0.0,0.0,0.0,0.0,0.981568,1468786.3689179772,5.808859,6.09930195,6.3897449,6.68018785,6.9706308,7.2610737499999995,7.5515167,7.84195965,8.132402599999999,8.42284555,8.7132885,9.00373145,9.2941744,9.58461735,9.8750603,10.16550325,10.4559462,10.746389149999999,11.0368321,11.32727505,11.617718
SF11C46887812282050980,11,,2019-05-18T11:00:00-0700,0.040008,0.040007,0.029264,0.004118,0.013214392113999999,0.015592968292,0.130328763543,2.9944753414950003,0.006933933226,0.004392688586000001,0.002189823152,0.0017788712479999999,0.031478547782,0.013214392113999999,0.015592968292,0.130328763543,2.9944753414950003,0.006933933226,0.004392688586000001,0.002189823152,0.0017788712479999999,0.031478547782,0.0,0.0,0.0,0.0,0.0,0.0,0.0,0.0,0.0,0.0,0.0,0.0,0.0,0.0,0.0,0.0,0.0,0.0,0.943359,2937572.7378359544,11.609282,11.785271100000001,11.9612602,12.1372493,12.3132384,12.4892275,12.6652166,12.8412057,13.0171948,13.1931839,13.369173,13.545162099999999,13.7211512,13.8971403,14.0731294,14.2491185,14.4251076,14.6010967,14.7770858,14.953074899999999,15.129064
SF11C46887812282050980,12,,2019-05-18T12:00:00-0700,0.070014,0.070013,0.058394,0.007871,0.023125433926,0.027287986828000002,0.228077779437,5.240387984205001,0.012134513134000002,0.007687287374000001,0.0038322315680000005,0.003113058032,0.05508804873800001,0.023125433926,0.027287986828000002,0.228077779437,5.240387984205001,0.012134513134000002,0.007687287374000001,0.0038322315680000005,0.003113058032,0.05508804873800001,0.0,0.0,0.0,0.0,0.0,0.0,0.0,0.0,0.0,0.0,0.0,0.0,0.0,0.0,0.0,0.0,0.0,0.0,0.886302,5140752.291212921,20.294127,20.8870309,21.4799348,22.0728387,22.6657426,23.2586465,23.8515504,24.4444543,25.0373582,25.630262100000003,26.223166,26.816069900000002,27.408973800000002,28.0018777,28.5947816,29.1876855,29.780589400000004,30.3734933,30.966397200000003,31.559301100000003,32.152205
SF11C46887812282050980,13,,2019-05-18T13:00:00-0700,0.10002,0.100019,0.092571,0.013728,0.033036475738,0.038983005364,0.32582679533099995,7.486300626915001,0.017335093042,0.010981886162,0.005474639983999999,0.004447244816,0.078697549694,0.033036475738,0.038983005364,0.32582679533099995,7.486300626915001,0.017335093042,0.010981886162,0.005474639983999999,0.004447244816,0.078697549694,0.0,0.0,0.0,0.0,0.0,0.0,0.0,0.0,0.0,0.0,0.0,0.0,0.0,0.0,0.0,0.0,0.0,0.0,0.836443,7343931.844589885,28.96006,29.9887554,31.0174508,32.046146199999995,33.0748416,34.103537,35.1322324,36.160927799999996,37.1896232,38.2183186,39.247014,40.2757094,41.3044048,42.333100200000004,43.3617956,44.390491,45.4191864,46.447881800000005,47.4765772,48.5052726,49.533968
SF11C46887812282050980,14,,2019-05-18T14:00:00-0700,0.130026,0.130025,0.130502,0.021803,0.04294751755,0.0506780239,0.423575811225,9.732213269625001,0.022535672950000002,0.014276484950000001,0.0071170484,0.005781431599999999,0.10230705065000001,0.04294751755,0.0506780239,0.423575811225,9.732213269625001,0.022535672950000002,0.014276484950000001,0.0071170484,0.005781431599999999,0.10230705065000001,0.0,0.0,0.0,0.0,0.0,0.0,0.0,0.0,0.0,0.0,0.0,0.0,0.0,0.0,0.0,0.0,0.0,0.0,0.802013,9547111.397966852,37.607123,38.97779105,40.3484591,41.71912715,43.0897952,44.460463250000004,45.831131299999996,47.20179935,48.5724674,49.94313545,51.3138035,52.68447155,54.0551396,55.425807649999996,56.7964757,58.167143749999994,59.5378118,60.90847984999999,62.2791479,63.64981595,65.020484
SF11C46887812282050980,15,,2019-05-18T15:00:00-0700,0.160032,0.160031,0.170679,0.032097,0.052858559362,0.062373042436000004,0.521324827119,11.978125912335,0.027736252858,0.017571083738000003,0.008759456816,0.007115618384,0.12591655160600002,0.052858559362,0.062373042436000004,0.521324827119,11.978125912335,0.027736252858,0.017571083738000003,0.008759456816,0.007115618384,0.12591655160600002,0.0,0.0,0.0,0.0,0.0,0.0,0.0,0.0,0.0,0.0,0.0,0.0,0.0,0.0,0.0,0.0,0.0,0.0,0.777954,11750290.951343818,46.235357,47.86825785,49.5011587,51.13405955,52.7669604,54.39986125,56.0327621,57.66566295,59.2985638,60.931464649999995,62.564365499999994,64.19726634999999,65.8301672,67.46306805,69.0959689,70.72886975,72.3617706,73.99467145,75.6275723,77.26047315,78.893374
SF11C46887812282050980,16,,2019-05-18T16:00:00-0700,0.170034,0.170034,0.189175,0.042959,0.05616257026799999,0.06627177170399999,0.5539110900659999,12.72683830869,0.029469952812,0.018669393132,0.009306981023999999,0.007560391775999999,0.13378717208399998,0.05616257026799999,0.06627177170399999,0.5539110900659999,12.72683830869,0.029469952812,0.018669393132,0.009306981023999999,0.007560391775999999,0.13378717208399998,0.0,0.0,0.0,0.0,0.0,0.0,0.0,0.0,0.0,0.0,0.0,0.0,0.0,0.0,0.0,0.0,0.0,0.0,0.792631,12484684.135802805,49.107258,50.57824895,52.0492399,53.520230850000004,54.991221800000005,56.462212750000006,57.93320370000001,59.40419465,60.8751856,62.34617655,63.817167500000004,65.28815845,66.75914940000001,68.23014035,69.7011313,71.17212225,72.6431132,74.11410415,75.5850951,77.05608605,78.527077
SF11C46887812282050980,17,,2019-05-18T17:00:00-0700,0.120024,0.120025,0.136906,0.049455,0.03964449755,0.0467804639,0.390999321225,8.983725419625001,0.02080249295,0.013178504950000001,0.006569688400000001,0.0053367916,0.09443879065,0.03964449755,0.0467804639,0.390999321225,8.983725419625001,0.02080249295,0.013178504950000001,0.006569688400000001,0.0053367916,0.09443879065,0.0,0.0,0.0,0.0,0.0,0.0,0.0,0.0,0.0,0.0,0.0,0.0,0.0,0.0,0.0,0.0,0.0,0.0,0.889169,8812718.213507863,34.726863,35.17818915,35.6295153,36.08084145,36.5321676,36.98349375,37.4348199,37.88614605,38.3374722,38.78879835,39.2401245,39.69145065,40.1427768,40.59410295,41.0454291,41.49675525,41.9480814,42.39940755,42.8507337,43.30205985,43.753386
SF11C46887812282050980,18,,2019-05-18T18:00:00-0700,0.070014,0.070015,0.080523,0.051603,0.02312609453,0.027288766339999996,0.22808429473499997,5.240537681775,0.012134859769999999,0.00768750697,0.00383234104,0.0031131469599999994,0.055089622389999995,0.02312609453,0.027288766339999996,0.22808429473499997,5.240537681775,0.012134859769999999,0.00768750697,0.00383234104,0.0031131469599999994,0.055089622389999995,0.0,0.0,0.0,0.0,0.0,0.0,0.0,0.0,0.0,0.0,0.0,0.0,0.0,0.0,0.0,0.0,0.0,0.0,0.960807,5140752.291212921,20.294127,21.30883335,22.323539699999998,23.33824605,24.3529524,25.36765875,26.3823651,27.39707145,28.4117778,29.42648415,30.441190499999998,31.45589685,32.4706032,33.48530955,34.5000159,35.51472225,36.5294286,37.54413495,38.5588413,39.573547649999995,40.588254
SF11C46887812282050980,19,,2019-05-18T19:00:00-0700,0.040008,0.040009,0.045635,0.051191,0.013215052718000001,0.015593747804,0.130335278841,2.9946250390650007,0.006934279862000001,0.004392908182,0.002189932624,0.001778960176,0.031480121434,0.013215052718000001,0.015593747804,0.130335278841,2.9946250390650007,0.006934279862000001,0.004392908182,0.002189932624,0.001778960176,0.031480121434,0.0,0.0,0.0,0.0,0.0,0.0,0.0,0.0,0.0,0.0,0.0,0.0,0.0,0.0,0.0,0.0,0.0,0.0,0.987565,2937572.7378359544,11.609282,12.1897461,12.770210200000001,13.350674300000001,13.9311384,14.5116025,15.0920666,15.6725307,16.2529948,16.8334589,17.413923,17.9943871,18.5748512,19.1553153,19.7357794,20.3162435,20.8967076,21.4771717,22.0576358,22.6380999,23.218564
SF11C46887812282050980,20,,2019-05-18T20:00:00-0700,0.005701,0.005702,0.006343,0.048089,0.0018833820039999998,0.002222388712,0.018575114597999997,0.42678777207,0.000988259236,0.000626068196,0.000312104672,0.000253533728,0.004486481852,0.0018833820039999998,0.002222388712,0.018575114597999997,0.42678777207,0.000988259236,0.000626068196,0.000312104672,0.000253533728,0.004486481852,0.0,0.0,0.0,0.0,0.0,0.0,0.0,0.0,0.0,0.0,0.0,0.0,0.0,0.0,0.0,0.0,0.0,0.0,0.999268,418593.83569293085,1.656344,1.7391612,1.8219784,1.9047956000000001,1.9876128,2.07043,2.1532472,2.2360644,2.3188816,2.4016988,2.484516,2.5673332,2.6501504000000002,2.7329676000000003,2.8157848000000003,2.8986020000000003,2.9814192000000004,3.0642364000000004,3.1470536000000005,3.2298708000000005,3.3126880000000005
SF11C46887812282050980,21,,2019-05-18T21:00:00-0700,0.005701,0.005701,0.00608,0.045185,0.001883051702,0.0022219989560000003,0.018571856949,0.42671292328500005,0.0009880859180000001,0.0006259583980000001,0.000312049936,0.000253489264,0.004485695026,0.001883051702,0.0022219989560000003,0.018571856949,0.42671292328500005,0.0009880859180000001,0.0006259583980000001,0.000312049936,0.000253489264,0.004485695026,0.0,0.0,0.0,0.0,0.0,0.0,0.0,0.0,0.0,0.0,0.0,0.0,0.0,0.0,0.0,0.0,0.0,0.0,0.999818,418593.83569293085,1.656344,1.7391612,1.8219784,1.9047956000000001,1.9876128,2.07043,2.1532472,2.2360644,2.3188816,2.4016988,2.484516,2.5673332,2.6501504000000002,2.7329676000000003,2.8157848000000003,2.8986020000000003,2.9814192000000004,3.0642364000000004,3.1470536000000005,3.2298708000000005,3.3126880000000005
SF11C46887812282050980,22,,2019-05-18T22:00:00-0700,0.005701,0.005701,0.005722,0.042456,0.001883051702,0.0022219989560000003,0.018571856949,0.42671292328500005,0.0009880859180000001,0.0006259583980000001,0.000312049936,0.000253489264,0.004485695026,0.001883051702,0.0022219989560000003,0.018571856949,0.42671292328500005,0.0009880859180000001,0.0006259583980000001,0.000312049936,0.000253489264,0.004485695026,0.0,0.0,0.0,0.0,0.0,0.0,0.0,0.0,0.0,0.0,0.0,0.0,0.0,0.0,0.0,0.0,0.0,0.0,0.99982,418593.83569293085,1.656344,1.7391612,1.8219784,1.9047956000000001,1.9876128,2.07043,2.1532472,2.2360644,2.3188816,2.4016988,2.484516,2.5673332,2.6501504000000002,2.7329676000000003,2.8157848000000003,2.8986020000000003,2.9814192000000004,3.0642364000000004,3.1470536000000005,3.2298708000000005,3.3126880000000005
SF11C46887812282050980,23,,2019-05-18T23:00:00-0700,0.005701,0.005701,0.005277,0.039885,0.001883051702,0.0022219989560000003,0.018571856949,0.42671292328500005,0.0009880859180000001,0.0006259583980000001,0.000312049936,0.000253489264,0.004485695026,0.001883051702,0.0022219989560000003,0.018571856949,0.42671292328500005,0.0009880859180000001,0.0006259583980000001,0.000312049936,0.000253489264,0.004485695026,0.0,0.0,0.0,0.0,0.0,0.0,0.0,0.0,0.0,0.0,0.0,0.0,0.0,0.0,0.0,0.0,0.0,0.0,0.999821,418593.83569293085,1.656344,1.7391612,1.8219784,1.9047956000000001,1.9876128,2.07043,2.1532472,2.2360644,2.3188816,2.4016988,2.484516,2.5673332,2.6501504000000002,2.7329676000000003,2.8157848000000003,2.8986020000000003,2.9814192000000004,3.0642364000000004,3.1470536000000005,3.2298708000000005,3.3126880000000005
SF11C46887912282050980,0,,2019-05-18T00:00:00-0700,0.005701,0.005701,0.004755,0.000329,0.000538014772,0.000634857659,0.005306245657,0.121917977267,0.000282307819,0.00017884607100000002,8.9157939e-05,7.2425504e-05,0.001281630408,0.000538014772,0.000634857659,0.005306245657,0.121917977267,0.000282307819,0.00017884607100000002,8.9157939e-05,7.2425504e-05,0.001281630408,0.0,0.0,0.0,0.0,0.0,0.0,0.0,0.0,0.0,0.0,0.0,0.0,0.0,0.0,0.0,0.0,0.0,0.0,0.995503,34170.93913336251,0.473311,0.49697654999999996,0.5206421,0.5443076499999999,0.5679732,0.59163875,0.6153043,0.63896985,0.6626354,0.68630095,0.7099665,0.73363205,0.7572976,0.78096315,0.8046287,0.82829425,0.8519597999999999,0.87562535,0.8992909,0.92295645,0.9466220000000001
SF11C46887912282050980,1,,2019-05-18T01:00:00-0700,0.005701,0.005701,0.00417,0.000594,0.000538014772,0.000634857659,0.005306245657,0.121917977267,0.000282307819,0.00017884607100000002,8.9157939e-05,7.2425504e-05,0.001281630408,0.000538014772,0.000634857659,0.005306245657,0.121917977267,0.000282307819,0.00017884607100000002,8.9157939e-05,7.2425504e-05,0.001281630408,0.0,0.0,0.0,0.0,0.0,0.0,0.0,0.0,0.0,0.0,0.0,0.0,0.0,0.0,0.0,0.0,0.0,0.0,0.995503,34170.93913336251,0.473311,0.47388305,0.47445509999999996,0.47502715,0.4755992,0.47617125,0.4767433,0.47731534999999997,0.4778874,0.47845945,0.4790315,0.47960355,0.4801756,0.48074765,0.4813197,0.48189175,0.4824638,0.48303585,0.48360790000000003,0.48417995,0.484752
SF11C46887912282050980,2,,2019-05-18T02:00:00-0700,0.005701,0.005701,0.003478,0.000794,0.000538014772,0.000634857659,0.005306245657,0.121917977267,0.000282307819,0.00017884607100000002,8.9157939e-05,7.2425504e-05,0.001281630408,0.000538014772,0.000634857659,0.005306245657,0.121917977267,0.000282307819,0.00017884607100000002,8.9157939e-05,7.2425504e-05,0.001281630408,0.0,0.0,0.0,0.0,0.0,0.0,0.0,0.0,0.0,0.0,0.0,0.0,0.0,0.0,0.0,0.0,0.0,0.0,0.997002,34170.93913336251,0.473311,0.49697654999999996,0.5206421,0.5443076499999999,0.5679732,0.59163875,0.6153043,0.63896985,0.6626354,0.68630095,0.7099665,0.73363205,0.7572976,0.78096315,0.8046287,0.82829425,0.8519597999999999,0.87562535,0.8992909,0.92295645,0.9466220000000001
SF11C46887912282050980,3,,2019-05-18T03:00:00-0700,0.005701,0.005701,0.003028,0.000948,0.000538014772,0.000634857659,0.005306245657,0.121917977267,0.000282307819,0.00017884607100000002,8.9157939e-05,7.2425504e-05,0.001281630408,0.000538014772,0.000634857659,0.005306245657,0.121917977267,0.000282307819,0.00017884607100000002,8.9157939e-05,7.2425504e-05,0.001281630408,0.0,0.0,0.0,0.0,0.0,0.0,0.0,0.0,0.0,0.0,0.0,0.0,0.0,0.0,0.0,0.0,0.0,0.0,0.997752,34170.93913336251,0.473311,0.49697654999999996,0.5206421,0.5443076499999999,0.5679732,0.59163875,0.6153043,0.63896985,0.6626354,0.68630095,0.7099665,0.73363205,0.7572976,0.78096315,0.8046287,0.82829425,0.8519597999999999,0.87562535,0.8992909,0.92295645,0.9466220000000001
SF11C46887912282050980,4,,2019-05-18T04:00:00-0700,0.005701,0.005701,0.002734,0.001072,0.000538014772,0.000634857659,0.005306245657,0.121917977267,0.000282307819,0.00017884607100000002,8.9157939e-05,7.2425504e-05,0.001281630408,0.000538014772,0.000634857659,0.005306245657,0.121917977267,0.000282307819,0.00017884607100000002,8.9157939e-05,7.2425504e-05,0.001281630408,0.0,0.0,0.0,0.0,0.0,0.0,0.0,0.0,0.0,0.0,0.0,0.0,0.0,0.0,0.0,0.0,0.0,0.0,0.998201,34170.93913336251,0.473311,0.49697654999999996,0.5206421,0.5443076499999999,0.5679732,0.59163875,0.6153043,0.63896985,0.6626354,0.68630095,0.7099665,0.73363205,0.7572976,0.78096315,0.8046287,0.82829425,0.8519597999999999,0.87562535,0.8992909,0.92295645,0.9466220000000001
SF11C46887912282050980,5,,2019-05-18T05:00:00-0700,0.005701,0.005701,0.002543,0.001174,0.000538014772,0.000634857659,0.005306245657,0.121917977267,0.000282307819,0.00017884607100000002,8.9157939e-05,7.2425504e-05,0.001281630408,0.000538014772,0.000634857659,0.005306245657,0.121917977267,0.000282307819,0.00017884607100000002,8.9157939e-05,7.2425504e-05,0.001281630408,0.0,0.0,0.0,0.0,0.0,0.0,0.0,0.0,0.0,0.0,0.0,0.0,0.0,0.0,0.0,0.0,0.0,0.0,0.998501,34170.93913336251,0.473311,0.49697654999999996,0.5206421,0.5443076499999999,0.5679732,0.59163875,0.6153043,0.63896985,0.6626354,0.68630095,0.7099665,0.73363205,0.7572976,0.78096315,0.8046287,0.82829425,0.8519597999999999,0.87562535,0.8992909,0.92295645,0.9466220000000001
SF11C46887912282050980,6,,2019-05-18T06:00:00-0700,0.005701,0.005701,0.002418,0.00126,0.000538014772,0.000634857659,0.005306245657,0.121917977267,0.000282307819,0.00017884607100000002,8.9157939e-05,7.2425504e-05,0.001281630408,0.000538014772,0.000634857659,0.005306245657,0.121917977267,0.000282307819,0.00017884607100000002,8.9157939e-05,7.2425504e-05,0.001281630408,0.0,0.0,0.0,0.0,0.0,0.0,0.0,0.0,0.0,0.0,0.0,0.0,0.0,0.0,0.0,0.0,0.0,0.0,0.998715,34170.93913336251,0.473311,0.49697654999999996,0.5206421,0.5443076499999999,0.5679732,0.59163875,0.6153043,0.63896985,0.6626354,0.68630095,0.7099665,0.73363205,0.7572976,0.78096315,0.8046287,0.82829425,0.8519597999999999,0.87562535,0.8992909,0.92295645,0.9466220000000001
SF11C46887912282050980,7,,2019-05-18T07:00:00-0700,0.005701,0.005701,0.002337,0.001334,0.000538014772,0.000634857659,0.005306245657,0.121917977267,0.000282307819,0.00017884607100000002,8.9157939e-05,7.2425504e-05,0.001281630408,0.000538014772,0.000634857659,0.005306245657,0.121917977267,0.000282307819,0.00017884607100000002,8.9157939e-05,7.2425504e-05,0.001281630408,0.0,0.0,0.0,0.0,0.0,0.0,0.0,0.0,0.0,0.0,0.0,0.0,0.0,0.0,0.0,0.0,0.0,0.0,0.998876,34170.93913336251,0.473311,0.49697654999999996,0.5206421,0.5443076499999999,0.5679732,0.59163875,0.6153043,0.63896985,0.6626354,0.68630095,0.7099665,0.73363205,0.7572976,0.78096315,0.8046287,0.82829425,0.8519597999999999,0.87562535,0.8992909,0.92295645,0.9466220000000001
SF11C46887912282050980,8,,2019-05-18T08:00:00-0700,0.005701,0.005701,0.002186,0.001393,0.000538014772,0.000634857659,0.005306245657,0.121917977267,0.000282307819,0.00017884607100000002,8.9157939e-05,7.2425504e-05,0.001281630408,0.000538014772,0.000634857659,0.005306245657,0.121917977267,0.000282307819,0.00017884607100000002,8.9157939e-05,7.2425504e-05,0.001281630408,0.0,0.0,0.0,0.0,0.0,0.0,0.0,0.0,0.0,0.0,0.0,0.0,0.0,0.0,0.0,0.0,0.0,0.0,0.999001,34170.93913336251,0.473311,0.49697654999999996,0.5206421,0.5443076499999999,0.5679732,0.59163875,0.6153043,0.63896985,0.6626354,0.68630095,0.7099665,0.73363205,0.7572976,0.78096315,0.8046287,0.82829425,0.8519597999999999,0.87562535,0.8992909,0.92295645,0.9466220000000001
SF11C46887912282050980,9,,2019-05-18T09:00:00-0700,0.005701,0.005701,0.002869,0.001495,0.000538014772,0.000634857659,0.005306245657,0.121917977267,0.000282307819,0.00017884607100000002,8.9157939e-05,7.2425504e-05,0.001281630408,0.000538014772,0.000634857659,0.005306245657,0.121917977267,0.000282307819,0.00017884607100000002,8.9157939e-05,7.2425504e-05,0.001281630408,0.0,0.0,0.0,0.0,0.0,0.0,0.0,0.0,0.0,0.0,0.0,0.0,0.0,0.0,0.0,0.0,0.0,0.0,0.999101,34170.93913336251,0.473311,0.49697654999999996,0.5206421,0.5443076499999999,0.5679732,0.59163875,0.6153043,0.63896985,0.6626354,0.68630095,0.7099665,0.73363205,0.7572976,0.78096315,0.8046287,0.82829425,0.8519597999999999,0.87562535,0.8992909,0.92295645,0.9466220000000001
SF11C46887912282050980,10,,2019-05-18T10:00:00-0700,0.020004,0.020004,0.012408,0.00225,0.001887817488,0.002227625436,0.018618863028,0.427792881468,0.0009905780760000001,0.0006275454840000001,0.000312842556,0.00025413081600000003,0.004497059232,0.001887817488,0.002227625436,0.018618863028,0.427792881468,0.0009905780760000001,0.0006275454840000001,0.000312842556,0.00025413081600000003,0.004497059232,0.0,0.0,0.0,0.0,0.0,0.0,0.0,0.0,0.0,0.0,0.0,0.0,0.0,0.0,0.0,0.0,0.0,0.0,0.994734,119900.97639427883,1.660536,1.7435628,1.8265896,1.9096164,1.9926432,2.07567,2.1586968,2.2417236000000003,2.3247504,2.4077772,2.490804,2.5738308,2.6568576,2.7398844,2.8229112,2.905938,2.9889647999999998,3.0719916,3.1550184,3.2380452,3.321072
SF11C46887912282050980,11,,2019-05-18T11:00:00-0700,0.040008,0.040008,0.029264,0.004118,0.003775634976,0.004455250872,0.037237726056,0.855585762936,0.0019811561520000002,0.0012550909680000002,0.000625685112,0.0005082616320000001,0.008994118464,0.003775634976,0.004455250872,0.037237726056,0.855585762936,0.0019811561520000002,0.0012550909680000002,0.000625685112,0.0005082616320000001,0.008994118464,0.0,0.0,0.0,0.0,0.0,0.0,0.0,0.0,0.0,0.0,0.0,0.0,0.0,0.0,0.0,0.0,0.0,0.0,0.983817,239801.95278855765,3.320382,3.32259425,3.3248064999999998,3.32701875,3.329231,3.33144325,3.3336555,3.33586775,3.33808,3.34029225,3.3425045,3.34471675,3.346929,3.34914125,3.3513535,3.35356575,3.355778,3.35799025,3.3602025,3.36241475,3.364627
SF11C46887912282050980,12,,2019-05-18T12:00:00-0700,0.070014,0.070013,0.058394,0.007871,0.006607266836000001,0.007796577667,0.065165089841,1.497253699771,0.0034669737470000004,0.0021963778230000004,0.001094933307,0.000889445152,0.015739482504,0.006607266836000001,0.007796577667,0.065165089841,1.497253699771,0.0034669737470000004,0.0021963778230000004,0.001094933307,0.000889445152,0.015739482504,0.0,0.0,0.0,0.0,0.0,0.0,0.0,0.0,0.0,0.0,0.0,0.0,0.0,0.0,0.0,0.0,0.0,0.0,0.967515,419653.4173799759,5.808859,5.87593505,5.9430111,6.01008715,6.0771632,6.14423925,6.2113153,6.27839135,6.3454674,6.41254345,6.4796195,6.54669555,6.6137716,6.6808476500000005,6.7479237,6.81499975,6.8820758,6.94915185,7.0162279000000005,7.08330395,7.15038
SF11C46887912282050980,13,,2019-05-18T13:00:00-0700,0.10002,0.100019,0.092571,0.013728,0.009438993068,0.011138015821,0.093093384383,2.1389430219729997,0.004952840861,0.0031376960490000004,0.001564197141,0.0012706413759999999,0.022485071352,0.009438993068,0.011138015821,0.093093384383,2.1389430219729997,0.004952840861,0.0031376960490000004,0.001564197141,0.0012706413759999999,0.022485071352,0.0,0.0,0.0,0.0,0.0,0.0,0.0,0.0,0.0,0.0,0.0,0.0,0.0,0.0,0.0,0.0,0.0,0.0,0.953269,599504.8819713941,8.295787,8.431794550000001,8.567802100000002,8.70380965,8.8398172,8.975824750000001,9.1118323,9.24783985,9.3838474,9.519854950000001,9.655862500000001,9.79187005,9.9278776,10.06388515,10.1998927,10.33590025,10.4719078,10.60791535,10.743922900000001,10.87993045,11.015938
SF11C46887912282050980,14,,2019-05-18T14:00:00-0700,0.130026,0.130025,0.130502,0.021803,0.0122707193,0.014479453975,0.121021678925,2.780632344175,0.006438707975,0.004079014275000001,0.002033460975,0.0016518376,0.0292306602,0.0122707193,0.014479453975,0.121021678925,2.780632344175,0.006438707975,0.004079014275000001,0.002033460975,0.0016518376,0.0292306602,0.0,0.0,0.0,0.0,0.0,0.0,0.0,0.0,0.0,0.0,0.0,0.0,0.0,0.0,0.0,0.0,0.0,0.0,0.943432,779356.3465628123,10.781166,10.9651081,11.149050200000001,11.3329923,11.5169344,11.7008765,11.884818600000001,12.0687607,12.2527028,12.436644900000001,12.620587,12.8045291,12.9884712,13.1724133,13.3563554,13.540297500000001,13.7242396,13.9081817,14.0921238,14.2760659,14.460008
SF11C46887912282050980,15,,2019-05-18T15:00:00-0700,0.160032,0.160031,0.170679,0.032097,0.015102445532,0.017820892129,0.148949973467,3.422321666377,0.007924575089,0.005020332501000001,0.0025027248090000002,0.0020330338240000002,0.035976249048,0.015102445532,0.017820892129,0.148949973467,3.422321666377,0.007924575089,0.005020332501000001,0.0025027248090000002,0.0020330338240000002,0.035976249048,0.0,0.0,0.0,0.0,0.0,0.0,0.0,0.0,0.0,0.0,0.0,0.0,0.0,0.0,0.0,0.0,0.0,0.0,0.936558,959207.8111542306,13.264998,13.4790092,13.6930204,13.9070316,14.1210428,14.335054,14.5490652,14.7630764,14.977087599999999,15.191098799999999,15.40511,15.619121199999999,15.8331324,16.0471436,16.2611548,16.475165999999998,16.6891772,16.903188399999998,17.1171996,17.3312108,17.545222
SF11C46887912282050980,16,,2019-05-18T16:00:00-0700,0.170034,0.170034,0.189175,0.042959,0.016046448648,0.018934816206,0.15826033573799997,3.6362394924779995,0.008419913646,0.005334136614,0.002659161726,0.002160111936,0.038225003472,0.016046448648,0.018934816206,0.15826033573799997,3.6362394924779995,0.008419913646,0.005334136614,0.002659161726,0.002160111936,0.038225003472,0.0,0.0,0.0,0.0,0.0,0.0,0.0,0.0,0.0,0.0,0.0,0.0,0.0,0.0,0.0,0.0,0.0,0.0,0.940752,1019158.29935137,14.092599,14.2611571,14.4297152,14.5982733,14.766831400000001,14.9353895,15.103947600000001,15.2725057,15.4410638,15.6096219,15.77818,15.946738100000001,16.115296200000003,16.2838543,16.4524124,16.620970500000002,16.7895286,16.958086700000003,17.1266448,17.295202900000003,17.463761
SF11C46887912282050980,17,,2019-05-18T17:00:00-0700,0.120024,0.120025,0.136906,0.049455,0.0113269993,0.013365863975000001,0.111714108925,2.566778674175,0.005943517975000001,0.0037653042750000008,0.0018770709750000002,0.0015247976,0.026982580200000002,0.0113269993,0.013365863975000001,0.111714108925,2.566778674175,0.005943517975000001,0.0037653042750000008,0.0018770709750000002,0.0015247976,0.026982580200000002,0.0,0.0,0.0,0.0,0.0,0.0,0.0,0.0,0.0,0.0,0.0,0.0,0.0,0.0,0.0,0.0,0.0,0.0,0.968334,719405.858365673,9.952879,10.45052295,10.948166899999999,11.445810849999999,11.9434548,12.441098749999998,12.938742699999999,13.43638665,13.9340306,14.431674549999999,14.929318499999999,15.426962449999998,15.924606399999998,16.42225035,16.9198943,17.41753825,17.915182199999997,18.41282615,18.910470099999998,19.40811405,19.905758
SF11C46887912282050980,18,,2019-05-18T18:00:00-0700,0.070014,0.070015,0.080523,0.051603,0.006607455579999999,0.007796800384999999,0.06516695135499999,1.4972964705049998,0.0034670727849999998,0.002196440565,0.001094964585,0.0008894705599999999,0.015739932119999998,0.006607455579999999,0.007796800384999999,0.06516695135499999,1.4972964705049998,0.0034670727849999998,0.002196440565,0.001094964585,0.0008894705599999999,0.015739932119999998,0.0,0.0,0.0,0.0,0.0,0.0,0.0,0.0,0.0,0.0,0.0,0.0,0.0,0.0,0.0,0.0,0.0,0.0,0.988802,419653.4173799759,5.808859,6.09930195,6.3897449,6.68018785,6.9706308,7.2610737499999995,7.5515167,7.84195965,8.132402599999999,8.42284555,8.7132885,9.00373145,9.2941744,9.58461735,9.8750603,10.16550325,10.4559462,10.746389149999999,11.0368321,11.32727505,11.617718
SF11C46887912282050980,19,,2019-05-18T19:00:00-0700,0.040008,0.040009,0.045635,0.051191,0.003775729348,0.004455362231,0.037238656813,0.855607148303,0.001981205671,0.0012551223390000002,0.000625700751,0.000508274336,0.008994343272,0.003775729348,0.004455362231,0.037238656813,0.855607148303,0.001981205671,0.0012551223390000002,0.000625700751,0.000508274336,0.008994343272,0.0,0.0,0.0,0.0,0.0,0.0,0.0,0.0,0.0,0.0,0.0,0.0,0.0,0.0,0.0,0.0,0.0,0.0,0.996447,239801.95278855765,3.320382,3.4864011,3.6524202,3.8184393,3.9844584,4.1504775,4.3164966,4.4825157,4.6485348,4.8145539,4.980573,5.1465920999999994,5.3126112,5.4786303,5.6446494000000005,5.8106685,5.9766876,6.1427067,6.3087257999999995,6.4747449,6.640764
SF11C46887912282050980,20,,2019-05-18T20:00:00-0700,0.005701,0.005702,0.006343,0.048089,0.0005381091439999999,0.0006349690179999999,0.0053071764139999995,0.12193936263399999,0.00028235733799999996,0.000178877442,8.917357799999999e-05,7.2438208e-05,0.001281855216,0.0005381091439999999,0.0006349690179999999,0.0053071764139999995,0.12193936263399999,0.00028235733799999996,0.000178877442,8.917357799999999e-05,7.2438208e-05,0.001281855216,0.0,0.0,0.0,0.0,0.0,0.0,0.0,0.0,0.0,0.0,0.0,0.0,0.0,0.0,0.0,0.0,0.0,0.0,0.999791,34170.93913336251,0.473311,0.49697654999999996,0.5206421,0.5443076499999999,0.5679732,0.59163875,0.6153043,0.63896985,0.6626354,0.68630095,0.7099665,0.73363205,0.7572976,0.78096315,0.8046287,0.82829425,0.8519597999999999,0.87562535,0.8992909,0.92295645,0.9466220000000001
SF11C46887912282050980,21,,2019-05-18T21:00:00-0700,0.005701,0.005701,0.00608,0.045185,0.000538014772,0.000634857659,0.005306245657,0.121917977267,0.000282307819,0.00017884607100000002,8.9157939e-05,7.2425504e-05,0.001281630408,0.000538014772,0.000634857659,0.005306245657,0.121917977267,0.000282307819,0.00017884607100000002,8.9157939e-05,7.2425504e-05,0.001281630408,0.0,0.0,0.0,0.0,0.0,0.0,0.0,0.0,0.0,0.0,0.0,0.0,0.0,0.0,0.0,0.0,0.0,0.0,0.999948,34170.93913336251,0.473311,0.49697654999999996,0.5206421,0.5443076499999999,0.5679732,0.59163875,0.6153043,0.63896985,0.6626354,0.68630095,0.7099665,0.73363205,0.7572976,0.78096315,0.8046287,0.82829425,0.8519597999999999,0.87562535,0.8992909,0.92295645,0.9466220000000001
SF11C46887912282050980,22,,2019-05-18T22:00:00-0700,0.005701,0.005701,0.005722,0.042456,0.000538014772,0.000634857659,0.005306245657,0.121917977267,0.000282307819,0.00017884607100000002,8.9157939e-05,7.2425504e-05,0.001281630408,0.000538014772,0.000634857659,0.005306245657,0.121917977267,0.000282307819,0.00017884607100000002,8.9157939e-05,7.2425504e-05,0.001281630408,0.0,0.0,0.0,0.0,0.0,0.0,0.0,0.0,0.0,0.0,0.0,0.0,0.0,0.0,0.0,0.0,0.0,0.0,0.999948,34170.93913336251,0.473311,0.49697654999999996,0.5206421,0.5443076499999999,0.5679732,0.59163875,0.6153043,0.63896985,0.6626354,0.68630095,0.7099665,0.73363205,0.7572976,0.78096315,0.8046287,0.82829425,0.8519597999999999,0.87562535,0.8992909,0.92295645,0.9466220000000001
SF11C46887912282050980,23,,2019-05-18T23:00:00-0700,0.005701,0.005701,0.005276,0.039885,0.000538014772,0.000634857659,0.005306245657,0.121917977267,0.000282307819,0.00017884607100000002,8.9157939e-05,7.2425504e-05,0.001281630408,0.000538014772,0.000634857659,0.005306245657,0.121917977267,0.000282307819,0.00017884607100000002,8.9157939e-05,7.2425504e-05,0.001281630408,0.0,0.0,0.0,0.0,0.0,0.0,0.0,0.0,0.0,0.0,0.0,0.0,0.0,0.0,0.0,0.0,0.0,0.0,0.999949,34170.93913336251,0.473311,0.49697654999999996,0.5206421,0.5443076499999999,0.5679732,0.59163875,0.6153043,0.63896985,0.6626354,0.68630095,0.7099665,0.73363205,0.7572976,0.78096315,0.8046287,0.82829425,0.8519597999999999,0.87562535,0.8992909,0.92295645,0.9466220000000001
SF11C46888012282050980,0,,2019-05-18T00:00:00-0600,0.005701,0.005701,0.004755,0.000329,0.000269007386,0.000317425979,0.0026531199780000002,0.060958991484000004,0.00014115676,8.942018500000001e-05,4.4576119e-05,3.6212752e-05,0.000640815204,0.000269007386,0.000317425979,0.0026531199780000002,0.060958991484000004,0.00014115676,8.942018500000001e-05,4.4576119e-05,3.6212752e-05,0.000640815204,0.0,0.0,0.0,0.0,0.0,0.0,0.0,0.0,0.0,0.0,0.0,0.0,0.0,0.0,0.0,0.0,0.0,0.0,0.997752,8542.731338887643,0.236663,0.24849615000000003,0.2603293,0.27216245,0.2839956,0.29582875000000003,0.30766190000000004,0.31949505,0.3313282,0.34316135000000003,0.3549945,0.36682765,0.3786608,0.39049395000000003,0.40232710000000005,0.41416025,0.4259934,0.43782655000000004,0.4496597,0.46149285,0.473326
SF11C46888012282050980,1,,2019-05-18T01:00:00-0600,0.005701,0.005701,0.00417,0.000594,0.000269007386,0.000317425979,0.0026531199780000002,0.060958991484000004,0.00014115676,8.942018500000001e-05,4.4576119e-05,3.6212752e-05,0.000640815204,0.000269007386,0.000317425979,0.0026531199780000002,0.060958991484000004,0.00014115676,8.942018500000001e-05,4.4576119e-05,3.6212752e-05,0.000640815204,0.0,0.0,0.0,0.0,0.0,0.0,0.0,0.0,0.0,0.0,0.0,0.0,0.0,0.0,0.0,0.0,0.0,0.0,0.997752,8542.731338887643,0.236663,0.24849615000000003,0.2603293,0.27216245,0.2839956,0.29582875000000003,0.30766190000000004,0.31949505,0.3313282,0.34316135000000003,0.3549945,0.36682765,0.3786608,0.39049395000000003,0.40232710000000005,0.41416025,0.4259934,0.43782655000000004,0.4496597,0.46149285,0.473326
SF11C46888012282050980,2,,2019-05-18T02:00:00-0600,0.005701,0.005701,0.003478,0.000794,0.000269007386,0.000317425979,0.0026531199780000002,0.060958991484000004,0.00014115676,8.942018500000001e-05,4.4576119e-05,3.6212752e-05,0.000640815204,0.000269007386,0.000317425979,0.0026531199780000002,0.060958991484000004,0.00014115676,8.942018500000001e-05,4.4576119e-05,3.6212752e-05,0.000640815204,0.0,0.0,0.0,0.0,0.0,0.0,0.0,0.0,0.0,0.0,0.0,0.0,0.0,0.0,0.0,0.0,0.0,0.0,0.998501,8542.731338887643,0.236663,0.24849615000000003,0.2603293,0.27216245,0.2839956,0.29582875000000003,0.30766190000000004,0.31949505,0.3313282,0.34316135000000003,0.3549945,0.36682765,0.3786608,0.39049395000000003,0.40232710000000005,0.41416025,0.4259934,0.43782655000000004,0.4496597,0.46149285,0.473326
SF11C46888012282050980,3,,2019-05-18T03:00:00-0600,0.005701,0.005701,0.003028,0.000948,0.000269007386,0.000317425979,0.0026531199780000002,0.060958991484000004,0.00014115676,8.942018500000001e-05,4.4576119e-05,3.6212752e-05,0.000640815204,0.000269007386,0.000317425979,0.0026531199780000002,0.060958991484000004,0.00014115676,8.942018500000001e-05,4.4576119e-05,3.6212752e-05,0.000640815204,0.0,0.0,0.0,0.0,0.0,0.0,0.0,0.0,0.0,0.0,0.0,0.0,0.0,0.0,0.0,0.0,0.0,0.0,0.998876,8542.731338887643,0.236663,0.24849615000000003,0.2603293,0.27216245,0.2839956,0.29582875000000003,0.30766190000000004,0.31949505,0.3313282,0.34316135000000003,0.3549945,0.36682765,0.3786608,0.39049395000000003,0.40232710000000005,0.41416025,0.4259934,0.43782655000000004,0.4496597,0.46149285,0.473326
SF11C46888012282050980,4,,2019-05-18T04:00:00-0600,0.005701,0.005701,0.002734,0.001072,0.000269007386,0.000317425979,0.0026531199780000002,0.060958991484000004,0.00014115676,8.942018500000001e-05,4.4576119e-05,3.6212752e-05,0.000640815204,0.000269007386,0.000317425979,0.0026531199780000002,0.060958991484000004,0.00014115676,8.942018500000001e-05,4.4576119e-05,3.6212752e-05,0.000640815204,0.0,0.0,0.0,0.0,0.0,0.0,0.0,0.0,0.0,0.0,0.0,0.0,0.0,0.0,0.0,0.0,0.0,0.0,0.999101,8542.731338887643,0.236663,0.24849615000000003,0.2603293,0.27216245,0.2839956,0.29582875000000003,0.30766190000000004,0.31949505,0.3313282,0.34316135000000003,0.3549945,0.36682765,0.3786608,0.39049395000000003,0.40232710000000005,0.41416025,0.4259934,0.43782655000000004,0.4496597,0.46149285,0.473326
SF11C46888012282050980,5,,2019-05-18T05:00:00-0600,0.005701,0.005701,0.002543,0.001174,0.000269007386,0.000317425979,0.0026531199780000002,0.060958991484000004,0.00014115676,8.942018500000001e-05,4.4576119e-05,3.6212752e-05,0.000640815204,0.000269007386,0.000317425979,0.0026531199780000002,0.060958991484000004,0.00014115676,8.942018500000001e-05,4.4576119e-05,3.6212752e-05,0.000640815204,0.0,0.0,0.0,0.0,0.0,0.0,0.0,0.0,0.0,0.0,0.0,0.0,0.0,0.0,0.0,0.0,0.0,0.0,0.999251,8542.731338887643,0.236663,0.24849615000000003,0.2603293,0.27216245,0.2839956,0.29582875000000003,0.30766190000000004,0.31949505,0.3313282,0.34316135000000003,0.3549945,0.36682765,0.3786608,0.39049395000000003,0.40232710000000005,0.41416025,0.4259934,0.43782655000000004,0.4496597,0.46149285,0.473326
SF11C46888012282050980,6,,2019-05-18T06:00:00-0600,0.005701,0.005701,0.002418,0.00126,0.000269007386,0.000317425979,0.0026531199780000002,0.060958991484000004,0.00014115676,8.942018500000001e-05,4.4576119e-05,3.6212752e-05,0.000640815204,0.000269007386,0.000317425979,0.0026531199780000002,0.060958991484000004,0.00014115676,8.942018500000001e-05,4.4576119e-05,3.6212752e-05,0.000640815204,0.0,0.0,0.0,0.0,0.0,0.0,0.0,0.0,0.0,0.0,0.0,0.0,0.0,0.0,0.0,0.0,0.0,0.0,0.999358,8542.731338887643,0.236663,0.24849615000000003,0.2603293,0.27216245,0.2839956,0.29582875000000003,0.30766190000000004,0.31949505,0.3313282,0.34316135000000003,0.3549945,0.36682765,0.3786608,0.39049395000000003,0.40232710000000005,0.41416025,0.4259934,0.43782655000000004,0.4496597,0.46149285,0.473326
SF11C46888012282050980,7,,2019-05-18T07:00:00-0600,0.005701,0.005701,0.002337,0.001334,0.000269007386,0.000317425979,0.0026531199780000002,0.060958991484000004,0.00014115676,8.942018500000001e-05,4.4576119e-05,3.6212752e-05,0.000640815204,0.000269007386,0.000317425979,0.0026531199780000002,0.060958991484000004,0.00014115676,8.942018500000001e-05,4.4576119e-05,3.6212752e-05,0.000640815204,0.0,0.0,0.0,0.0,0.0,0.0,0.0,0.0,0.0,0.0,0.0,0.0,0.0,0.0,0.0,0.0,0.0,0.0,0.999438,8542.731338887643,0.236663,0.24849615000000003,0.2603293,0.27216245,0.2839956,0.29582875000000003,0.30766190000000004,0.31949505,0.3313282,0.34316135000000003,0.3549945,0.36682765,0.3786608,0.39049395000000003,0.40232710000000005,0.41416025,0.4259934,0.43782655000000004,0.4496597,0.46149285,0.473326
SF11C46888012282050980,8,,2019-05-18T08:00:00-0600,0.005701,0.005701,0.002186,0.001393,0.000269007386,0.000317425979,0.0026531199780000002,0.060958991484000004,0.00014115676,8.942018500000001e-05,4.4576119e-05,3.6212752e-05,0.000640815204,0.000269007386,0.000317425979,0.0026531199780000002,0.060958991484000004,0.00014115676,8.942018500000001e-05,4.4576119e-05,3.6212752e-05,0.000640815204,0.0,0.0,0.0,0.0,0.0,0.0,0.0,0.0,0.0,0.0,0.0,0.0,0.0,0.0,0.0,0.0,0.0,0.0,0.9995,8542.731338887643,0.236663,0.24849615000000003,0.2603293,0.27216245,0.2839956,0.29582875000000003,0.30766190000000004,0.31949505,0.3313282,0.34316135000000003,0.3549945,0.36682765,0.3786608,0.39049395000000003,0.40232710000000005,0.41416025,0.4259934,0.43782655000000004,0.4496597,0.46149285,0.473326
SF11C46888012282050980,9,,2019-05-18T09:00:00-0600,0.005701,0.005701,0.002869,0.001495,0.000269007386,0.000317425979,0.0026531199780000002,0.060958991484000004,0.00014115676,8.942018500000001e-05,4.4576119e-05,3.6212752e-05,0.000640815204,0.000269007386,0.000317425979,0.0026531199780000002,0.060958991484000004,0.00014115676,8.942018500000001e-05,4.4576119e-05,3.6212752e-05,0.000640815204,0.0,0.0,0.0,0.0,0.0,0.0,0.0,0.0,0.0,0.0,0.0,0.0,0.0,0.0,0.0,0.0,0.0,0.0,0.99955,8542.731338887643,0.236663,0.24849615000000003,0.2603293,0.27216245,0.2839956,0.29582875000000003,0.30766190000000004,0.31949505,0.3313282,0.34316135000000003,0.3549945,0.36682765,0.3786608,0.39049395000000003,0.40232710000000005,0.41416025,0.4259934,0.43782655000000004,0.4496597,0.46149285,0.473326
SF11C46888012282050980,10,,2019-05-18T10:00:00-0600,0.020004,0.020004,0.012409,0.00225,0.000943908744,0.001113802716,0.009309421512000001,0.213896450736,0.00049529904,0.00031376274000000006,0.000156411276,0.00012706540800000001,0.002248529616,0.000943908744,0.001113802716,0.009309421512000001,0.213896450736,0.00049529904,0.00031376274000000006,0.000156411276,0.00012706540800000001,0.002248529616,0.0,0.0,0.0,0.0,0.0,0.0,0.0,0.0,0.0,0.0,0.0,0.0,0.0,0.0,0.0,0.0,0.0,0.0,0.997367,29975.23201247297,0.830354,0.8718717,0.9133894,0.9549071,0.9964248,1.0379425,1.0794602,1.1209779000000002,1.1624956000000002,1.2040133000000002,1.2455310000000002,1.2870487000000002,1.3285664000000001,1.3700841000000001,1.4116018000000001,1.4531195000000001,1.4946372,1.5361549,1.5776726,1.6191903,1.660708
SF11C46888012282050980,11,,2019-05-18T11:00:00-0600,0.040008,0.040007,0.029264,0.004118,0.001887770302,0.002227549753,0.018618377646000002,0.427782208788,0.00099057332,0.000627509795,0.000312814733,0.000254124464,0.004496946828,0.001887770302,0.002227549753,0.018618377646000002,0.427782208788,0.00099057332,0.000627509795,0.000312814733,0.000254124464,0.004496946828,0.0,0.0,0.0,0.0,0.0,0.0,0.0,0.0,0.0,0.0,0.0,0.0,0.0,0.0,0.0,0.0,0.0,0.0,0.991908,59950.46402494594,1.660536,1.7435628,1.8265896,1.9096164,1.9926432,2.07567,2.1586968,2.2417236000000003,2.3247504,2.4077772,2.490804,2.5738308,2.6568576,2.7398844,2.8229112,2.905938,2.9889647999999998,3.0719916,3.1550184,3.2380452,3.321072
SF11C46888012282050980,12,,2019-05-18T12:00:00-0600,0.070014,0.070013,0.058394,0.007871,0.0033036334180000003,0.003898253827,0.032582509914,0.748626884892,0.0017335218800000002,0.0010981539050000002,0.000547431647,0.000444722576,0.007869741252,0.0033036334180000003,0.003898253827,0.032582509914,0.748626884892,0.0017335218800000002,0.0010981539050000002,0.000547431647,0.000444722576,0.007869741252,0.0,0.0,0.0,0.0,0.0,0.0,0.0,0.0,0.0,0.0,0.0,0.0,0.0,0.0,0.0,0.0,0.0,0.0,0.983757,104913.3120436554,2.905485,2.91582995,2.9261749,2.9365198500000003,2.9468648,2.95720975,2.9675547,2.97789965,2.9882446000000003,2.99858955,3.0089345,3.01927945,3.0296244,3.0399693500000002,3.0503143,3.06065925,3.0710042,3.08134915,3.0916941000000002,3.10203905,3.112384
SF11C46888012282050980,13,,2019-05-18T13:00:00-0600,0.10002,0.100019,0.092571,0.013728,0.004719496534,0.005568957901,0.046546642182,1.069471560996,0.00247647044,0.001568798015,0.000782048561,0.0006353206879999999,0.011242535676,0.004719496534,0.005568957901,0.046546642182,1.069471560996,0.00247647044,0.001568798015,0.000782048561,0.0006353206879999999,0.011242535676,0.0,0.0,0.0,0.0,0.0,0.0,0.0,0.0,0.0,0.0,0.0,0.0,0.0,0.0,0.0,0.0,0.0,0.0,0.976635,149876.16006236483,4.150046,4.18229195,4.2145379,4.24678385,4.2790298,4.31127575,4.3435217,4.37576765,4.4080136,4.44025955,4.4725055000000005,4.5047514500000005,4.5369974,4.56924335,4.6014893,4.63373525,4.6659812,4.69822715,4.7304731,4.76271905,4.794965
SF11C46888012282050980,14,,2019-05-18T14:00:00-0600,0.130026,0.130025,0.130502,0.021803,0.00613535965,0.007239661975,0.060510774450000006,1.3903162371,0.0032194190000000003,0.002039442125,0.001016665475,0.0008259188,0.0146153301,0.00613535965,0.007239661975,0.060510774450000006,1.3903162371,0.0032194190000000003,0.002039442125,0.001016665475,0.0008259188,0.0146153301,0.0,0.0,0.0,0.0,0.0,0.0,0.0,0.0,0.0,0.0,0.0,0.0,0.0,0.0,0.0,0.0,0.0,0.0,0.971716,194839.0080810743,5.39422,5.4392132,5.4842064,5.5291996,5.5741928,5.619186,5.6641791999999995,5.7091724,5.754165599999999,5.7991588,5.844151999999999,5.8891452,5.9341384,5.9791316,6.0241248,6.069118,6.1141112,6.1591043999999995,6.2040976,6.249090799999999,6.294084
SF11C46888012282050980,15,,2019-05-18T15:00:00-0600,0.160032,0.160031,0.170679,0.032097,0.007551222766,0.008910366049,0.074474906718,1.711160913204,0.00396236756,0.0025100862350000003,0.001251282389,0.0010165169120000001,0.017988124524,0.007551222766,0.008910366049,0.074474906718,1.711160913204,0.00396236756,0.0025100862350000003,0.001251282389,0.0010165169120000001,0.017988124524,0.0,0.0,0.0,0.0,0.0,0.0,0.0,0.0,0.0,0.0,0.0,0.0,0.0,0.0,0.0,0.0,0.0,0.0,0.968279,239801.85609978376,6.638007,6.68795675,6.7379065,6.78785625,6.837806,6.88775575,6.9377055,6.9876552499999995,7.037605,7.08755475,7.1375045,7.18745425,7.237404,7.28735375,7.3373035,7.38725325,7.437203,7.48715275,7.5371025,7.58705225,7.637002
SF11C46888012282050980,16,,2019-05-18T16:00:00-0600,0.170034,0.170034,0.189175,0.042959,0.008023224324,0.009467323086,0.079130082852,1.8181198312559999,0.0042100418399999995,0.00266698329,0.0013294958459999999,0.001080055968,0.019112501736,0.008023224324,0.009467323086,0.079130082852,1.8181198312559999,0.0042100418399999995,0.00266698329,0.0013294958459999999,0.001080055968,0.019112501736,0.0,0.0,0.0,0.0,0.0,0.0,0.0,0.0,0.0,0.0,0.0,0.0,0.0,0.0,0.0,0.0,0.0,0.0,0.970376,254789.47210602023,7.052517,7.07996835,7.1074196999999995,7.13487105,7.1623224,7.18977375,7.2172251,7.24467645,7.2721278,7.29957915,7.327030499999999,7.35448185,7.3819332,7.4093845499999995,7.4368359,7.46428725,7.4917386,7.5191899499999995,7.546641299999999,7.57409265,7.601544
SF11C46888012282050980,17,,2019-05-18T17:00:00-0600,0.120024,0.120025,0.136906,0.049455,0.00566349965,0.006682871975,0.05585699445,1.2833893971,0.002971819,0.0018825921250000001,0.000938475475,0.0007623988,0.013491290100000001,0.00566349965,0.006682871975,0.05585699445,1.2833893971,0.002971819,0.0018825921250000001,0.000938475475,0.0007623988,0.013491290100000001,0.0,0.0,0.0,0.0,0.0,0.0,0.0,0.0,0.0,0.0,0.0,0.0,0.0,0.0,0.0,0.0,0.0,0.0,0.984167,179851.39207483782,4.979539,5.22851595,5.4774929,5.72646985,5.9754468,6.22442375,6.4734007,6.72237765,6.9713546,7.22033155,7.4693085,7.71828545,7.9672624,8.21623935,8.4652163,8.714193250000001,8.9631702,9.21214715,9.4611241,9.710101049999999,9.959078
SF11C46888012282050980,18,,2019-05-18T18:00:00-0600,0.070014,0.070015,0.080523,0.051603,0.0033037277899999997,0.0038983651849999997,0.03258344067,0.7486482702599999,0.0017335713999999999,0.001098185275,0.0005474472849999999,0.00044473527999999994,0.007869966059999999,0.0033037277899999997,0.0038983651849999997,0.03258344067,0.7486482702599999,0.0017335713999999999,0.001098185275,0.0005474472849999999,0.00044473527999999994,0.007869966059999999,0.0,0.0,0.0,0.0,0.0,0.0,0.0,0.0,0.0,0.0,0.0,0.0,0.0,0.0,0.0,0.0,0.0,0.0,0.994401,104913.3120436554,2.905485,3.05075925,3.1960335,3.34130775,3.4865820000000003,3.6318562500000002,3.7771305,3.92240475,4.067679,4.21295325,4.3582275,4.50350175,4.648776,4.79405025,4.9393245,5.08459875,5.2298729999999995,5.3751472499999995,5.520421499999999,5.665695749999999,5.810969999999999
SF11C46888012282050980,19,,2019-05-18T19:00:00-0600,0.040008,0.040009,0.045635,0.051191,0.001887864674,0.002227661111,0.018619308402,0.427803594156,0.0009906228400000001,0.0006275411650000001,0.000312830371,0.000254137168,0.004497171636,0.001887864674,0.002227661111,0.018619308402,0.427803594156,0.0009906228400000001,0.0006275411650000001,0.000312830371,0.000254137168,0.004497171636,0.0,0.0,0.0,0.0,0.0,0.0,0.0,0.0,0.0,0.0,0.0,0.0,0.0,0.0,0.0,0.0,0.0,0.0,0.998224,59950.46402494594,1.660536,1.7435628,1.8265896,1.9096164,1.9926432,2.07567,2.1586968,2.2417236000000003,2.3247504,2.4077772,2.490804,2.5738308,2.6568576,2.7398844,2.8229112,2.905938,2.9889647999999998,3.0719916,3.1550184,3.2380452,3.321072
SF11C46888012282050980,20,,2019-05-18T20:00:00-0600,0.005701,0.005702,0.006343,0.048089,0.00026905457199999995,0.00031748165799999996,0.002653585356,0.06096968416799999,0.00014118152,8.943586999999999e-05,4.4583937999999996e-05,3.6219104e-05,0.000640927608,0.00026905457199999995,0.00031748165799999996,0.002653585356,0.06096968416799999,0.00014118152,8.943586999999999e-05,4.4583937999999996e-05,3.6219104e-05,0.000640927608,0.0,0.0,0.0,0.0,0.0,0.0,0.0,0.0,0.0,0.0,0.0,0.0,0.0,0.0,0.0,0.0,0.0,0.0,0.999895,8542.731338887643,0.236663,0.24849615000000003,0.2603293,0.27216245,0.2839956,0.29582875000000003,0.30766190000000004,0.31949505,0.3313282,0.34316135000000003,0.3549945,0.36682765,0.3786608,0.39049395000000003,0.40232710000000005,0.41416025,0.4259934,0.43782655000000004,0.4496597,0.46149285,0.473326
SF11C46888012282050980,21,,2019-05-18T21:00:00-0600,0.005701,0.005701,0.00608,0.045185,0.000269007386,0.000317425979,0.0026531199780000002,0.060958991484000004,0.00014115676,8.942018500000001e-05,4.4576119e-05,3.6212752e-05,0.000640815204,0.000269007386,0.000317425979,0.0026531199780000002,0.060958991484000004,0.00014115676,8.942018500000001e-05,4.4576119e-05,3.6212752e-05,0.000640815204,0.0,0.0,0.0,0.0,0.0,0.0,0.0,0.0,0.0,0.0,0.0,0.0,0.0,0.0,0.0,0.0,0.0,0.0,0.999974,8542.731338887643,0.236663,0.24849615000000003,0.2603293,0.27216245,0.2839956,0.29582875000000003,0.30766190000000004,0.31949505,0.3313282,0.34316135000000003,0.3549945,0.36682765,0.3786608,0.39049395000000003,0.40232710000000005,0.41416025,0.4259934,0.43782655000000004,0.4496597,0.46149285,0.473326
SF11C46888012282050980,22,,2019-05-18T22:00:00-0600,0.005701,0.005701,0.005722,0.042456,0.000269007386,0.000317425979,0.0026531199780000002,0.060958991484000004,0.00014115676,8.942018500000001e-05,4.4576119e-05,3.6212752e-05,0.000640815204,0.000269007386,0.000317425979,0.0026531199780000002,0.060958991484000004,0.00014115676,8.942018500000001e-05,4.4576119e-05,3.6212752e-05,0.000640815204,0.0,0.0,0.0,0.0,0.0,0.0,0.0,0.0,0.0,0.0,0.0,0.0,0.0,0.0,0.0,0.0,0.0,0.0,0.999974,8542.731338887643,0.236663,0.24849615000000003,0.2603293,0.27216245,0.2839956,0.29582875000000003,0.30766190000000004,0.31949505,0.3313282,0.34316135000000003,0.3549945,0.36682765,0.3786608,0.39049395000000003,0.40232710000000005,0.41416025,0.4259934,0.43782655000000004,0.4496597,0.46149285,0.473326
SF11C46888012282050980,23,,2019-05-18T23:00:00-0600,0.005701,0.005701,0.005277,0.039885,0.000269007386,0.000317425979,0.0026531199780000002,0.060958991484000004,0.00014115676,8.942018500000001e-05,4.4576119e-05,3.6212752e-05,0.000640815204,0.000269007386,0.000317425979,0.0026531199780000002,0.060958991484000004,0.00014115676,8.942018500000001e-05,4.4576119e-05,3.6212752e-05,0.000640815204,0.0,0.0,0.0,0.0,0.0,0.0,0.0,0.0,0.0,0.0,0.0,0.0,0.0,0.0,0.0,0.0,0.0,0.0,0.999974,8542.731338887643,0.236663,0.24849615000000003,0.2603293,0.27216245,0.2839956,0.29582875000000003,0.30766190000000004,0.31949505,0.3313282,0.34316135000000003,0.3549945,0.36682765,0.3786608,0.39049395000000003,0.40232710000000005,0.41416025,0.4259934,0.43782655000000004,0.4496597,0.46149285,0.473326
SF11C46888112282050980,0,,2019-05-18T00:00:00-0700,0.005701,0.005701,0.004755,0.000329,0.000538014772,0.000634857659,0.005306245657,0.121917977267,0.000282307819,0.00017884607100000002,8.9157939e-05,7.2425504e-05,0.001281630408,0.000538014772,0.000634857659,0.005306245657,0.121917977267,0.000282307819,0.00017884607100000002,8.9157939e-05,7.2425504e-05,0.001281630408,0.0,0.0,0.0,0.0,0.0,0.0,0.0,0.0,0.0,0.0,0.0,0.0,0.0,0.0,0.0,0.0,0.0,0.0,0.995503,34170.93913336251,0.473311,0.49697654999999996,0.5206421,0.5443076499999999,0.5679732,0.59163875,0.6153043,0.63896985,0.6626354,0.68630095,0.7099665,0.73363205,0.7572976,0.78096315,0.8046287,0.82829425,0.8519597999999999,0.87562535,0.8992909,0.92295645,0.9466220000000001
SF11C46888112282050980,1,,2019-05-18T01:00:00-0700,0.005701,0.005701,0.00417,0.000594,0.000538014772,0.000634857659,0.005306245657,0.121917977267,0.000282307819,0.00017884607100000002,8.9157939e-05,7.2425504e-05,0.001281630408,0.000538014772,0.000634857659,0.005306245657,0.121917977267,0.000282307819,0.00017884607100000002,8.9157939e-05,7.2425504e-05,0.001281630408,0.0,0.0,0.0,0.0,0.0,0.0,0.0,0.0,0.0,0.0,0.0,0.0,0.0,0.0,0.0,0.0,0.0,0.0,0.995503,34170.93913336251,0.473311,0.47388305,0.47445509999999996,0.47502715,0.4755992,0.47617125,0.4767433,0.47731534999999997,0.4778874,0.47845945,0.4790315,0.47960355,0.4801756,0.48074765,0.4813197,0.48189175,0.4824638,0.48303585,0.48360790000000003,0.48417995,0.484752
SF11C46888112282050980,2,,2019-05-18T02:00:00-0700,0.005701,0.005701,0.003478,0.000794,0.000538014772,0.000634857659,0.005306245657,0.121917977267,0.000282307819,0.00017884607100000002,8.9157939e-05,7.2425504e-05,0.001281630408,0.000538014772,0.000634857659,0.005306245657,0.121917977267,0.000282307819,0.00017884607100000002,8.9157939e-05,7.2425504e-05,0.001281630408,0.0,0.0,0.0,0.0,0.0,0.0,0.0,0.0,0.0,0.0,0.0,0.0,0.0,0.0,0.0,0.0,0.0,0.0,0.997002,34170.93913336251,0.473311,0.49697654999999996,0.5206421,0.5443076499999999,0.5679732,0.59163875,0.6153043,0.63896985,0.6626354,0.68630095,0.7099665,0.73363205,0.7572976,0.78096315,0.8046287,0.82829425,0.8519597999999999,0.87562535,0.8992909,0.92295645,0.9466220000000001
SF11C46888112282050980,3,,2019-05-18T03:00:00-0700,0.005701,0.005701,0.003028,0.000948,0.000538014772,0.000634857659,0.005306245657,0.121917977267,0.000282307819,0.00017884607100000002,8.9157939e-05,7.2425504e-05,0.001281630408,0.000538014772,0.000634857659,0.005306245657,0.121917977267,0.000282307819,0.00017884607100000002,8.9157939e-05,7.2425504e-05,0.001281630408,0.0,0.0,0.0,0.0,0.0,0.0,0.0,0.0,0.0,0.0,0.0,0.0,0.0,0.0,0.0,0.0,0.0,0.0,0.997752,34170.93913336251,0.473311,0.49697654999999996,0.5206421,0.5443076499999999,0.5679732,0.59163875,0.6153043,0.63896985,0.6626354,0.68630095,0.7099665,0.73363205,0.7572976,0.78096315,0.8046287,0.82829425,0.8519597999999999,0.87562535,0.8992909,0.92295645,0.9466220000000001
SF11C46888112282050980,4,,2019-05-18T04:00:00-0700,0.005701,0.005701,0.002734,0.001072,0.000538014772,0.000634857659,0.005306245657,0.121917977267,0.000282307819,0.00017884607100000002,8.9157939e-05,7.2425504e-05,0.001281630408,0.000538014772,0.000634857659,0.005306245657,0.121917977267,0.000282307819,0.00017884607100000002,8.9157939e-05,7.2425504e-05,0.001281630408,0.0,0.0,0.0,0.0,0.0,0.0,0.0,0.0,0.0,0.0,0.0,0.0,0.0,0.0,0.0,0.0,0.0,0.0,0.998201,34170.93913336251,0.473311,0.49697654999999996,0.5206421,0.5443076499999999,0.5679732,0.59163875,0.6153043,0.63896985,0.6626354,0.68630095,0.7099665,0.73363205,0.7572976,0.78096315,0.8046287,0.82829425,0.8519597999999999,0.87562535,0.8992909,0.92295645,0.9466220000000001
SF11C46888112282050980,5,,2019-05-18T05:00:00-0700,0.005701,0.005701,0.002543,0.001174,0.000538014772,0.000634857659,0.005306245657,0.121917977267,0.000282307819,0.00017884607100000002,8.9157939e-05,7.2425504e-05,0.001281630408,0.000538014772,0.000634857659,0.005306245657,0.121917977267,0.000282307819,0.00017884607100000002,8.9157939e-05,7.2425504e-05,0.001281630408,0.0,0.0,0.0,0.0,0.0,0.0,0.0,0.0,0.0,0.0,0.0,0.0,0.0,0.0,0.0,0.0,0.0,0.0,0.998501,34170.93913336251,0.473311,0.49697654999999996,0.5206421,0.5443076499999999,0.5679732,0.59163875,0.6153043,0.63896985,0.6626354,0.68630095,0.7099665,0.73363205,0.7572976,0.78096315,0.8046287,0.82829425,0.8519597999999999,0.87562535,0.8992909,0.92295645,0.9466220000000001
SF11C46888112282050980,6,,2019-05-18T06:00:00-0700,0.005701,0.005701,0.002418,0.00126,0.000538014772,0.000634857659,0.005306245657,0.121917977267,0.000282307819,0.00017884607100000002,8.9157939e-05,7.2425504e-05,0.001281630408,0.000538014772,0.000634857659,0.005306245657,0.121917977267,0.000282307819,0.00017884607100000002,8.9157939e-05,7.2425504e-05,0.001281630408,0.0,0.0,0.0,0.0,0.0,0.0,0.0,0.0,0.0,0.0,0.0,0.0,0.0,0.0,0.0,0.0,0.0,0.0,0.998715,34170.93913336251,0.473311,0.49697654999999996,0.5206421,0.5443076499999999,0.5679732,0.59163875,0.6153043,0.63896985,0.6626354,0.68630095,0.7099665,0.73363205,0.7572976,0.78096315,0.8046287,0.82829425,0.8519597999999999,0.87562535,0.8992909,0.92295645,0.9466220000000001
SF11C46888112282050980,7,,2019-05-18T07:00:00-0700,0.005701,0.005701,0.002337,0.001334,0.000538014772,0.000634857659,0.005306245657,0.121917977267,0.000282307819,0.00017884607100000002,8.9157939e-05,7.2425504e-05,0.001281630408,0.000538014772,0.000634857659,0.005306245657,0.121917977267,0.000282307819,0.00017884607100000002,8.9157939e-05,7.2425504e-05,0.001281630408,0.0,0.0,0.0,0.0,0.0,0.0,0.0,0.0,0.0,0.0,0.0,0.0,0.0,0.0,0.0,0.0,0.0,0.0,0.998876,34170.93913336251,0.473311,0.49697654999999996,0.5206421,0.5443076499999999,0.5679732,0.59163875,0.6153043,0.63896985,0.6626354,0.68630095,0.7099665,0.73363205,0.7572976,0.78096315,0.8046287,0.82829425,0.8519597999999999,0.87562535,0.8992909,0.92295645,0.9466220000000001
SF11C46888112282050980,8,,2019-05-18T08:00:00-0700,0.005701,0.005701,0.002186,0.001393,0.000538014772,0.000634857659,0.005306245657,0.121917977267,0.000282307819,0.00017884607100000002,8.9157939e-05,7.2425504e-05,0.001281630408,0.000538014772,0.000634857659,0.005306245657,0.121917977267,0.000282307819,0.00017884607100000002,8.9157939e-05,7.2425504e-05,0.001281630408,0.0,0.0,0.0,0.0,0.0,0.0,0.0,0.0,0.0,0.0,0.0,0.0,0.0,0.0,0.0,0.0,0.0,0.0,0.999001,34170.93913336251,0.473311,0.49697654999999996,0.5206421,0.5443076499999999,0.5679732,0.59163875,0.6153043,0.63896985,0.6626354,0.68630095,0.7099665,0.73363205,0.7572976,0.78096315,0.8046287,0.82829425,0.8519597999999999,0.87562535,0.8992909,0.92295645,0.9466220000000001
SF11C46888112282050980,9,,2019-05-18T09:00:00-0700,0.005701,0.005701,0.002869,0.001495,0.000538014772,0.000634857659,0.005306245657,0.121917977267,0.000282307819,0.00017884607100000002,8.9157939e-05,7.2425504e-05,0.001281630408,0.000538014772,0.000634857659,0.005306245657,0.121917977267,0.000282307819,0.00017884607100000002,8.9157939e-05,7.2425504e-05,0.001281630408,0.0,0.0,0.0,0.0,0.0,0.0,0.0,0.0,0.0,0.0,0.0,0.0,0.0,0.0,0.0,0.0,0.0,0.0,0.999101,34170.93913336251,0.473311,0.49697654999999996,0.5206421,0.5443076499999999,0.5679732,0.59163875,0.6153043,0.63896985,0.6626354,0.68630095,0.7099665,0.73363205,0.7572976,0.78096315,0.8046287,0.82829425,0.8519597999999999,0.87562535,0.8992909,0.92295645,0.9466220000000001
SF11C46888112282050980,10,,2019-05-18T10:00:00-0700,0.020004,0.020004,0.012408,0.00225,0.001887817488,0.002227625436,0.018618863028,0.427792881468,0.0009905780760000001,0.0006275454840000001,0.000312842556,0.00025413081600000003,0.004497059232,0.001887817488,0.002227625436,0.018618863028,0.427792881468,0.0009905780760000001,0.0006275454840000001,0.000312842556,0.00025413081600000003,0.004497059232,0.0,0.0,0.0,0.0,0.0,0.0,0.0,0.0,0.0,0.0,0.0,0.0,0.0,0.0,0.0,0.0,0.0,0.0,0.994734,119900.97639427883,1.660536,1.7435628,1.8265896,1.9096164,1.9926432,2.07567,2.1586968,2.2417236000000003,2.3247504,2.4077772,2.490804,2.5738308,2.6568576,2.7398844,2.8229112,2.905938,2.9889647999999998,3.0719916,3.1550184,3.2380452,3.321072
SF11C46888112282050980,11,,2019-05-18T11:00:00-0700,0.040008,0.040008,0.029264,0.004118,0.003775634976,0.004455250872,0.037237726056,0.855585762936,0.0019811561520000002,0.0012550909680000002,0.000625685112,0.0005082616320000001,0.008994118464,0.003775634976,0.004455250872,0.037237726056,0.855585762936,0.0019811561520000002,0.0012550909680000002,0.000625685112,0.0005082616320000001,0.008994118464,0.0,0.0,0.0,0.0,0.0,0.0,0.0,0.0,0.0,0.0,0.0,0.0,0.0,0.0,0.0,0.0,0.0,0.0,0.983817,239801.95278855765,3.320382,3.32259425,3.3248064999999998,3.32701875,3.329231,3.33144325,3.3336555,3.33586775,3.33808,3.34029225,3.3425045,3.34471675,3.346929,3.34914125,3.3513535,3.35356575,3.355778,3.35799025,3.3602025,3.36241475,3.364627
SF11C46888112282050980,12,,2019-05-18T12:00:00-0700,0.070014,0.070013,0.058394,0.007871,0.006607266836000001,0.007796577667,0.065165089841,1.497253699771,0.0034669737470000004,0.0021963778230000004,0.001094933307,0.000889445152,0.015739482504,0.006607266836000001,0.007796577667,0.065165089841,1.497253699771,0.0034669737470000004,0.0021963778230000004,0.001094933307,0.000889445152,0.015739482504,0.0,0.0,0.0,0.0,0.0,0.0,0.0,0.0,0.0,0.0,0.0,0.0,0.0,0.0,0.0,0.0,0.0,0.0,0.967515,419653.4173799759,5.808859,5.87593505,5.9430111,6.01008715,6.0771632,6.14423925,6.2113153,6.27839135,6.3454674,6.41254345,6.4796195,6.54669555,6.6137716,6.6808476500000005,6.7479237,6.81499975,6.8820758,6.94915185,7.0162279000000005,7.08330395,7.15038
SF11C46888112282050980,13,,2019-05-18T13:00:00-0700,0.10002,0.100019,0.092571,0.013728,0.009438993068,0.011138015821,0.093093384383,2.1389430219729997,0.004952840861,0.0031376960490000004,0.001564197141,0.0012706413759999999,0.022485071352,0.009438993068,0.011138015821,0.093093384383,2.1389430219729997,0.004952840861,0.0031376960490000004,0.001564197141,0.0012706413759999999,0.022485071352,0.0,0.0,0.0,0.0,0.0,0.0,0.0,0.0,0.0,0.0,0.0,0.0,0.0,0.0,0.0,0.0,0.0,0.0,0.953269,599504.8819713941,8.295787,8.431794550000001,8.567802100000002,8.70380965,8.8398172,8.975824750000001,9.1118323,9.24783985,9.3838474,9.519854950000001,9.655862500000001,9.79187005,9.9278776,10.06388515,10.1998927,10.33590025,10.4719078,10.60791535,10.743922900000001,10.87993045,11.015938
SF11C46888112282050980,14,,2019-05-18T14:00:00-0700,0.130026,0.130025,0.130502,0.021803,0.0122707193,0.014479453975,0.121021678925,2.780632344175,0.006438707975,0.004079014275000001,0.002033460975,0.0016518376,0.0292306602,0.0122707193,0.014479453975,0.121021678925,2.780632344175,0.006438707975,0.004079014275000001,0.002033460975,0.0016518376,0.0292306602,0.0,0.0,0.0,0.0,0.0,0.0,0.0,0.0,0.0,0.0,0.0,0.0,0.0,0.0,0.0,0.0,0.0,0.0,0.943432,779356.3465628123,10.781166,10.9651081,11.149050200000001,11.3329923,11.5169344,11.7008765,11.884818600000001,12.0687607,12.2527028,12.436644900000001,12.620587,12.8045291,12.9884712,13.1724133,13.3563554,13.540297500000001,13.7242396,13.9081817,14.0921238,14.2760659,14.460008
SF11C46888112282050980,15,,2019-05-18T15:00:00-0700,0.160032,0.160031,0.170679,0.032097,0.015102445532,0.017820892129,0.148949973467,3.422321666377,0.007924575089,0.005020332501000001,0.0025027248090000002,0.0020330338240000002,0.035976249048,0.015102445532,0.017820892129,0.148949973467,3.422321666377,0.007924575089,0.005020332501000001,0.0025027248090000002,0.0020330338240000002,0.035976249048,0.0,0.0,0.0,0.0,0.0,0.0,0.0,0.0,0.0,0.0,0.0,0.0,0.0,0.0,0.0,0.0,0.0,0.0,0.936558,959207.8111542306,13.264998,13.4790092,13.6930204,13.9070316,14.1210428,14.335054,14.5490652,14.7630764,14.977087599999999,15.191098799999999,15.40511,15.619121199999999,15.8331324,16.0471436,16.2611548,16.475165999999998,16.6891772,16.903188399999998,17.1171996,17.3312108,17.545222
SF11C46888112282050980,16,,2019-05-18T16:00:00-0700,0.170034,0.170034,0.189175,0.042959,0.016046448648,0.018934816206,0.15826033573799997,3.6362394924779995,0.008419913646,0.005334136614,0.002659161726,0.002160111936,0.038225003472,0.016046448648,0.018934816206,0.15826033573799997,3.6362394924779995,0.008419913646,0.005334136614,0.002659161726,0.002160111936,0.038225003472,0.0,0.0,0.0,0.0,0.0,0.0,0.0,0.0,0.0,0.0,0.0,0.0,0.0,0.0,0.0,0.0,0.0,0.0,0.940752,1019158.29935137,14.092599,14.2611571,14.4297152,14.5982733,14.766831400000001,14.9353895,15.103947600000001,15.2725057,15.4410638,15.6096219,15.77818,15.946738100000001,16.115296200000003,16.2838543,16.4524124,16.620970500000002,16.7895286,16.958086700000003,17.1266448,17.295202900000003,17.463761
SF11C46888112282050980,17,,2019-05-18T17:00:00-0700,0.120024,0.120025,0.136906,0.049455,0.0113269993,0.013365863975000001,0.111714108925,2.566778674175,0.005943517975000001,0.0037653042750000008,0.0018770709750000002,0.0015247976,0.026982580200000002,0.0113269993,0.013365863975000001,0.111714108925,2.566778674175,0.005943517975000001,0.0037653042750000008,0.0018770709750000002,0.0015247976,0.026982580200000002,0.0,0.0,0.0,0.0,0.0,0.0,0.0,0.0,0.0,0.0,0.0,0.0,0.0,0.0,0.0,0.0,0.0,0.0,0.968334,719405.858365673,9.952879,10.45052295,10.948166899999999,11.445810849999999,11.9434548,12.441098749999998,12.938742699999999,13.43638665,13.9340306,14.431674549999999,14.929318499999999,15.426962449999998,15.924606399999998,16.42225035,16.9198943,17.41753825,17.915182199999997,18.41282615,18.910470099999998,19.40811405,19.905758
SF11C46888112282050980,18,,2019-05-18T18:00:00-0700,0.070014,0.070015,0.080523,0.051603,0.006607455579999999,0.007796800384999999,0.06516695135499999,1.4972964705049998,0.0034670727849999998,0.002196440565,0.001094964585,0.0008894705599999999,0.015739932119999998,0.006607455579999999,0.007796800384999999,0.06516695135499999,1.4972964705049998,0.0034670727849999998,0.002196440565,0.001094964585,0.0008894705599999999,0.015739932119999998,0.0,0.0,0.0,0.0,0.0,0.0,0.0,0.0,0.0,0.0,0.0,0.0,0.0,0.0,0.0,0.0,0.0,0.0,0.988802,419653.4173799759,5.808859,6.09930195,6.3897449,6.68018785,6.9706308,7.2610737499999995,7.5515167,7.84195965,8.132402599999999,8.42284555,8.7132885,9.00373145,9.2941744,9.58461735,9.8750603,10.16550325,10.4559462,10.746389149999999,11.0368321,11.32727505,11.617718
SF11C46888112282050980,19,,2019-05-18T19:00:00-0700,0.040008,0.040009,0.045635,0.051191,0.003775729348,0.004455362231,0.037238656813,0.855607148303,0.001981205671,0.0012551223390000002,0.000625700751,0.000508274336,0.008994343272,0.003775729348,0.004455362231,0.037238656813,0.855607148303,0.001981205671,0.0012551223390000002,0.000625700751,0.000508274336,0.008994343272,0.0,0.0,0.0,0.0,0.0,0.0,0.0,0.0,0.0,0.0,0.0,0.0,0.0,0.0,0.0,0.0,0.0,0.0,0.996447,239801.95278855765,3.320382,3.4864011,3.6524202,3.8184393,3.9844584,4.1504775,4.3164966,4.4825157,4.6485348,4.8145539,4.980573,5.1465920999999994,5.3126112,5.4786303,5.6446494000000005,5.8106685,5.9766876,6.1427067,6.3087257999999995,6.4747449,6.640764
SF11C46888112282050980,20,,2019-05-18T20:00:00-0700,0.005701,0.005702,0.006343,0.048089,0.0005381091439999999,0.0006349690179999999,0.0053071764139999995,0.12193936263399999,0.00028235733799999996,0.000178877442,8.917357799999999e-05,7.2438208e-05,0.001281855216,0.0005381091439999999,0.0006349690179999999,0.0053071764139999995,0.12193936263399999,0.00028235733799999996,0.000178877442,8.917357799999999e-05,7.2438208e-05,0.001281855216,0.0,0.0,0.0,0.0,0.0,0.0,0.0,0.0,0.0,0.0,0.0,0.0,0.0,0.0,0.0,0.0,0.0,0.0,0.999791,34170.93913336251,0.473311,0.49697654999999996,0.5206421,0.5443076499999999,0.5679732,0.59163875,0.6153043,0.63896985,0.6626354,0.68630095,0.7099665,0.73363205,0.7572976,0.78096315,0.8046287,0.82829425,0.8519597999999999,0.87562535,0.8992909,0.92295645,0.9466220000000001
SF11C46888112282050980,21,,2019-05-18T21:00:00-0700,0.005701,0.005701,0.00608,0.045185,0.000538014772,0.000634857659,0.005306245657,0.121917977267,0.000282307819,0.00017884607100000002,8.9157939e-05,7.2425504e-05,0.001281630408,0.000538014772,0.000634857659,0.005306245657,0.121917977267,0.000282307819,0.00017884607100000002,8.9157939e-05,7.2425504e-05,0.001281630408,0.0,0.0,0.0,0.0,0.0,0.0,0.0,0.0,0.0,0.0,0.0,0.0,0.0,0.0,0.0,0.0,0.0,0.0,0.999948,34170.93913336251,0.473311,0.49697654999999996,0.5206421,0.5443076499999999,0.5679732,0.59163875,0.6153043,0.63896985,0.6626354,0.68630095,0.7099665,0.73363205,0.7572976,0.78096315,0.8046287,0.82829425,0.8519597999999999,0.87562535,0.8992909,0.92295645,0.9466220000000001
SF11C46888112282050980,22,,2019-05-18T22:00:00-0700,0.005701,0.005701,0.005722,0.042456,0.000538014772,0.000634857659,0.005306245657,0.121917977267,0.000282307819,0.00017884607100000002,8.9157939e-05,7.2425504e-05,0.001281630408,0.000538014772,0.000634857659,0.005306245657,0.121917977267,0.000282307819,0.00017884607100000002,8.9157939e-05,7.2425504e-05,0.001281630408,0.0,0.0,0.0,0.0,0.0,0.0,0.0,0.0,0.0,0.0,0.0,0.0,0.0,0.0,0.0,0.0,0.0,0.0,0.999948,34170.93913336251,0.473311,0.49697654999999996,0.5206421,0.5443076499999999,0.5679732,0.59163875,0.6153043,0.63896985,0.6626354,0.68630095,0.7099665,0.73363205,0.7572976,0.78096315,0.8046287,0.82829425,0.8519597999999999,0.87562535,0.8992909,0.92295645,0.9466220000000001
SF11C46888112282050980,23,,2019-05-18T23:00:00-0700,0.005701,0.005701,0.005276,0.039885,0.000538014772,0.000634857659,0.005306245657,0.121917977267,0.000282307819,0.00017884607100000002,8.9157939e-05,7.2425504e-05,0.001281630408,0.000538014772,0.000634857659,0.005306245657,0.121917977267,0.000282307819,0.00017884607100000002,8.9157939e-05,7.2425504e-05,0.001281630408,0.0,0.0,0.0,0.0,0.0,0.0,0.0,0.0,0.0,0.0,0.0,0.0,0.0,0.0,0.0,0.0,0.0,0.0,0.999949,34170.93913336251,0.473311,0.49697654999999996,0.5206421,0.5443076499999999,0.5679732,0.59163875,0.6153043,0.63896985,0.6626354,0.68630095,0.7099665,0.73363205,0.7572976,0.78096315,0.8046287,0.82829425,0.8519597999999999,0.87562535,0.8992909,0.92295645,0.9466220000000001
SF11C46888212282050980,0,,2019-05-18T00:00:00-0600,0.005701,0.005701,0.004755,0.000329,0.000538014772,0.000634857659,0.005306245657,0.121917977267,0.000282307819,0.00017884607100000002,8.9157939e-05,7.2425504e-05,0.001281630408,0.000538014772,0.000634857659,0.005306245657,0.121917977267,0.000282307819,0.00017884607100000002,8.9157939e-05,7.2425504e-05,0.001281630408,0.0,0.0,0.0,0.0,0.0,0.0,0.0,0.0,0.0,0.0,0.0,0.0,0.0,0.0,0.0,0.0,0.0,0.0,0.995503,34170.93913336251,0.473311,0.49697654999999996,0.5206421,0.5443076499999999,0.5679732,0.59163875,0.6153043,0.63896985,0.6626354,0.68630095,0.7099665,0.73363205,0.7572976,0.78096315,0.8046287,0.82829425,0.8519597999999999,0.87562535,0.8992909,0.92295645,0.9466220000000001
SF11C46888212282050980,1,,2019-05-18T01:00:00-0600,0.005701,0.005701,0.00417,0.000594,0.000538014772,0.000634857659,0.005306245657,0.121917977267,0.000282307819,0.00017884607100000002,8.9157939e-05,7.2425504e-05,0.001281630408,0.000538014772,0.000634857659,0.005306245657,0.121917977267,0.000282307819,0.00017884607100000002,8.9157939e-05,7.2425504e-05,0.001281630408,0.0,0.0,0.0,0.0,0.0,0.0,0.0,0.0,0.0,0.0,0.0,0.0,0.0,0.0,0.0,0.0,0.0,0.0,0.995503,34170.93913336251,0.473311,0.47388305,0.47445509999999996,0.47502715,0.4755992,0.47617125,0.4767433,0.47731534999999997,0.4778874,0.47845945,0.4790315,0.47960355,0.4801756,0.48074765,0.4813197,0.48189175,0.4824638,0.48303585,0.48360790000000003,0.48417995,0.484752
SF11C46888212282050980,2,,2019-05-18T02:00:00-0600,0.005701,0.005701,0.003478,0.000794,0.000538014772,0.000634857659,0.005306245657,0.121917977267,0.000282307819,0.00017884607100000002,8.9157939e-05,7.2425504e-05,0.001281630408,0.000538014772,0.000634857659,0.005306245657,0.121917977267,0.000282307819,0.00017884607100000002,8.9157939e-05,7.2425504e-05,0.001281630408,0.0,0.0,0.0,0.0,0.0,0.0,0.0,0.0,0.0,0.0,0.0,0.0,0.0,0.0,0.0,0.0,0.0,0.0,0.997002,34170.93913336251,0.473311,0.49697654999999996,0.5206421,0.5443076499999999,0.5679732,0.59163875,0.6153043,0.63896985,0.6626354,0.68630095,0.7099665,0.73363205,0.7572976,0.78096315,0.8046287,0.82829425,0.8519597999999999,0.87562535,0.8992909,0.92295645,0.9466220000000001
SF11C46888212282050980,3,,2019-05-18T03:00:00-0600,0.005701,0.005701,0.003028,0.000948,0.000538014772,0.000634857659,0.005306245657,0.121917977267,0.000282307819,0.00017884607100000002,8.9157939e-05,7.2425504e-05,0.001281630408,0.000538014772,0.000634857659,0.005306245657,0.121917977267,0.000282307819,0.00017884607100000002,8.9157939e-05,7.2425504e-05,0.001281630408,0.0,0.0,0.0,0.0,0.0,0.0,0.0,0.0,0.0,0.0,0.0,0.0,0.0,0.0,0.0,0.0,0.0,0.0,0.997752,34170.93913336251,0.473311,0.49697654999999996,0.5206421,0.5443076499999999,0.5679732,0.59163875,0.6153043,0.63896985,0.6626354,0.68630095,0.7099665,0.73363205,0.7572976,0.78096315,0.8046287,0.82829425,0.8519597999999999,0.87562535,0.8992909,0.92295645,0.9466220000000001
SF11C46888212282050980,4,,2019-05-18T04:00:00-0600,0.005701,0.005701,0.002734,0.001072,0.000538014772,0.000634857659,0.005306245657,0.121917977267,0.000282307819,0.00017884607100000002,8.9157939e-05,7.2425504e-05,0.001281630408,0.000538014772,0.000634857659,0.005306245657,0.121917977267,0.000282307819,0.00017884607100000002,8.9157939e-05,7.2425504e-05,0.001281630408,0.0,0.0,0.0,0.0,0.0,0.0,0.0,0.0,0.0,0.0,0.0,0.0,0.0,0.0,0.0,0.0,0.0,0.0,0.998201,34170.93913336251,0.473311,0.49697654999999996,0.5206421,0.5443076499999999,0.5679732,0.59163875,0.6153043,0.63896985,0.6626354,0.68630095,0.7099665,0.73363205,0.7572976,0.78096315,0.8046287,0.82829425,0.8519597999999999,0.87562535,0.8992909,0.92295645,0.9466220000000001
SF11C46888212282050980,5,,2019-05-18T05:00:00-0600,0.005701,0.005701,0.002543,0.001174,0.000538014772,0.000634857659,0.005306245657,0.121917977267,0.000282307819,0.00017884607100000002,8.9157939e-05,7.2425504e-05,0.001281630408,0.000538014772,0.000634857659,0.005306245657,0.121917977267,0.000282307819,0.00017884607100000002,8.9157939e-05,7.2425504e-05,0.001281630408,0.0,0.0,0.0,0.0,0.0,0.0,0.0,0.0,0.0,0.0,0.0,0.0,0.0,0.0,0.0,0.0,0.0,0.0,0.998501,34170.93913336251,0.473311,0.49697654999999996,0.5206421,0.5443076499999999,0.5679732,0.59163875,0.6153043,0.63896985,0.6626354,0.68630095,0.7099665,0.73363205,0.7572976,0.78096315,0.8046287,0.82829425,0.8519597999999999,0.87562535,0.8992909,0.92295645,0.9466220000000001
SF11C46888212282050980,6,,2019-05-18T06:00:00-0600,0.005701,0.005701,0.002418,0.00126,0.000538014772,0.000634857659,0.005306245657,0.121917977267,0.000282307819,0.00017884607100000002,8.9157939e-05,7.2425504e-05,0.001281630408,0.000538014772,0.000634857659,0.005306245657,0.121917977267,0.000282307819,0.00017884607100000002,8.9157939e-05,7.2425504e-05,0.001281630408,0.0,0.0,0.0,0.0,0.0,0.0,0.0,0.0,0.0,0.0,0.0,0.0,0.0,0.0,0.0,0.0,0.0,0.0,0.998715,34170.93913336251,0.473311,0.49697654999999996,0.5206421,0.5443076499999999,0.5679732,0.59163875,0.6153043,0.63896985,0.6626354,0.68630095,0.7099665,0.73363205,0.7572976,0.78096315,0.8046287,0.82829425,0.8519597999999999,0.87562535,0.8992909,0.92295645,0.9466220000000001
SF11C46888212282050980,7,,2019-05-18T07:00:00-0600,0.005701,0.005701,0.002337,0.001334,0.000538014772,0.000634857659,0.005306245657,0.121917977267,0.000282307819,0.00017884607100000002,8.9157939e-05,7.2425504e-05,0.001281630408,0.000538014772,0.000634857659,0.005306245657,0.121917977267,0.000282307819,0.00017884607100000002,8.9157939e-05,7.2425504e-05,0.001281630408,0.0,0.0,0.0,0.0,0.0,0.0,0.0,0.0,0.0,0.0,0.0,0.0,0.0,0.0,0.0,0.0,0.0,0.0,0.998876,34170.93913336251,0.473311,0.49697654999999996,0.5206421,0.5443076499999999,0.5679732,0.59163875,0.6153043,0.63896985,0.6626354,0.68630095,0.7099665,0.73363205,0.7572976,0.78096315,0.8046287,0.82829425,0.8519597999999999,0.87562535,0.8992909,0.92295645,0.9466220000000001
SF11C46888212282050980,8,,2019-05-18T08:00:00-0600,0.005701,0.005701,0.002186,0.001393,0.000538014772,0.000634857659,0.005306245657,0.121917977267,0.000282307819,0.00017884607100000002,8.9157939e-05,7.2425504e-05,0.001281630408,0.000538014772,0.000634857659,0.005306245657,0.121917977267,0.000282307819,0.00017884607100000002,8.9157939e-05,7.2425504e-05,0.001281630408,0.0,0.0,0.0,0.0,0.0,0.0,0.0,0.0,0.0,0.0,0.0,0.0,0.0,0.0,0.0,0.0,0.0,0.0,0.999001,34170.93913336251,0.473311,0.49697654999999996,0.5206421,0.5443076499999999,0.5679732,0.59163875,0.6153043,0.63896985,0.6626354,0.68630095,0.7099665,0.73363205,0.7572976,0.78096315,0.8046287,0.82829425,0.8519597999999999,0.87562535,0.8992909,0.92295645,0.9466220000000001
SF11C46888212282050980,9,,2019-05-18T09:00:00-0600,0.005701,0.005701,0.002869,0.001495,0.000538014772,0.000634857659,0.005306245657,0.121917977267,0.000282307819,0.00017884607100000002,8.9157939e-05,7.2425504e-05,0.001281630408,0.000538014772,0.000634857659,0.005306245657,0.121917977267,0.000282307819,0.00017884607100000002,8.9157939e-05,7.2425504e-05,0.001281630408,0.0,0.0,0.0,0.0,0.0,0.0,0.0,0.0,0.0,0.0,0.0,0.0,0.0,0.0,0.0,0.0,0.0,0.0,0.999101,34170.93913336251,0.473311,0.49697654999999996,0.5206421,0.5443076499999999,0.5679732,0.59163875,0.6153043,0.63896985,0.6626354,0.68630095,0.7099665,0.73363205,0.7572976,0.78096315,0.8046287,0.82829425,0.8519597999999999,0.87562535,0.8992909,0.92295645,0.9466220000000001
SF11C46888212282050980,10,,2019-05-18T10:00:00-0600,0.020004,0.020004,0.012408,0.00225,0.001887817488,0.002227625436,0.018618863028,0.427792881468,0.0009905780760000001,0.0006275454840000001,0.000312842556,0.00025413081600000003,0.004497059232,0.001887817488,0.002227625436,0.018618863028,0.427792881468,0.0009905780760000001,0.0006275454840000001,0.000312842556,0.00025413081600000003,0.004497059232,0.0,0.0,0.0,0.0,0.0,0.0,0.0,0.0,0.0,0.0,0.0,0.0,0.0,0.0,0.0,0.0,0.0,0.0,0.994734,119900.97639427883,1.660536,1.7435628,1.8265896,1.9096164,1.9926432,2.07567,2.1586968,2.2417236000000003,2.3247504,2.4077772,2.490804,2.5738308,2.6568576,2.7398844,2.8229112,2.905938,2.9889647999999998,3.0719916,3.1550184,3.2380452,3.321072
SF11C46888212282050980,11,,2019-05-18T11:00:00-0600,0.040008,0.040008,0.029264,0.004118,0.003775634976,0.004455250872,0.037237726056,0.855585762936,0.0019811561520000002,0.0012550909680000002,0.000625685112,0.0005082616320000001,0.008994118464,0.003775634976,0.004455250872,0.037237726056,0.855585762936,0.0019811561520000002,0.0012550909680000002,0.000625685112,0.0005082616320000001,0.008994118464,0.0,0.0,0.0,0.0,0.0,0.0,0.0,0.0,0.0,0.0,0.0,0.0,0.0,0.0,0.0,0.0,0.0,0.0,0.983817,239801.95278855765,3.320382,3.32259425,3.3248064999999998,3.32701875,3.329231,3.33144325,3.3336555,3.33586775,3.33808,3.34029225,3.3425045,3.34471675,3.346929,3.34914125,3.3513535,3.35356575,3.355778,3.35799025,3.3602025,3.36241475,3.364627
SF11C46888212282050980,12,,2019-05-18T12:00:00-0600,0.070014,0.070013,0.058394,0.007871,0.006607266836000001,0.007796577667,0.065165089841,1.497253699771,0.0034669737470000004,0.0021963778230000004,0.001094933307,0.000889445152,0.015739482504,0.006607266836000001,0.007796577667,0.065165089841,1.497253699771,0.0034669737470000004,0.0021963778230000004,0.001094933307,0.000889445152,0.015739482504,0.0,0.0,0.0,0.0,0.0,0.0,0.0,0.0,0.0,0.0,0.0,0.0,0.0,0.0,0.0,0.0,0.0,0.0,0.967515,419653.4173799759,5.808859,5.87593505,5.9430111,6.01008715,6.0771632,6.14423925,6.2113153,6.27839135,6.3454674,6.41254345,6.4796195,6.54669555,6.6137716,6.6808476500000005,6.7479237,6.81499975,6.8820758,6.94915185,7.0162279000000005,7.08330395,7.15038
SF11C46888212282050980,13,,2019-05-18T13:00:00-0600,0.10002,0.100019,0.092571,0.013728,0.009438993068,0.011138015821,0.093093384383,2.1389430219729997,0.004952840861,0.0031376960490000004,0.001564197141,0.0012706413759999999,0.022485071352,0.009438993068,0.011138015821,0.093093384383,2.1389430219729997,0.004952840861,0.0031376960490000004,0.001564197141,0.0012706413759999999,0.022485071352,0.0,0.0,0.0,0.0,0.0,0.0,0.0,0.0,0.0,0.0,0.0,0.0,0.0,0.0,0.0,0.0,0.0,0.0,0.953269,599504.8819713941,8.295787,8.431794550000001,8.567802100000002,8.70380965,8.8398172,8.975824750000001,9.1118323,9.24783985,9.3838474,9.519854950000001,9.655862500000001,9.79187005,9.9278776,10.06388515,10.1998927,10.33590025,10.4719078,10.60791535,10.743922900000001,10.87993045,11.015938
SF11C46888212282050980,14,,2019-05-18T14:00:00-0600,0.130026,0.130025,0.130502,0.021803,0.0122707193,0.014479453975,0.121021678925,2.780632344175,0.006438707975,0.004079014275000001,0.002033460975,0.0016518376,0.0292306602,0.0122707193,0.014479453975,0.121021678925,2.780632344175,0.006438707975,0.004079014275000001,0.002033460975,0.0016518376,0.0292306602,0.0,0.0,0.0,0.0,0.0,0.0,0.0,0.0,0.0,0.0,0.0,0.0,0.0,0.0,0.0,0.0,0.0,0.0,0.943432,779356.3465628123,10.781166,10.9651081,11.149050200000001,11.3329923,11.5169344,11.7008765,11.884818600000001,12.0687607,12.2527028,12.436644900000001,12.620587,12.8045291,12.9884712,13.1724133,13.3563554,13.540297500000001,13.7242396,13.9081817,14.0921238,14.2760659,14.460008
SF11C46888212282050980,15,,2019-05-18T15:00:00-0600,0.160032,0.160031,0.170679,0.032097,0.015102445532,0.017820892129,0.148949973467,3.422321666377,0.007924575089,0.005020332501000001,0.0025027248090000002,0.0020330338240000002,0.035976249048,0.015102445532,0.017820892129,0.148949973467,3.422321666377,0.007924575089,0.005020332501000001,0.0025027248090000002,0.0020330338240000002,0.035976249048,0.0,0.0,0.0,0.0,0.0,0.0,0.0,0.0,0.0,0.0,0.0,0.0,0.0,0.0,0.0,0.0,0.0,0.0,0.936558,959207.8111542306,13.264998,13.4790092,13.6930204,13.9070316,14.1210428,14.335054,14.5490652,14.7630764,14.977087599999999,15.191098799999999,15.40511,15.619121199999999,15.8331324,16.0471436,16.2611548,16.475165999999998,16.6891772,16.903188399999998,17.1171996,17.3312108,17.545222
SF11C46888212282050980,16,,2019-05-18T16:00:00-0600,0.170034,0.170034,0.189175,0.042959,0.016046448648,0.018934816206,0.15826033573799997,3.6362394924779995,0.008419913646,0.005334136614,0.002659161726,0.002160111936,0.038225003472,0.016046448648,0.018934816206,0.15826033573799997,3.6362394924779995,0.008419913646,0.005334136614,0.002659161726,0.002160111936,0.038225003472,0.0,0.0,0.0,0.0,0.0,0.0,0.0,0.0,0.0,0.0,0.0,0.0,0.0,0.0,0.0,0.0,0.0,0.0,0.940752,1019158.29935137,14.092599,14.2611571,14.4297152,14.5982733,14.766831400000001,14.9353895,15.103947600000001,15.2725057,15.4410638,15.6096219,15.77818,15.946738100000001,16.115296200000003,16.2838543,16.4524124,16.620970500000002,16.7895286,16.958086700000003,17.1266448,17.295202900000003,17.463761
SF11C46888212282050980,17,,2019-05-18T17:00:00-0600,0.120024,0.120025,0.136906,0.049455,0.0113269993,0.013365863975000001,0.111714108925,2.566778674175,0.005943517975000001,0.0037653042750000008,0.0018770709750000002,0.0015247976,0.026982580200000002,0.0113269993,0.013365863975000001,0.111714108925,2.566778674175,0.005943517975000001,0.0037653042750000008,0.0018770709750000002,0.0015247976,0.026982580200000002,0.0,0.0,0.0,0.0,0.0,0.0,0.0,0.0,0.0,0.0,0.0,0.0,0.0,0.0,0.0,0.0,0.0,0.0,0.968334,719405.858365673,9.952879,10.45052295,10.948166899999999,11.445810849999999,11.9434548,12.441098749999998,12.938742699999999,13.43638665,13.9340306,14.431674549999999,14.929318499999999,15.426962449999998,15.924606399999998,16.42225035,16.9198943,17.41753825,17.915182199999997,18.41282615,18.910470099999998,19.40811405,19.905758
SF11C46888212282050980,18,,2019-05-18T18:00:00-0600,0.070014,0.070015,0.080523,0.051603,0.006607455579999999,0.007796800384999999,0.06516695135499999,1.4972964705049998,0.0034670727849999998,0.002196440565,0.001094964585,0.0008894705599999999,0.015739932119999998,0.006607455579999999,0.007796800384999999,0.06516695135499999,1.4972964705049998,0.0034670727849999998,0.002196440565,0.001094964585,0.0008894705599999999,0.015739932119999998,0.0,0.0,0.0,0.0,0.0,0.0,0.0,0.0,0.0,0.0,0.0,0.0,0.0,0.0,0.0,0.0,0.0,0.0,0.988802,419653.4173799759,5.808859,6.09930195,6.3897449,6.68018785,6.9706308,7.2610737499999995,7.5515167,7.84195965,8.132402599999999,8.42284555,8.7132885,9.00373145,9.2941744,9.58461735,9.8750603,10.16550325,10.4559462,10.746389149999999,11.0368321,11.32727505,11.617718
SF11C46888212282050980,19,,2019-05-18T19:00:00-0600,0.040008,0.040009,0.045635,0.051191,0.003775729348,0.004455362231,0.037238656813,0.855607148303,0.001981205671,0.0012551223390000002,0.000625700751,0.000508274336,0.008994343272,0.003775729348,0.004455362231,0.037238656813,0.855607148303,0.001981205671,0.0012551223390000002,0.000625700751,0.000508274336,0.008994343272,0.0,0.0,0.0,0.0,0.0,0.0,0.0,0.0,0.0,0.0,0.0,0.0,0.0,0.0,0.0,0.0,0.0,0.0,0.996447,239801.95278855765,3.320382,3.4864011,3.6524202,3.8184393,3.9844584,4.1504775,4.3164966,4.4825157,4.6485348,4.8145539,4.980573,5.1465920999999994,5.3126112,5.4786303,5.6446494000000005,5.8106685,5.9766876,6.1427067,6.3087257999999995,6.4747449,6.640764
SF11C46888212282050980,20,,2019-05-18T20:00:00-0600,0.005701,0.005702,0.006343,0.048089,0.0005381091439999999,0.0006349690179999999,0.0053071764139999995,0.12193936263399999,0.00028235733799999996,0.000178877442,8.917357799999999e-05,7.2438208e-05,0.001281855216,0.0005381091439999999,0.0006349690179999999,0.0053071764139999995,0.12193936263399999,0.00028235733799999996,0.000178877442,8.917357799999999e-05,7.2438208e-05,0.001281855216,0.0,0.0,0.0,0.0,0.0,0.0,0.0,0.0,0.0,0.0,0.0,0.0,0.0,0.0,0.0,0.0,0.0,0.0,0.999791,34170.93913336251,0.473311,0.49697654999999996,0.5206421,0.5443076499999999,0.5679732,0.59163875,0.6153043,0.63896985,0.6626354,0.68630095,0.7099665,0.73363205,0.7572976,0.78096315,0.8046287,0.82829425,0.8519597999999999,0.87562535,0.8992909,0.92295645,0.9466220000000001
SF11C46888212282050980,21,,2019-05-18T21:00:00-0600,0.005701,0.005701,0.00608,0.045185,0.000538014772,0.000634857659,0.005306245657,0.121917977267,0.000282307819,0.00017884607100000002,8.9157939e-05,7.2425504e-05,0.001281630408,0.000538014772,0.000634857659,0.005306245657,0.121917977267,0.000282307819,0.00017884607100000002,8.9157939e-05,7.2425504e-05,0.001281630408,0.0,0.0,0.0,0.0,0.0,0.0,0.0,0.0,0.0,0.0,0.0,0.0,0.0,0.0,0.0,0.0,0.0,0.0,0.999948,34170.93913336251,0.473311,0.49697654999999996,0.5206421,0.5443076499999999,0.5679732,0.59163875,0.6153043,0.63896985,0.6626354,0.68630095,0.7099665,0.73363205,0.7572976,0.78096315,0.8046287,0.82829425,0.8519597999999999,0.87562535,0.8992909,0.92295645,0.9466220000000001
SF11C46888212282050980,22,,2019-05-18T22:00:00-0600,0.005701,0.005701,0.005722,0.042456,0.000538014772,0.000634857659,0.005306245657,0.121917977267,0.000282307819,0.00017884607100000002,8.9157939e-05,7.2425504e-05,0.001281630408,0.000538014772,0.000634857659,0.005306245657,0.121917977267,0.000282307819,0.00017884607100000002,8.9157939e-05,7.2425504e-05,0.001281630408,0.0,0.0,0.0,0.0,0.0,0.0,0.0,0.0,0.0,0.0,0.0,0.0,0.0,0.0,0.0,0.0,0.0,0.0,0.999948,34170.93913336251,0.473311,0.49697654999999996,0.5206421,0.5443076499999999,0.5679732,0.59163875,0.6153043,0.63896985,0.6626354,0.68630095,0.7099665,0.73363205,0.7572976,0.78096315,0.8046287,0.82829425,0.8519597999999999,0.87562535,0.8992909,0.92295645,0.9466220000000001
SF11C46888212282050980,23,,2019-05-18T23:00:00-0600,0.005701,0.005701,0.005276,0.039885,0.000538014772,0.000634857659,0.005306245657,0.121917977267,0.000282307819,0.00017884607100000002,8.9157939e-05,7.2425504e-05,0.001281630408,0.000538014772,0.000634857659,0.005306245657,0.121917977267,0.000282307819,0.00017884607100000002,8.9157939e-05,7.2425504e-05,0.001281630408,0.0,0.0,0.0,0.0,0.0,0.0,0.0,0.0,0.0,0.0,0.0,0.0,0.0,0.0,0.0,0.0,0.0,0.0,0.999949,34170.93913336251,0.473311,0.49697654999999996,0.5206421,0.5443076499999999,0.5679732,0.59163875,0.6153043,0.63896985,0.6626354,0.68630095,0.7099665,0.73363205,0.7572976,0.78096315,0.8046287,0.82829425,0.8519597999999999,0.87562535,0.8992909,0.92295645,0.9466220000000001
SF11C46888312282050980,0,,2019-05-18T00:00:00-0700,0.005701,0.005701,0.004755,0.000329,0.000538014772,0.000634857659,0.005306245657,0.121917977267,0.000282307819,0.00017884607100000002,8.9157939e-05,7.2425504e-05,0.001281630408,0.000538014772,0.000634857659,0.005306245657,0.121917977267,0.000282307819,0.00017884607100000002,8.9157939e-05,7.2425504e-05,0.001281630408,0.0,0.0,0.0,0.0,0.0,0.0,0.0,0.0,0.0,0.0,0.0,0.0,0.0,0.0,0.0,0.0,0.0,0.0,0.995503,34170.93913336251,0.473311,0.49697654999999996,0.5206421,0.5443076499999999,0.5679732,0.59163875,0.6153043,0.63896985,0.6626354,0.68630095,0.7099665,0.73363205,0.7572976,0.78096315,0.8046287,0.82829425,0.8519597999999999,0.87562535,0.8992909,0.92295645,0.9466220000000001
SF11C46888312282050980,1,,2019-05-18T01:00:00-0700,0.005701,0.005701,0.00417,0.000594,0.000538014772,0.000634857659,0.005306245657,0.121917977267,0.000282307819,0.00017884607100000002,8.9157939e-05,7.2425504e-05,0.001281630408,0.000538014772,0.000634857659,0.005306245657,0.121917977267,0.000282307819,0.00017884607100000002,8.9157939e-05,7.2425504e-05,0.001281630408,0.0,0.0,0.0,0.0,0.0,0.0,0.0,0.0,0.0,0.0,0.0,0.0,0.0,0.0,0.0,0.0,0.0,0.0,0.995503,34170.93913336251,0.473311,0.47388305,0.47445509999999996,0.47502715,0.4755992,0.47617125,0.4767433,0.47731534999999997,0.4778874,0.47845945,0.4790315,0.47960355,0.4801756,0.48074765,0.4813197,0.48189175,0.4824638,0.48303585,0.48360790000000003,0.48417995,0.484752
SF11C46888312282050980,2,,2019-05-18T02:00:00-0700,0.005701,0.005701,0.003478,0.000794,0.000538014772,0.000634857659,0.005306245657,0.121917977267,0.000282307819,0.00017884607100000002,8.9157939e-05,7.2425504e-05,0.001281630408,0.000538014772,0.000634857659,0.005306245657,0.121917977267,0.000282307819,0.00017884607100000002,8.9157939e-05,7.2425504e-05,0.001281630408,0.0,0.0,0.0,0.0,0.0,0.0,0.0,0.0,0.0,0.0,0.0,0.0,0.0,0.0,0.0,0.0,0.0,0.0,0.997002,34170.93913336251,0.473311,0.49697654999999996,0.5206421,0.5443076499999999,0.5679732,0.59163875,0.6153043,0.63896985,0.6626354,0.68630095,0.7099665,0.73363205,0.7572976,0.78096315,0.8046287,0.82829425,0.8519597999999999,0.87562535,0.8992909,0.92295645,0.9466220000000001
SF11C46888312282050980,3,,2019-05-18T03:00:00-0700,0.005701,0.005701,0.003028,0.000948,0.000538014772,0.000634857659,0.005306245657,0.121917977267,0.000282307819,0.00017884607100000002,8.9157939e-05,7.2425504e-05,0.001281630408,0.000538014772,0.000634857659,0.005306245657,0.121917977267,0.000282307819,0.00017884607100000002,8.9157939e-05,7.2425504e-05,0.001281630408,0.0,0.0,0.0,0.0,0.0,0.0,0.0,0.0,0.0,0.0,0.0,0.0,0.0,0.0,0.0,0.0,0.0,0.0,0.997752,34170.93913336251,0.473311,0.49697654999999996,0.5206421,0.5443076499999999,0.5679732,0.59163875,0.6153043,0.63896985,0.6626354,0.68630095,0.7099665,0.73363205,0.7572976,0.78096315,0.8046287,0.82829425,0.8519597999999999,0.87562535,0.8992909,0.92295645,0.9466220000000001
SF11C46888312282050980,4,,2019-05-18T04:00:00-0700,0.005701,0.005701,0.002734,0.001072,0.000538014772,0.000634857659,0.005306245657,0.121917977267,0.000282307819,0.00017884607100000002,8.9157939e-05,7.2425504e-05,0.001281630408,0.000538014772,0.000634857659,0.005306245657,0.121917977267,0.000282307819,0.00017884607100000002,8.9157939e-05,7.2425504e-05,0.001281630408,0.0,0.0,0.0,0.0,0.0,0.0,0.0,0.0,0.0,0.0,0.0,0.0,0.0,0.0,0.0,0.0,0.0,0.0,0.998201,34170.93913336251,0.473311,0.49697654999999996,0.5206421,0.5443076499999999,0.5679732,0.59163875,0.6153043,0.63896985,0.6626354,0.68630095,0.7099665,0.73363205,0.7572976,0.78096315,0.8046287,0.82829425,0.8519597999999999,0.87562535,0.8992909,0.92295645,0.9466220000000001
SF11C46888312282050980,5,,2019-05-18T05:00:00-0700,0.005701,0.005701,0.002543,0.001174,0.000538014772,0.000634857659,0.005306245657,0.121917977267,0.000282307819,0.00017884607100000002,8.9157939e-05,7.2425504e-05,0.001281630408,0.000538014772,0.000634857659,0.005306245657,0.121917977267,0.000282307819,0.00017884607100000002,8.9157939e-05,7.2425504e-05,0.001281630408,0.0,0.0,0.0,0.0,0.0,0.0,0.0,0.0,0.0,0.0,0.0,0.0,0.0,0.0,0.0,0.0,0.0,0.0,0.998501,34170.93913336251,0.473311,0.49697654999999996,0.5206421,0.5443076499999999,0.5679732,0.59163875,0.6153043,0.63896985,0.6626354,0.68630095,0.7099665,0.73363205,0.7572976,0.78096315,0.8046287,0.82829425,0.8519597999999999,0.87562535,0.8992909,0.92295645,0.9466220000000001
SF11C46888312282050980,6,,2019-05-18T06:00:00-0700,0.005701,0.005701,0.002418,0.00126,0.000538014772,0.000634857659,0.005306245657,0.121917977267,0.000282307819,0.00017884607100000002,8.9157939e-05,7.2425504e-05,0.001281630408,0.000538014772,0.000634857659,0.005306245657,0.121917977267,0.000282307819,0.00017884607100000002,8.9157939e-05,7.2425504e-05,0.001281630408,0.0,0.0,0.0,0.0,0.0,0.0,0.0,0.0,0.0,0.0,0.0,0.0,0.0,0.0,0.0,0.0,0.0,0.0,0.998715,34170.93913336251,0.473311,0.49697654999999996,0.5206421,0.5443076499999999,0.5679732,0.59163875,0.6153043,0.63896985,0.6626354,0.68630095,0.7099665,0.73363205,0.7572976,0.78096315,0.8046287,0.82829425,0.8519597999999999,0.87562535,0.8992909,0.92295645,0.9466220000000001
SF11C46888312282050980,7,,2019-05-18T07:00:00-0700,0.005701,0.005701,0.002337,0.001334,0.000538014772,0.000634857659,0.005306245657,0.121917977267,0.000282307819,0.00017884607100000002,8.9157939e-05,7.2425504e-05,0.001281630408,0.000538014772,0.000634857659,0.005306245657,0.121917977267,0.000282307819,0.00017884607100000002,8.9157939e-05,7.2425504e-05,0.001281630408,0.0,0.0,0.0,0.0,0.0,0.0,0.0,0.0,0.0,0.0,0.0,0.0,0.0,0.0,0.0,0.0,0.0,0.0,0.998876,34170.93913336251,0.473311,0.49697654999999996,0.5206421,0.5443076499999999,0.5679732,0.59163875,0.6153043,0.63896985,0.6626354,0.68630095,0.7099665,0.73363205,0.7572976,0.78096315,0.8046287,0.82829425,0.8519597999999999,0.87562535,0.8992909,0.92295645,0.9466220000000001
SF11C46888312282050980,8,,2019-05-18T08:00:00-0700,0.005701,0.005701,0.002186,0.001393,0.000538014772,0.000634857659,0.005306245657,0.121917977267,0.000282307819,0.00017884607100000002,8.9157939e-05,7.2425504e-05,0.001281630408,0.000538014772,0.000634857659,0.005306245657,0.121917977267,0.000282307819,0.00017884607100000002,8.9157939e-05,7.2425504e-05,0.001281630408,0.0,0.0,0.0,0.0,0.0,0.0,0.0,0.0,0.0,0.0,0.0,0.0,0.0,0.0,0.0,0.0,0.0,0.0,0.999001,34170.93913336251,0.473311,0.49697654999999996,0.5206421,0.5443076499999999,0.5679732,0.59163875,0.6153043,0.63896985,0.6626354,0.68630095,0.7099665,0.73363205,0.7572976,0.78096315,0.8046287,0.82829425,0.8519597999999999,0.87562535,0.8992909,0.92295645,0.9466220000000001
SF11C46888312282050980,9,,2019-05-18T09:00:00-0700,0.005701,0.005701,0.002869,0.001495,0.000538014772,0.000634857659,0.005306245657,0.121917977267,0.000282307819,0.00017884607100000002,8.9157939e-05,7.2425504e-05,0.001281630408,0.000538014772,0.000634857659,0.005306245657,0.121917977267,0.000282307819,0.00017884607100000002,8.9157939e-05,7.2425504e-05,0.001281630408,0.0,0.0,0.0,0.0,0.0,0.0,0.0,0.0,0.0,0.0,0.0,0.0,0.0,0.0,0.0,0.0,0.0,0.0,0.999101,34170.93913336251,0.473311,0.49697654999999996,0.5206421,0.5443076499999999,0.5679732,0.59163875,0.6153043,0.63896985,0.6626354,0.68630095,0.7099665,0.73363205,0.7572976,0.78096315,0.8046287,0.82829425,0.8519597999999999,0.87562535,0.8992909,0.92295645,0.9466220000000001
SF11C46888312282050980,10,,2019-05-18T10:00:00-0700,0.020004,0.020004,0.012408,0.00225,0.001887817488,0.002227625436,0.018618863028,0.427792881468,0.0009905780760000001,0.0006275454840000001,0.000312842556,0.00025413081600000003,0.004497059232,0.001887817488,0.002227625436,0.018618863028,0.427792881468,0.0009905780760000001,0.0006275454840000001,0.000312842556,0.00025413081600000003,0.004497059232,0.0,0.0,0.0,0.0,0.0,0.0,0.0,0.0,0.0,0.0,0.0,0.0,0.0,0.0,0.0,0.0,0.0,0.0,0.994734,119900.97639427883,1.660536,1.7435628,1.8265896,1.9096164,1.9926432,2.07567,2.1586968,2.2417236000000003,2.3247504,2.4077772,2.490804,2.5738308,2.6568576,2.7398844,2.8229112,2.905938,2.9889647999999998,3.0719916,3.1550184,3.2380452,3.321072
SF11C46888312282050980,11,,2019-05-18T11:00:00-0700,0.040008,0.040008,0.029264,0.004118,0.003775634976,0.004455250872,0.037237726056,0.855585762936,0.0019811561520000002,0.0012550909680000002,0.000625685112,0.0005082616320000001,0.008994118464,0.003775634976,0.004455250872,0.037237726056,0.855585762936,0.0019811561520000002,0.0012550909680000002,0.000625685112,0.0005082616320000001,0.008994118464,0.0,0.0,0.0,0.0,0.0,0.0,0.0,0.0,0.0,0.0,0.0,0.0,0.0,0.0,0.0,0.0,0.0,0.0,0.983817,239801.95278855765,3.320382,3.32259425,3.3248064999999998,3.32701875,3.329231,3.33144325,3.3336555,3.33586775,3.33808,3.34029225,3.3425045,3.34471675,3.346929,3.34914125,3.3513535,3.35356575,3.355778,3.35799025,3.3602025,3.36241475,3.364627
SF11C46888312282050980,12,,2019-05-18T12:00:00-0700,0.070014,0.070013,0.058394,0.007871,0.006607266836000001,0.007796577667,0.065165089841,1.497253699771,0.0034669737470000004,0.0021963778230000004,0.001094933307,0.000889445152,0.015739482504,0.006607266836000001,0.007796577667,0.065165089841,1.497253699771,0.0034669737470000004,0.0021963778230000004,0.001094933307,0.000889445152,0.015739482504,0.0,0.0,0.0,0.0,0.0,0.0,0.0,0.0,0.0,0.0,0.0,0.0,0.0,0.0,0.0,0.0,0.0,0.0,0.967515,419653.4173799759,5.808859,5.87593505,5.9430111,6.01008715,6.0771632,6.14423925,6.2113153,6.27839135,6.3454674,6.41254345,6.4796195,6.54669555,6.6137716,6.6808476500000005,6.7479237,6.81499975,6.8820758,6.94915185,7.0162279000000005,7.08330395,7.15038
SF11C46888312282050980,13,,2019-05-18T13:00:00-0700,0.10002,0.100019,0.092571,0.013728,0.009438993068,0.011138015821,0.093093384383,2.1389430219729997,0.004952840861,0.0031376960490000004,0.001564197141,0.0012706413759999999,0.022485071352,0.009438993068,0.011138015821,0.093093384383,2.1389430219729997,0.004952840861,0.0031376960490000004,0.001564197141,0.0012706413759999999,0.022485071352,0.0,0.0,0.0,0.0,0.0,0.0,0.0,0.0,0.0,0.0,0.0,0.0,0.0,0.0,0.0,0.0,0.0,0.0,0.953269,599504.8819713941,8.295787,8.431794550000001,8.567802100000002,8.70380965,8.8398172,8.975824750000001,9.1118323,9.24783985,9.3838474,9.519854950000001,9.655862500000001,9.79187005,9.9278776,10.06388515,10.1998927,10.33590025,10.4719078,10.60791535,10.743922900000001,10.87993045,11.015938
SF11C46888312282050980,14,,2019-05-18T14:00:00-0700,0.130026,0.130025,0.130502,0.021803,0.0122707193,0.014479453975,0.121021678925,2.780632344175,0.006438707975,0.004079014275000001,0.002033460975,0.0016518376,0.0292306602,0.0122707193,0.014479453975,0.121021678925,2.780632344175,0.006438707975,0.004079014275000001,0.002033460975,0.0016518376,0.0292306602,0.0,0.0,0.0,0.0,0.0,0.0,0.0,0.0,0.0,0.0,0.0,0.0,0.0,0.0,0.0,0.0,0.0,0.0,0.943432,779356.3465628123,10.781166,10.9651081,11.149050200000001,11.3329923,11.5169344,11.7008765,11.884818600000001,12.0687607,12.2527028,12.436644900000001,12.620587,12.8045291,12.9884712,13.1724133,13.3563554,13.540297500000001,13.7242396,13.9081817,14.0921238,14.2760659,14.460008
SF11C46888312282050980,15,,2019-05-18T15:00:00-0700,0.160032,0.160031,0.170679,0.032097,0.015102445532,0.017820892129,0.148949973467,3.422321666377,0.007924575089,0.005020332501000001,0.0025027248090000002,0.0020330338240000002,0.035976249048,0.015102445532,0.017820892129,0.148949973467,3.422321666377,0.007924575089,0.005020332501000001,0.0025027248090000002,0.0020330338240000002,0.035976249048,0.0,0.0,0.0,0.0,0.0,0.0,0.0,0.0,0.0,0.0,0.0,0.0,0.0,0.0,0.0,0.0,0.0,0.0,0.936558,959207.8111542306,13.264998,13.4790092,13.6930204,13.9070316,14.1210428,14.335054,14.5490652,14.7630764,14.977087599999999,15.191098799999999,15.40511,15.619121199999999,15.8331324,16.0471436,16.2611548,16.475165999999998,16.6891772,16.903188399999998,17.1171996,17.3312108,17.545222
SF11C46888312282050980,16,,2019-05-18T16:00:00-0700,0.170034,0.170034,0.189175,0.042959,0.016046448648,0.018934816206,0.15826033573799997,3.6362394924779995,0.008419913646,0.005334136614,0.002659161726,0.002160111936,0.038225003472,0.016046448648,0.018934816206,0.15826033573799997,3.6362394924779995,0.008419913646,0.005334136614,0.002659161726,0.002160111936,0.038225003472,0.0,0.0,0.0,0.0,0.0,0.0,0.0,0.0,0.0,0.0,0.0,0.0,0.0,0.0,0.0,0.0,0.0,0.0,0.940752,1019158.29935137,14.092599,14.2611571,14.4297152,14.5982733,14.766831400000001,14.9353895,15.103947600000001,15.2725057,15.4410638,15.6096219,15.77818,15.946738100000001,16.115296200000003,16.2838543,16.4524124,16.620970500000002,16.7895286,16.958086700000003,17.1266448,17.295202900000003,17.463761
SF11C46888312282050980,17,,2019-05-18T17:00:00-0700,0.120024,0.120025,0.136906,0.049455,0.0113269993,0.013365863975000001,0.111714108925,2.566778674175,0.005943517975000001,0.0037653042750000008,0.0018770709750000002,0.0015247976,0.026982580200000002,0.0113269993,0.013365863975000001,0.111714108925,2.566778674175,0.005943517975000001,0.0037653042750000008,0.0018770709750000002,0.0015247976,0.026982580200000002,0.0,0.0,0.0,0.0,0.0,0.0,0.0,0.0,0.0,0.0,0.0,0.0,0.0,0.0,0.0,0.0,0.0,0.0,0.968334,719405.858365673,9.952879,10.45052295,10.948166899999999,11.445810849999999,11.9434548,12.441098749999998,12.938742699999999,13.43638665,13.9340306,14.431674549999999,14.929318499999999,15.426962449999998,15.924606399999998,16.42225035,16.9198943,17.41753825,17.915182199999997,18.41282615,18.910470099999998,19.40811405,19.905758
SF11C46888312282050980,18,,2019-05-18T18:00:00-0700,0.070014,0.070015,0.080523,0.051603,0.006607455579999999,0.007796800384999999,0.06516695135499999,1.4972964705049998,0.0034670727849999998,0.002196440565,0.001094964585,0.0008894705599999999,0.015739932119999998,0.006607455579999999,0.007796800384999999,0.06516695135499999,1.4972964705049998,0.0034670727849999998,0.002196440565,0.001094964585,0.0008894705599999999,0.015739932119999998,0.0,0.0,0.0,0.0,0.0,0.0,0.0,0.0,0.0,0.0,0.0,0.0,0.0,0.0,0.0,0.0,0.0,0.0,0.988802,419653.4173799759,5.808859,6.09930195,6.3897449,6.68018785,6.9706308,7.2610737499999995,7.5515167,7.84195965,8.132402599999999,8.42284555,8.7132885,9.00373145,9.2941744,9.58461735,9.8750603,10.16550325,10.4559462,10.746389149999999,11.0368321,11.32727505,11.617718
SF11C46888312282050980,19,,2019-05-18T19:00:00-0700,0.040008,0.040009,0.045635,0.051191,0.003775729348,0.004455362231,0.037238656813,0.855607148303,0.001981205671,0.0012551223390000002,0.000625700751,0.000508274336,0.008994343272,0.003775729348,0.004455362231,0.037238656813,0.855607148303,0.001981205671,0.0012551223390000002,0.000625700751,0.000508274336,0.008994343272,0.0,0.0,0.0,0.0,0.0,0.0,0.0,0.0,0.0,0.0,0.0,0.0,0.0,0.0,0.0,0.0,0.0,0.0,0.996447,239801.95278855765,3.320382,3.4864011,3.6524202,3.8184393,3.9844584,4.1504775,4.3164966,4.4825157,4.6485348,4.8145539,4.980573,5.1465920999999994,5.3126112,5.4786303,5.6446494000000005,5.8106685,5.9766876,6.1427067,6.3087257999999995,6.4747449,6.640764
SF11C46888312282050980,20,,2019-05-18T20:00:00-0700,0.005701,0.005702,0.006343,0.048089,0.0005381091439999999,0.0006349690179999999,0.0053071764139999995,0.12193936263399999,0.00028235733799999996,0.000178877442,8.917357799999999e-05,7.2438208e-05,0.001281855216,0.0005381091439999999,0.0006349690179999999,0.0053071764139999995,0.12193936263399999,0.00028235733799999996,0.000178877442,8.917357799999999e-05,7.2438208e-05,0.001281855216,0.0,0.0,0.0,0.0,0.0,0.0,0.0,0.0,0.0,0.0,0.0,0.0,0.0,0.0,0.0,0.0,0.0,0.0,0.999791,34170.93913336251,0.473311,0.49697654999999996,0.5206421,0.5443076499999999,0.5679732,0.59163875,0.6153043,0.63896985,0.6626354,0.68630095,0.7099665,0.73363205,0.7572976,0.78096315,0.8046287,0.82829425,0.8519597999999999,0.87562535,0.8992909,0.92295645,0.9466220000000001
SF11C46888312282050980,21,,2019-05-18T21:00:00-0700,0.005701,0.005701,0.00608,0.045185,0.000538014772,0.000634857659,0.005306245657,0.121917977267,0.000282307819,0.00017884607100000002,8.9157939e-05,7.2425504e-05,0.001281630408,0.000538014772,0.000634857659,0.005306245657,0.121917977267,0.000282307819,0.00017884607100000002,8.9157939e-05,7.2425504e-05,0.001281630408,0.0,0.0,0.0,0.0,0.0,0.0,0.0,0.0,0.0,0.0,0.0,0.0,0.0,0.0,0.0,0.0,0.0,0.0,0.999948,34170.93913336251,0.473311,0.49697654999999996,0.5206421,0.5443076499999999,0.5679732,0.59163875,0.6153043,0.63896985,0.6626354,0.68630095,0.7099665,0.73363205,0.7572976,0.78096315,0.8046287,0.82829425,0.8519597999999999,0.87562535,0.8992909,0.92295645,0.9466220000000001
SF11C46888312282050980,22,,2019-05-18T22:00:00-0700,0.005701,0.005701,0.005722,0.042456,0.000538014772,0.000634857659,0.005306245657,0.121917977267,0.000282307819,0.00017884607100000002,8.9157939e-05,7.2425504e-05,0.001281630408,0.000538014772,0.000634857659,0.005306245657,0.121917977267,0.000282307819,0.00017884607100000002,8.9157939e-05,7.2425504e-05,0.001281630408,0.0,0.0,0.0,0.0,0.0,0.0,0.0,0.0,0.0,0.0,0.0,0.0,0.0,0.0,0.0,0.0,0.0,0.0,0.999948,34170.93913336251,0.473311,0.49697654999999996,0.5206421,0.5443076499999999,0.5679732,0.59163875,0.6153043,0.63896985,0.6626354,0.68630095,0.7099665,0.73363205,0.7572976,0.78096315,0.8046287,0.82829425,0.8519597999999999,0.87562535,0.8992909,0.92295645,0.9466220000000001
SF11C46888312282050980,23,,2019-05-18T23:00:00-0700,0.005701,0.005701,0.005276,0.039885,0.000538014772,0.000634857659,0.005306245657,0.121917977267,0.000282307819,0.00017884607100000002,8.9157939e-05,7.2425504e-05,0.001281630408,0.000538014772,0.000634857659,0.005306245657,0.121917977267,0.000282307819,0.00017884607100000002,8.9157939e-05,7.2425504e-05,0.001281630408,0.0,0.0,0.0,0.0,0.0,0.0,0.0,0.0,0.0,0.0,0.0,0.0,0.0,0.0,0.0,0.0,0.0,0.0,0.999949,34170.93913336251,0.473311,0.49697654999999996,0.5206421,0.5443076499999999,0.5679732,0.59163875,0.6153043,0.63896985,0.6626354,0.68630095,0.7099665,0.73363205,0.7572976,0.78096315,0.8046287,0.82829425,0.8519597999999999,0.87562535,0.8992909,0.92295645,0.9466220000000001
SF11C46888412282050980,0,,2019-05-18T00:00:00-0600,0.005701,0.005701,0.004755,0.000329,0.0013450369300000002,0.0015871412970000001,0.013265611292,0.304794946018,0.0007057723980000001,0.000447112327,0.00022289199700000002,0.00018106376,0.0032040703190000003,0.0013450369300000002,0.0015871412970000001,0.013265611292,0.304794946018,0.0007057723980000001,0.000447112327,0.00022289199700000002,0.00018106376,0.0032040703190000003,0.0,0.0,0.0,0.0,0.0,0.0,0.0,0.0,0.0,0.0,0.0,0.0,0.0,0.0,0.0,0.0,0.0,0.0,0.988758,213568.36948064106,1.183173,1.1918564,1.2005398,1.2092232,1.2179066,1.22659,1.2352734,1.2439568,1.2526402,1.2613236,1.270007,1.2786904,1.2873738,1.2960572,1.3047406,1.313424,1.3221074,1.3307908,1.3394742,1.3481576,1.356841
SF11C46888412282050980,1,,2019-05-18T01:00:00-0600,0.005701,0.005701,0.00417,0.000594,0.0013450369300000002,0.0015871412970000001,0.013265611292,0.304794946018,0.0007057723980000001,0.000447112327,0.00022289199700000002,0.00018106376,0.0032040703190000003,0.0013450369300000002,0.0015871412970000001,0.013265611292,0.304794946018,0.0007057723980000001,0.000447112327,0.00022289199700000002,0.00018106376,0.0032040703190000003,0.0,0.0,0.0,0.0,0.0,0.0,0.0,0.0,0.0,0.0,0.0,0.0,0.0,0.0,0.0,0.0,0.0,0.0,0.988758,213568.36948064106,1.183173,1.1967953,1.2104176,1.2240399,1.2376622,1.2512845000000001,1.2649068,1.2785291,1.2921514,1.3057737,1.319396,1.3330183,1.3466406,1.3602629,1.3738852,1.3875075,1.4011298,1.4147521,1.4283744,1.4419967,1.455619
SF11C46888412282050980,2,,2019-05-18T02:00:00-0600,0.005701,0.005701,0.003478,0.000794,0.0013450369300000002,0.0015871412970000001,0.013265611292,0.304794946018,0.0007057723980000001,0.000447112327,0.00022289199700000002,0.00018106376,0.0032040703190000003,0.0013450369300000002,0.0015871412970000001,0.013265611292,0.304794946018,0.0007057723980000001,0.000447112327,0.00022289199700000002,0.00018106376,0.0032040703190000003,0.0,0.0,0.0,0.0,0.0,0.0,0.0,0.0,0.0,0.0,0.0,0.0,0.0,0.0,0.0,0.0,0.0,0.0,0.992505,213568.36948064106,1.183173,1.2423316500000001,1.3014903,1.36064895,1.4198076,1.47896625,1.5381249000000001,1.59728355,1.6564422,1.71560085,1.7747595,1.8339181500000001,1.8930768,1.9522354499999999,2.0113941,2.07055275,2.1297114,2.1888700500000002,2.2480287,2.30718735,2.366346
SF11C46888412282050980,3,,2019-05-18T03:00:00-0600,0.005701,0.005701,0.003028,0.000948,0.0013450369300000002,0.0015871412970000001,0.013265611292,0.304794946018,0.0007057723980000001,0.000447112327,0.00022289199700000002,0.00018106376,0.0032040703190000003,0.0013450369300000002,0.0015871412970000001,0.013265611292,0.304794946018,0.0007057723980000001,0.000447112327,0.00022289199700000002,0.00018106376,0.0032040703190000003,0.0,0.0,0.0,0.0,0.0,0.0,0.0,0.0,0.0,0.0,0.0,0.0,0.0,0.0,0.0,0.0,0.0,0.0,0.994379,213568.36948064106,1.183173,1.2423316500000001,1.3014903,1.36064895,1.4198076,1.47896625,1.5381249000000001,1.59728355,1.6564422,1.71560085,1.7747595,1.8339181500000001,1.8930768,1.9522354499999999,2.0113941,2.07055275,2.1297114,2.1888700500000002,2.2480287,2.30718735,2.366346
SF11C46888412282050980,4,,2019-05-18T04:00:00-0600,0.005701,0.005701,0.002734,0.001072,0.0013450369300000002,0.0015871412970000001,0.013265611292,0.304794946018,0.0007057723980000001,0.000447112327,0.00022289199700000002,0.00018106376,0.0032040703190000003,0.0013450369300000002,0.0015871412970000001,0.013265611292,0.304794946018,0.0007057723980000001,0.000447112327,0.00022289199700000002,0.00018106376,0.0032040703190000003,0.0,0.0,0.0,0.0,0.0,0.0,0.0,0.0,0.0,0.0,0.0,0.0,0.0,0.0,0.0,0.0,0.0,0.0,0.995503,213568.36948064106,1.183173,1.2423316500000001,1.3014903,1.36064895,1.4198076,1.47896625,1.5381249000000001,1.59728355,1.6564422,1.71560085,1.7747595,1.8339181500000001,1.8930768,1.9522354499999999,2.0113941,2.07055275,2.1297114,2.1888700500000002,2.2480287,2.30718735,2.366346
SF11C46888412282050980,5,,2019-05-18T05:00:00-0600,0.005701,0.005701,0.002543,0.001174,0.0013450369300000002,0.0015871412970000001,0.013265611292,0.304794946018,0.0007057723980000001,0.000447112327,0.00022289199700000002,0.00018106376,0.0032040703190000003,0.0013450369300000002,0.0015871412970000001,0.013265611292,0.304794946018,0.0007057723980000001,0.000447112327,0.00022289199700000002,0.00018106376,0.0032040703190000003,0.0,0.0,0.0,0.0,0.0,0.0,0.0,0.0,0.0,0.0,0.0,0.0,0.0,0.0,0.0,0.0,0.0,0.0,0.996253,213568.36948064106,1.183173,1.2423316500000001,1.3014903,1.36064895,1.4198076,1.47896625,1.5381249000000001,1.59728355,1.6564422,1.71560085,1.7747595,1.8339181500000001,1.8930768,1.9522354499999999,2.0113941,2.07055275,2.1297114,2.1888700500000002,2.2480287,2.30718735,2.366346
SF11C46888412282050980,6,,2019-05-18T06:00:00-0600,0.005701,0.005701,0.002418,0.00126,0.0013450369300000002,0.0015871412970000001,0.013265611292,0.304794946018,0.0007057723980000001,0.000447112327,0.00022289199700000002,0.00018106376,0.0032040703190000003,0.0013450369300000002,0.0015871412970000001,0.013265611292,0.304794946018,0.0007057723980000001,0.000447112327,0.00022289199700000002,0.00018106376,0.0032040703190000003,0.0,0.0,0.0,0.0,0.0,0.0,0.0,0.0,0.0,0.0,0.0,0.0,0.0,0.0,0.0,0.0,0.0,0.0,0.996788,213568.36948064106,1.183173,1.2423316500000001,1.3014903,1.36064895,1.4198076,1.47896625,1.5381249000000001,1.59728355,1.6564422,1.71560085,1.7747595,1.8339181500000001,1.8930768,1.9522354499999999,2.0113941,2.07055275,2.1297114,2.1888700500000002,2.2480287,2.30718735,2.366346
SF11C46888412282050980,7,,2019-05-18T07:00:00-0600,0.005701,0.005701,0.002337,0.001334,0.0013450369300000002,0.0015871412970000001,0.013265611292,0.304794946018,0.0007057723980000001,0.000447112327,0.00022289199700000002,0.00018106376,0.0032040703190000003,0.0013450369300000002,0.0015871412970000001,0.013265611292,0.304794946018,0.0007057723980000001,0.000447112327,0.00022289199700000002,0.00018106376,0.0032040703190000003,0.0,0.0,0.0,0.0,0.0,0.0,0.0,0.0,0.0,0.0,0.0,0.0,0.0,0.0,0.0,0.0,0.0,0.0,0.99719,213568.36948064106,1.183173,1.2423316500000001,1.3014903,1.36064895,1.4198076,1.47896625,1.5381249000000001,1.59728355,1.6564422,1.71560085,1.7747595,1.8339181500000001,1.8930768,1.9522354499999999,2.0113941,2.07055275,2.1297114,2.1888700500000002,2.2480287,2.30718735,2.366346
SF11C46888412282050980,8,,2019-05-18T08:00:00-0600,0.005701,0.005701,0.002186,0.001393,0.0013450369300000002,0.0015871412970000001,0.013265611292,0.304794946018,0.0007057723980000001,0.000447112327,0.00022289199700000002,0.00018106376,0.0032040703190000003,0.0013450369300000002,0.0015871412970000001,0.013265611292,0.304794946018,0.0007057723980000001,0.000447112327,0.00022289199700000002,0.00018106376,0.0032040703190000003,0.0,0.0,0.0,0.0,0.0,0.0,0.0,0.0,0.0,0.0,0.0,0.0,0.0,0.0,0.0,0.0,0.0,0.0,0.997502,213568.36948064106,1.183173,1.2423316500000001,1.3014903,1.36064895,1.4198076,1.47896625,1.5381249000000001,1.59728355,1.6564422,1.71560085,1.7747595,1.8339181500000001,1.8930768,1.9522354499999999,2.0113941,2.07055275,2.1297114,2.1888700500000002,2.2480287,2.30718735,2.366346
SF11C46888412282050980,9,,2019-05-18T09:00:00-0600,0.005701,0.005701,0.002869,0.001495,0.0013450369300000002,0.0015871412970000001,0.013265611292,0.304794946018,0.0007057723980000001,0.000447112327,0.00022289199700000002,0.00018106376,0.0032040703190000003,0.0013450369300000002,0.0015871412970000001,0.013265611292,0.304794946018,0.0007057723980000001,0.000447112327,0.00022289199700000002,0.00018106376,0.0032040703190000003,0.0,0.0,0.0,0.0,0.0,0.0,0.0,0.0,0.0,0.0,0.0,0.0,0.0,0.0,0.0,0.0,0.0,0.0,0.997752,213568.36948064106,1.183173,1.2423316500000001,1.3014903,1.36064895,1.4198076,1.47896625,1.5381249000000001,1.59728355,1.6564422,1.71560085,1.7747595,1.8339181500000001,1.8930768,1.9522354499999999,2.0113941,2.07055275,2.1297114,2.1888700500000002,2.2480287,2.30718735,2.366346
SF11C46888412282050980,10,,2019-05-18T10:00:00-0600,0.020004,0.020004,0.012408,0.00225,0.00471954372,0.005569053588,0.046547147568,1.069482213672,0.0024764551920000003,0.001568853708,0.000782096388,0.0006353270399999999,0.011242628076,0.00471954372,0.005569053588,0.046547147568,1.069482213672,0.0024764551920000003,0.001568853708,0.000782096388,0.0006353270399999999,0.011242628076,0.0,0.0,0.0,0.0,0.0,0.0,0.0,0.0,0.0,0.0,0.0,0.0,0.0,0.0,0.0,0.0,0.0,0.0,0.986834,749381.1021032702,4.150046,4.3575482999999995,4.565050599999999,4.772552899999999,4.9800552,5.1875575,5.395059799999999,5.602562099999999,5.8100644,6.0175667,6.2250689999999995,6.432571299999999,6.640073599999999,6.847575899999999,7.055078199999999,7.262580499999999,7.470082799999999,7.677585099999999,7.8850874,8.0925897,8.300092
SF11C46888412282050980,11,,2019-05-18T11:00:00-0600,0.040008,0.040008,0.029264,0.004118,0.00943908744,0.011138107176,0.093094295136,2.138964427344,0.004952910384000001,0.003137707416,0.001564192776,0.0012706540799999999,0.022485256152,0.00943908744,0.011138107176,0.093094295136,2.138964427344,0.004952910384000001,0.003137707416,0.001564192776,0.0012706540799999999,0.022485256152,0.0,0.0,0.0,0.0,0.0,0.0,0.0,0.0,0.0,0.0,0.0,0.0,0.0,0.0,0.0,0.0,0.0,0.0,0.959542,1498762.2042065405,8.295787,8.3861646,8.4765422,8.5669198,8.657297400000001,8.747675000000001,8.838052600000001,8.928430200000001,9.018807800000001,9.109185400000001,9.199563000000001,9.289940600000001,9.380318200000001,9.4706958,9.5610734,9.651451,9.7418286,9.8322062,9.9225838,10.0129614,10.103339
SF11C46888412282050980,12,,2019-05-18T12:00:00-0600,0.070014,0.070013,0.058394,0.007871,0.01651816709,0.019491409161000003,0.162912689596,3.7431342844340003,0.008667469374000002,0.005490909551,0.0027372982610000002,0.0022236128799999998,0.039348636247,0.01651816709,0.019491409161000003,0.162912689596,3.7431342844340003,0.008667469374000002,0.005490909551,0.0027372982610000002,0.0022236128799999998,0.039348636247,0.0,0.0,0.0,0.0,0.0,0.0,0.0,0.0,0.0,0.0,0.0,0.0,0.0,0.0,0.0,0.0,0.0,0.0,0.918787,2622833.857361446,14.506334,14.854579300000001,15.202824600000001,15.551069900000002,15.8993152,16.247560500000002,16.5958058,16.944051100000003,17.2922964,17.6405417,17.988787000000002,18.3370323,18.6852776,19.0335229,19.381768200000003,19.730013500000002,20.0782588,20.426504100000002,20.7747494,21.1229947,21.47124
SF11C46888412282050980,13,,2019-05-18T13:00:00-0600,0.10002,0.100019,0.092571,0.013728,0.02359748267,0.027844989543,0.23273341094799999,5.347357604941999,0.012382152162,0.007844190112999999,0.003910442843,0.0031766034399999996,0.056212578361,0.02359748267,0.027844989543,0.23273341094799999,5.347357604941999,0.012382152162,0.007844190112999999,0.003910442843,0.0031766034399999996,0.056212578361,0.0,0.0,0.0,0.0,0.0,0.0,0.0,0.0,0.0,0.0,0.0,0.0,0.0,0.0,0.0,0.0,0.0,0.0,0.883174,3746905.510516351,20.707219,21.325796999999998,21.944374999999997,22.562953,23.181531,23.800109,24.418687,25.037264999999998,25.655842999999997,26.274420999999997,26.892998999999996,27.511577,28.130155,28.748732999999998,29.367310999999997,29.985889,30.604467,31.223045,31.841623,32.460201,33.078779
SF11C46888412282050980,14,,2019-05-18T14:00:00-0600,0.130026,0.130025,0.130502,0.021803,0.03067679825,0.036198569925,0.3025541323,6.95158092545,0.01609683495,0.010197470675,0.005083587425,0.0041295939999999995,0.073076520475,0.03067679825,0.036198569925,0.3025541323,6.95158092545,0.01609683495,0.010197470675,0.005083587425,0.0041295939999999995,0.073076520475,0.0,0.0,0.0,0.0,0.0,0.0,0.0,0.0,0.0,0.0,0.0,0.0,0.0,0.0,0.0,0.0,0.0,0.0,0.858581,4870977.163671257,26.898456,27.7245669,28.5506778,29.3767887,30.2028996,31.0290105,31.8551214,32.6812323,33.5073432,34.3334541,35.159565,35.9856759,36.8117868,37.637897699999996,38.4640086,39.2901195,40.1162304,40.942341299999995,41.7684522,42.5945631,43.420674
SF11C46888412282050980,15,,2019-05-18T15:00:00-0600,0.160032,0.160031,0.170679,0.032097,0.03775611383,0.044552150307,0.372374853652,8.555804245957999,0.019811517738000002,0.012550751237,0.0062567320070000005,0.00508258456,0.08994046258900001,0.03775611383,0.044552150307,0.372374853652,8.555804245957999,0.019811517738000002,0.012550751237,0.0062567320070000005,0.00508258456,0.08994046258900001,0.0,0.0,0.0,0.0,0.0,0.0,0.0,0.0,0.0,0.0,0.0,0.0,0.0,0.0,0.0,0.0,0.0,0.0,0.841396,5995048.816826162,33.08006,34.0603064,35.0405528,36.0207992,37.001045600000005,37.981292,38.9615384,39.9417848,40.9220312,41.902277600000005,42.882524000000004,43.8627704,44.8430168,45.8232632,46.8035096,47.783756,48.764002399999995,49.744248799999994,50.7244952,51.7047416,52.684988
SF11C46888412282050980,16,,2019-05-18T16:00:00-0600,0.170034,0.170034,0.189175,0.042959,0.04011612162,0.047336955497999995,0.39565075432799995,9.090598816212,0.021049869132,0.013335256517999999,0.006647819298,0.005400279839999999,0.095562338646,0.04011612162,0.047336955497999995,0.39565075432799995,9.090598816212,0.021049869132,0.013335256517999999,0.006647819298,0.005400279839999999,0.095562338646,0.0,0.0,0.0,0.0,0.0,0.0,0.0,0.0,0.0,0.0,0.0,0.0,0.0,0.0,0.0,0.0,0.0,0.0,0.85188,6369739.367877796,35.138457,36.0035529,36.8686488,37.7337447,38.5988406,39.4639365,40.3290324,41.1941283,42.0592242,42.9243201,43.789416,44.6545119,45.5196078,46.3847037,47.2497996,48.1148955,48.9799914,49.8450873,50.7101832,51.5752791,52.440375
SF11C46888412282050980,17,,2019-05-18T17:00:00-0600,0.120024,0.120025,0.136906,0.049455,0.028317498250000003,0.033414599925,0.27928521230000003,6.41694674545,0.014858854950000002,0.009413200675,0.004692617425,0.003811994,0.067456330475,0.028317498250000003,0.033414599925,0.27928521230000003,6.41694674545,0.014858854950000002,0.009413200675,0.004692617425,0.003811994,0.067456330475,0.0,0.0,0.0,0.0,0.0,0.0,0.0,0.0,0.0,0.0,0.0,0.0,0.0,0.0,0.0,0.0,0.0,0.0,0.920835,4496286.612619622,24.835781,25.0549173,25.274053600000002,25.4931899,25.7123262,25.931462500000002,26.1505988,26.3697351,26.5888714,26.8080077,27.027144,27.2462803,27.465416599999998,27.6845529,27.9036892,28.122825499999998,28.3419618,28.5610981,28.780234399999998,28.9993707,29.218507
SF11C46888412282050980,18,,2019-05-18T18:00:00-0600,0.070014,0.070015,0.080523,0.051603,0.016518638949999997,0.019491965955,0.16291734338,3.7432412112699995,0.00866771697,0.005491066404999999,0.0027373764549999996,0.0022236763999999997,0.039349760285,0.016518638949999997,0.019491965955,0.16291734338,3.7432412112699995,0.00866771697,0.005491066404999999,0.0027373764549999996,0.0022236763999999997,0.039349760285,0.0,0.0,0.0,0.0,0.0,0.0,0.0,0.0,0.0,0.0,0.0,0.0,0.0,0.0,0.0,0.0,0.0,0.0,0.972005,2622833.857361446,14.506334,15.231650700000001,15.9569674,16.6822841,17.4076008,18.1329175,18.858234200000002,19.5835509,20.3088676,21.0341843,21.759501,22.4848177,23.2101344,23.9354511,24.660767800000002,25.386084500000003,26.111401200000003,26.836717900000004,27.562034600000004,28.2873513,29.012668
SF11C46888412282050980,19,,2019-05-18T19:00:00-0600,0.040008,0.040009,0.045635,0.051191,0.00943932337,0.011138385573,0.09309662202800001,2.139017890762,0.004953034182,0.0031377858430000002,0.0015642318730000001,0.00127068584,0.022485818171000004,0.00943932337,0.011138385573,0.09309662202800001,2.139017890762,0.004953034182,0.0031377858430000002,0.0015642318730000001,0.00127068584,0.022485818171000004,0.0,0.0,0.0,0.0,0.0,0.0,0.0,0.0,0.0,0.0,0.0,0.0,0.0,0.0,0.0,0.0,0.0,0.0,0.991118,1498762.2042065405,8.295787,8.71057635,9.125365700000001,9.540155050000001,9.9549444,10.369733750000002,10.784523100000001,11.19931245,11.6141018,12.028891150000002,12.443680500000001,12.858469850000002,13.273259200000002,13.688048550000001,14.1028379,14.51762725,14.932416600000002,15.347205950000003,15.761995300000002,16.176784650000002,16.591574
SF11C46888412282050980,20,,2019-05-18T20:00:00-0600,0.005701,0.005702,0.006343,0.048089,0.0013452728599999998,0.001587419694,0.013267938184,0.30484840943599995,0.000705896196,0.00044719075399999995,0.00022293109399999997,0.00018109551999999997,0.003204632338,0.0013452728599999998,0.001587419694,0.013267938184,0.30484840943599995,0.000705896196,0.00044719075399999995,0.00022293109399999997,0.00018109551999999997,0.003204632338,0.0,0.0,0.0,0.0,0.0,0.0,0.0,0.0,0.0,0.0,0.0,0.0,0.0,0.0,0.0,0.0,0.0,0.0,0.999477,213568.36948064106,1.183173,1.2423316500000001,1.3014903,1.36064895,1.4198076,1.47896625,1.5381249000000001,1.59728355,1.6564422,1.71560085,1.7747595,1.8339181500000001,1.8930768,1.9522354499999999,2.0113941,2.07055275,2.1297114,2.1888700500000002,2.2480287,2.30718735,2.366346
SF11C46888412282050980,21,,2019-05-18T21:00:00-0600,0.005701,0.005701,0.00608,0.045185,0.0013450369300000002,0.0015871412970000001,0.013265611292,0.304794946018,0.0007057723980000001,0.000447112327,0.00022289199700000002,0.00018106376,0.0032040703190000003,0.0013450369300000002,0.0015871412970000001,0.013265611292,0.304794946018,0.0007057723980000001,0.000447112327,0.00022289199700000002,0.00018106376,0.0032040703190000003,0.0,0.0,0.0,0.0,0.0,0.0,0.0,0.0,0.0,0.0,0.0,0.0,0.0,0.0,0.0,0.0,0.0,0.0,0.99987,213568.36948064106,1.183173,1.2423316500000001,1.3014903,1.36064895,1.4198076,1.47896625,1.5381249000000001,1.59728355,1.6564422,1.71560085,1.7747595,1.8339181500000001,1.8930768,1.9522354499999999,2.0113941,2.07055275,2.1297114,2.1888700500000002,2.2480287,2.30718735,2.366346
SF11C46888412282050980,22,,2019-05-18T22:00:00-0600,0.005701,0.005701,0.005722,0.042456,0.0013450369300000002,0.0015871412970000001,0.013265611292,0.304794946018,0.0007057723980000001,0.000447112327,0.00022289199700000002,0.00018106376,0.0032040703190000003,0.0013450369300000002,0.0015871412970000001,0.013265611292,0.304794946018,0.0007057723980000001,0.000447112327,0.00022289199700000002,0.00018106376,0.0032040703190000003,0.0,0.0,0.0,0.0,0.0,0.0,0.0,0.0,0.0,0.0,0.0,0.0,0.0,0.0,0.0,0.0,0.0,0.0,0.999871,213568.36948064106,1.183173,1.2423316500000001,1.3014903,1.36064895,1.4198076,1.47896625,1.5381249000000001,1.59728355,1.6564422,1.71560085,1.7747595,1.8339181500000001,1.8930768,1.9522354499999999,2.0113941,2.07055275,2.1297114,2.1888700500000002,2.2480287,2.30718735,2.366346
SF11C46888412282050980,23,,2019-05-18T23:00:00-0600,0.005701,0.005701,0.005277,0.039885,0.0013450369300000002,0.0015871412970000001,0.013265611292,0.304794946018,0.0007057723980000001,0.000447112327,0.00022289199700000002,0.00018106376,0.0032040703190000003,0.0013450369300000002,0.0015871412970000001,0.013265611292,0.304794946018,0.0007057723980000001,0.000447112327,0.00022289199700000002,0.00018106376,0.0032040703190000003,0.0,0.0,0.0,0.0,0.0,0.0,0.0,0.0,0.0,0.0,0.0,0.0,0.0,0.0,0.0,0.0,0.0,0.0,0.999872,213568.36948064106,1.183173,1.2423316500000001,1.3014903,1.36064895,1.4198076,1.47896625,1.5381249000000001,1.59728355,1.6564422,1.71560085,1.7747595,1.8339181500000001,1.8930768,1.9522354499999999,2.0113941,2.07055275,2.1297114,2.1888700500000002,2.2480287,2.30718735,2.366346
SF11C46888512282050980,0,,2019-05-18T00:00:00-0600,0.005701,0.005701,0.004755,0.000329,0.000538014772,0.000634857659,0.005306245657,0.121917977267,0.000282307819,0.00017884607100000002,8.9157939e-05,7.2425504e-05,0.001281630408,0.000538014772,0.000634857659,0.005306245657,0.121917977267,0.000282307819,0.00017884607100000002,8.9157939e-05,7.2425504e-05,0.001281630408,0.0,0.0,0.0,0.0,0.0,0.0,0.0,0.0,0.0,0.0,0.0,0.0,0.0,0.0,0.0,0.0,0.0,0.0,0.995503,34170.93913336251,0.473311,0.49697654999999996,0.5206421,0.5443076499999999,0.5679732,0.59163875,0.6153043,0.63896985,0.6626354,0.68630095,0.7099665,0.73363205,0.7572976,0.78096315,0.8046287,0.82829425,0.8519597999999999,0.87562535,0.8992909,0.92295645,0.9466220000000001
SF11C46888512282050980,1,,2019-05-18T01:00:00-0600,0.005701,0.005701,0.00417,0.000594,0.000538014772,0.000634857659,0.005306245657,0.121917977267,0.000282307819,0.00017884607100000002,8.9157939e-05,7.2425504e-05,0.001281630408,0.000538014772,0.000634857659,0.005306245657,0.121917977267,0.000282307819,0.00017884607100000002,8.9157939e-05,7.2425504e-05,0.001281630408,0.0,0.0,0.0,0.0,0.0,0.0,0.0,0.0,0.0,0.0,0.0,0.0,0.0,0.0,0.0,0.0,0.0,0.0,0.995503,34170.93913336251,0.473311,0.47388305,0.47445509999999996,0.47502715,0.4755992,0.47617125,0.4767433,0.47731534999999997,0.4778874,0.47845945,0.4790315,0.47960355,0.4801756,0.48074765,0.4813197,0.48189175,0.4824638,0.48303585,0.48360790000000003,0.48417995,0.484752
SF11C46888512282050980,2,,2019-05-18T02:00:00-0600,0.005701,0.005701,0.003478,0.000794,0.000538014772,0.000634857659,0.005306245657,0.121917977267,0.000282307819,0.00017884607100000002,8.9157939e-05,7.2425504e-05,0.001281630408,0.000538014772,0.000634857659,0.005306245657,0.121917977267,0.000282307819,0.00017884607100000002,8.9157939e-05,7.2425504e-05,0.001281630408,0.0,0.0,0.0,0.0,0.0,0.0,0.0,0.0,0.0,0.0,0.0,0.0,0.0,0.0,0.0,0.0,0.0,0.0,0.997002,34170.93913336251,0.473311,0.49697654999999996,0.5206421,0.5443076499999999,0.5679732,0.59163875,0.6153043,0.63896985,0.6626354,0.68630095,0.7099665,0.73363205,0.7572976,0.78096315,0.8046287,0.82829425,0.8519597999999999,0.87562535,0.8992909,0.92295645,0.9466220000000001
SF11C46888512282050980,3,,2019-05-18T03:00:00-0600,0.005701,0.005701,0.003028,0.000948,0.000538014772,0.000634857659,0.005306245657,0.121917977267,0.000282307819,0.00017884607100000002,8.9157939e-05,7.2425504e-05,0.001281630408,0.000538014772,0.000634857659,0.005306245657,0.121917977267,0.000282307819,0.00017884607100000002,8.9157939e-05,7.2425504e-05,0.001281630408,0.0,0.0,0.0,0.0,0.0,0.0,0.0,0.0,0.0,0.0,0.0,0.0,0.0,0.0,0.0,0.0,0.0,0.0,0.997752,34170.93913336251,0.473311,0.49697654999999996,0.5206421,0.5443076499999999,0.5679732,0.59163875,0.6153043,0.63896985,0.6626354,0.68630095,0.7099665,0.73363205,0.7572976,0.78096315,0.8046287,0.82829425,0.8519597999999999,0.87562535,0.8992909,0.92295645,0.9466220000000001
SF11C46888512282050980,4,,2019-05-18T04:00:00-0600,0.005701,0.005701,0.002734,0.001072,0.000538014772,0.000634857659,0.005306245657,0.121917977267,0.000282307819,0.00017884607100000002,8.9157939e-05,7.2425504e-05,0.001281630408,0.000538014772,0.000634857659,0.005306245657,0.121917977267,0.000282307819,0.00017884607100000002,8.9157939e-05,7.2425504e-05,0.001281630408,0.0,0.0,0.0,0.0,0.0,0.0,0.0,0.0,0.0,0.0,0.0,0.0,0.0,0.0,0.0,0.0,0.0,0.0,0.998201,34170.93913336251,0.473311,0.49697654999999996,0.5206421,0.5443076499999999,0.5679732,0.59163875,0.6153043,0.63896985,0.6626354,0.68630095,0.7099665,0.73363205,0.7572976,0.78096315,0.8046287,0.82829425,0.8519597999999999,0.87562535,0.8992909,0.92295645,0.9466220000000001
SF11C46888512282050980,5,,2019-05-18T05:00:00-0600,0.005701,0.005701,0.002543,0.001174,0.000538014772,0.000634857659,0.005306245657,0.121917977267,0.000282307819,0.00017884607100000002,8.9157939e-05,7.2425504e-05,0.001281630408,0.000538014772,0.000634857659,0.005306245657,0.121917977267,0.000282307819,0.00017884607100000002,8.9157939e-05,7.2425504e-05,0.001281630408,0.0,0.0,0.0,0.0,0.0,0.0,0.0,0.0,0.0,0.0,0.0,0.0,0.0,0.0,0.0,0.0,0.0,0.0,0.998501,34170.93913336251,0.473311,0.49697654999999996,0.5206421,0.5443076499999999,0.5679732,0.59163875,0.6153043,0.63896985,0.6626354,0.68630095,0.7099665,0.73363205,0.7572976,0.78096315,0.8046287,0.82829425,0.8519597999999999,0.87562535,0.8992909,0.92295645,0.9466220000000001
SF11C46888512282050980,6,,2019-05-18T06:00:00-0600,0.005701,0.005701,0.002418,0.00126,0.000538014772,0.000634857659,0.005306245657,0.121917977267,0.000282307819,0.00017884607100000002,8.9157939e-05,7.2425504e-05,0.001281630408,0.000538014772,0.000634857659,0.005306245657,0.121917977267,0.000282307819,0.00017884607100000002,8.9157939e-05,7.2425504e-05,0.001281630408,0.0,0.0,0.0,0.0,0.0,0.0,0.0,0.0,0.0,0.0,0.0,0.0,0.0,0.0,0.0,0.0,0.0,0.0,0.998715,34170.93913336251,0.473311,0.49697654999999996,0.5206421,0.5443076499999999,0.5679732,0.59163875,0.6153043,0.63896985,0.6626354,0.68630095,0.7099665,0.73363205,0.7572976,0.78096315,0.8046287,0.82829425,0.8519597999999999,0.87562535,0.8992909,0.92295645,0.9466220000000001
SF11C46888512282050980,7,,2019-05-18T07:00:00-0600,0.005701,0.005701,0.002337,0.001334,0.000538014772,0.000634857659,0.005306245657,0.121917977267,0.000282307819,0.00017884607100000002,8.9157939e-05,7.2425504e-05,0.001281630408,0.000538014772,0.000634857659,0.005306245657,0.121917977267,0.000282307819,0.00017884607100000002,8.9157939e-05,7.2425504e-05,0.001281630408,0.0,0.0,0.0,0.0,0.0,0.0,0.0,0.0,0.0,0.0,0.0,0.0,0.0,0.0,0.0,0.0,0.0,0.0,0.998876,34170.93913336251,0.473311,0.49697654999999996,0.5206421,0.5443076499999999,0.5679732,0.59163875,0.6153043,0.63896985,0.6626354,0.68630095,0.7099665,0.73363205,0.7572976,0.78096315,0.8046287,0.82829425,0.8519597999999999,0.87562535,0.8992909,0.92295645,0.9466220000000001
SF11C46888512282050980,8,,2019-05-18T08:00:00-0600,0.005701,0.005701,0.002186,0.001393,0.000538014772,0.000634857659,0.005306245657,0.121917977267,0.000282307819,0.00017884607100000002,8.9157939e-05,7.2425504e-05,0.001281630408,0.000538014772,0.000634857659,0.005306245657,0.121917977267,0.000282307819,0.00017884607100000002,8.9157939e-05,7.2425504e-05,0.001281630408,0.0,0.0,0.0,0.0,0.0,0.0,0.0,0.0,0.0,0.0,0.0,0.0,0.0,0.0,0.0,0.0,0.0,0.0,0.999001,34170.93913336251,0.473311,0.49697654999999996,0.5206421,0.5443076499999999,0.5679732,0.59163875,0.6153043,0.63896985,0.6626354,0.68630095,0.7099665,0.73363205,0.7572976,0.78096315,0.8046287,0.82829425,0.8519597999999999,0.87562535,0.8992909,0.92295645,0.9466220000000001
SF11C46888512282050980,9,,2019-05-18T09:00:00-0600,0.005701,0.005701,0.002869,0.001495,0.000538014772,0.000634857659,0.005306245657,0.121917977267,0.000282307819,0.00017884607100000002,8.9157939e-05,7.2425504e-05,0.001281630408,0.000538014772,0.000634857659,0.005306245657,0.121917977267,0.000282307819,0.00017884607100000002,8.9157939e-05,7.2425504e-05,0.001281630408,0.0,0.0,0.0,0.0,0.0,0.0,0.0,0.0,0.0,0.0,0.0,0.0,0.0,0.0,0.0,0.0,0.0,0.0,0.999101,34170.93913336251,0.473311,0.49697654999999996,0.5206421,0.5443076499999999,0.5679732,0.59163875,0.6153043,0.63896985,0.6626354,0.68630095,0.7099665,0.73363205,0.7572976,0.78096315,0.8046287,0.82829425,0.8519597999999999,0.87562535,0.8992909,0.92295645,0.9466220000000001
SF11C46888512282050980,10,,2019-05-18T10:00:00-0600,0.020004,0.020004,0.012408,0.00225,0.001887817488,0.002227625436,0.018618863028,0.427792881468,0.0009905780760000001,0.0006275454840000001,0.000312842556,0.00025413081600000003,0.004497059232,0.001887817488,0.002227625436,0.018618863028,0.427792881468,0.0009905780760000001,0.0006275454840000001,0.000312842556,0.00025413081600000003,0.004497059232,0.0,0.0,0.0,0.0,0.0,0.0,0.0,0.0,0.0,0.0,0.0,0.0,0.0,0.0,0.0,0.0,0.0,0.0,0.994734,119900.97639427883,1.660536,1.7435628,1.8265896,1.9096164,1.9926432,2.07567,2.1586968,2.2417236000000003,2.3247504,2.4077772,2.490804,2.5738308,2.6568576,2.7398844,2.8229112,2.905938,2.9889647999999998,3.0719916,3.1550184,3.2380452,3.321072
SF11C46888512282050980,11,,2019-05-18T11:00:00-0600,0.040008,0.040008,0.029264,0.004118,0.003775634976,0.004455250872,0.037237726056,0.855585762936,0.0019811561520000002,0.0012550909680000002,0.000625685112,0.0005082616320000001,0.008994118464,0.003775634976,0.004455250872,0.037237726056,0.855585762936,0.0019811561520000002,0.0012550909680000002,0.000625685112,0.0005082616320000001,0.008994118464,0.0,0.0,0.0,0.0,0.0,0.0,0.0,0.0,0.0,0.0,0.0,0.0,0.0,0.0,0.0,0.0,0.0,0.0,0.983817,239801.95278855765,3.320382,3.32259425,3.3248064999999998,3.32701875,3.329231,3.33144325,3.3336555,3.33586775,3.33808,3.34029225,3.3425045,3.34471675,3.346929,3.34914125,3.3513535,3.35356575,3.355778,3.35799025,3.3602025,3.36241475,3.364627
SF11C46888512282050980,12,,2019-05-18T12:00:00-0600,0.070014,0.070013,0.058394,0.007871,0.006607266836000001,0.007796577667,0.065165089841,1.497253699771,0.0034669737470000004,0.0021963778230000004,0.001094933307,0.000889445152,0.015739482504,0.006607266836000001,0.007796577667,0.065165089841,1.497253699771,0.0034669737470000004,0.0021963778230000004,0.001094933307,0.000889445152,0.015739482504,0.0,0.0,0.0,0.0,0.0,0.0,0.0,0.0,0.0,0.0,0.0,0.0,0.0,0.0,0.0,0.0,0.0,0.0,0.967515,419653.4173799759,5.808859,5.87593505,5.9430111,6.01008715,6.0771632,6.14423925,6.2113153,6.27839135,6.3454674,6.41254345,6.4796195,6.54669555,6.6137716,6.6808476500000005,6.7479237,6.81499975,6.8820758,6.94915185,7.0162279000000005,7.08330395,7.15038
SF11C46888512282050980,13,,2019-05-18T13:00:00-0600,0.10002,0.100019,0.092571,0.013728,0.009438993068,0.011138015821,0.093093384383,2.1389430219729997,0.004952840861,0.0031376960490000004,0.001564197141,0.0012706413759999999,0.022485071352,0.009438993068,0.011138015821,0.093093384383,2.1389430219729997,0.004952840861,0.0031376960490000004,0.001564197141,0.0012706413759999999,0.022485071352,0.0,0.0,0.0,0.0,0.0,0.0,0.0,0.0,0.0,0.0,0.0,0.0,0.0,0.0,0.0,0.0,0.0,0.0,0.953269,599504.8819713941,8.295787,8.431794550000001,8.567802100000002,8.70380965,8.8398172,8.975824750000001,9.1118323,9.24783985,9.3838474,9.519854950000001,9.655862500000001,9.79187005,9.9278776,10.06388515,10.1998927,10.33590025,10.4719078,10.60791535,10.743922900000001,10.87993045,11.015938
SF11C46888512282050980,14,,2019-05-18T14:00:00-0600,0.130026,0.130025,0.130502,0.021803,0.0122707193,0.014479453975,0.121021678925,2.780632344175,0.006438707975,0.004079014275000001,0.002033460975,0.0016518376,0.0292306602,0.0122707193,0.014479453975,0.121021678925,2.780632344175,0.006438707975,0.004079014275000001,0.002033460975,0.0016518376,0.0292306602,0.0,0.0,0.0,0.0,0.0,0.0,0.0,0.0,0.0,0.0,0.0,0.0,0.0,0.0,0.0,0.0,0.0,0.0,0.943432,779356.3465628123,10.781166,10.9651081,11.149050200000001,11.3329923,11.5169344,11.7008765,11.884818600000001,12.0687607,12.2527028,12.436644900000001,12.620587,12.8045291,12.9884712,13.1724133,13.3563554,13.540297500000001,13.7242396,13.9081817,14.0921238,14.2760659,14.460008
SF11C46888512282050980,15,,2019-05-18T15:00:00-0600,0.160032,0.160031,0.170679,0.032097,0.015102445532,0.017820892129,0.148949973467,3.422321666377,0.007924575089,0.005020332501000001,0.0025027248090000002,0.0020330338240000002,0.035976249048,0.015102445532,0.017820892129,0.148949973467,3.422321666377,0.007924575089,0.005020332501000001,0.0025027248090000002,0.0020330338240000002,0.035976249048,0.0,0.0,0.0,0.0,0.0,0.0,0.0,0.0,0.0,0.0,0.0,0.0,0.0,0.0,0.0,0.0,0.0,0.0,0.936558,959207.8111542306,13.264998,13.4790092,13.6930204,13.9070316,14.1210428,14.335054,14.5490652,14.7630764,14.977087599999999,15.191098799999999,15.40511,15.619121199999999,15.8331324,16.0471436,16.2611548,16.475165999999998,16.6891772,16.903188399999998,17.1171996,17.3312108,17.545222
SF11C46888512282050980,16,,2019-05-18T16:00:00-0600,0.170034,0.170034,0.189175,0.042959,0.016046448648,0.018934816206,0.15826033573799997,3.6362394924779995,0.008419913646,0.005334136614,0.002659161726,0.002160111936,0.038225003472,0.016046448648,0.018934816206,0.15826033573799997,3.6362394924779995,0.008419913646,0.005334136614,0.002659161726,0.002160111936,0.038225003472,0.0,0.0,0.0,0.0,0.0,0.0,0.0,0.0,0.0,0.0,0.0,0.0,0.0,0.0,0.0,0.0,0.0,0.0,0.940752,1019158.29935137,14.092599,14.2611571,14.4297152,14.5982733,14.766831400000001,14.9353895,15.103947600000001,15.2725057,15.4410638,15.6096219,15.77818,15.946738100000001,16.115296200000003,16.2838543,16.4524124,16.620970500000002,16.7895286,16.958086700000003,17.1266448,17.295202900000003,17.463761
SF11C46888512282050980,17,,2019-05-18T17:00:00-0600,0.120024,0.120025,0.136906,0.049455,0.0113269993,0.013365863975000001,0.111714108925,2.566778674175,0.005943517975000001,0.0037653042750000008,0.0018770709750000002,0.0015247976,0.026982580200000002,0.0113269993,0.013365863975000001,0.111714108925,2.566778674175,0.005943517975000001,0.0037653042750000008,0.0018770709750000002,0.0015247976,0.026982580200000002,0.0,0.0,0.0,0.0,0.0,0.0,0.0,0.0,0.0,0.0,0.0,0.0,0.0,0.0,0.0,0.0,0.0,0.0,0.968334,719405.858365673,9.952879,10.45052295,10.948166899999999,11.445810849999999,11.9434548,12.441098749999998,12.938742699999999,13.43638665,13.9340306,14.431674549999999,14.929318499999999,15.426962449999998,15.924606399999998,16.42225035,16.9198943,17.41753825,17.915182199999997,18.41282615,18.910470099999998,19.40811405,19.905758
SF11C46888512282050980,18,,2019-05-18T18:00:00-0600,0.070014,0.070015,0.080523,0.051603,0.006607455579999999,0.007796800384999999,0.06516695135499999,1.4972964705049998,0.0034670727849999998,0.002196440565,0.001094964585,0.0008894705599999999,0.015739932119999998,0.006607455579999999,0.007796800384999999,0.06516695135499999,1.4972964705049998,0.0034670727849999998,0.002196440565,0.001094964585,0.0008894705599999999,0.015739932119999998,0.0,0.0,0.0,0.0,0.0,0.0,0.0,0.0,0.0,0.0,0.0,0.0,0.0,0.0,0.0,0.0,0.0,0.0,0.988802,419653.4173799759,5.808859,6.09930195,6.3897449,6.68018785,6.9706308,7.2610737499999995,7.5515167,7.84195965,8.132402599999999,8.42284555,8.7132885,9.00373145,9.2941744,9.58461735,9.8750603,10.16550325,10.4559462,10.746389149999999,11.0368321,11.32727505,11.617718
SF11C46888512282050980,19,,2019-05-18T19:00:00-0600,0.040008,0.040009,0.045635,0.051191,0.003775729348,0.004455362231,0.037238656813,0.855607148303,0.001981205671,0.0012551223390000002,0.000625700751,0.000508274336,0.008994343272,0.003775729348,0.004455362231,0.037238656813,0.855607148303,0.001981205671,0.0012551223390000002,0.000625700751,0.000508274336,0.008994343272,0.0,0.0,0.0,0.0,0.0,0.0,0.0,0.0,0.0,0.0,0.0,0.0,0.0,0.0,0.0,0.0,0.0,0.0,0.996447,239801.95278855765,3.320382,3.4864011,3.6524202,3.8184393,3.9844584,4.1504775,4.3164966,4.4825157,4.6485348,4.8145539,4.980573,5.1465920999999994,5.3126112,5.4786303,5.6446494000000005,5.8106685,5.9766876,6.1427067,6.3087257999999995,6.4747449,6.640764
SF11C46888512282050980,20,,2019-05-18T20:00:00-0600,0.005701,0.005702,0.006343,0.048089,0.0005381091439999999,0.0006349690179999999,0.0053071764139999995,0.12193936263399999,0.00028235733799999996,0.000178877442,8.917357799999999e-05,7.2438208e-05,0.001281855216,0.0005381091439999999,0.0006349690179999999,0.0053071764139999995,0.12193936263399999,0.00028235733799999996,0.000178877442,8.917357799999999e-05,7.2438208e-05,0.001281855216,0.0,0.0,0.0,0.0,0.0,0.0,0.0,0.0,0.0,0.0,0.0,0.0,0.0,0.0,0.0,0.0,0.0,0.0,0.999791,34170.93913336251,0.473311,0.49697654999999996,0.5206421,0.5443076499999999,0.5679732,0.59163875,0.6153043,0.63896985,0.6626354,0.68630095,0.7099665,0.73363205,0.7572976,0.78096315,0.8046287,0.82829425,0.8519597999999999,0.87562535,0.8992909,0.92295645,0.9466220000000001
SF11C46888512282050980,21,,2019-05-18T21:00:00-0600,0.005701,0.005701,0.00608,0.045185,0.000538014772,0.000634857659,0.005306245657,0.121917977267,0.000282307819,0.00017884607100000002,8.9157939e-05,7.2425504e-05,0.001281630408,0.000538014772,0.000634857659,0.005306245657,0.121917977267,0.000282307819,0.00017884607100000002,8.9157939e-05,7.2425504e-05,0.001281630408,0.0,0.0,0.0,0.0,0.0,0.0,0.0,0.0,0.0,0.0,0.0,0.0,0.0,0.0,0.0,0.0,0.0,0.0,0.999948,34170.93913336251,0.473311,0.49697654999999996,0.5206421,0.5443076499999999,0.5679732,0.59163875,0.6153043,0.63896985,0.6626354,0.68630095,0.7099665,0.73363205,0.7572976,0.78096315,0.8046287,0.82829425,0.8519597999999999,0.87562535,0.8992909,0.92295645,0.9466220000000001
SF11C46888512282050980,22,,2019-05-18T22:00:00-0600,0.005701,0.005701,0.005722,0.042456,0.000538014772,0.000634857659,0.005306245657,0.121917977267,0.000282307819,0.00017884607100000002,8.9157939e-05,7.2425504e-05,0.001281630408,0.000538014772,0.000634857659,0.005306245657,0.121917977267,0.000282307819,0.00017884607100000002,8.9157939e-05,7.2425504e-05,0.001281630408,0.0,0.0,0.0,0.0,0.0,0.0,0.0,0.0,0.0,0.0,0.0,0.0,0.0,0.0,0.0,0.0,0.0,0.0,0.999948,34170.93913336251,0.473311,0.49697654999999996,0.5206421,0.5443076499999999,0.5679732,0.59163875,0.6153043,0.63896985,0.6626354,0.68630095,0.7099665,0.73363205,0.7572976,0.78096315,0.8046287,0.82829425,0.8519597999999999,0.87562535,0.8992909,0.92295645,0.9466220000000001
SF11C46888512282050980,23,,2019-05-18T23:00:00-0600,0.005701,0.005701,0.005276,0.039885,0.000538014772,0.000634857659,0.005306245657,0.121917977267,0.000282307819,0.00017884607100000002,8.9157939e-05,7.2425504e-05,0.001281630408,0.000538014772,0.000634857659,0.005306245657,0.121917977267,0.000282307819,0.00017884607100000002,8.9157939e-05,7.2425504e-05,0.001281630408,0.0,0.0,0.0,0.0,0.0,0.0,0.0,0.0,0.0,0.0,0.0,0.0,0.0,0.0,0.0,0.0,0.0,0.0,0.999949,34170.93913336251,0.473311,0.49697654999999996,0.5206421,0.5443076499999999,0.5679732,0.59163875,0.6153043,0.63896985,0.6626354,0.68630095,0.7099665,0.73363205,0.7572976,0.78096315,0.8046287,0.82829425,0.8519597999999999,0.87562535,0.8992909,0.92295645,0.9466220000000001
SF11C46888612282050980,0,,2019-05-18T00:00:00-0600,0.005701,0.005701,0.004755,0.000329,0.001076029544,0.001269715318,0.010612485613000001,0.243835954534,0.000564621339,0.00035769214200000003,0.000178315878,0.000144851008,0.002563255115,0.001076029544,0.001269715318,0.010612485613000001,0.243835954534,0.000564621339,0.00035769214200000003,0.000178315878,0.000144851008,0.002563255115,0.0,0.0,0.0,0.0,0.0,0.0,0.0,0.0,0.0,0.0,0.0,0.0,0.0,0.0,0.0,0.0,0.0,0.0,0.991007,136683.75646759776,0.946566,0.9511424,0.9557188,0.9602952,0.9648716,0.9694480000000001,0.9740244,0.9786008,0.9831772000000001,0.9877536,0.99233,0.9969064000000001,1.0014828,1.0060592000000002,1.0106356,1.015212,1.0197884000000002,1.0243648,1.0289412,1.0335176000000001,1.038094
SF11C46888612282050980,1,,2019-05-18T01:00:00-0600,0.005701,0.005701,0.00417,0.000594,0.001076029544,0.001269715318,0.010612485613000001,0.243835954534,0.000564621339,0.00035769214200000003,0.000178315878,0.000144851008,0.002563255115,0.001076029544,0.001269715318,0.010612485613000001,0.243835954534,0.000564621339,0.00035769214200000003,0.000178315878,0.000144851008,0.002563255115,0.0,0.0,0.0,0.0,0.0,0.0,0.0,0.0,0.0,0.0,0.0,0.0,0.0,0.0,0.0,0.0,0.0,0.0,0.991007,136683.75646759776,0.946566,0.9549211,0.9632762,0.9716313000000001,0.9799864,0.9883415,0.9966966,1.0050517,1.0134068,1.0217619,1.0301170000000002,1.0384721000000001,1.0468272,1.0551823,1.0635374,1.0718925000000001,1.0802476,1.0886027,1.0969578000000002,1.1053129000000002,1.113668
SF11C46888612282050980,2,,2019-05-18T02:00:00-0600,0.005701,0.005701,0.003478,0.000794,0.001076029544,0.001269715318,0.010612485613000001,0.243835954534,0.000564621339,0.00035769214200000003,0.000178315878,0.000144851008,0.002563255115,0.001076029544,0.001269715318,0.010612485613000001,0.243835954534,0.000564621339,0.00035769214200000003,0.000178315878,0.000144851008,0.002563255115,0.0,0.0,0.0,0.0,0.0,0.0,0.0,0.0,0.0,0.0,0.0,0.0,0.0,0.0,0.0,0.0,0.0,0.0,0.994004,136683.75646759776,0.946566,0.9938943,1.0412226,1.0885509,1.1358792,1.1832075,1.2305358000000002,1.2778641,1.3251924000000002,1.3725207,1.4198490000000001,1.4671773,1.5145056000000001,1.5618339,1.6091622,1.6564905,1.7038188,1.7511471,1.7984754,1.8458037,1.893132
SF11C46888612282050980,3,,2019-05-18T03:00:00-0600,0.005701,0.005701,0.003028,0.000948,0.001076029544,0.001269715318,0.010612485613000001,0.243835954534,0.000564621339,0.00035769214200000003,0.000178315878,0.000144851008,0.002563255115,0.001076029544,0.001269715318,0.010612485613000001,0.243835954534,0.000564621339,0.00035769214200000003,0.000178315878,0.000144851008,0.002563255115,0.0,0.0,0.0,0.0,0.0,0.0,0.0,0.0,0.0,0.0,0.0,0.0,0.0,0.0,0.0,0.0,0.0,0.0,0.995503,136683.75646759776,0.946566,0.9938943,1.0412226,1.0885509,1.1358792,1.1832075,1.2305358000000002,1.2778641,1.3251924000000002,1.3725207,1.4198490000000001,1.4671773,1.5145056000000001,1.5618339,1.6091622,1.6564905,1.7038188,1.7511471,1.7984754,1.8458037,1.893132
SF11C46888612282050980,4,,2019-05-18T04:00:00-0600,0.005701,0.005701,0.002734,0.001072,0.001076029544,0.001269715318,0.010612485613000001,0.243835954534,0.000564621339,0.00035769214200000003,0.000178315878,0.000144851008,0.002563255115,0.001076029544,0.001269715318,0.010612485613000001,0.243835954534,0.000564621339,0.00035769214200000003,0.000178315878,0.000144851008,0.002563255115,0.0,0.0,0.0,0.0,0.0,0.0,0.0,0.0,0.0,0.0,0.0,0.0,0.0,0.0,0.0,0.0,0.0,0.0,0.996403,136683.75646759776,0.946566,0.9938943,1.0412226,1.0885509,1.1358792,1.1832075,1.2305358000000002,1.2778641,1.3251924000000002,1.3725207,1.4198490000000001,1.4671773,1.5145056000000001,1.5618339,1.6091622,1.6564905,1.7038188,1.7511471,1.7984754,1.8458037,1.893132
SF11C46888612282050980,5,,2019-05-18T05:00:00-0600,0.005701,0.005701,0.002543,0.001174,0.001076029544,0.001269715318,0.010612485613000001,0.243835954534,0.000564621339,0.00035769214200000003,0.000178315878,0.000144851008,0.002563255115,0.001076029544,0.001269715318,0.010612485613000001,0.243835954534,0.000564621339,0.00035769214200000003,0.000178315878,0.000144851008,0.002563255115,0.0,0.0,0.0,0.0,0.0,0.0,0.0,0.0,0.0,0.0,0.0,0.0,0.0,0.0,0.0,0.0,0.0,0.0,0.997002,136683.75646759776,0.946566,0.9938943,1.0412226,1.0885509,1.1358792,1.1832075,1.2305358000000002,1.2778641,1.3251924000000002,1.3725207,1.4198490000000001,1.4671773,1.5145056000000001,1.5618339,1.6091622,1.6564905,1.7038188,1.7511471,1.7984754,1.8458037,1.893132
SF11C46888612282050980,6,,2019-05-18T06:00:00-0600,0.005701,0.005701,0.002418,0.00126,0.001076029544,0.001269715318,0.010612485613000001,0.243835954534,0.000564621339,0.00035769214200000003,0.000178315878,0.000144851008,0.002563255115,0.001076029544,0.001269715318,0.010612485613000001,0.243835954534,0.000564621339,0.00035769214200000003,0.000178315878,0.000144851008,0.002563255115,0.0,0.0,0.0,0.0,0.0,0.0,0.0,0.0,0.0,0.0,0.0,0.0,0.0,0.0,0.0,0.0,0.0,0.0,0.99743,136683.75646759776,0.946566,0.9938943,1.0412226,1.0885509,1.1358792,1.1832075,1.2305358000000002,1.2778641,1.3251924000000002,1.3725207,1.4198490000000001,1.4671773,1.5145056000000001,1.5618339,1.6091622,1.6564905,1.7038188,1.7511471,1.7984754,1.8458037,1.893132
SF11C46888612282050980,7,,2019-05-18T07:00:00-0600,0.005701,0.005701,0.002337,0.001334,0.001076029544,0.001269715318,0.010612485613000001,0.243835954534,0.000564621339,0.00035769214200000003,0.000178315878,0.000144851008,0.002563255115,0.001076029544,0.001269715318,0.010612485613000001,0.243835954534,0.000564621339,0.00035769214200000003,0.000178315878,0.000144851008,0.002563255115,0.0,0.0,0.0,0.0,0.0,0.0,0.0,0.0,0.0,0.0,0.0,0.0,0.0,0.0,0.0,0.0,0.0,0.0,0.997752,136683.75646759776,0.946566,0.9938943,1.0412226,1.0885509,1.1358792,1.1832075,1.2305358000000002,1.2778641,1.3251924000000002,1.3725207,1.4198490000000001,1.4671773,1.5145056000000001,1.5618339,1.6091622,1.6564905,1.7038188,1.7511471,1.7984754,1.8458037,1.893132
SF11C46888612282050980,8,,2019-05-18T08:00:00-0600,0.005701,0.005701,0.002186,0.001393,0.001076029544,0.001269715318,0.010612485613000001,0.243835954534,0.000564621339,0.00035769214200000003,0.000178315878,0.000144851008,0.002563255115,0.001076029544,0.001269715318,0.010612485613000001,0.243835954534,0.000564621339,0.00035769214200000003,0.000178315878,0.000144851008,0.002563255115,0.0,0.0,0.0,0.0,0.0,0.0,0.0,0.0,0.0,0.0,0.0,0.0,0.0,0.0,0.0,0.0,0.0,0.0,0.998001,136683.75646759776,0.946566,0.9938943,1.0412226,1.0885509,1.1358792,1.1832075,1.2305358000000002,1.2778641,1.3251924000000002,1.3725207,1.4198490000000001,1.4671773,1.5145056000000001,1.5618339,1.6091622,1.6564905,1.7038188,1.7511471,1.7984754,1.8458037,1.893132
SF11C46888612282050980,9,,2019-05-18T09:00:00-0600,0.005701,0.005701,0.002869,0.001495,0.001076029544,0.001269715318,0.010612485613000001,0.243835954534,0.000564621339,0.00035769214200000003,0.000178315878,0.000144851008,0.002563255115,0.001076029544,0.001269715318,0.010612485613000001,0.243835954534,0.000564621339,0.00035769214200000003,0.000178315878,0.000144851008,0.002563255115,0.0,0.0,0.0,0.0,0.0,0.0,0.0,0.0,0.0,0.0,0.0,0.0,0.0,0.0,0.0,0.0,0.0,0.0,0.998201,136683.75646759776,0.946566,0.9938943,1.0412226,1.0885509,1.1358792,1.1832075,1.2305358000000002,1.2778641,1.3251924000000002,1.3725207,1.4198490000000001,1.4671773,1.5145056000000001,1.5618339,1.6091622,1.6564905,1.7038188,1.7511471,1.7984754,1.8458037,1.893132
SF11C46888612282050980,10,,2019-05-18T10:00:00-0600,0.020004,0.020004,0.012408,0.00225,0.003775634976,0.004455250872,0.037237706052000004,0.855585762936,0.001981176156,0.0012550909680000002,0.000625685112,0.0005082616320000001,0.00899409846,0.003775634976,0.004455250872,0.037237706052000004,0.855585762936,0.001981176156,0.0012550909680000002,0.000625685112,0.0005082616320000001,0.00899409846,0.0,0.0,0.0,0.0,0.0,0.0,0.0,0.0,0.0,0.0,0.0,0.0,0.0,0.0,0.0,0.0,0.0,0.0,0.989467,479603.90534604905,3.320382,3.4864011,3.6524202,3.8184393,3.9844584,4.1504775,4.3164966,4.4825157,4.6485348,4.8145539,4.980573,5.1465920999999994,5.3126112,5.4786303,5.6446494000000005,5.8106685,5.9766876,6.1427067,6.3087257999999995,6.4747449,6.640764
SF11C46888612282050980,11,,2019-05-18T11:00:00-0600,0.040008,0.040008,0.029264,0.004118,0.007551269952,0.008910501744,0.07447541210400001,1.711171525872,0.003962352312,0.0025101819360000004,0.001251370224,0.0010165232640000001,0.01798819692,0.007551269952,0.008910501744,0.07447541210400001,1.711171525872,0.003962352312,0.0025101819360000004,0.001251370224,0.0010165232640000001,0.01798819692,0.0,0.0,0.0,0.0,0.0,0.0,0.0,0.0,0.0,0.0,0.0,0.0,0.0,0.0,0.0,0.0,0.0,0.0,0.967634,959207.8106920981,6.638007,6.6926008,6.7471946,6.8017884,6.8563822,6.910976,6.9655698,7.0201636,7.0747574,7.1293512,7.183945,7.2385388,7.2931326,7.3477264,7.4023202,7.456914,7.5115078,7.5661016,7.6206954,7.6752892,7.729883
SF11C46888612282050980,12,,2019-05-18T12:00:00-0600,0.070014,0.070013,0.058394,0.007871,0.013214533672000001,0.015593155334,0.13033010966900002,2.994507399542,0.006934017507000001,0.004392755646000001,0.002189866614,0.001778890304,0.031478894995,0.013214533672000001,0.015593155334,0.13033010966900002,2.994507399542,0.006934017507000001,0.004392755646000001,0.002189866614,0.001778890304,0.031478894995,0.0,0.0,0.0,0.0,0.0,0.0,0.0,0.0,0.0,0.0,0.0,0.0,0.0,0.0,0.0,0.0,0.0,0.0,0.93503,1678613.6687111717,11.609282,11.850180850000001,12.0910797,12.33197855,12.5728774,12.81377625,13.0546751,13.29557395,13.5364728,13.77737165,14.0182705,14.25916935,14.5000682,14.74096705,14.981865899999999,15.22276475,15.4636636,15.70456245,15.945461299999998,16.18636015,16.427259
SF11C46888612282050980,13,,2019-05-18T13:00:00-0600,0.10002,0.100019,0.092571,0.013728,0.018877986136,0.022276031642,0.186186668747,4.277886043945999,0.009905781741,0.006275392098000001,0.003128394282,0.0025412827519999998,0.044970042684999996,0.018877986136,0.022276031642,0.186186668747,4.277886043945999,0.009905781741,0.006275392098000001,0.003128394282,0.0025412827519999998,0.044970042684999996,0.0,0.0,0.0,0.0,0.0,0.0,0.0,0.0,0.0,0.0,0.0,0.0,0.0,0.0,0.0,0.0,0.0,0.0,0.906539,2398019.526730245,16.574369,17.011049500000002,17.44773,17.8844105,18.321091,18.7577715,19.194452,19.6311325,20.067813,20.5044935,20.941174,21.377854499999998,21.814535,22.2512155,22.687896,23.1245765,23.561256999999998,23.9979375,24.434618,24.8712985,25.307979
SF11C46888612282050980,14,,2019-05-18T14:00:00-0600,0.130026,0.130025,0.130503,0.021803,0.0245414386,0.02895890795,0.242043227825,5.56126468835,0.012877545975,0.008158028550000002,0.00406692195,0.0033036752,0.058461190375,0.0245414386,0.02895890795,0.242043227825,5.56126468835,0.012877545975,0.008158028550000002,0.00406692195,0.0033036752,0.058461190375,0.0,0.0,0.0,0.0,0.0,0.0,0.0,0.0,0.0,0.0,0.0,0.0,0.0,0.0,0.0,0.0,0.0,0.0,0.886865,3117425.3847493185,21.533274,22.1176291,22.7019842,23.286339299999998,23.870694399999998,24.4550495,25.039404599999997,25.6237597,26.2081148,26.7924699,27.376825,27.9611801,28.5455352,29.1298903,29.714245400000003,30.2986005,30.882955600000003,31.4673107,32.0516658,32.636020900000005,33.220376
SF11C46888612282050980,15,,2019-05-18T15:00:00-0600,0.160032,0.160031,0.170679,0.032097,0.030204891064,0.035641784258,0.297899786903,6.844643332754,0.015849310209,0.010040665002000002,0.0050054496180000005,0.0040660676480000005,0.071952338065,0.030204891064,0.035641784258,0.297899786903,6.844643332754,0.015849310209,0.010040665002000002,0.0050054496180000005,0.0040660676480000005,0.071952338065,0.0,0.0,0.0,0.0,0.0,0.0,0.0,0.0,0.0,0.0,0.0,0.0,0.0,0.0,0.0,0.0,0.0,0.0,0.873116,3836831.2427683924,26.486007,27.17712345,27.8682399,28.55935635,29.2504728,29.94158925,30.6327057,31.323822149999998,32.0149386,32.706055049999996,33.3971715,34.088287949999994,34.7794044,35.47052085,36.161637299999995,36.85275375,37.5438702,38.234986649999996,38.9261031,39.617219549999994,40.308336
SF11C46888612282050980,16,,2019-05-18T16:00:00-0600,0.170034,0.170034,0.189175,0.042959,0.032092897296,0.037869632412,0.316520501442,7.272478984955999,0.016839997326,0.010668273228,0.005318323452,0.004320223872,0.07644983691,0.032092897296,0.037869632412,0.316520501442,7.272478984955999,0.016839997326,0.010668273228,0.005318323452,0.004320223872,0.07644983691,0.0,0.0,0.0,0.0,0.0,0.0,0.0,0.0,0.0,0.0,0.0,0.0,0.0,0.0,0.0,0.0,0.0,0.0,0.881504,4076633.1954414165,28.135547,28.734828999999998,29.334111,29.933393,30.532674999999998,31.131957,31.731239,32.330521,32.929803,33.529084999999995,34.128367,34.727649,35.326931,35.926213,36.525495,37.124776999999995,37.724059,38.323341,38.922623,39.521905,40.121187
SF11C46888612282050980,17,,2019-05-18T17:00:00-0600,0.120024,0.120025,0.136906,0.049455,0.0226539986,0.026731727950000003,0.223428097825,5.13355734835,0.011887155975,0.0075306085500000015,0.0037541419500000004,0.0030495952,0.053965040375,0.0226539986,0.026731727950000003,0.223428097825,5.13355734835,0.011887155975,0.0075306085500000015,0.0037541419500000004,0.0030495952,0.053965040375,0.0,0.0,0.0,0.0,0.0,0.0,0.0,0.0,0.0,0.0,0.0,0.0,0.0,0.0,0.0,0.0,0.0,0.0,0.936668,2877623.432076294,19.880992,20.0046701,20.128348199999998,20.2520263,20.3757044,20.4993825,20.6230606,20.746738699999998,20.8704168,20.9940949,21.117773,21.2414511,21.3651292,21.4888073,21.6124854,21.7361635,21.8598416,21.9835197,22.1071978,22.2308759,22.354554
SF11C46888612282050980,18,,2019-05-18T18:00:00-0600,0.070014,0.070015,0.080523,0.051603,0.013214911159999999,0.015593600769999999,0.13033383269499998,2.9945929410099996,0.0069342155849999995,0.00439288113,0.00218992917,0.0017789411199999998,0.031479794224999996,0.013214911159999999,0.015593600769999999,0.13033383269499998,2.9945929410099996,0.0069342155849999995,0.00439288113,0.00218992917,0.0017789411199999998,0.031479794224999996,0.0,0.0,0.0,0.0,0.0,0.0,0.0,0.0,0.0,0.0,0.0,0.0,0.0,0.0,0.0,0.0,0.0,0.0,0.977604,1678613.6687111717,11.609282,12.1897461,12.770210200000001,13.350674300000001,13.9311384,14.5116025,15.0920666,15.6725307,16.2529948,16.8334589,17.413923,17.9943871,18.5748512,19.1553153,19.7357794,20.3162435,20.8967076,21.4771717,22.0576358,22.6380999,23.218564
SF11C46888612282050980,19,,2019-05-18T19:00:00-0600,0.040008,0.040009,0.045635,0.051191,0.007551458696,0.008910724462,0.074477273617,1.711214296606,0.003962451351,0.0025102446780000003,0.001251401502,0.001016548672,0.017988646535,0.007551458696,0.008910724462,0.074477273617,1.711214296606,0.003962451351,0.0025102446780000003,0.001251401502,0.001016548672,0.017988646535,0.0,0.0,0.0,0.0,0.0,0.0,0.0,0.0,0.0,0.0,0.0,0.0,0.0,0.0,0.0,0.0,0.0,0.0,0.992894,959207.8106920981,6.638007,6.96990735,7.3018077,7.63370805,7.9656084,8.29750875,8.6294091,8.96130945,9.2932098,9.625110150000001,9.957010499999999,10.28891085,10.6208112,10.95271155,11.2846119,11.61651225,11.948412600000001,12.280312949999999,12.6122133,12.94411365,13.276014
SF11C46888612282050980,20,,2019-05-18T20:00:00-0600,0.005701,0.005702,0.006343,0.048089,0.0010762182879999998,0.0012699380359999998,0.010614347125999998,0.24387872526799997,0.000564720378,0.000357754884,0.00017834715599999998,0.000144876416,0.0025637047299999997,0.0010762182879999998,0.0012699380359999998,0.010614347125999998,0.24387872526799997,0.000564720378,0.000357754884,0.00017834715599999998,0.000144876416,0.0025637047299999997,0.0,0.0,0.0,0.0,0.0,0.0,0.0,0.0,0.0,0.0,0.0,0.0,0.0,0.0,0.0,0.0,0.0,0.0,0.999582,136683.75646759776,0.946566,0.9938943,1.0412226,1.0885509,1.1358792,1.1832075,1.2305358000000002,1.2778641,1.3251924000000002,1.3725207,1.4198490000000001,1.4671773,1.5145056000000001,1.5618339,1.6091622,1.6564905,1.7038188,1.7511471,1.7984754,1.8458037,1.893132
SF11C46888612282050980,21,,2019-05-18T21:00:00-0600,0.005701,0.005701,0.00608,0.045185,0.001076029544,0.001269715318,0.010612485613000001,0.243835954534,0.000564621339,0.00035769214200000003,0.000178315878,0.000144851008,0.002563255115,0.001076029544,0.001269715318,0.010612485613000001,0.243835954534,0.000564621339,0.00035769214200000003,0.000178315878,0.000144851008,0.002563255115,0.0,0.0,0.0,0.0,0.0,0.0,0.0,0.0,0.0,0.0,0.0,0.0,0.0,0.0,0.0,0.0,0.0,0.0,0.999896,136683.75646759776,0.946566,0.9938943,1.0412226,1.0885509,1.1358792,1.1832075,1.2305358000000002,1.2778641,1.3251924000000002,1.3725207,1.4198490000000001,1.4671773,1.5145056000000001,1.5618339,1.6091622,1.6564905,1.7038188,1.7511471,1.7984754,1.8458037,1.893132
SF11C46888612282050980,22,,2019-05-18T22:00:00-0600,0.005701,0.005701,0.005722,0.042456,0.001076029544,0.001269715318,0.010612485613000001,0.243835954534,0.000564621339,0.00035769214200000003,0.000178315878,0.000144851008,0.002563255115,0.001076029544,0.001269715318,0.010612485613000001,0.243835954534,0.000564621339,0.00035769214200000003,0.000178315878,0.000144851008,0.002563255115,0.0,0.0,0.0,0.0,0.0,0.0,0.0,0.0,0.0,0.0,0.0,0.0,0.0,0.0,0.0,0.0,0.0,0.0,0.999897,136683.75646759776,0.946566,0.9938943,1.0412226,1.0885509,1.1358792,1.1832075,1.2305358000000002,1.2778641,1.3251924000000002,1.3725207,1.4198490000000001,1.4671773,1.5145056000000001,1.5618339,1.6091622,1.6564905,1.7038188,1.7511471,1.7984754,1.8458037,1.893132
SF11C46888612282050980,23,,2019-05-18T23:00:00-0600,0.005701,0.005701,0.005277,0.039885,0.001076029544,0.001269715318,0.010612485613000001,0.243835954534,0.000564621339,0.00035769214200000003,0.000178315878,0.000144851008,0.002563255115,0.001076029544,0.001269715318,0.010612485613000001,0.243835954534,0.000564621339,0.00035769214200000003,0.000178315878,0.000144851008,0.002563255115,0.0,0.0,0.0,0.0,0.0,0.0,0.0,0.0,0.0,0.0,0.0,0.0,0.0,0.0,0.0,0.0,0.0,0.0,0.999897,136683.75646759776,0.946566,0.9938943,1.0412226,1.0885509,1.1358792,1.1832075,1.2305358000000002,1.2778641,1.3251924000000002,1.3725207,1.4198490000000001,1.4671773,1.5145056000000001,1.5618339,1.6091622,1.6564905,1.7038188,1.7511471,1.7984754,1.8458037,1.893132
SF11C46888712282050980,0,,2019-05-18T00:00:00-0600,0.005701,0.005701,0.004755,0.000329,0.000269007386,0.000317425979,0.0026531199780000002,0.060958991484000004,0.00014115676,8.942018500000001e-05,4.4576119e-05,3.6212752e-05,0.000640815204,0.000269007386,0.000317425979,0.0026531199780000002,0.060958991484000004,0.00014115676,8.942018500000001e-05,4.4576119e-05,3.6212752e-05,0.000640815204,0.0,0.0,0.0,0.0,0.0,0.0,0.0,0.0,0.0,0.0,0.0,0.0,0.0,0.0,0.0,0.0,0.0,0.0,0.997752,8542.731338887643,0.236663,0.24849615000000003,0.2603293,0.27216245,0.2839956,0.29582875000000003,0.30766190000000004,0.31949505,0.3313282,0.34316135000000003,0.3549945,0.36682765,0.3786608,0.39049395000000003,0.40232710000000005,0.41416025,0.4259934,0.43782655000000004,0.4496597,0.46149285,0.473326
SF11C46888712282050980,1,,2019-05-18T01:00:00-0600,0.005701,0.005701,0.00417,0.000594,0.000269007386,0.000317425979,0.0026531199780000002,0.060958991484000004,0.00014115676,8.942018500000001e-05,4.4576119e-05,3.6212752e-05,0.000640815204,0.000269007386,0.000317425979,0.0026531199780000002,0.060958991484000004,0.00014115676,8.942018500000001e-05,4.4576119e-05,3.6212752e-05,0.000640815204,0.0,0.0,0.0,0.0,0.0,0.0,0.0,0.0,0.0,0.0,0.0,0.0,0.0,0.0,0.0,0.0,0.0,0.0,0.997752,8542.731338887643,0.236663,0.24849615000000003,0.2603293,0.27216245,0.2839956,0.29582875000000003,0.30766190000000004,0.31949505,0.3313282,0.34316135000000003,0.3549945,0.36682765,0.3786608,0.39049395000000003,0.40232710000000005,0.41416025,0.4259934,0.43782655000000004,0.4496597,0.46149285,0.473326
SF11C46888712282050980,2,,2019-05-18T02:00:00-0600,0.005701,0.005701,0.003478,0.000794,0.000269007386,0.000317425979,0.0026531199780000002,0.060958991484000004,0.00014115676,8.942018500000001e-05,4.4576119e-05,3.6212752e-05,0.000640815204,0.000269007386,0.000317425979,0.0026531199780000002,0.060958991484000004,0.00014115676,8.942018500000001e-05,4.4576119e-05,3.6212752e-05,0.000640815204,0.0,0.0,0.0,0.0,0.0,0.0,0.0,0.0,0.0,0.0,0.0,0.0,0.0,0.0,0.0,0.0,0.0,0.0,0.998501,8542.731338887643,0.236663,0.24849615000000003,0.2603293,0.27216245,0.2839956,0.29582875000000003,0.30766190000000004,0.31949505,0.3313282,0.34316135000000003,0.3549945,0.36682765,0.3786608,0.39049395000000003,0.40232710000000005,0.41416025,0.4259934,0.43782655000000004,0.4496597,0.46149285,0.473326
SF11C46888712282050980,3,,2019-05-18T03:00:00-0600,0.005701,0.005701,0.003028,0.000948,0.000269007386,0.000317425979,0.0026531199780000002,0.060958991484000004,0.00014115676,8.942018500000001e-05,4.4576119e-05,3.6212752e-05,0.000640815204,0.000269007386,0.000317425979,0.0026531199780000002,0.060958991484000004,0.00014115676,8.942018500000001e-05,4.4576119e-05,3.6212752e-05,0.000640815204,0.0,0.0,0.0,0.0,0.0,0.0,0.0,0.0,0.0,0.0,0.0,0.0,0.0,0.0,0.0,0.0,0.0,0.0,0.998876,8542.731338887643,0.236663,0.24849615000000003,0.2603293,0.27216245,0.2839956,0.29582875000000003,0.30766190000000004,0.31949505,0.3313282,0.34316135000000003,0.3549945,0.36682765,0.3786608,0.39049395000000003,0.40232710000000005,0.41416025,0.4259934,0.43782655000000004,0.4496597,0.46149285,0.473326
SF11C46888712282050980,4,,2019-05-18T04:00:00-0600,0.005701,0.005701,0.002734,0.001072,0.000269007386,0.000317425979,0.0026531199780000002,0.060958991484000004,0.00014115676,8.942018500000001e-05,4.4576119e-05,3.6212752e-05,0.000640815204,0.000269007386,0.000317425979,0.0026531199780000002,0.060958991484000004,0.00014115676,8.942018500000001e-05,4.4576119e-05,3.6212752e-05,0.000640815204,0.0,0.0,0.0,0.0,0.0,0.0,0.0,0.0,0.0,0.0,0.0,0.0,0.0,0.0,0.0,0.0,0.0,0.0,0.999101,8542.731338887643,0.236663,0.24849615000000003,0.2603293,0.27216245,0.2839956,0.29582875000000003,0.30766190000000004,0.31949505,0.3313282,0.34316135000000003,0.3549945,0.36682765,0.3786608,0.39049395000000003,0.40232710000000005,0.41416025,0.4259934,0.43782655000000004,0.4496597,0.46149285,0.473326
SF11C46888712282050980,5,,2019-05-18T05:00:00-0600,0.005701,0.005701,0.002543,0.001174,0.000269007386,0.000317425979,0.0026531199780000002,0.060958991484000004,0.00014115676,8.942018500000001e-05,4.4576119e-05,3.6212752e-05,0.000640815204,0.000269007386,0.000317425979,0.0026531199780000002,0.060958991484000004,0.00014115676,8.942018500000001e-05,4.4576119e-05,3.6212752e-05,0.000640815204,0.0,0.0,0.0,0.0,0.0,0.0,0.0,0.0,0.0,0.0,0.0,0.0,0.0,0.0,0.0,0.0,0.0,0.0,0.999251,8542.731338887643,0.236663,0.24849615000000003,0.2603293,0.27216245,0.2839956,0.29582875000000003,0.30766190000000004,0.31949505,0.3313282,0.34316135000000003,0.3549945,0.36682765,0.3786608,0.39049395000000003,0.40232710000000005,0.41416025,0.4259934,0.43782655000000004,0.4496597,0.46149285,0.473326
SF11C46888712282050980,6,,2019-05-18T06:00:00-0600,0.005701,0.005701,0.002418,0.00126,0.000269007386,0.000317425979,0.0026531199780000002,0.060958991484000004,0.00014115676,8.942018500000001e-05,4.4576119e-05,3.6212752e-05,0.000640815204,0.000269007386,0.000317425979,0.0026531199780000002,0.060958991484000004,0.00014115676,8.942018500000001e-05,4.4576119e-05,3.6212752e-05,0.000640815204,0.0,0.0,0.0,0.0,0.0,0.0,0.0,0.0,0.0,0.0,0.0,0.0,0.0,0.0,0.0,0.0,0.0,0.0,0.999358,8542.731338887643,0.236663,0.24849615000000003,0.2603293,0.27216245,0.2839956,0.29582875000000003,0.30766190000000004,0.31949505,0.3313282,0.34316135000000003,0.3549945,0.36682765,0.3786608,0.39049395000000003,0.40232710000000005,0.41416025,0.4259934,0.43782655000000004,0.4496597,0.46149285,0.473326
SF11C46888712282050980,7,,2019-05-18T07:00:00-0600,0.005701,0.005701,0.002337,0.001334,0.000269007386,0.000317425979,0.0026531199780000002,0.060958991484000004,0.00014115676,8.942018500000001e-05,4.4576119e-05,3.6212752e-05,0.000640815204,0.000269007386,0.000317425979,0.0026531199780000002,0.060958991484000004,0.00014115676,8.942018500000001e-05,4.4576119e-05,3.6212752e-05,0.000640815204,0.0,0.0,0.0,0.0,0.0,0.0,0.0,0.0,0.0,0.0,0.0,0.0,0.0,0.0,0.0,0.0,0.0,0.0,0.999438,8542.731338887643,0.236663,0.24849615000000003,0.2603293,0.27216245,0.2839956,0.29582875000000003,0.30766190000000004,0.31949505,0.3313282,0.34316135000000003,0.3549945,0.36682765,0.3786608,0.39049395000000003,0.40232710000000005,0.41416025,0.4259934,0.43782655000000004,0.4496597,0.46149285,0.473326
SF11C46888712282050980,8,,2019-05-18T08:00:00-0600,0.005701,0.005701,0.002186,0.001393,0.000269007386,0.000317425979,0.0026531199780000002,0.060958991484000004,0.00014115676,8.942018500000001e-05,4.4576119e-05,3.6212752e-05,0.000640815204,0.000269007386,0.000317425979,0.0026531199780000002,0.060958991484000004,0.00014115676,8.942018500000001e-05,4.4576119e-05,3.6212752e-05,0.000640815204,0.0,0.0,0.0,0.0,0.0,0.0,0.0,0.0,0.0,0.0,0.0,0.0,0.0,0.0,0.0,0.0,0.0,0.0,0.9995,8542.731338887643,0.236663,0.24849615000000003,0.2603293,0.27216245,0.2839956,0.29582875000000003,0.30766190000000004,0.31949505,0.3313282,0.34316135000000003,0.3549945,0.36682765,0.3786608,0.39049395000000003,0.40232710000000005,0.41416025,0.4259934,0.43782655000000004,0.4496597,0.46149285,0.473326
SF11C46888712282050980,9,,2019-05-18T09:00:00-0600,0.005701,0.005701,0.002869,0.001495,0.000269007386,0.000317425979,0.0026531199780000002,0.060958991484000004,0.00014115676,8.942018500000001e-05,4.4576119e-05,3.6212752e-05,0.000640815204,0.000269007386,0.000317425979,0.0026531199780000002,0.060958991484000004,0.00014115676,8.942018500000001e-05,4.4576119e-05,3.6212752e-05,0.000640815204,0.0,0.0,0.0,0.0,0.0,0.0,0.0,0.0,0.0,0.0,0.0,0.0,0.0,0.0,0.0,0.0,0.0,0.0,0.99955,8542.731338887643,0.236663,0.24849615000000003,0.2603293,0.27216245,0.2839956,0.29582875000000003,0.30766190000000004,0.31949505,0.3313282,0.34316135000000003,0.3549945,0.36682765,0.3786608,0.39049395000000003,0.40232710000000005,0.41416025,0.4259934,0.43782655000000004,0.4496597,0.46149285,0.473326
SF11C46888712282050980,10,,2019-05-18T10:00:00-0600,0.020004,0.020004,0.012409,0.00225,0.000943908744,0.001113802716,0.009309421512000001,0.213896450736,0.00049529904,0.00031376274000000006,0.000156411276,0.00012706540800000001,0.002248529616,0.000943908744,0.001113802716,0.009309421512000001,0.213896450736,0.00049529904,0.00031376274000000006,0.000156411276,0.00012706540800000001,0.002248529616,0.0,0.0,0.0,0.0,0.0,0.0,0.0,0.0,0.0,0.0,0.0,0.0,0.0,0.0,0.0,0.0,0.0,0.0,0.997367,29975.23201247297,0.830354,0.8718717,0.9133894,0.9549071,0.9964248,1.0379425,1.0794602,1.1209779000000002,1.1624956000000002,1.2040133000000002,1.2455310000000002,1.2870487000000002,1.3285664000000001,1.3700841000000001,1.4116018000000001,1.4531195000000001,1.4946372,1.5361549,1.5776726,1.6191903,1.660708
SF11C46888712282050980,11,,2019-05-18T11:00:00-0600,0.040008,0.040007,0.029264,0.004118,0.001887770302,0.002227549753,0.018618377646000002,0.427782208788,0.00099057332,0.000627509795,0.000312814733,0.000254124464,0.004496946828,0.001887770302,0.002227549753,0.018618377646000002,0.427782208788,0.00099057332,0.000627509795,0.000312814733,0.000254124464,0.004496946828,0.0,0.0,0.0,0.0,0.0,0.0,0.0,0.0,0.0,0.0,0.0,0.0,0.0,0.0,0.0,0.0,0.0,0.0,0.991908,59950.46402494594,1.660536,1.7435628,1.8265896,1.9096164,1.9926432,2.07567,2.1586968,2.2417236000000003,2.3247504,2.4077772,2.490804,2.5738308,2.6568576,2.7398844,2.8229112,2.905938,2.9889647999999998,3.0719916,3.1550184,3.2380452,3.321072
SF11C46888712282050980,12,,2019-05-18T12:00:00-0600,0.070014,0.070013,0.058394,0.007871,0.0033036334180000003,0.003898253827,0.032582509914,0.748626884892,0.0017335218800000002,0.0010981539050000002,0.000547431647,0.000444722576,0.007869741252,0.0033036334180000003,0.003898253827,0.032582509914,0.748626884892,0.0017335218800000002,0.0010981539050000002,0.000547431647,0.000444722576,0.007869741252,0.0,0.0,0.0,0.0,0.0,0.0,0.0,0.0,0.0,0.0,0.0,0.0,0.0,0.0,0.0,0.0,0.0,0.0,0.983757,104913.3120436554,2.905485,2.91582995,2.9261749,2.9365198500000003,2.9468648,2.95720975,2.9675547,2.97789965,2.9882446000000003,2.99858955,3.0089345,3.01927945,3.0296244,3.0399693500000002,3.0503143,3.06065925,3.0710042,3.08134915,3.0916941000000002,3.10203905,3.112384
SF11C46888712282050980,13,,2019-05-18T13:00:00-0600,0.10002,0.100019,0.092571,0.013728,0.004719496534,0.005568957901,0.046546642182,1.069471560996,0.00247647044,0.001568798015,0.000782048561,0.0006353206879999999,0.011242535676,0.004719496534,0.005568957901,0.046546642182,1.069471560996,0.00247647044,0.001568798015,0.000782048561,0.0006353206879999999,0.011242535676,0.0,0.0,0.0,0.0,0.0,0.0,0.0,0.0,0.0,0.0,0.0,0.0,0.0,0.0,0.0,0.0,0.0,0.0,0.976635,149876.16006236483,4.150046,4.18229195,4.2145379,4.24678385,4.2790298,4.31127575,4.3435217,4.37576765,4.4080136,4.44025955,4.4725055000000005,4.5047514500000005,4.5369974,4.56924335,4.6014893,4.63373525,4.6659812,4.69822715,4.7304731,4.76271905,4.794965
SF11C46888712282050980,14,,2019-05-18T14:00:00-0600,0.130026,0.130025,0.130502,0.021803,0.00613535965,0.007239661975,0.060510774450000006,1.3903162371,0.0032194190000000003,0.002039442125,0.001016665475,0.0008259188,0.0146153301,0.00613535965,0.007239661975,0.060510774450000006,1.3903162371,0.0032194190000000003,0.002039442125,0.001016665475,0.0008259188,0.0146153301,0.0,0.0,0.0,0.0,0.0,0.0,0.0,0.0,0.0,0.0,0.0,0.0,0.0,0.0,0.0,0.0,0.0,0.0,0.971716,194839.0080810743,5.39422,5.4392132,5.4842064,5.5291996,5.5741928,5.619186,5.6641791999999995,5.7091724,5.754165599999999,5.7991588,5.844151999999999,5.8891452,5.9341384,5.9791316,6.0241248,6.069118,6.1141112,6.1591043999999995,6.2040976,6.249090799999999,6.294084
SF11C46888712282050980,15,,2019-05-18T15:00:00-0600,0.160032,0.160031,0.170679,0.032097,0.007551222766,0.008910366049,0.074474906718,1.711160913204,0.00396236756,0.0025100862350000003,0.001251282389,0.0010165169120000001,0.017988124524,0.007551222766,0.008910366049,0.074474906718,1.711160913204,0.00396236756,0.0025100862350000003,0.001251282389,0.0010165169120000001,0.017988124524,0.0,0.0,0.0,0.0,0.0,0.0,0.0,0.0,0.0,0.0,0.0,0.0,0.0,0.0,0.0,0.0,0.0,0.0,0.968279,239801.85609978376,6.638007,6.68795675,6.7379065,6.78785625,6.837806,6.88775575,6.9377055,6.9876552499999995,7.037605,7.08755475,7.1375045,7.18745425,7.237404,7.28735375,7.3373035,7.38725325,7.437203,7.48715275,7.5371025,7.58705225,7.637002
SF11C46888712282050980,16,,2019-05-18T16:00:00-0600,0.170034,0.170034,0.189175,0.042959,0.008023224324,0.009467323086,0.079130082852,1.8181198312559999,0.0042100418399999995,0.00266698329,0.0013294958459999999,0.001080055968,0.019112501736,0.008023224324,0.009467323086,0.079130082852,1.8181198312559999,0.0042100418399999995,0.00266698329,0.0013294958459999999,0.001080055968,0.019112501736,0.0,0.0,0.0,0.0,0.0,0.0,0.0,0.0,0.0,0.0,0.0,0.0,0.0,0.0,0.0,0.0,0.0,0.0,0.970376,254789.47210602023,7.052517,7.07996835,7.1074196999999995,7.13487105,7.1623224,7.18977375,7.2172251,7.24467645,7.2721278,7.29957915,7.327030499999999,7.35448185,7.3819332,7.4093845499999995,7.4368359,7.46428725,7.4917386,7.5191899499999995,7.546641299999999,7.57409265,7.601544
SF11C46888712282050980,17,,2019-05-18T17:00:00-0600,0.120024,0.120025,0.136906,0.049455,0.00566349965,0.006682871975,0.05585699445,1.2833893971,0.002971819,0.0018825921250000001,0.000938475475,0.0007623988,0.013491290100000001,0.00566349965,0.006682871975,0.05585699445,1.2833893971,0.002971819,0.0018825921250000001,0.000938475475,0.0007623988,0.013491290100000001,0.0,0.0,0.0,0.0,0.0,0.0,0.0,0.0,0.0,0.0,0.0,0.0,0.0,0.0,0.0,0.0,0.0,0.0,0.984167,179851.39207483782,4.979539,5.22851595,5.4774929,5.72646985,5.9754468,6.22442375,6.4734007,6.72237765,6.9713546,7.22033155,7.4693085,7.71828545,7.9672624,8.21623935,8.4652163,8.714193250000001,8.9631702,9.21214715,9.4611241,9.710101049999999,9.959078
SF11C46888712282050980,18,,2019-05-18T18:00:00-0600,0.070014,0.070015,0.080523,0.051603,0.0033037277899999997,0.0038983651849999997,0.03258344067,0.7486482702599999,0.0017335713999999999,0.001098185275,0.0005474472849999999,0.00044473527999999994,0.007869966059999999,0.0033037277899999997,0.0038983651849999997,0.03258344067,0.7486482702599999,0.0017335713999999999,0.001098185275,0.0005474472849999999,0.00044473527999999994,0.007869966059999999,0.0,0.0,0.0,0.0,0.0,0.0,0.0,0.0,0.0,0.0,0.0,0.0,0.0,0.0,0.0,0.0,0.0,0.0,0.994401,104913.3120436554,2.905485,3.05075925,3.1960335,3.34130775,3.4865820000000003,3.6318562500000002,3.7771305,3.92240475,4.067679,4.21295325,4.3582275,4.50350175,4.648776,4.79405025,4.9393245,5.08459875,5.2298729999999995,5.3751472499999995,5.520421499999999,5.665695749999999,5.810969999999999
SF11C46888712282050980,19,,2019-05-18T19:00:00-0600,0.040008,0.040009,0.045635,0.051191,0.001887864674,0.002227661111,0.018619308402,0.427803594156,0.0009906228400000001,0.0006275411650000001,0.000312830371,0.000254137168,0.004497171636,0.001887864674,0.002227661111,0.018619308402,0.427803594156,0.0009906228400000001,0.0006275411650000001,0.000312830371,0.000254137168,0.004497171636,0.0,0.0,0.0,0.0,0.0,0.0,0.0,0.0,0.0,0.0,0.0,0.0,0.0,0.0,0.0,0.0,0.0,0.0,0.998224,59950.46402494594,1.660536,1.7435628,1.8265896,1.9096164,1.9926432,2.07567,2.1586968,2.2417236000000003,2.3247504,2.4077772,2.490804,2.5738308,2.6568576,2.7398844,2.8229112,2.905938,2.9889647999999998,3.0719916,3.1550184,3.2380452,3.321072
SF11C46888712282050980,20,,2019-05-18T20:00:00-0600,0.005701,0.005702,0.006343,0.048089,0.00026905457199999995,0.00031748165799999996,0.002653585356,0.06096968416799999,0.00014118152,8.943586999999999e-05,4.4583937999999996e-05,3.6219104e-05,0.000640927608,0.00026905457199999995,0.00031748165799999996,0.002653585356,0.06096968416799999,0.00014118152,8.943586999999999e-05,4.4583937999999996e-05,3.6219104e-05,0.000640927608,0.0,0.0,0.0,0.0,0.0,0.0,0.0,0.0,0.0,0.0,0.0,0.0,0.0,0.0,0.0,0.0,0.0,0.0,0.999895,8542.731338887643,0.236663,0.24849615000000003,0.2603293,0.27216245,0.2839956,0.29582875000000003,0.30766190000000004,0.31949505,0.3313282,0.34316135000000003,0.3549945,0.36682765,0.3786608,0.39049395000000003,0.40232710000000005,0.41416025,0.4259934,0.43782655000000004,0.4496597,0.46149285,0.473326
SF11C46888712282050980,21,,2019-05-18T21:00:00-0600,0.005701,0.005701,0.00608,0.045185,0.000269007386,0.000317425979,0.0026531199780000002,0.060958991484000004,0.00014115676,8.942018500000001e-05,4.4576119e-05,3.6212752e-05,0.000640815204,0.000269007386,0.000317425979,0.0026531199780000002,0.060958991484000004,0.00014115676,8.942018500000001e-05,4.4576119e-05,3.6212752e-05,0.000640815204,0.0,0.0,0.0,0.0,0.0,0.0,0.0,0.0,0.0,0.0,0.0,0.0,0.0,0.0,0.0,0.0,0.0,0.0,0.999974,8542.731338887643,0.236663,0.24849615000000003,0.2603293,0.27216245,0.2839956,0.29582875000000003,0.30766190000000004,0.31949505,0.3313282,0.34316135000000003,0.3549945,0.36682765,0.3786608,0.39049395000000003,0.40232710000000005,0.41416025,0.4259934,0.43782655000000004,0.4496597,0.46149285,0.473326
SF11C46888712282050980,22,,2019-05-18T22:00:00-0600,0.005701,0.005701,0.005722,0.042456,0.000269007386,0.000317425979,0.0026531199780000002,0.060958991484000004,0.00014115676,8.942018500000001e-05,4.4576119e-05,3.6212752e-05,0.000640815204,0.000269007386,0.000317425979,0.0026531199780000002,0.060958991484000004,0.00014115676,8.942018500000001e-05,4.4576119e-05,3.6212752e-05,0.000640815204,0.0,0.0,0.0,0.0,0.0,0.0,0.0,0.0,0.0,0.0,0.0,0.0,0.0,0.0,0.0,0.0,0.0,0.0,0.999974,8542.731338887643,0.236663,0.24849615000000003,0.2603293,0.27216245,0.2839956,0.29582875000000003,0.30766190000000004,0.31949505,0.3313282,0.34316135000000003,0.3549945,0.36682765,0.3786608,0.39049395000000003,0.40232710000000005,0.41416025,0.4259934,0.43782655000000004,0.4496597,0.46149285,0.473326
SF11C46888712282050980,23,,2019-05-18T23:00:00-0600,0.005701,0.005701,0.005277,0.039885,0.000269007386,0.000317425979,0.0026531199780000002,0.060958991484000004,0.00014115676,8.942018500000001e-05,4.4576119e-05,3.6212752e-05,0.000640815204,0.000269007386,0.000317425979,0.0026531199780000002,0.060958991484000004,0.00014115676,8.942018500000001e-05,4.4576119e-05,3.6212752e-05,0.000640815204,0.0,0.0,0.0,0.0,0.0,0.0,0.0,0.0,0.0,0.0,0.0,0.0,0.0,0.0,0.0,0.0,0.0,0.0,0.999974,8542.731338887643,0.236663,0.24849615000000003,0.2603293,0.27216245,0.2839956,0.29582875000000003,0.30766190000000004,0.31949505,0.3313282,0.34316135000000003,0.3549945,0.36682765,0.3786608,0.39049395000000003,0.40232710000000005,0.41416025,0.4259934,0.43782655000000004,0.4496597,0.46149285,0.473326
SF11C46888812282050980,0,,2019-05-18T00:00:00-0600,0.005701,0.005701,0.004755,0.000329,0.001076029544,0.001269715318,0.010612485613000001,0.243835954534,0.000564621339,0.00035769214200000003,0.000178315878,0.000144851008,0.002563255115,0.001076029544,0.001269715318,0.010612485613000001,0.243835954534,0.000564621339,0.00035769214200000003,0.000178315878,0.000144851008,0.002563255115,0.0,0.0,0.0,0.0,0.0,0.0,0.0,0.0,0.0,0.0,0.0,0.0,0.0,0.0,0.0,0.0,0.0,0.0,0.991007,136683.75646759776,0.946566,0.9511424,0.9557188,0.9602952,0.9648716,0.9694480000000001,0.9740244,0.9786008,0.9831772000000001,0.9877536,0.99233,0.9969064000000001,1.0014828,1.0060592000000002,1.0106356,1.015212,1.0197884000000002,1.0243648,1.0289412,1.0335176000000001,1.038094
SF11C46888812282050980,1,,2019-05-18T01:00:00-0600,0.005701,0.005701,0.00417,0.000594,0.001076029544,0.001269715318,0.010612485613000001,0.243835954534,0.000564621339,0.00035769214200000003,0.000178315878,0.000144851008,0.002563255115,0.001076029544,0.001269715318,0.010612485613000001,0.243835954534,0.000564621339,0.00035769214200000003,0.000178315878,0.000144851008,0.002563255115,0.0,0.0,0.0,0.0,0.0,0.0,0.0,0.0,0.0,0.0,0.0,0.0,0.0,0.0,0.0,0.0,0.0,0.0,0.991007,136683.75646759776,0.946566,0.9549211,0.9632762,0.9716313000000001,0.9799864,0.9883415,0.9966966,1.0050517,1.0134068,1.0217619,1.0301170000000002,1.0384721000000001,1.0468272,1.0551823,1.0635374,1.0718925000000001,1.0802476,1.0886027,1.0969578000000002,1.1053129000000002,1.113668
SF11C46888812282050980,2,,2019-05-18T02:00:00-0600,0.005701,0.005701,0.003478,0.000794,0.001076029544,0.001269715318,0.010612485613000001,0.243835954534,0.000564621339,0.00035769214200000003,0.000178315878,0.000144851008,0.002563255115,0.001076029544,0.001269715318,0.010612485613000001,0.243835954534,0.000564621339,0.00035769214200000003,0.000178315878,0.000144851008,0.002563255115,0.0,0.0,0.0,0.0,0.0,0.0,0.0,0.0,0.0,0.0,0.0,0.0,0.0,0.0,0.0,0.0,0.0,0.0,0.994004,136683.75646759776,0.946566,0.9938943,1.0412226,1.0885509,1.1358792,1.1832075,1.2305358000000002,1.2778641,1.3251924000000002,1.3725207,1.4198490000000001,1.4671773,1.5145056000000001,1.5618339,1.6091622,1.6564905,1.7038188,1.7511471,1.7984754,1.8458037,1.893132
SF11C46888812282050980,3,,2019-05-18T03:00:00-0600,0.005701,0.005701,0.003028,0.000948,0.001076029544,0.001269715318,0.010612485613000001,0.243835954534,0.000564621339,0.00035769214200000003,0.000178315878,0.000144851008,0.002563255115,0.001076029544,0.001269715318,0.010612485613000001,0.243835954534,0.000564621339,0.00035769214200000003,0.000178315878,0.000144851008,0.002563255115,0.0,0.0,0.0,0.0,0.0,0.0,0.0,0.0,0.0,0.0,0.0,0.0,0.0,0.0,0.0,0.0,0.0,0.0,0.995503,136683.75646759776,0.946566,0.9938943,1.0412226,1.0885509,1.1358792,1.1832075,1.2305358000000002,1.2778641,1.3251924000000002,1.3725207,1.4198490000000001,1.4671773,1.5145056000000001,1.5618339,1.6091622,1.6564905,1.7038188,1.7511471,1.7984754,1.8458037,1.893132
SF11C46888812282050980,4,,2019-05-18T04:00:00-0600,0.005701,0.005701,0.002734,0.001072,0.001076029544,0.001269715318,0.010612485613000001,0.243835954534,0.000564621339,0.00035769214200000003,0.000178315878,0.000144851008,0.002563255115,0.001076029544,0.001269715318,0.010612485613000001,0.243835954534,0.000564621339,0.00035769214200000003,0.000178315878,0.000144851008,0.002563255115,0.0,0.0,0.0,0.0,0.0,0.0,0.0,0.0,0.0,0.0,0.0,0.0,0.0,0.0,0.0,0.0,0.0,0.0,0.996403,136683.75646759776,0.946566,0.9938943,1.0412226,1.0885509,1.1358792,1.1832075,1.2305358000000002,1.2778641,1.3251924000000002,1.3725207,1.4198490000000001,1.4671773,1.5145056000000001,1.5618339,1.6091622,1.6564905,1.7038188,1.7511471,1.7984754,1.8458037,1.893132
SF11C46888812282050980,5,,2019-05-18T05:00:00-0600,0.005701,0.005701,0.002543,0.001174,0.001076029544,0.001269715318,0.010612485613000001,0.243835954534,0.000564621339,0.00035769214200000003,0.000178315878,0.000144851008,0.002563255115,0.001076029544,0.001269715318,0.010612485613000001,0.243835954534,0.000564621339,0.00035769214200000003,0.000178315878,0.000144851008,0.002563255115,0.0,0.0,0.0,0.0,0.0,0.0,0.0,0.0,0.0,0.0,0.0,0.0,0.0,0.0,0.0,0.0,0.0,0.0,0.997002,136683.75646759776,0.946566,0.9938943,1.0412226,1.0885509,1.1358792,1.1832075,1.2305358000000002,1.2778641,1.3251924000000002,1.3725207,1.4198490000000001,1.4671773,1.5145056000000001,1.5618339,1.6091622,1.6564905,1.7038188,1.7511471,1.7984754,1.8458037,1.893132
SF11C46888812282050980,6,,2019-05-18T06:00:00-0600,0.005701,0.005701,0.002418,0.00126,0.001076029544,0.001269715318,0.010612485613000001,0.243835954534,0.000564621339,0.00035769214200000003,0.000178315878,0.000144851008,0.002563255115,0.001076029544,0.001269715318,0.010612485613000001,0.243835954534,0.000564621339,0.00035769214200000003,0.000178315878,0.000144851008,0.002563255115,0.0,0.0,0.0,0.0,0.0,0.0,0.0,0.0,0.0,0.0,0.0,0.0,0.0,0.0,0.0,0.0,0.0,0.0,0.99743,136683.75646759776,0.946566,0.9938943,1.0412226,1.0885509,1.1358792,1.1832075,1.2305358000000002,1.2778641,1.3251924000000002,1.3725207,1.4198490000000001,1.4671773,1.5145056000000001,1.5618339,1.6091622,1.6564905,1.7038188,1.7511471,1.7984754,1.8458037,1.893132
SF11C46888812282050980,7,,2019-05-18T07:00:00-0600,0.005701,0.005701,0.002337,0.001334,0.001076029544,0.001269715318,0.010612485613000001,0.243835954534,0.000564621339,0.00035769214200000003,0.000178315878,0.000144851008,0.002563255115,0.001076029544,0.001269715318,0.010612485613000001,0.243835954534,0.000564621339,0.00035769214200000003,0.000178315878,0.000144851008,0.002563255115,0.0,0.0,0.0,0.0,0.0,0.0,0.0,0.0,0.0,0.0,0.0,0.0,0.0,0.0,0.0,0.0,0.0,0.0,0.997752,136683.75646759776,0.946566,0.9938943,1.0412226,1.0885509,1.1358792,1.1832075,1.2305358000000002,1.2778641,1.3251924000000002,1.3725207,1.4198490000000001,1.4671773,1.5145056000000001,1.5618339,1.6091622,1.6564905,1.7038188,1.7511471,1.7984754,1.8458037,1.893132
SF11C46888812282050980,8,,2019-05-18T08:00:00-0600,0.005701,0.005701,0.002186,0.001393,0.001076029544,0.001269715318,0.010612485613000001,0.243835954534,0.000564621339,0.00035769214200000003,0.000178315878,0.000144851008,0.002563255115,0.001076029544,0.001269715318,0.010612485613000001,0.243835954534,0.000564621339,0.00035769214200000003,0.000178315878,0.000144851008,0.002563255115,0.0,0.0,0.0,0.0,0.0,0.0,0.0,0.0,0.0,0.0,0.0,0.0,0.0,0.0,0.0,0.0,0.0,0.0,0.998001,136683.75646759776,0.946566,0.9938943,1.0412226,1.0885509,1.1358792,1.1832075,1.2305358000000002,1.2778641,1.3251924000000002,1.3725207,1.4198490000000001,1.4671773,1.5145056000000001,1.5618339,1.6091622,1.6564905,1.7038188,1.7511471,1.7984754,1.8458037,1.893132
SF11C46888812282050980,9,,2019-05-18T09:00:00-0600,0.005701,0.005701,0.002869,0.001495,0.001076029544,0.001269715318,0.010612485613000001,0.243835954534,0.000564621339,0.00035769214200000003,0.000178315878,0.000144851008,0.002563255115,0.001076029544,0.001269715318,0.010612485613000001,0.243835954534,0.000564621339,0.00035769214200000003,0.000178315878,0.000144851008,0.002563255115,0.0,0.0,0.0,0.0,0.0,0.0,0.0,0.0,0.0,0.0,0.0,0.0,0.0,0.0,0.0,0.0,0.0,0.0,0.998201,136683.75646759776,0.946566,0.9938943,1.0412226,1.0885509,1.1358792,1.1832075,1.2305358000000002,1.2778641,1.3251924000000002,1.3725207,1.4198490000000001,1.4671773,1.5145056000000001,1.5618339,1.6091622,1.6564905,1.7038188,1.7511471,1.7984754,1.8458037,1.893132
SF11C46888812282050980,10,,2019-05-18T10:00:00-0600,0.020004,0.020004,0.012408,0.00225,0.003775634976,0.004455250872,0.037237706052000004,0.855585762936,0.001981176156,0.0012550909680000002,0.000625685112,0.0005082616320000001,0.00899409846,0.003775634976,0.004455250872,0.037237706052000004,0.855585762936,0.001981176156,0.0012550909680000002,0.000625685112,0.0005082616320000001,0.00899409846,0.0,0.0,0.0,0.0,0.0,0.0,0.0,0.0,0.0,0.0,0.0,0.0,0.0,0.0,0.0,0.0,0.0,0.0,0.989467,479603.90534604905,3.320382,3.4864011,3.6524202,3.8184393,3.9844584,4.1504775,4.3164966,4.4825157,4.6485348,4.8145539,4.980573,5.1465920999999994,5.3126112,5.4786303,5.6446494000000005,5.8106685,5.9766876,6.1427067,6.3087257999999995,6.4747449,6.640764
SF11C46888812282050980,11,,2019-05-18T11:00:00-0600,0.040008,0.040008,0.029264,0.004118,0.007551269952,0.008910501744,0.07447541210400001,1.711171525872,0.003962352312,0.0025101819360000004,0.001251370224,0.0010165232640000001,0.01798819692,0.007551269952,0.008910501744,0.07447541210400001,1.711171525872,0.003962352312,0.0025101819360000004,0.001251370224,0.0010165232640000001,0.01798819692,0.0,0.0,0.0,0.0,0.0,0.0,0.0,0.0,0.0,0.0,0.0,0.0,0.0,0.0,0.0,0.0,0.0,0.0,0.967634,959207.8106920981,6.638007,6.6926008,6.7471946,6.8017884,6.8563822,6.910976,6.9655698,7.0201636,7.0747574,7.1293512,7.183945,7.2385388,7.2931326,7.3477264,7.4023202,7.456914,7.5115078,7.5661016,7.6206954,7.6752892,7.729883
SF11C46888812282050980,12,,2019-05-18T12:00:00-0600,0.070014,0.070013,0.058394,0.007871,0.013214533672000001,0.015593155334,0.13033010966900002,2.994507399542,0.006934017507000001,0.004392755646000001,0.002189866614,0.001778890304,0.031478894995,0.013214533672000001,0.015593155334,0.13033010966900002,2.994507399542,0.006934017507000001,0.004392755646000001,0.002189866614,0.001778890304,0.031478894995,0.0,0.0,0.0,0.0,0.0,0.0,0.0,0.0,0.0,0.0,0.0,0.0,0.0,0.0,0.0,0.0,0.0,0.0,0.93503,1678613.6687111717,11.609282,11.850180850000001,12.0910797,12.33197855,12.5728774,12.81377625,13.0546751,13.29557395,13.5364728,13.77737165,14.0182705,14.25916935,14.5000682,14.74096705,14.981865899999999,15.22276475,15.4636636,15.70456245,15.945461299999998,16.18636015,16.427259
SF11C46888812282050980,13,,2019-05-18T13:00:00-0600,0.10002,0.100019,0.092571,0.013728,0.018877986136,0.022276031642,0.186186668747,4.277886043945999,0.009905781741,0.006275392098000001,0.003128394282,0.0025412827519999998,0.044970042684999996,0.018877986136,0.022276031642,0.186186668747,4.277886043945999,0.009905781741,0.006275392098000001,0.003128394282,0.0025412827519999998,0.044970042684999996,0.0,0.0,0.0,0.0,0.0,0.0,0.0,0.0,0.0,0.0,0.0,0.0,0.0,0.0,0.0,0.0,0.0,0.0,0.906539,2398019.526730245,16.574369,17.011049500000002,17.44773,17.8844105,18.321091,18.7577715,19.194452,19.6311325,20.067813,20.5044935,20.941174,21.377854499999998,21.814535,22.2512155,22.687896,23.1245765,23.561256999999998,23.9979375,24.434618,24.8712985,25.307979
SF11C46888812282050980,14,,2019-05-18T14:00:00-0600,0.130026,0.130025,0.130503,0.021803,0.0245414386,0.02895890795,0.242043227825,5.56126468835,0.012877545975,0.008158028550000002,0.00406692195,0.0033036752,0.058461190375,0.0245414386,0.02895890795,0.242043227825,5.56126468835,0.012877545975,0.008158028550000002,0.00406692195,0.0033036752,0.058461190375,0.0,0.0,0.0,0.0,0.0,0.0,0.0,0.0,0.0,0.0,0.0,0.0,0.0,0.0,0.0,0.0,0.0,0.0,0.886865,3117425.3847493185,21.533274,22.1176291,22.7019842,23.286339299999998,23.870694399999998,24.4550495,25.039404599999997,25.6237597,26.2081148,26.7924699,27.376825,27.9611801,28.5455352,29.1298903,29.714245400000003,30.2986005,30.882955600000003,31.4673107,32.0516658,32.636020900000005,33.220376
SF11C46888812282050980,15,,2019-05-18T15:00:00-0600,0.160032,0.160031,0.170679,0.032097,0.030204891064,0.035641784258,0.297899786903,6.844643332754,0.015849310209,0.010040665002000002,0.0050054496180000005,0.0040660676480000005,0.071952338065,0.030204891064,0.035641784258,0.297899786903,6.844643332754,0.015849310209,0.010040665002000002,0.0050054496180000005,0.0040660676480000005,0.071952338065,0.0,0.0,0.0,0.0,0.0,0.0,0.0,0.0,0.0,0.0,0.0,0.0,0.0,0.0,0.0,0.0,0.0,0.0,0.873116,3836831.2427683924,26.486007,27.17712345,27.8682399,28.55935635,29.2504728,29.94158925,30.6327057,31.323822149999998,32.0149386,32.706055049999996,33.3971715,34.088287949999994,34.7794044,35.47052085,36.161637299999995,36.85275375,37.5438702,38.234986649999996,38.9261031,39.617219549999994,40.308336
SF11C46888812282050980,16,,2019-05-18T16:00:00-0600,0.170034,0.170034,0.189175,0.042959,0.032092897296,0.037869632412,0.316520501442,7.272478984955999,0.016839997326,0.010668273228,0.005318323452,0.004320223872,0.07644983691,0.032092897296,0.037869632412,0.316520501442,7.272478984955999,0.016839997326,0.010668273228,0.005318323452,0.004320223872,0.07644983691,0.0,0.0,0.0,0.0,0.0,0.0,0.0,0.0,0.0,0.0,0.0,0.0,0.0,0.0,0.0,0.0,0.0,0.0,0.881504,4076633.1954414165,28.135547,28.734828999999998,29.334111,29.933393,30.532674999999998,31.131957,31.731239,32.330521,32.929803,33.529084999999995,34.128367,34.727649,35.326931,35.926213,36.525495,37.124776999999995,37.724059,38.323341,38.922623,39.521905,40.121187
SF11C46888812282050980,17,,2019-05-18T17:00:00-0600,0.120024,0.120025,0.136906,0.049455,0.0226539986,0.026731727950000003,0.223428097825,5.13355734835,0.011887155975,0.0075306085500000015,0.0037541419500000004,0.0030495952,0.053965040375,0.0226539986,0.026731727950000003,0.223428097825,5.13355734835,0.011887155975,0.0075306085500000015,0.0037541419500000004,0.0030495952,0.053965040375,0.0,0.0,0.0,0.0,0.0,0.0,0.0,0.0,0.0,0.0,0.0,0.0,0.0,0.0,0.0,0.0,0.0,0.0,0.936668,2877623.432076294,19.880992,20.0046701,20.128348199999998,20.2520263,20.3757044,20.4993825,20.6230606,20.746738699999998,20.8704168,20.9940949,21.117773,21.2414511,21.3651292,21.4888073,21.6124854,21.7361635,21.8598416,21.9835197,22.1071978,22.2308759,22.354554
SF11C46888812282050980,18,,2019-05-18T18:00:00-0600,0.070014,0.070015,0.080523,0.051603,0.013214911159999999,0.015593600769999999,0.13033383269499998,2.9945929410099996,0.0069342155849999995,0.00439288113,0.00218992917,0.0017789411199999998,0.031479794224999996,0.013214911159999999,0.015593600769999999,0.13033383269499998,2.9945929410099996,0.0069342155849999995,0.00439288113,0.00218992917,0.0017789411199999998,0.031479794224999996,0.0,0.0,0.0,0.0,0.0,0.0,0.0,0.0,0.0,0.0,0.0,0.0,0.0,0.0,0.0,0.0,0.0,0.0,0.977604,1678613.6687111717,11.609282,12.1897461,12.770210200000001,13.350674300000001,13.9311384,14.5116025,15.0920666,15.6725307,16.2529948,16.8334589,17.413923,17.9943871,18.5748512,19.1553153,19.7357794,20.3162435,20.8967076,21.4771717,22.0576358,22.6380999,23.218564
SF11C46888812282050980,19,,2019-05-18T19:00:00-0600,0.040008,0.040009,0.045635,0.051191,0.007551458696,0.008910724462,0.074477273617,1.711214296606,0.003962451351,0.0025102446780000003,0.001251401502,0.001016548672,0.017988646535,0.007551458696,0.008910724462,0.074477273617,1.711214296606,0.003962451351,0.0025102446780000003,0.001251401502,0.001016548672,0.017988646535,0.0,0.0,0.0,0.0,0.0,0.0,0.0,0.0,0.0,0.0,0.0,0.0,0.0,0.0,0.0,0.0,0.0,0.0,0.992894,959207.8106920981,6.638007,6.96990735,7.3018077,7.63370805,7.9656084,8.29750875,8.6294091,8.96130945,9.2932098,9.625110150000001,9.957010499999999,10.28891085,10.6208112,10.95271155,11.2846119,11.61651225,11.948412600000001,12.280312949999999,12.6122133,12.94411365,13.276014
SF11C46888812282050980,20,,2019-05-18T20:00:00-0600,0.005701,0.005702,0.006343,0.048089,0.0010762182879999998,0.0012699380359999998,0.010614347125999998,0.24387872526799997,0.000564720378,0.000357754884,0.00017834715599999998,0.000144876416,0.0025637047299999997,0.0010762182879999998,0.0012699380359999998,0.010614347125999998,0.24387872526799997,0.000564720378,0.000357754884,0.00017834715599999998,0.000144876416,0.0025637047299999997,0.0,0.0,0.0,0.0,0.0,0.0,0.0,0.0,0.0,0.0,0.0,0.0,0.0,0.0,0.0,0.0,0.0,0.0,0.999582,136683.75646759776,0.946566,0.9938943,1.0412226,1.0885509,1.1358792,1.1832075,1.2305358000000002,1.2778641,1.3251924000000002,1.3725207,1.4198490000000001,1.4671773,1.5145056000000001,1.5618339,1.6091622,1.6564905,1.7038188,1.7511471,1.7984754,1.8458037,1.893132
SF11C46888812282050980,21,,2019-05-18T21:00:00-0600,0.005701,0.005701,0.00608,0.045185,0.001076029544,0.001269715318,0.010612485613000001,0.243835954534,0.000564621339,0.00035769214200000003,0.000178315878,0.000144851008,0.002563255115,0.001076029544,0.001269715318,0.010612485613000001,0.243835954534,0.000564621339,0.00035769214200000003,0.000178315878,0.000144851008,0.002563255115,0.0,0.0,0.0,0.0,0.0,0.0,0.0,0.0,0.0,0.0,0.0,0.0,0.0,0.0,0.0,0.0,0.0,0.0,0.999896,136683.75646759776,0.946566,0.9938943,1.0412226,1.0885509,1.1358792,1.1832075,1.2305358000000002,1.2778641,1.3251924000000002,1.3725207,1.4198490000000001,1.4671773,1.5145056000000001,1.5618339,1.6091622,1.6564905,1.7038188,1.7511471,1.7984754,1.8458037,1.893132
SF11C46888812282050980,22,,2019-05-18T22:00:00-0600,0.005701,0.005701,0.005722,0.042456,0.001076029544,0.001269715318,0.010612485613000001,0.243835954534,0.000564621339,0.00035769214200000003,0.000178315878,0.000144851008,0.002563255115,0.001076029544,0.001269715318,0.010612485613000001,0.243835954534,0.000564621339,0.00035769214200000003,0.000178315878,0.000144851008,0.002563255115,0.0,0.0,0.0,0.0,0.0,0.0,0.0,0.0,0.0,0.0,0.0,0.0,0.0,0.0,0.0,0.0,0.0,0.0,0.999897,136683.75646759776,0.946566,0.9938943,1.0412226,1.0885509,1.1358792,1.1832075,1.2305358000000002,1.2778641,1.3251924000000002,1.3725207,1.4198490000000001,1.4671773,1.5145056000000001,1.5618339,1.6091622,1.6564905,1.7038188,1.7511471,1.7984754,1.8458037,1.893132
SF11C46888812282050980,23,,2019-05-18T23:00:00-0600,0.005701,0.005701,0.005277,0.039885,0.001076029544,0.001269715318,0.010612485613000001,0.243835954534,0.000564621339,0.00035769214200000003,0.000178315878,0.000144851008,0.002563255115,0.001076029544,0.001269715318,0.010612485613000001,0.243835954534,0.000564621339,0.00035769214200000003,0.000178315878,0.000144851008,0.002563255115,0.0,0.0,0.0,0.0,0.0,0.0,0.0,0.0,0.0,0.0,0.0,0.0,0.0,0.0,0.0,0.0,0.0,0.0,0.999897,136683.75646759776,0.946566,0.9938943,1.0412226,1.0885509,1.1358792,1.1832075,1.2305358000000002,1.2778641,1.3251924000000002,1.3725207,1.4198490000000001,1.4671773,1.5145056000000001,1.5618339,1.6091622,1.6564905,1.7038188,1.7511471,1.7984754,1.8458037,1.893132
SF11C46888912282050980,0,,2019-05-18T00:00:00-0600,0.005701,0.005701,0.004755,0.000329,0.000538014772,0.000634857659,0.005306245657,0.121917977267,0.000282307819,0.00017884607100000002,8.9157939e-05,7.2425504e-05,0.001281630408,0.000538014772,0.000634857659,0.005306245657,0.121917977267,0.000282307819,0.00017884607100000002,8.9157939e-05,7.2425504e-05,0.001281630408,0.0,0.0,0.0,0.0,0.0,0.0,0.0,0.0,0.0,0.0,0.0,0.0,0.0,0.0,0.0,0.0,0.0,0.0,0.995503,34170.93913336251,0.473311,0.49697654999999996,0.5206421,0.5443076499999999,0.5679732,0.59163875,0.6153043,0.63896985,0.6626354,0.68630095,0.7099665,0.73363205,0.7572976,0.78096315,0.8046287,0.82829425,0.8519597999999999,0.87562535,0.8992909,0.92295645,0.9466220000000001
SF11C46888912282050980,1,,2019-05-18T01:00:00-0600,0.005701,0.005701,0.00417,0.000594,0.000538014772,0.000634857659,0.005306245657,0.121917977267,0.000282307819,0.00017884607100000002,8.9157939e-05,7.2425504e-05,0.001281630408,0.000538014772,0.000634857659,0.005306245657,0.121917977267,0.000282307819,0.00017884607100000002,8.9157939e-05,7.2425504e-05,0.001281630408,0.0,0.0,0.0,0.0,0.0,0.0,0.0,0.0,0.0,0.0,0.0,0.0,0.0,0.0,0.0,0.0,0.0,0.0,0.995503,34170.93913336251,0.473311,0.47388305,0.47445509999999996,0.47502715,0.4755992,0.47617125,0.4767433,0.47731534999999997,0.4778874,0.47845945,0.4790315,0.47960355,0.4801756,0.48074765,0.4813197,0.48189175,0.4824638,0.48303585,0.48360790000000003,0.48417995,0.484752
SF11C46888912282050980,2,,2019-05-18T02:00:00-0600,0.005701,0.005701,0.003478,0.000794,0.000538014772,0.000634857659,0.005306245657,0.121917977267,0.000282307819,0.00017884607100000002,8.9157939e-05,7.2425504e-05,0.001281630408,0.000538014772,0.000634857659,0.005306245657,0.121917977267,0.000282307819,0.00017884607100000002,8.9157939e-05,7.2425504e-05,0.001281630408,0.0,0.0,0.0,0.0,0.0,0.0,0.0,0.0,0.0,0.0,0.0,0.0,0.0,0.0,0.0,0.0,0.0,0.0,0.997002,34170.93913336251,0.473311,0.49697654999999996,0.5206421,0.5443076499999999,0.5679732,0.59163875,0.6153043,0.63896985,0.6626354,0.68630095,0.7099665,0.73363205,0.7572976,0.78096315,0.8046287,0.82829425,0.8519597999999999,0.87562535,0.8992909,0.92295645,0.9466220000000001
SF11C46888912282050980,3,,2019-05-18T03:00:00-0600,0.005701,0.005701,0.003028,0.000948,0.000538014772,0.000634857659,0.005306245657,0.121917977267,0.000282307819,0.00017884607100000002,8.9157939e-05,7.2425504e-05,0.001281630408,0.000538014772,0.000634857659,0.005306245657,0.121917977267,0.000282307819,0.00017884607100000002,8.9157939e-05,7.2425504e-05,0.001281630408,0.0,0.0,0.0,0.0,0.0,0.0,0.0,0.0,0.0,0.0,0.0,0.0,0.0,0.0,0.0,0.0,0.0,0.0,0.997752,34170.93913336251,0.473311,0.49697654999999996,0.5206421,0.5443076499999999,0.5679732,0.59163875,0.6153043,0.63896985,0.6626354,0.68630095,0.7099665,0.73363205,0.7572976,0.78096315,0.8046287,0.82829425,0.8519597999999999,0.87562535,0.8992909,0.92295645,0.9466220000000001
SF11C46888912282050980,4,,2019-05-18T04:00:00-0600,0.005701,0.005701,0.002734,0.001072,0.000538014772,0.000634857659,0.005306245657,0.121917977267,0.000282307819,0.00017884607100000002,8.9157939e-05,7.2425504e-05,0.001281630408,0.000538014772,0.000634857659,0.005306245657,0.121917977267,0.000282307819,0.00017884607100000002,8.9157939e-05,7.2425504e-05,0.001281630408,0.0,0.0,0.0,0.0,0.0,0.0,0.0,0.0,0.0,0.0,0.0,0.0,0.0,0.0,0.0,0.0,0.0,0.0,0.998201,34170.93913336251,0.473311,0.49697654999999996,0.5206421,0.5443076499999999,0.5679732,0.59163875,0.6153043,0.63896985,0.6626354,0.68630095,0.7099665,0.73363205,0.7572976,0.78096315,0.8046287,0.82829425,0.8519597999999999,0.87562535,0.8992909,0.92295645,0.9466220000000001
SF11C46888912282050980,5,,2019-05-18T05:00:00-0600,0.005701,0.005701,0.002543,0.001174,0.000538014772,0.000634857659,0.005306245657,0.121917977267,0.000282307819,0.00017884607100000002,8.9157939e-05,7.2425504e-05,0.001281630408,0.000538014772,0.000634857659,0.005306245657,0.121917977267,0.000282307819,0.00017884607100000002,8.9157939e-05,7.2425504e-05,0.001281630408,0.0,0.0,0.0,0.0,0.0,0.0,0.0,0.0,0.0,0.0,0.0,0.0,0.0,0.0,0.0,0.0,0.0,0.0,0.998501,34170.93913336251,0.473311,0.49697654999999996,0.5206421,0.5443076499999999,0.5679732,0.59163875,0.6153043,0.63896985,0.6626354,0.68630095,0.7099665,0.73363205,0.7572976,0.78096315,0.8046287,0.82829425,0.8519597999999999,0.87562535,0.8992909,0.92295645,0.9466220000000001
SF11C46888912282050980,6,,2019-05-18T06:00:00-0600,0.005701,0.005701,0.002418,0.00126,0.000538014772,0.000634857659,0.005306245657,0.121917977267,0.000282307819,0.00017884607100000002,8.9157939e-05,7.2425504e-05,0.001281630408,0.000538014772,0.000634857659,0.005306245657,0.121917977267,0.000282307819,0.00017884607100000002,8.9157939e-05,7.2425504e-05,0.001281630408,0.0,0.0,0.0,0.0,0.0,0.0,0.0,0.0,0.0,0.0,0.0,0.0,0.0,0.0,0.0,0.0,0.0,0.0,0.998715,34170.93913336251,0.473311,0.49697654999999996,0.5206421,0.5443076499999999,0.5679732,0.59163875,0.6153043,0.63896985,0.6626354,0.68630095,0.7099665,0.73363205,0.7572976,0.78096315,0.8046287,0.82829425,0.8519597999999999,0.87562535,0.8992909,0.92295645,0.9466220000000001
SF11C46888912282050980,7,,2019-05-18T07:00:00-0600,0.005701,0.005701,0.002337,0.001334,0.000538014772,0.000634857659,0.005306245657,0.121917977267,0.000282307819,0.00017884607100000002,8.9157939e-05,7.2425504e-05,0.001281630408,0.000538014772,0.000634857659,0.005306245657,0.121917977267,0.000282307819,0.00017884607100000002,8.9157939e-05,7.2425504e-05,0.001281630408,0.0,0.0,0.0,0.0,0.0,0.0,0.0,0.0,0.0,0.0,0.0,0.0,0.0,0.0,0.0,0.0,0.0,0.0,0.998876,34170.93913336251,0.473311,0.49697654999999996,0.5206421,0.5443076499999999,0.5679732,0.59163875,0.6153043,0.63896985,0.6626354,0.68630095,0.7099665,0.73363205,0.7572976,0.78096315,0.8046287,0.82829425,0.8519597999999999,0.87562535,0.8992909,0.92295645,0.9466220000000001
SF11C46888912282050980,8,,2019-05-18T08:00:00-0600,0.005701,0.005701,0.002186,0.001393,0.000538014772,0.000634857659,0.005306245657,0.121917977267,0.000282307819,0.00017884607100000002,8.9157939e-05,7.2425504e-05,0.001281630408,0.000538014772,0.000634857659,0.005306245657,0.121917977267,0.000282307819,0.00017884607100000002,8.9157939e-05,7.2425504e-05,0.001281630408,0.0,0.0,0.0,0.0,0.0,0.0,0.0,0.0,0.0,0.0,0.0,0.0,0.0,0.0,0.0,0.0,0.0,0.0,0.999001,34170.93913336251,0.473311,0.49697654999999996,0.5206421,0.5443076499999999,0.5679732,0.59163875,0.6153043,0.63896985,0.6626354,0.68630095,0.7099665,0.73363205,0.7572976,0.78096315,0.8046287,0.82829425,0.8519597999999999,0.87562535,0.8992909,0.92295645,0.9466220000000001
SF11C46888912282050980,9,,2019-05-18T09:00:00-0600,0.005701,0.005701,0.002869,0.001495,0.000538014772,0.000634857659,0.005306245657,0.121917977267,0.000282307819,0.00017884607100000002,8.9157939e-05,7.2425504e-05,0.001281630408,0.000538014772,0.000634857659,0.005306245657,0.121917977267,0.000282307819,0.00017884607100000002,8.9157939e-05,7.2425504e-05,0.001281630408,0.0,0.0,0.0,0.0,0.0,0.0,0.0,0.0,0.0,0.0,0.0,0.0,0.0,0.0,0.0,0.0,0.0,0.0,0.999101,34170.93913336251,0.473311,0.49697654999999996,0.5206421,0.5443076499999999,0.5679732,0.59163875,0.6153043,0.63896985,0.6626354,0.68630095,0.7099665,0.73363205,0.7572976,0.78096315,0.8046287,0.82829425,0.8519597999999999,0.87562535,0.8992909,0.92295645,0.9466220000000001
SF11C46888912282050980,10,,2019-05-18T10:00:00-0600,0.020004,0.020004,0.012408,0.00225,0.001887817488,0.002227625436,0.018618863028,0.427792881468,0.0009905780760000001,0.0006275454840000001,0.000312842556,0.00025413081600000003,0.004497059232,0.001887817488,0.002227625436,0.018618863028,0.427792881468,0.0009905780760000001,0.0006275454840000001,0.000312842556,0.00025413081600000003,0.004497059232,0.0,0.0,0.0,0.0,0.0,0.0,0.0,0.0,0.0,0.0,0.0,0.0,0.0,0.0,0.0,0.0,0.0,0.0,0.994734,119900.97639427883,1.660536,1.7435628,1.8265896,1.9096164,1.9926432,2.07567,2.1586968,2.2417236000000003,2.3247504,2.4077772,2.490804,2.5738308,2.6568576,2.7398844,2.8229112,2.905938,2.9889647999999998,3.0719916,3.1550184,3.2380452,3.321072
SF11C46888912282050980,11,,2019-05-18T11:00:00-0600,0.040008,0.040008,0.029264,0.004118,0.003775634976,0.004455250872,0.037237726056,0.855585762936,0.0019811561520000002,0.0012550909680000002,0.000625685112,0.0005082616320000001,0.008994118464,0.003775634976,0.004455250872,0.037237726056,0.855585762936,0.0019811561520000002,0.0012550909680000002,0.000625685112,0.0005082616320000001,0.008994118464,0.0,0.0,0.0,0.0,0.0,0.0,0.0,0.0,0.0,0.0,0.0,0.0,0.0,0.0,0.0,0.0,0.0,0.0,0.983817,239801.95278855765,3.320382,3.32259425,3.3248064999999998,3.32701875,3.329231,3.33144325,3.3336555,3.33586775,3.33808,3.34029225,3.3425045,3.34471675,3.346929,3.34914125,3.3513535,3.35356575,3.355778,3.35799025,3.3602025,3.36241475,3.364627
SF11C46888912282050980,12,,2019-05-18T12:00:00-0600,0.070014,0.070013,0.058394,0.007871,0.006607266836000001,0.007796577667,0.065165089841,1.497253699771,0.0034669737470000004,0.0021963778230000004,0.001094933307,0.000889445152,0.015739482504,0.006607266836000001,0.007796577667,0.065165089841,1.497253699771,0.0034669737470000004,0.0021963778230000004,0.001094933307,0.000889445152,0.015739482504,0.0,0.0,0.0,0.0,0.0,0.0,0.0,0.0,0.0,0.0,0.0,0.0,0.0,0.0,0.0,0.0,0.0,0.0,0.967515,419653.4173799759,5.808859,5.87593505,5.9430111,6.01008715,6.0771632,6.14423925,6.2113153,6.27839135,6.3454674,6.41254345,6.4796195,6.54669555,6.6137716,6.6808476500000005,6.7479237,6.81499975,6.8820758,6.94915185,7.0162279000000005,7.08330395,7.15038
SF11C46888912282050980,13,,2019-05-18T13:00:00-0600,0.10002,0.100019,0.092571,0.013728,0.009438993068,0.011138015821,0.093093384383,2.1389430219729997,0.004952840861,0.0031376960490000004,0.001564197141,0.0012706413759999999,0.022485071352,0.009438993068,0.011138015821,0.093093384383,2.1389430219729997,0.004952840861,0.0031376960490000004,0.001564197141,0.0012706413759999999,0.022485071352,0.0,0.0,0.0,0.0,0.0,0.0,0.0,0.0,0.0,0.0,0.0,0.0,0.0,0.0,0.0,0.0,0.0,0.0,0.953269,599504.8819713941,8.295787,8.431794550000001,8.567802100000002,8.70380965,8.8398172,8.975824750000001,9.1118323,9.24783985,9.3838474,9.519854950000001,9.655862500000001,9.79187005,9.9278776,10.06388515,10.1998927,10.33590025,10.4719078,10.60791535,10.743922900000001,10.87993045,11.015938
SF11C46888912282050980,14,,2019-05-18T14:00:00-0600,0.130026,0.130025,0.130502,0.021803,0.0122707193,0.014479453975,0.121021678925,2.780632344175,0.006438707975,0.004079014275000001,0.002033460975,0.0016518376,0.0292306602,0.0122707193,0.014479453975,0.121021678925,2.780632344175,0.006438707975,0.004079014275000001,0.002033460975,0.0016518376,0.0292306602,0.0,0.0,0.0,0.0,0.0,0.0,0.0,0.0,0.0,0.0,0.0,0.0,0.0,0.0,0.0,0.0,0.0,0.0,0.943432,779356.3465628123,10.781166,10.9651081,11.149050200000001,11.3329923,11.5169344,11.7008765,11.884818600000001,12.0687607,12.2527028,12.436644900000001,12.620587,12.8045291,12.9884712,13.1724133,13.3563554,13.540297500000001,13.7242396,13.9081817,14.0921238,14.2760659,14.460008
SF11C46888912282050980,15,,2019-05-18T15:00:00-0600,0.160032,0.160031,0.170679,0.032097,0.015102445532,0.017820892129,0.148949973467,3.422321666377,0.007924575089,0.005020332501000001,0.0025027248090000002,0.0020330338240000002,0.035976249048,0.015102445532,0.017820892129,0.148949973467,3.422321666377,0.007924575089,0.005020332501000001,0.0025027248090000002,0.0020330338240000002,0.035976249048,0.0,0.0,0.0,0.0,0.0,0.0,0.0,0.0,0.0,0.0,0.0,0.0,0.0,0.0,0.0,0.0,0.0,0.0,0.936558,959207.8111542306,13.264998,13.4790092,13.6930204,13.9070316,14.1210428,14.335054,14.5490652,14.7630764,14.977087599999999,15.191098799999999,15.40511,15.619121199999999,15.8331324,16.0471436,16.2611548,16.475165999999998,16.6891772,16.903188399999998,17.1171996,17.3312108,17.545222
SF11C46888912282050980,16,,2019-05-18T16:00:00-0600,0.170034,0.170034,0.189175,0.042959,0.016046448648,0.018934816206,0.15826033573799997,3.6362394924779995,0.008419913646,0.005334136614,0.002659161726,0.002160111936,0.038225003472,0.016046448648,0.018934816206,0.15826033573799997,3.6362394924779995,0.008419913646,0.005334136614,0.002659161726,0.002160111936,0.038225003472,0.0,0.0,0.0,0.0,0.0,0.0,0.0,0.0,0.0,0.0,0.0,0.0,0.0,0.0,0.0,0.0,0.0,0.0,0.940752,1019158.29935137,14.092599,14.2611571,14.4297152,14.5982733,14.766831400000001,14.9353895,15.103947600000001,15.2725057,15.4410638,15.6096219,15.77818,15.946738100000001,16.115296200000003,16.2838543,16.4524124,16.620970500000002,16.7895286,16.958086700000003,17.1266448,17.295202900000003,17.463761
SF11C46888912282050980,17,,2019-05-18T17:00:00-0600,0.120024,0.120025,0.136906,0.049455,0.0113269993,0.013365863975000001,0.111714108925,2.566778674175,0.005943517975000001,0.0037653042750000008,0.0018770709750000002,0.0015247976,0.026982580200000002,0.0113269993,0.013365863975000001,0.111714108925,2.566778674175,0.005943517975000001,0.0037653042750000008,0.0018770709750000002,0.0015247976,0.026982580200000002,0.0,0.0,0.0,0.0,0.0,0.0,0.0,0.0,0.0,0.0,0.0,0.0,0.0,0.0,0.0,0.0,0.0,0.0,0.968334,719405.858365673,9.952879,10.45052295,10.948166899999999,11.445810849999999,11.9434548,12.441098749999998,12.938742699999999,13.43638665,13.9340306,14.431674549999999,14.929318499999999,15.426962449999998,15.924606399999998,16.42225035,16.9198943,17.41753825,17.915182199999997,18.41282615,18.910470099999998,19.40811405,19.905758
SF11C46888912282050980,18,,2019-05-18T18:00:00-0600,0.070014,0.070015,0.080523,0.051603,0.006607455579999999,0.007796800384999999,0.06516695135499999,1.4972964705049998,0.0034670727849999998,0.002196440565,0.001094964585,0.0008894705599999999,0.015739932119999998,0.006607455579999999,0.007796800384999999,0.06516695135499999,1.4972964705049998,0.0034670727849999998,0.002196440565,0.001094964585,0.0008894705599999999,0.015739932119999998,0.0,0.0,0.0,0.0,0.0,0.0,0.0,0.0,0.0,0.0,0.0,0.0,0.0,0.0,0.0,0.0,0.0,0.0,0.988802,419653.4173799759,5.808859,6.09930195,6.3897449,6.68018785,6.9706308,7.2610737499999995,7.5515167,7.84195965,8.132402599999999,8.42284555,8.7132885,9.00373145,9.2941744,9.58461735,9.8750603,10.16550325,10.4559462,10.746389149999999,11.0368321,11.32727505,11.617718
SF11C46888912282050980,19,,2019-05-18T19:00:00-0600,0.040008,0.040009,0.045635,0.051191,0.003775729348,0.004455362231,0.037238656813,0.855607148303,0.001981205671,0.0012551223390000002,0.000625700751,0.000508274336,0.008994343272,0.003775729348,0.004455362231,0.037238656813,0.855607148303,0.001981205671,0.0012551223390000002,0.000625700751,0.000508274336,0.008994343272,0.0,0.0,0.0,0.0,0.0,0.0,0.0,0.0,0.0,0.0,0.0,0.0,0.0,0.0,0.0,0.0,0.0,0.0,0.996447,239801.95278855765,3.320382,3.4864011,3.6524202,3.8184393,3.9844584,4.1504775,4.3164966,4.4825157,4.6485348,4.8145539,4.980573,5.1465920999999994,5.3126112,5.4786303,5.6446494000000005,5.8106685,5.9766876,6.1427067,6.3087257999999995,6.4747449,6.640764
SF11C46888912282050980,20,,2019-05-18T20:00:00-0600,0.005701,0.005702,0.006343,0.048089,0.0005381091439999999,0.0006349690179999999,0.0053071764139999995,0.12193936263399999,0.00028235733799999996,0.000178877442,8.917357799999999e-05,7.2438208e-05,0.001281855216,0.0005381091439999999,0.0006349690179999999,0.0053071764139999995,0.12193936263399999,0.00028235733799999996,0.000178877442,8.917357799999999e-05,7.2438208e-05,0.001281855216,0.0,0.0,0.0,0.0,0.0,0.0,0.0,0.0,0.0,0.0,0.0,0.0,0.0,0.0,0.0,0.0,0.0,0.0,0.999791,34170.93913336251,0.473311,0.49697654999999996,0.5206421,0.5443076499999999,0.5679732,0.59163875,0.6153043,0.63896985,0.6626354,0.68630095,0.7099665,0.73363205,0.7572976,0.78096315,0.8046287,0.82829425,0.8519597999999999,0.87562535,0.8992909,0.92295645,0.9466220000000001
SF11C46888912282050980,21,,2019-05-18T21:00:00-0600,0.005701,0.005701,0.00608,0.045185,0.000538014772,0.000634857659,0.005306245657,0.121917977267,0.000282307819,0.00017884607100000002,8.9157939e-05,7.2425504e-05,0.001281630408,0.000538014772,0.000634857659,0.005306245657,0.121917977267,0.000282307819,0.00017884607100000002,8.9157939e-05,7.2425504e-05,0.001281630408,0.0,0.0,0.0,0.0,0.0,0.0,0.0,0.0,0.0,0.0,0.0,0.0,0.0,0.0,0.0,0.0,0.0,0.0,0.999948,34170.93913336251,0.473311,0.49697654999999996,0.5206421,0.5443076499999999,0.5679732,0.59163875,0.6153043,0.63896985,0.6626354,0.68630095,0.7099665,0.73363205,0.7572976,0.78096315,0.8046287,0.82829425,0.8519597999999999,0.87562535,0.8992909,0.92295645,0.9466220000000001
SF11C46888912282050980,22,,2019-05-18T22:00:00-0600,0.005701,0.005701,0.005722,0.042456,0.000538014772,0.000634857659,0.005306245657,0.121917977267,0.000282307819,0.00017884607100000002,8.9157939e-05,7.2425504e-05,0.001281630408,0.000538014772,0.000634857659,0.005306245657,0.121917977267,0.000282307819,0.00017884607100000002,8.9157939e-05,7.2425504e-05,0.001281630408,0.0,0.0,0.0,0.0,0.0,0.0,0.0,0.0,0.0,0.0,0.0,0.0,0.0,0.0,0.0,0.0,0.0,0.0,0.999948,34170.93913336251,0.473311,0.49697654999999996,0.5206421,0.5443076499999999,0.5679732,0.59163875,0.6153043,0.63896985,0.6626354,0.68630095,0.7099665,0.73363205,0.7572976,0.78096315,0.8046287,0.82829425,0.8519597999999999,0.87562535,0.8992909,0.92295645,0.9466220000000001
SF11C46888912282050980,23,,2019-05-18T23:00:00-0600,0.005701,0.005701,0.005276,0.039885,0.000538014772,0.000634857659,0.005306245657,0.121917977267,0.000282307819,0.00017884607100000002,8.9157939e-05,7.2425504e-05,0.001281630408,0.000538014772,0.000634857659,0.005306245657,0.121917977267,0.000282307819,0.00017884607100000002,8.9157939e-05,7.2425504e-05,0.001281630408,0.0,0.0,0.0,0.0,0.0,0.0,0.0,0.0,0.0,0.0,0.0,0.0,0.0,0.0,0.0,0.0,0.0,0.0,0.999949,34170.93913336251,0.473311,0.49697654999999996,0.5206421,0.5443076499999999,0.5679732,0.59163875,0.6153043,0.63896985,0.6626354,0.68630095,0.7099665,0.73363205,0.7572976,0.78096315,0.8046287,0.82829425,0.8519597999999999,0.87562535,0.8992909,0.92295645,0.9466220000000001
SF11C46889012282050980,0,,2019-05-18T00:00:00-0600,0.005701,0.005701,0.004755,0.000329,0.000269007386,0.000317425979,0.0026531199780000002,0.060958991484000004,0.00014115676,8.942018500000001e-05,4.4576119e-05,3.6212752e-05,0.000640815204,0.000269007386,0.000317425979,0.0026531199780000002,0.060958991484000004,0.00014115676,8.942018500000001e-05,4.4576119e-05,3.6212752e-05,0.000640815204,0.0,0.0,0.0,0.0,0.0,0.0,0.0,0.0,0.0,0.0,0.0,0.0,0.0,0.0,0.0,0.0,0.0,0.0,0.997752,8542.731338887643,0.236663,0.24849615000000003,0.2603293,0.27216245,0.2839956,0.29582875000000003,0.30766190000000004,0.31949505,0.3313282,0.34316135000000003,0.3549945,0.36682765,0.3786608,0.39049395000000003,0.40232710000000005,0.41416025,0.4259934,0.43782655000000004,0.4496597,0.46149285,0.473326
SF11C46889012282050980,1,,2019-05-18T01:00:00-0600,0.005701,0.005701,0.00417,0.000594,0.000269007386,0.000317425979,0.0026531199780000002,0.060958991484000004,0.00014115676,8.942018500000001e-05,4.4576119e-05,3.6212752e-05,0.000640815204,0.000269007386,0.000317425979,0.0026531199780000002,0.060958991484000004,0.00014115676,8.942018500000001e-05,4.4576119e-05,3.6212752e-05,0.000640815204,0.0,0.0,0.0,0.0,0.0,0.0,0.0,0.0,0.0,0.0,0.0,0.0,0.0,0.0,0.0,0.0,0.0,0.0,0.997752,8542.731338887643,0.236663,0.24849615000000003,0.2603293,0.27216245,0.2839956,0.29582875000000003,0.30766190000000004,0.31949505,0.3313282,0.34316135000000003,0.3549945,0.36682765,0.3786608,0.39049395000000003,0.40232710000000005,0.41416025,0.4259934,0.43782655000000004,0.4496597,0.46149285,0.473326
SF11C46889012282050980,2,,2019-05-18T02:00:00-0600,0.005701,0.005701,0.003478,0.000794,0.000269007386,0.000317425979,0.0026531199780000002,0.060958991484000004,0.00014115676,8.942018500000001e-05,4.4576119e-05,3.6212752e-05,0.000640815204,0.000269007386,0.000317425979,0.0026531199780000002,0.060958991484000004,0.00014115676,8.942018500000001e-05,4.4576119e-05,3.6212752e-05,0.000640815204,0.0,0.0,0.0,0.0,0.0,0.0,0.0,0.0,0.0,0.0,0.0,0.0,0.0,0.0,0.0,0.0,0.0,0.0,0.998501,8542.731338887643,0.236663,0.24849615000000003,0.2603293,0.27216245,0.2839956,0.29582875000000003,0.30766190000000004,0.31949505,0.3313282,0.34316135000000003,0.3549945,0.36682765,0.3786608,0.39049395000000003,0.40232710000000005,0.41416025,0.4259934,0.43782655000000004,0.4496597,0.46149285,0.473326
SF11C46889012282050980,3,,2019-05-18T03:00:00-0600,0.005701,0.005701,0.003028,0.000948,0.000269007386,0.000317425979,0.0026531199780000002,0.060958991484000004,0.00014115676,8.942018500000001e-05,4.4576119e-05,3.6212752e-05,0.000640815204,0.000269007386,0.000317425979,0.0026531199780000002,0.060958991484000004,0.00014115676,8.942018500000001e-05,4.4576119e-05,3.6212752e-05,0.000640815204,0.0,0.0,0.0,0.0,0.0,0.0,0.0,0.0,0.0,0.0,0.0,0.0,0.0,0.0,0.0,0.0,0.0,0.0,0.998876,8542.731338887643,0.236663,0.24849615000000003,0.2603293,0.27216245,0.2839956,0.29582875000000003,0.30766190000000004,0.31949505,0.3313282,0.34316135000000003,0.3549945,0.36682765,0.3786608,0.39049395000000003,0.40232710000000005,0.41416025,0.4259934,0.43782655000000004,0.4496597,0.46149285,0.473326
SF11C46889012282050980,4,,2019-05-18T04:00:00-0600,0.005701,0.005701,0.002734,0.001072,0.000269007386,0.000317425979,0.0026531199780000002,0.060958991484000004,0.00014115676,8.942018500000001e-05,4.4576119e-05,3.6212752e-05,0.000640815204,0.000269007386,0.000317425979,0.0026531199780000002,0.060958991484000004,0.00014115676,8.942018500000001e-05,4.4576119e-05,3.6212752e-05,0.000640815204,0.0,0.0,0.0,0.0,0.0,0.0,0.0,0.0,0.0,0.0,0.0,0.0,0.0,0.0,0.0,0.0,0.0,0.0,0.999101,8542.731338887643,0.236663,0.24849615000000003,0.2603293,0.27216245,0.2839956,0.29582875000000003,0.30766190000000004,0.31949505,0.3313282,0.34316135000000003,0.3549945,0.36682765,0.3786608,0.39049395000000003,0.40232710000000005,0.41416025,0.4259934,0.43782655000000004,0.4496597,0.46149285,0.473326
SF11C46889012282050980,5,,2019-05-18T05:00:00-0600,0.005701,0.005701,0.002543,0.001174,0.000269007386,0.000317425979,0.0026531199780000002,0.060958991484000004,0.00014115676,8.942018500000001e-05,4.4576119e-05,3.6212752e-05,0.000640815204,0.000269007386,0.000317425979,0.0026531199780000002,0.060958991484000004,0.00014115676,8.942018500000001e-05,4.4576119e-05,3.6212752e-05,0.000640815204,0.0,0.0,0.0,0.0,0.0,0.0,0.0,0.0,0.0,0.0,0.0,0.0,0.0,0.0,0.0,0.0,0.0,0.0,0.999251,8542.731338887643,0.236663,0.24849615000000003,0.2603293,0.27216245,0.2839956,0.29582875000000003,0.30766190000000004,0.31949505,0.3313282,0.34316135000000003,0.3549945,0.36682765,0.3786608,0.39049395000000003,0.40232710000000005,0.41416025,0.4259934,0.43782655000000004,0.4496597,0.46149285,0.473326
SF11C46889012282050980,6,,2019-05-18T06:00:00-0600,0.005701,0.005701,0.002418,0.00126,0.000269007386,0.000317425979,0.0026531199780000002,0.060958991484000004,0.00014115676,8.942018500000001e-05,4.4576119e-05,3.6212752e-05,0.000640815204,0.000269007386,0.000317425979,0.0026531199780000002,0.060958991484000004,0.00014115676,8.942018500000001e-05,4.4576119e-05,3.6212752e-05,0.000640815204,0.0,0.0,0.0,0.0,0.0,0.0,0.0,0.0,0.0,0.0,0.0,0.0,0.0,0.0,0.0,0.0,0.0,0.0,0.999358,8542.731338887643,0.236663,0.24849615000000003,0.2603293,0.27216245,0.2839956,0.29582875000000003,0.30766190000000004,0.31949505,0.3313282,0.34316135000000003,0.3549945,0.36682765,0.3786608,0.39049395000000003,0.40232710000000005,0.41416025,0.4259934,0.43782655000000004,0.4496597,0.46149285,0.473326
SF11C46889012282050980,7,,2019-05-18T07:00:00-0600,0.005701,0.005701,0.002337,0.001334,0.000269007386,0.000317425979,0.0026531199780000002,0.060958991484000004,0.00014115676,8.942018500000001e-05,4.4576119e-05,3.6212752e-05,0.000640815204,0.000269007386,0.000317425979,0.0026531199780000002,0.060958991484000004,0.00014115676,8.942018500000001e-05,4.4576119e-05,3.6212752e-05,0.000640815204,0.0,0.0,0.0,0.0,0.0,0.0,0.0,0.0,0.0,0.0,0.0,0.0,0.0,0.0,0.0,0.0,0.0,0.0,0.999438,8542.731338887643,0.236663,0.24849615000000003,0.2603293,0.27216245,0.2839956,0.29582875000000003,0.30766190000000004,0.31949505,0.3313282,0.34316135000000003,0.3549945,0.36682765,0.3786608,0.39049395000000003,0.40232710000000005,0.41416025,0.4259934,0.43782655000000004,0.4496597,0.46149285,0.473326
SF11C46889012282050980,8,,2019-05-18T08:00:00-0600,0.005701,0.005701,0.002186,0.001393,0.000269007386,0.000317425979,0.0026531199780000002,0.060958991484000004,0.00014115676,8.942018500000001e-05,4.4576119e-05,3.6212752e-05,0.000640815204,0.000269007386,0.000317425979,0.0026531199780000002,0.060958991484000004,0.00014115676,8.942018500000001e-05,4.4576119e-05,3.6212752e-05,0.000640815204,0.0,0.0,0.0,0.0,0.0,0.0,0.0,0.0,0.0,0.0,0.0,0.0,0.0,0.0,0.0,0.0,0.0,0.0,0.9995,8542.731338887643,0.236663,0.24849615000000003,0.2603293,0.27216245,0.2839956,0.29582875000000003,0.30766190000000004,0.31949505,0.3313282,0.34316135000000003,0.3549945,0.36682765,0.3786608,0.39049395000000003,0.40232710000000005,0.41416025,0.4259934,0.43782655000000004,0.4496597,0.46149285,0.473326
SF11C46889012282050980,9,,2019-05-18T09:00:00-0600,0.005701,0.005701,0.002869,0.001495,0.000269007386,0.000317425979,0.0026531199780000002,0.060958991484000004,0.00014115676,8.942018500000001e-05,4.4576119e-05,3.6212752e-05,0.000640815204,0.000269007386,0.000317425979,0.0026531199780000002,0.060958991484000004,0.00014115676,8.942018500000001e-05,4.4576119e-05,3.6212752e-05,0.000640815204,0.0,0.0,0.0,0.0,0.0,0.0,0.0,0.0,0.0,0.0,0.0,0.0,0.0,0.0,0.0,0.0,0.0,0.0,0.99955,8542.731338887643,0.236663,0.24849615000000003,0.2603293,0.27216245,0.2839956,0.29582875000000003,0.30766190000000004,0.31949505,0.3313282,0.34316135000000003,0.3549945,0.36682765,0.3786608,0.39049395000000003,0.40232710000000005,0.41416025,0.4259934,0.43782655000000004,0.4496597,0.46149285,0.473326
SF11C46889012282050980,10,,2019-05-18T10:00:00-0600,0.020004,0.020004,0.012409,0.00225,0.000943908744,0.001113802716,0.009309421512000001,0.213896450736,0.00049529904,0.00031376274000000006,0.000156411276,0.00012706540800000001,0.002248529616,0.000943908744,0.001113802716,0.009309421512000001,0.213896450736,0.00049529904,0.00031376274000000006,0.000156411276,0.00012706540800000001,0.002248529616,0.0,0.0,0.0,0.0,0.0,0.0,0.0,0.0,0.0,0.0,0.0,0.0,0.0,0.0,0.0,0.0,0.0,0.0,0.997367,29975.23201247297,0.830354,0.8718717,0.9133894,0.9549071,0.9964248,1.0379425,1.0794602,1.1209779000000002,1.1624956000000002,1.2040133000000002,1.2455310000000002,1.2870487000000002,1.3285664000000001,1.3700841000000001,1.4116018000000001,1.4531195000000001,1.4946372,1.5361549,1.5776726,1.6191903,1.660708
SF11C46889012282050980,11,,2019-05-18T11:00:00-0600,0.040008,0.040007,0.029264,0.004118,0.001887770302,0.002227549753,0.018618377646000002,0.427782208788,0.00099057332,0.000627509795,0.000312814733,0.000254124464,0.004496946828,0.001887770302,0.002227549753,0.018618377646000002,0.427782208788,0.00099057332,0.000627509795,0.000312814733,0.000254124464,0.004496946828,0.0,0.0,0.0,0.0,0.0,0.0,0.0,0.0,0.0,0.0,0.0,0.0,0.0,0.0,0.0,0.0,0.0,0.0,0.991908,59950.46402494594,1.660536,1.7435628,1.8265896,1.9096164,1.9926432,2.07567,2.1586968,2.2417236000000003,2.3247504,2.4077772,2.490804,2.5738308,2.6568576,2.7398844,2.8229112,2.905938,2.9889647999999998,3.0719916,3.1550184,3.2380452,3.321072
SF11C46889012282050980,12,,2019-05-18T12:00:00-0600,0.070014,0.070013,0.058394,0.007871,0.0033036334180000003,0.003898253827,0.032582509914,0.748626884892,0.0017335218800000002,0.0010981539050000002,0.000547431647,0.000444722576,0.007869741252,0.0033036334180000003,0.003898253827,0.032582509914,0.748626884892,0.0017335218800000002,0.0010981539050000002,0.000547431647,0.000444722576,0.007869741252,0.0,0.0,0.0,0.0,0.0,0.0,0.0,0.0,0.0,0.0,0.0,0.0,0.0,0.0,0.0,0.0,0.0,0.0,0.983757,104913.3120436554,2.905485,2.91582995,2.9261749,2.9365198500000003,2.9468648,2.95720975,2.9675547,2.97789965,2.9882446000000003,2.99858955,3.0089345,3.01927945,3.0296244,3.0399693500000002,3.0503143,3.06065925,3.0710042,3.08134915,3.0916941000000002,3.10203905,3.112384
SF11C46889012282050980,13,,2019-05-18T13:00:00-0600,0.10002,0.100019,0.092571,0.013728,0.004719496534,0.005568957901,0.046546642182,1.069471560996,0.00247647044,0.001568798015,0.000782048561,0.0006353206879999999,0.011242535676,0.004719496534,0.005568957901,0.046546642182,1.069471560996,0.00247647044,0.001568798015,0.000782048561,0.0006353206879999999,0.011242535676,0.0,0.0,0.0,0.0,0.0,0.0,0.0,0.0,0.0,0.0,0.0,0.0,0.0,0.0,0.0,0.0,0.0,0.0,0.976635,149876.16006236483,4.150046,4.18229195,4.2145379,4.24678385,4.2790298,4.31127575,4.3435217,4.37576765,4.4080136,4.44025955,4.4725055000000005,4.5047514500000005,4.5369974,4.56924335,4.6014893,4.63373525,4.6659812,4.69822715,4.7304731,4.76271905,4.794965
SF11C46889012282050980,14,,2019-05-18T14:00:00-0600,0.130026,0.130025,0.130502,0.021803,0.00613535965,0.007239661975,0.060510774450000006,1.3903162371,0.0032194190000000003,0.002039442125,0.001016665475,0.0008259188,0.0146153301,0.00613535965,0.007239661975,0.060510774450000006,1.3903162371,0.0032194190000000003,0.002039442125,0.001016665475,0.0008259188,0.0146153301,0.0,0.0,0.0,0.0,0.0,0.0,0.0,0.0,0.0,0.0,0.0,0.0,0.0,0.0,0.0,0.0,0.0,0.0,0.971716,194839.0080810743,5.39422,5.4392132,5.4842064,5.5291996,5.5741928,5.619186,5.6641791999999995,5.7091724,5.754165599999999,5.7991588,5.844151999999999,5.8891452,5.9341384,5.9791316,6.0241248,6.069118,6.1141112,6.1591043999999995,6.2040976,6.249090799999999,6.294084
SF11C46889012282050980,15,,2019-05-18T15:00:00-0600,0.160032,0.160031,0.170679,0.032097,0.007551222766,0.008910366049,0.074474906718,1.711160913204,0.00396236756,0.0025100862350000003,0.001251282389,0.0010165169120000001,0.017988124524,0.007551222766,0.008910366049,0.074474906718,1.711160913204,0.00396236756,0.0025100862350000003,0.001251282389,0.0010165169120000001,0.017988124524,0.0,0.0,0.0,0.0,0.0,0.0,0.0,0.0,0.0,0.0,0.0,0.0,0.0,0.0,0.0,0.0,0.0,0.0,0.968279,239801.85609978376,6.638007,6.68795675,6.7379065,6.78785625,6.837806,6.88775575,6.9377055,6.9876552499999995,7.037605,7.08755475,7.1375045,7.18745425,7.237404,7.28735375,7.3373035,7.38725325,7.437203,7.48715275,7.5371025,7.58705225,7.637002
SF11C46889012282050980,16,,2019-05-18T16:00:00-0600,0.170034,0.170034,0.189175,0.042959,0.008023224324,0.009467323086,0.079130082852,1.8181198312559999,0.0042100418399999995,0.00266698329,0.0013294958459999999,0.001080055968,0.019112501736,0.008023224324,0.009467323086,0.079130082852,1.8181198312559999,0.0042100418399999995,0.00266698329,0.0013294958459999999,0.001080055968,0.019112501736,0.0,0.0,0.0,0.0,0.0,0.0,0.0,0.0,0.0,0.0,0.0,0.0,0.0,0.0,0.0,0.0,0.0,0.0,0.970376,254789.47210602023,7.052517,7.07996835,7.1074196999999995,7.13487105,7.1623224,7.18977375,7.2172251,7.24467645,7.2721278,7.29957915,7.327030499999999,7.35448185,7.3819332,7.4093845499999995,7.4368359,7.46428725,7.4917386,7.5191899499999995,7.546641299999999,7.57409265,7.601544
SF11C46889012282050980,17,,2019-05-18T17:00:00-0600,0.120024,0.120025,0.136906,0.049455,0.00566349965,0.006682871975,0.05585699445,1.2833893971,0.002971819,0.0018825921250000001,0.000938475475,0.0007623988,0.013491290100000001,0.00566349965,0.006682871975,0.05585699445,1.2833893971,0.002971819,0.0018825921250000001,0.000938475475,0.0007623988,0.013491290100000001,0.0,0.0,0.0,0.0,0.0,0.0,0.0,0.0,0.0,0.0,0.0,0.0,0.0,0.0,0.0,0.0,0.0,0.0,0.984167,179851.39207483782,4.979539,5.22851595,5.4774929,5.72646985,5.9754468,6.22442375,6.4734007,6.72237765,6.9713546,7.22033155,7.4693085,7.71828545,7.9672624,8.21623935,8.4652163,8.714193250000001,8.9631702,9.21214715,9.4611241,9.710101049999999,9.959078
SF11C46889012282050980,18,,2019-05-18T18:00:00-0600,0.070014,0.070015,0.080523,0.051603,0.0033037277899999997,0.0038983651849999997,0.03258344067,0.7486482702599999,0.0017335713999999999,0.001098185275,0.0005474472849999999,0.00044473527999999994,0.007869966059999999,0.0033037277899999997,0.0038983651849999997,0.03258344067,0.7486482702599999,0.0017335713999999999,0.001098185275,0.0005474472849999999,0.00044473527999999994,0.007869966059999999,0.0,0.0,0.0,0.0,0.0,0.0,0.0,0.0,0.0,0.0,0.0,0.0,0.0,0.0,0.0,0.0,0.0,0.0,0.994401,104913.3120436554,2.905485,3.05075925,3.1960335,3.34130775,3.4865820000000003,3.6318562500000002,3.7771305,3.92240475,4.067679,4.21295325,4.3582275,4.50350175,4.648776,4.79405025,4.9393245,5.08459875,5.2298729999999995,5.3751472499999995,5.520421499999999,5.665695749999999,5.810969999999999
SF11C46889012282050980,19,,2019-05-18T19:00:00-0600,0.040008,0.040009,0.045635,0.051191,0.001887864674,0.002227661111,0.018619308402,0.427803594156,0.0009906228400000001,0.0006275411650000001,0.000312830371,0.000254137168,0.004497171636,0.001887864674,0.002227661111,0.018619308402,0.427803594156,0.0009906228400000001,0.0006275411650000001,0.000312830371,0.000254137168,0.004497171636,0.0,0.0,0.0,0.0,0.0,0.0,0.0,0.0,0.0,0.0,0.0,0.0,0.0,0.0,0.0,0.0,0.0,0.0,0.998224,59950.46402494594,1.660536,1.7435628,1.8265896,1.9096164,1.9926432,2.07567,2.1586968,2.2417236000000003,2.3247504,2.4077772,2.490804,2.5738308,2.6568576,2.7398844,2.8229112,2.905938,2.9889647999999998,3.0719916,3.1550184,3.2380452,3.321072
SF11C46889012282050980,20,,2019-05-18T20:00:00-0600,0.005701,0.005702,0.006343,0.048089,0.00026905457199999995,0.00031748165799999996,0.002653585356,0.06096968416799999,0.00014118152,8.943586999999999e-05,4.4583937999999996e-05,3.6219104e-05,0.000640927608,0.00026905457199999995,0.00031748165799999996,0.002653585356,0.06096968416799999,0.00014118152,8.943586999999999e-05,4.4583937999999996e-05,3.6219104e-05,0.000640927608,0.0,0.0,0.0,0.0,0.0,0.0,0.0,0.0,0.0,0.0,0.0,0.0,0.0,0.0,0.0,0.0,0.0,0.0,0.999895,8542.731338887643,0.236663,0.24849615000000003,0.2603293,0.27216245,0.2839956,0.29582875000000003,0.30766190000000004,0.31949505,0.3313282,0.34316135000000003,0.3549945,0.36682765,0.3786608,0.39049395000000003,0.40232710000000005,0.41416025,0.4259934,0.43782655000000004,0.4496597,0.46149285,0.473326
SF11C46889012282050980,21,,2019-05-18T21:00:00-0600,0.005701,0.005701,0.00608,0.045185,0.000269007386,0.000317425979,0.0026531199780000002,0.060958991484000004,0.00014115676,8.942018500000001e-05,4.4576119e-05,3.6212752e-05,0.000640815204,0.000269007386,0.000317425979,0.0026531199780000002,0.060958991484000004,0.00014115676,8.942018500000001e-05,4.4576119e-05,3.6212752e-05,0.000640815204,0.0,0.0,0.0,0.0,0.0,0.0,0.0,0.0,0.0,0.0,0.0,0.0,0.0,0.0,0.0,0.0,0.0,0.0,0.999974,8542.731338887643,0.236663,0.24849615000000003,0.2603293,0.27216245,0.2839956,0.29582875000000003,0.30766190000000004,0.31949505,0.3313282,0.34316135000000003,0.3549945,0.36682765,0.3786608,0.39049395000000003,0.40232710000000005,0.41416025,0.4259934,0.43782655000000004,0.4496597,0.46149285,0.473326
SF11C46889012282050980,22,,2019-05-18T22:00:00-0600,0.005701,0.005701,0.005722,0.042456,0.000269007386,0.000317425979,0.0026531199780000002,0.060958991484000004,0.00014115676,8.942018500000001e-05,4.4576119e-05,3.6212752e-05,0.000640815204,0.000269007386,0.000317425979,0.0026531199780000002,0.060958991484000004,0.00014115676,8.942018500000001e-05,4.4576119e-05,3.6212752e-05,0.000640815204,0.0,0.0,0.0,0.0,0.0,0.0,0.0,0.0,0.0,0.0,0.0,0.0,0.0,0.0,0.0,0.0,0.0,0.0,0.999974,8542.731338887643,0.236663,0.24849615000000003,0.2603293,0.27216245,0.2839956,0.29582875000000003,0.30766190000000004,0.31949505,0.3313282,0.34316135000000003,0.3549945,0.36682765,0.3786608,0.39049395000000003,0.40232710000000005,0.41416025,0.4259934,0.43782655000000004,0.4496597,0.46149285,0.473326
SF11C46889012282050980,23,,2019-05-18T23:00:00-0600,0.005701,0.005701,0.005277,0.039885,0.000269007386,0.000317425979,0.0026531199780000002,0.060958991484000004,0.00014115676,8.942018500000001e-05,4.4576119e-05,3.6212752e-05,0.000640815204,0.000269007386,0.000317425979,0.0026531199780000002,0.060958991484000004,0.00014115676,8.942018500000001e-05,4.4576119e-05,3.6212752e-05,0.000640815204,0.0,0.0,0.0,0.0,0.0,0.0,0.0,0.0,0.0,0.0,0.0,0.0,0.0,0.0,0.0,0.0,0.0,0.0,0.999974,8542.731338887643,0.236663,0.24849615000000003,0.2603293,0.27216245,0.2839956,0.29582875000000003,0.30766190000000004,0.31949505,0.3313282,0.34316135000000003,0.3549945,0.36682765,0.3786608,0.39049395000000003,0.40232710000000005,0.41416025,0.4259934,0.43782655000000004,0.4496597,0.46149285,0.473326
SF11C46889112282050980,0,,2019-05-18T00:00:00-0600,0.005701,0.005701,0.004755,0.000329,0.000538014772,0.000634857659,0.005306245657,0.121917977267,0.000282307819,0.00017884607100000002,8.9157939e-05,7.2425504e-05,0.001281630408,0.000538014772,0.000634857659,0.005306245657,0.121917977267,0.000282307819,0.00017884607100000002,8.9157939e-05,7.2425504e-05,0.001281630408,0.0,0.0,0.0,0.0,0.0,0.0,0.0,0.0,0.0,0.0,0.0,0.0,0.0,0.0,0.0,0.0,0.0,0.0,0.995503,34170.93913336251,0.473311,0.49697654999999996,0.5206421,0.5443076499999999,0.5679732,0.59163875,0.6153043,0.63896985,0.6626354,0.68630095,0.7099665,0.73363205,0.7572976,0.78096315,0.8046287,0.82829425,0.8519597999999999,0.87562535,0.8992909,0.92295645,0.9466220000000001
SF11C46889112282050980,1,,2019-05-18T01:00:00-0600,0.005701,0.005701,0.00417,0.000594,0.000538014772,0.000634857659,0.005306245657,0.121917977267,0.000282307819,0.00017884607100000002,8.9157939e-05,7.2425504e-05,0.001281630408,0.000538014772,0.000634857659,0.005306245657,0.121917977267,0.000282307819,0.00017884607100000002,8.9157939e-05,7.2425504e-05,0.001281630408,0.0,0.0,0.0,0.0,0.0,0.0,0.0,0.0,0.0,0.0,0.0,0.0,0.0,0.0,0.0,0.0,0.0,0.0,0.995503,34170.93913336251,0.473311,0.47388305,0.47445509999999996,0.47502715,0.4755992,0.47617125,0.4767433,0.47731534999999997,0.4778874,0.47845945,0.4790315,0.47960355,0.4801756,0.48074765,0.4813197,0.48189175,0.4824638,0.48303585,0.48360790000000003,0.48417995,0.484752
SF11C46889112282050980,2,,2019-05-18T02:00:00-0600,0.005701,0.005701,0.003478,0.000794,0.000538014772,0.000634857659,0.005306245657,0.121917977267,0.000282307819,0.00017884607100000002,8.9157939e-05,7.2425504e-05,0.001281630408,0.000538014772,0.000634857659,0.005306245657,0.121917977267,0.000282307819,0.00017884607100000002,8.9157939e-05,7.2425504e-05,0.001281630408,0.0,0.0,0.0,0.0,0.0,0.0,0.0,0.0,0.0,0.0,0.0,0.0,0.0,0.0,0.0,0.0,0.0,0.0,0.997002,34170.93913336251,0.473311,0.49697654999999996,0.5206421,0.5443076499999999,0.5679732,0.59163875,0.6153043,0.63896985,0.6626354,0.68630095,0.7099665,0.73363205,0.7572976,0.78096315,0.8046287,0.82829425,0.8519597999999999,0.87562535,0.8992909,0.92295645,0.9466220000000001
SF11C46889112282050980,3,,2019-05-18T03:00:00-0600,0.005701,0.005701,0.003028,0.000948,0.000538014772,0.000634857659,0.005306245657,0.121917977267,0.000282307819,0.00017884607100000002,8.9157939e-05,7.2425504e-05,0.001281630408,0.000538014772,0.000634857659,0.005306245657,0.121917977267,0.000282307819,0.00017884607100000002,8.9157939e-05,7.2425504e-05,0.001281630408,0.0,0.0,0.0,0.0,0.0,0.0,0.0,0.0,0.0,0.0,0.0,0.0,0.0,0.0,0.0,0.0,0.0,0.0,0.997752,34170.93913336251,0.473311,0.49697654999999996,0.5206421,0.5443076499999999,0.5679732,0.59163875,0.6153043,0.63896985,0.6626354,0.68630095,0.7099665,0.73363205,0.7572976,0.78096315,0.8046287,0.82829425,0.8519597999999999,0.87562535,0.8992909,0.92295645,0.9466220000000001
SF11C46889112282050980,4,,2019-05-18T04:00:00-0600,0.005701,0.005701,0.002734,0.001072,0.000538014772,0.000634857659,0.005306245657,0.121917977267,0.000282307819,0.00017884607100000002,8.9157939e-05,7.2425504e-05,0.001281630408,0.000538014772,0.000634857659,0.005306245657,0.121917977267,0.000282307819,0.00017884607100000002,8.9157939e-05,7.2425504e-05,0.001281630408,0.0,0.0,0.0,0.0,0.0,0.0,0.0,0.0,0.0,0.0,0.0,0.0,0.0,0.0,0.0,0.0,0.0,0.0,0.998201,34170.93913336251,0.473311,0.49697654999999996,0.5206421,0.5443076499999999,0.5679732,0.59163875,0.6153043,0.63896985,0.6626354,0.68630095,0.7099665,0.73363205,0.7572976,0.78096315,0.8046287,0.82829425,0.8519597999999999,0.87562535,0.8992909,0.92295645,0.9466220000000001
SF11C46889112282050980,5,,2019-05-18T05:00:00-0600,0.005701,0.005701,0.002543,0.001174,0.000538014772,0.000634857659,0.005306245657,0.121917977267,0.000282307819,0.00017884607100000002,8.9157939e-05,7.2425504e-05,0.001281630408,0.000538014772,0.000634857659,0.005306245657,0.121917977267,0.000282307819,0.00017884607100000002,8.9157939e-05,7.2425504e-05,0.001281630408,0.0,0.0,0.0,0.0,0.0,0.0,0.0,0.0,0.0,0.0,0.0,0.0,0.0,0.0,0.0,0.0,0.0,0.0,0.998501,34170.93913336251,0.473311,0.49697654999999996,0.5206421,0.5443076499999999,0.5679732,0.59163875,0.6153043,0.63896985,0.6626354,0.68630095,0.7099665,0.73363205,0.7572976,0.78096315,0.8046287,0.82829425,0.8519597999999999,0.87562535,0.8992909,0.92295645,0.9466220000000001
SF11C46889112282050980,6,,2019-05-18T06:00:00-0600,0.005701,0.005701,0.002418,0.00126,0.000538014772,0.000634857659,0.005306245657,0.121917977267,0.000282307819,0.00017884607100000002,8.9157939e-05,7.2425504e-05,0.001281630408,0.000538014772,0.000634857659,0.005306245657,0.121917977267,0.000282307819,0.00017884607100000002,8.9157939e-05,7.2425504e-05,0.001281630408,0.0,0.0,0.0,0.0,0.0,0.0,0.0,0.0,0.0,0.0,0.0,0.0,0.0,0.0,0.0,0.0,0.0,0.0,0.998715,34170.93913336251,0.473311,0.49697654999999996,0.5206421,0.5443076499999999,0.5679732,0.59163875,0.6153043,0.63896985,0.6626354,0.68630095,0.7099665,0.73363205,0.7572976,0.78096315,0.8046287,0.82829425,0.8519597999999999,0.87562535,0.8992909,0.92295645,0.9466220000000001
SF11C46889112282050980,7,,2019-05-18T07:00:00-0600,0.005701,0.005701,0.002337,0.001334,0.000538014772,0.000634857659,0.005306245657,0.121917977267,0.000282307819,0.00017884607100000002,8.9157939e-05,7.2425504e-05,0.001281630408,0.000538014772,0.000634857659,0.005306245657,0.121917977267,0.000282307819,0.00017884607100000002,8.9157939e-05,7.2425504e-05,0.001281630408,0.0,0.0,0.0,0.0,0.0,0.0,0.0,0.0,0.0,0.0,0.0,0.0,0.0,0.0,0.0,0.0,0.0,0.0,0.998876,34170.93913336251,0.473311,0.49697654999999996,0.5206421,0.5443076499999999,0.5679732,0.59163875,0.6153043,0.63896985,0.6626354,0.68630095,0.7099665,0.73363205,0.7572976,0.78096315,0.8046287,0.82829425,0.8519597999999999,0.87562535,0.8992909,0.92295645,0.9466220000000001
SF11C46889112282050980,8,,2019-05-18T08:00:00-0600,0.005701,0.005701,0.002186,0.001393,0.000538014772,0.000634857659,0.005306245657,0.121917977267,0.000282307819,0.00017884607100000002,8.9157939e-05,7.2425504e-05,0.001281630408,0.000538014772,0.000634857659,0.005306245657,0.121917977267,0.000282307819,0.00017884607100000002,8.9157939e-05,7.2425504e-05,0.001281630408,0.0,0.0,0.0,0.0,0.0,0.0,0.0,0.0,0.0,0.0,0.0,0.0,0.0,0.0,0.0,0.0,0.0,0.0,0.999001,34170.93913336251,0.473311,0.49697654999999996,0.5206421,0.5443076499999999,0.5679732,0.59163875,0.6153043,0.63896985,0.6626354,0.68630095,0.7099665,0.73363205,0.7572976,0.78096315,0.8046287,0.82829425,0.8519597999999999,0.87562535,0.8992909,0.92295645,0.9466220000000001
SF11C46889112282050980,9,,2019-05-18T09:00:00-0600,0.005701,0.005701,0.002869,0.001495,0.000538014772,0.000634857659,0.005306245657,0.121917977267,0.000282307819,0.00017884607100000002,8.9157939e-05,7.2425504e-05,0.001281630408,0.000538014772,0.000634857659,0.005306245657,0.121917977267,0.000282307819,0.00017884607100000002,8.9157939e-05,7.2425504e-05,0.001281630408,0.0,0.0,0.0,0.0,0.0,0.0,0.0,0.0,0.0,0.0,0.0,0.0,0.0,0.0,0.0,0.0,0.0,0.0,0.999101,34170.93913336251,0.473311,0.49697654999999996,0.5206421,0.5443076499999999,0.5679732,0.59163875,0.6153043,0.63896985,0.6626354,0.68630095,0.7099665,0.73363205,0.7572976,0.78096315,0.8046287,0.82829425,0.8519597999999999,0.87562535,0.8992909,0.92295645,0.9466220000000001
SF11C46889112282050980,10,,2019-05-18T10:00:00-0600,0.020004,0.020004,0.012408,0.00225,0.001887817488,0.002227625436,0.018618863028,0.427792881468,0.0009905780760000001,0.0006275454840000001,0.000312842556,0.00025413081600000003,0.004497059232,0.001887817488,0.002227625436,0.018618863028,0.427792881468,0.0009905780760000001,0.0006275454840000001,0.000312842556,0.00025413081600000003,0.004497059232,0.0,0.0,0.0,0.0,0.0,0.0,0.0,0.0,0.0,0.0,0.0,0.0,0.0,0.0,0.0,0.0,0.0,0.0,0.994734,119900.97639427883,1.660536,1.7435628,1.8265896,1.9096164,1.9926432,2.07567,2.1586968,2.2417236000000003,2.3247504,2.4077772,2.490804,2.5738308,2.6568576,2.7398844,2.8229112,2.905938,2.9889647999999998,3.0719916,3.1550184,3.2380452,3.321072
SF11C46889112282050980,11,,2019-05-18T11:00:00-0600,0.040008,0.040008,0.029264,0.004118,0.003775634976,0.004455250872,0.037237726056,0.855585762936,0.0019811561520000002,0.0012550909680000002,0.000625685112,0.0005082616320000001,0.008994118464,0.003775634976,0.004455250872,0.037237726056,0.855585762936,0.0019811561520000002,0.0012550909680000002,0.000625685112,0.0005082616320000001,0.008994118464,0.0,0.0,0.0,0.0,0.0,0.0,0.0,0.0,0.0,0.0,0.0,0.0,0.0,0.0,0.0,0.0,0.0,0.0,0.983817,239801.95278855765,3.320382,3.32259425,3.3248064999999998,3.32701875,3.329231,3.33144325,3.3336555,3.33586775,3.33808,3.34029225,3.3425045,3.34471675,3.346929,3.34914125,3.3513535,3.35356575,3.355778,3.35799025,3.3602025,3.36241475,3.364627
SF11C46889112282050980,12,,2019-05-18T12:00:00-0600,0.070014,0.070013,0.058394,0.007871,0.006607266836000001,0.007796577667,0.065165089841,1.497253699771,0.0034669737470000004,0.0021963778230000004,0.001094933307,0.000889445152,0.015739482504,0.006607266836000001,0.007796577667,0.065165089841,1.497253699771,0.0034669737470000004,0.0021963778230000004,0.001094933307,0.000889445152,0.015739482504,0.0,0.0,0.0,0.0,0.0,0.0,0.0,0.0,0.0,0.0,0.0,0.0,0.0,0.0,0.0,0.0,0.0,0.0,0.967515,419653.4173799759,5.808859,5.87593505,5.9430111,6.01008715,6.0771632,6.14423925,6.2113153,6.27839135,6.3454674,6.41254345,6.4796195,6.54669555,6.6137716,6.6808476500000005,6.7479237,6.81499975,6.8820758,6.94915185,7.0162279000000005,7.08330395,7.15038
SF11C46889112282050980,13,,2019-05-18T13:00:00-0600,0.10002,0.100019,0.092571,0.013728,0.009438993068,0.011138015821,0.093093384383,2.1389430219729997,0.004952840861,0.0031376960490000004,0.001564197141,0.0012706413759999999,0.022485071352,0.009438993068,0.011138015821,0.093093384383,2.1389430219729997,0.004952840861,0.0031376960490000004,0.001564197141,0.0012706413759999999,0.022485071352,0.0,0.0,0.0,0.0,0.0,0.0,0.0,0.0,0.0,0.0,0.0,0.0,0.0,0.0,0.0,0.0,0.0,0.0,0.953269,599504.8819713941,8.295787,8.431794550000001,8.567802100000002,8.70380965,8.8398172,8.975824750000001,9.1118323,9.24783985,9.3838474,9.519854950000001,9.655862500000001,9.79187005,9.9278776,10.06388515,10.1998927,10.33590025,10.4719078,10.60791535,10.743922900000001,10.87993045,11.015938
SF11C46889112282050980,14,,2019-05-18T14:00:00-0600,0.130026,0.130025,0.130502,0.021803,0.0122707193,0.014479453975,0.121021678925,2.780632344175,0.006438707975,0.004079014275000001,0.002033460975,0.0016518376,0.0292306602,0.0122707193,0.014479453975,0.121021678925,2.780632344175,0.006438707975,0.004079014275000001,0.002033460975,0.0016518376,0.0292306602,0.0,0.0,0.0,0.0,0.0,0.0,0.0,0.0,0.0,0.0,0.0,0.0,0.0,0.0,0.0,0.0,0.0,0.0,0.943432,779356.3465628123,10.781166,10.9651081,11.149050200000001,11.3329923,11.5169344,11.7008765,11.884818600000001,12.0687607,12.2527028,12.436644900000001,12.620587,12.8045291,12.9884712,13.1724133,13.3563554,13.540297500000001,13.7242396,13.9081817,14.0921238,14.2760659,14.460008
SF11C46889112282050980,15,,2019-05-18T15:00:00-0600,0.160032,0.160031,0.170679,0.032097,0.015102445532,0.017820892129,0.148949973467,3.422321666377,0.007924575089,0.005020332501000001,0.0025027248090000002,0.0020330338240000002,0.035976249048,0.015102445532,0.017820892129,0.148949973467,3.422321666377,0.007924575089,0.005020332501000001,0.0025027248090000002,0.0020330338240000002,0.035976249048,0.0,0.0,0.0,0.0,0.0,0.0,0.0,0.0,0.0,0.0,0.0,0.0,0.0,0.0,0.0,0.0,0.0,0.0,0.936558,959207.8111542306,13.264998,13.4790092,13.6930204,13.9070316,14.1210428,14.335054,14.5490652,14.7630764,14.977087599999999,15.191098799999999,15.40511,15.619121199999999,15.8331324,16.0471436,16.2611548,16.475165999999998,16.6891772,16.903188399999998,17.1171996,17.3312108,17.545222
SF11C46889112282050980,16,,2019-05-18T16:00:00-0600,0.170034,0.170034,0.189175,0.042959,0.016046448648,0.018934816206,0.15826033573799997,3.6362394924779995,0.008419913646,0.005334136614,0.002659161726,0.002160111936,0.038225003472,0.016046448648,0.018934816206,0.15826033573799997,3.6362394924779995,0.008419913646,0.005334136614,0.002659161726,0.002160111936,0.038225003472,0.0,0.0,0.0,0.0,0.0,0.0,0.0,0.0,0.0,0.0,0.0,0.0,0.0,0.0,0.0,0.0,0.0,0.0,0.940752,1019158.29935137,14.092599,14.2611571,14.4297152,14.5982733,14.766831400000001,14.9353895,15.103947600000001,15.2725057,15.4410638,15.6096219,15.77818,15.946738100000001,16.115296200000003,16.2838543,16.4524124,16.620970500000002,16.7895286,16.958086700000003,17.1266448,17.295202900000003,17.463761
SF11C46889112282050980,17,,2019-05-18T17:00:00-0600,0.120024,0.120025,0.136906,0.049455,0.0113269993,0.013365863975000001,0.111714108925,2.566778674175,0.005943517975000001,0.0037653042750000008,0.0018770709750000002,0.0015247976,0.026982580200000002,0.0113269993,0.013365863975000001,0.111714108925,2.566778674175,0.005943517975000001,0.0037653042750000008,0.0018770709750000002,0.0015247976,0.026982580200000002,0.0,0.0,0.0,0.0,0.0,0.0,0.0,0.0,0.0,0.0,0.0,0.0,0.0,0.0,0.0,0.0,0.0,0.0,0.968334,719405.858365673,9.952879,10.45052295,10.948166899999999,11.445810849999999,11.9434548,12.441098749999998,12.938742699999999,13.43638665,13.9340306,14.431674549999999,14.929318499999999,15.426962449999998,15.924606399999998,16.42225035,16.9198943,17.41753825,17.915182199999997,18.41282615,18.910470099999998,19.40811405,19.905758
SF11C46889112282050980,18,,2019-05-18T18:00:00-0600,0.070014,0.070015,0.080523,0.051603,0.006607455579999999,0.007796800384999999,0.06516695135499999,1.4972964705049998,0.0034670727849999998,0.002196440565,0.001094964585,0.0008894705599999999,0.015739932119999998,0.006607455579999999,0.007796800384999999,0.06516695135499999,1.4972964705049998,0.0034670727849999998,0.002196440565,0.001094964585,0.0008894705599999999,0.015739932119999998,0.0,0.0,0.0,0.0,0.0,0.0,0.0,0.0,0.0,0.0,0.0,0.0,0.0,0.0,0.0,0.0,0.0,0.0,0.988802,419653.4173799759,5.808859,6.09930195,6.3897449,6.68018785,6.9706308,7.2610737499999995,7.5515167,7.84195965,8.132402599999999,8.42284555,8.7132885,9.00373145,9.2941744,9.58461735,9.8750603,10.16550325,10.4559462,10.746389149999999,11.0368321,11.32727505,11.617718
SF11C46889112282050980,19,,2019-05-18T19:00:00-0600,0.040008,0.040009,0.045635,0.051191,0.003775729348,0.004455362231,0.037238656813,0.855607148303,0.001981205671,0.0012551223390000002,0.000625700751,0.000508274336,0.008994343272,0.003775729348,0.004455362231,0.037238656813,0.855607148303,0.001981205671,0.0012551223390000002,0.000625700751,0.000508274336,0.008994343272,0.0,0.0,0.0,0.0,0.0,0.0,0.0,0.0,0.0,0.0,0.0,0.0,0.0,0.0,0.0,0.0,0.0,0.0,0.996447,239801.95278855765,3.320382,3.4864011,3.6524202,3.8184393,3.9844584,4.1504775,4.3164966,4.4825157,4.6485348,4.8145539,4.980573,5.1465920999999994,5.3126112,5.4786303,5.6446494000000005,5.8106685,5.9766876,6.1427067,6.3087257999999995,6.4747449,6.640764
SF11C46889112282050980,20,,2019-05-18T20:00:00-0600,0.005701,0.005702,0.006343,0.048089,0.0005381091439999999,0.0006349690179999999,0.0053071764139999995,0.12193936263399999,0.00028235733799999996,0.000178877442,8.917357799999999e-05,7.2438208e-05,0.001281855216,0.0005381091439999999,0.0006349690179999999,0.0053071764139999995,0.12193936263399999,0.00028235733799999996,0.000178877442,8.917357799999999e-05,7.2438208e-05,0.001281855216,0.0,0.0,0.0,0.0,0.0,0.0,0.0,0.0,0.0,0.0,0.0,0.0,0.0,0.0,0.0,0.0,0.0,0.0,0.999791,34170.93913336251,0.473311,0.49697654999999996,0.5206421,0.5443076499999999,0.5679732,0.59163875,0.6153043,0.63896985,0.6626354,0.68630095,0.7099665,0.73363205,0.7572976,0.78096315,0.8046287,0.82829425,0.8519597999999999,0.87562535,0.8992909,0.92295645,0.9466220000000001
SF11C46889112282050980,21,,2019-05-18T21:00:00-0600,0.005701,0.005701,0.00608,0.045185,0.000538014772,0.000634857659,0.005306245657,0.121917977267,0.000282307819,0.00017884607100000002,8.9157939e-05,7.2425504e-05,0.001281630408,0.000538014772,0.000634857659,0.005306245657,0.121917977267,0.000282307819,0.00017884607100000002,8.9157939e-05,7.2425504e-05,0.001281630408,0.0,0.0,0.0,0.0,0.0,0.0,0.0,0.0,0.0,0.0,0.0,0.0,0.0,0.0,0.0,0.0,0.0,0.0,0.999948,34170.93913336251,0.473311,0.49697654999999996,0.5206421,0.5443076499999999,0.5679732,0.59163875,0.6153043,0.63896985,0.6626354,0.68630095,0.7099665,0.73363205,0.7572976,0.78096315,0.8046287,0.82829425,0.8519597999999999,0.87562535,0.8992909,0.92295645,0.9466220000000001
SF11C46889112282050980,22,,2019-05-18T22:00:00-0600,0.005701,0.005701,0.005722,0.042456,0.000538014772,0.000634857659,0.005306245657,0.121917977267,0.000282307819,0.00017884607100000002,8.9157939e-05,7.2425504e-05,0.001281630408,0.000538014772,0.000634857659,0.005306245657,0.121917977267,0.000282307819,0.00017884607100000002,8.9157939e-05,7.2425504e-05,0.001281630408,0.0,0.0,0.0,0.0,0.0,0.0,0.0,0.0,0.0,0.0,0.0,0.0,0.0,0.0,0.0,0.0,0.0,0.0,0.999948,34170.93913336251,0.473311,0.49697654999999996,0.5206421,0.5443076499999999,0.5679732,0.59163875,0.6153043,0.63896985,0.6626354,0.68630095,0.7099665,0.73363205,0.7572976,0.78096315,0.8046287,0.82829425,0.8519597999999999,0.87562535,0.8992909,0.92295645,0.9466220000000001
SF11C46889112282050980,23,,2019-05-18T23:00:00-0600,0.005701,0.005701,0.005276,0.039885,0.000538014772,0.000634857659,0.005306245657,0.121917977267,0.000282307819,0.00017884607100000002,8.9157939e-05,7.2425504e-05,0.001281630408,0.000538014772,0.000634857659,0.005306245657,0.121917977267,0.000282307819,0.00017884607100000002,8.9157939e-05,7.2425504e-05,0.001281630408,0.0,0.0,0.0,0.0,0.0,0.0,0.0,0.0,0.0,0.0,0.0,0.0,0.0,0.0,0.0,0.0,0.0,0.0,0.999949,34170.93913336251,0.473311,0.49697654999999996,0.5206421,0.5443076499999999,0.5679732,0.59163875,0.6153043,0.63896985,0.6626354,0.68630095,0.7099665,0.73363205,0.7572976,0.78096315,0.8046287,0.82829425,0.8519597999999999,0.87562535,0.8992909,0.92295645,0.9466220000000001
SF11C46889212282050980,0,,2019-05-18T00:00:00-0600,0.005701,0.005701,0.004755,0.000329,0.000269007386,0.000317425979,0.0026531199780000002,0.060958991484000004,0.00014115676,8.942018500000001e-05,4.4576119e-05,3.6212752e-05,0.000640815204,0.000269007386,0.000317425979,0.0026531199780000002,0.060958991484000004,0.00014115676,8.942018500000001e-05,4.4576119e-05,3.6212752e-05,0.000640815204,0.0,0.0,0.0,0.0,0.0,0.0,0.0,0.0,0.0,0.0,0.0,0.0,0.0,0.0,0.0,0.0,0.0,0.0,0.997752,8542.731338887643,0.236663,0.24849615000000003,0.2603293,0.27216245,0.2839956,0.29582875000000003,0.30766190000000004,0.31949505,0.3313282,0.34316135000000003,0.3549945,0.36682765,0.3786608,0.39049395000000003,0.40232710000000005,0.41416025,0.4259934,0.43782655000000004,0.4496597,0.46149285,0.473326
SF11C46889212282050980,1,,2019-05-18T01:00:00-0600,0.005701,0.005701,0.00417,0.000594,0.000269007386,0.000317425979,0.0026531199780000002,0.060958991484000004,0.00014115676,8.942018500000001e-05,4.4576119e-05,3.6212752e-05,0.000640815204,0.000269007386,0.000317425979,0.0026531199780000002,0.060958991484000004,0.00014115676,8.942018500000001e-05,4.4576119e-05,3.6212752e-05,0.000640815204,0.0,0.0,0.0,0.0,0.0,0.0,0.0,0.0,0.0,0.0,0.0,0.0,0.0,0.0,0.0,0.0,0.0,0.0,0.997752,8542.731338887643,0.236663,0.24849615000000003,0.2603293,0.27216245,0.2839956,0.29582875000000003,0.30766190000000004,0.31949505,0.3313282,0.34316135000000003,0.3549945,0.36682765,0.3786608,0.39049395000000003,0.40232710000000005,0.41416025,0.4259934,0.43782655000000004,0.4496597,0.46149285,0.473326
SF11C46889212282050980,2,,2019-05-18T02:00:00-0600,0.005701,0.005701,0.003478,0.000794,0.000269007386,0.000317425979,0.0026531199780000002,0.060958991484000004,0.00014115676,8.942018500000001e-05,4.4576119e-05,3.6212752e-05,0.000640815204,0.000269007386,0.000317425979,0.0026531199780000002,0.060958991484000004,0.00014115676,8.942018500000001e-05,4.4576119e-05,3.6212752e-05,0.000640815204,0.0,0.0,0.0,0.0,0.0,0.0,0.0,0.0,0.0,0.0,0.0,0.0,0.0,0.0,0.0,0.0,0.0,0.0,0.998501,8542.731338887643,0.236663,0.24849615000000003,0.2603293,0.27216245,0.2839956,0.29582875000000003,0.30766190000000004,0.31949505,0.3313282,0.34316135000000003,0.3549945,0.36682765,0.3786608,0.39049395000000003,0.40232710000000005,0.41416025,0.4259934,0.43782655000000004,0.4496597,0.46149285,0.473326
SF11C46889212282050980,3,,2019-05-18T03:00:00-0600,0.005701,0.005701,0.003028,0.000948,0.000269007386,0.000317425979,0.0026531199780000002,0.060958991484000004,0.00014115676,8.942018500000001e-05,4.4576119e-05,3.6212752e-05,0.000640815204,0.000269007386,0.000317425979,0.0026531199780000002,0.060958991484000004,0.00014115676,8.942018500000001e-05,4.4576119e-05,3.6212752e-05,0.000640815204,0.0,0.0,0.0,0.0,0.0,0.0,0.0,0.0,0.0,0.0,0.0,0.0,0.0,0.0,0.0,0.0,0.0,0.0,0.998876,8542.731338887643,0.236663,0.24849615000000003,0.2603293,0.27216245,0.2839956,0.29582875000000003,0.30766190000000004,0.31949505,0.3313282,0.34316135000000003,0.3549945,0.36682765,0.3786608,0.39049395000000003,0.40232710000000005,0.41416025,0.4259934,0.43782655000000004,0.4496597,0.46149285,0.473326
SF11C46889212282050980,4,,2019-05-18T04:00:00-0600,0.005701,0.005701,0.002734,0.001072,0.000269007386,0.000317425979,0.0026531199780000002,0.060958991484000004,0.00014115676,8.942018500000001e-05,4.4576119e-05,3.6212752e-05,0.000640815204,0.000269007386,0.000317425979,0.0026531199780000002,0.060958991484000004,0.00014115676,8.942018500000001e-05,4.4576119e-05,3.6212752e-05,0.000640815204,0.0,0.0,0.0,0.0,0.0,0.0,0.0,0.0,0.0,0.0,0.0,0.0,0.0,0.0,0.0,0.0,0.0,0.0,0.999101,8542.731338887643,0.236663,0.24849615000000003,0.2603293,0.27216245,0.2839956,0.29582875000000003,0.30766190000000004,0.31949505,0.3313282,0.34316135000000003,0.3549945,0.36682765,0.3786608,0.39049395000000003,0.40232710000000005,0.41416025,0.4259934,0.43782655000000004,0.4496597,0.46149285,0.473326
SF11C46889212282050980,5,,2019-05-18T05:00:00-0600,0.005701,0.005701,0.002543,0.001174,0.000269007386,0.000317425979,0.0026531199780000002,0.060958991484000004,0.00014115676,8.942018500000001e-05,4.4576119e-05,3.6212752e-05,0.000640815204,0.000269007386,0.000317425979,0.0026531199780000002,0.060958991484000004,0.00014115676,8.942018500000001e-05,4.4576119e-05,3.6212752e-05,0.000640815204,0.0,0.0,0.0,0.0,0.0,0.0,0.0,0.0,0.0,0.0,0.0,0.0,0.0,0.0,0.0,0.0,0.0,0.0,0.999251,8542.731338887643,0.236663,0.24849615000000003,0.2603293,0.27216245,0.2839956,0.29582875000000003,0.30766190000000004,0.31949505,0.3313282,0.34316135000000003,0.3549945,0.36682765,0.3786608,0.39049395000000003,0.40232710000000005,0.41416025,0.4259934,0.43782655000000004,0.4496597,0.46149285,0.473326
SF11C46889212282050980,6,,2019-05-18T06:00:00-0600,0.005701,0.005701,0.002418,0.00126,0.000269007386,0.000317425979,0.0026531199780000002,0.060958991484000004,0.00014115676,8.942018500000001e-05,4.4576119e-05,3.6212752e-05,0.000640815204,0.000269007386,0.000317425979,0.0026531199780000002,0.060958991484000004,0.00014115676,8.942018500000001e-05,4.4576119e-05,3.6212752e-05,0.000640815204,0.0,0.0,0.0,0.0,0.0,0.0,0.0,0.0,0.0,0.0,0.0,0.0,0.0,0.0,0.0,0.0,0.0,0.0,0.999358,8542.731338887643,0.236663,0.24849615000000003,0.2603293,0.27216245,0.2839956,0.29582875000000003,0.30766190000000004,0.31949505,0.3313282,0.34316135000000003,0.3549945,0.36682765,0.3786608,0.39049395000000003,0.40232710000000005,0.41416025,0.4259934,0.43782655000000004,0.4496597,0.46149285,0.473326
SF11C46889212282050980,7,,2019-05-18T07:00:00-0600,0.005701,0.005701,0.002337,0.001334,0.000269007386,0.000317425979,0.0026531199780000002,0.060958991484000004,0.00014115676,8.942018500000001e-05,4.4576119e-05,3.6212752e-05,0.000640815204,0.000269007386,0.000317425979,0.0026531199780000002,0.060958991484000004,0.00014115676,8.942018500000001e-05,4.4576119e-05,3.6212752e-05,0.000640815204,0.0,0.0,0.0,0.0,0.0,0.0,0.0,0.0,0.0,0.0,0.0,0.0,0.0,0.0,0.0,0.0,0.0,0.0,0.999438,8542.731338887643,0.236663,0.24849615000000003,0.2603293,0.27216245,0.2839956,0.29582875000000003,0.30766190000000004,0.31949505,0.3313282,0.34316135000000003,0.3549945,0.36682765,0.3786608,0.39049395000000003,0.40232710000000005,0.41416025,0.4259934,0.43782655000000004,0.4496597,0.46149285,0.473326
SF11C46889212282050980,8,,2019-05-18T08:00:00-0600,0.005701,0.005701,0.002186,0.001393,0.000269007386,0.000317425979,0.0026531199780000002,0.060958991484000004,0.00014115676,8.942018500000001e-05,4.4576119e-05,3.6212752e-05,0.000640815204,0.000269007386,0.000317425979,0.0026531199780000002,0.060958991484000004,0.00014115676,8.942018500000001e-05,4.4576119e-05,3.6212752e-05,0.000640815204,0.0,0.0,0.0,0.0,0.0,0.0,0.0,0.0,0.0,0.0,0.0,0.0,0.0,0.0,0.0,0.0,0.0,0.0,0.9995,8542.731338887643,0.236663,0.24849615000000003,0.2603293,0.27216245,0.2839956,0.29582875000000003,0.30766190000000004,0.31949505,0.3313282,0.34316135000000003,0.3549945,0.36682765,0.3786608,0.39049395000000003,0.40232710000000005,0.41416025,0.4259934,0.43782655000000004,0.4496597,0.46149285,0.473326
SF11C46889212282050980,9,,2019-05-18T09:00:00-0600,0.005701,0.005701,0.002869,0.001495,0.000269007386,0.000317425979,0.0026531199780000002,0.060958991484000004,0.00014115676,8.942018500000001e-05,4.4576119e-05,3.6212752e-05,0.000640815204,0.000269007386,0.000317425979,0.0026531199780000002,0.060958991484000004,0.00014115676,8.942018500000001e-05,4.4576119e-05,3.6212752e-05,0.000640815204,0.0,0.0,0.0,0.0,0.0,0.0,0.0,0.0,0.0,0.0,0.0,0.0,0.0,0.0,0.0,0.0,0.0,0.0,0.99955,8542.731338887643,0.236663,0.24849615000000003,0.2603293,0.27216245,0.2839956,0.29582875000000003,0.30766190000000004,0.31949505,0.3313282,0.34316135000000003,0.3549945,0.36682765,0.3786608,0.39049395000000003,0.40232710000000005,0.41416025,0.4259934,0.43782655000000004,0.4496597,0.46149285,0.473326
SF11C46889212282050980,10,,2019-05-18T10:00:00-0600,0.020004,0.020004,0.012409,0.00225,0.000943908744,0.001113802716,0.009309421512000001,0.213896450736,0.00049529904,0.00031376274000000006,0.000156411276,0.00012706540800000001,0.002248529616,0.000943908744,0.001113802716,0.009309421512000001,0.213896450736,0.00049529904,0.00031376274000000006,0.000156411276,0.00012706540800000001,0.002248529616,0.0,0.0,0.0,0.0,0.0,0.0,0.0,0.0,0.0,0.0,0.0,0.0,0.0,0.0,0.0,0.0,0.0,0.0,0.997367,29975.23201247297,0.830354,0.8718717,0.9133894,0.9549071,0.9964248,1.0379425,1.0794602,1.1209779000000002,1.1624956000000002,1.2040133000000002,1.2455310000000002,1.2870487000000002,1.3285664000000001,1.3700841000000001,1.4116018000000001,1.4531195000000001,1.4946372,1.5361549,1.5776726,1.6191903,1.660708
SF11C46889212282050980,11,,2019-05-18T11:00:00-0600,0.040008,0.040007,0.029264,0.004118,0.001887770302,0.002227549753,0.018618377646000002,0.427782208788,0.00099057332,0.000627509795,0.000312814733,0.000254124464,0.004496946828,0.001887770302,0.002227549753,0.018618377646000002,0.427782208788,0.00099057332,0.000627509795,0.000312814733,0.000254124464,0.004496946828,0.0,0.0,0.0,0.0,0.0,0.0,0.0,0.0,0.0,0.0,0.0,0.0,0.0,0.0,0.0,0.0,0.0,0.0,0.991908,59950.46402494594,1.660536,1.7435628,1.8265896,1.9096164,1.9926432,2.07567,2.1586968,2.2417236000000003,2.3247504,2.4077772,2.490804,2.5738308,2.6568576,2.7398844,2.8229112,2.905938,2.9889647999999998,3.0719916,3.1550184,3.2380452,3.321072
SF11C46889212282050980,12,,2019-05-18T12:00:00-0600,0.070014,0.070013,0.058394,0.007871,0.0033036334180000003,0.003898253827,0.032582509914,0.748626884892,0.0017335218800000002,0.0010981539050000002,0.000547431647,0.000444722576,0.007869741252,0.0033036334180000003,0.003898253827,0.032582509914,0.748626884892,0.0017335218800000002,0.0010981539050000002,0.000547431647,0.000444722576,0.007869741252,0.0,0.0,0.0,0.0,0.0,0.0,0.0,0.0,0.0,0.0,0.0,0.0,0.0,0.0,0.0,0.0,0.0,0.0,0.983757,104913.3120436554,2.905485,2.91582995,2.9261749,2.9365198500000003,2.9468648,2.95720975,2.9675547,2.97789965,2.9882446000000003,2.99858955,3.0089345,3.01927945,3.0296244,3.0399693500000002,3.0503143,3.06065925,3.0710042,3.08134915,3.0916941000000002,3.10203905,3.112384
SF11C46889212282050980,13,,2019-05-18T13:00:00-0600,0.10002,0.100019,0.092571,0.013728,0.004719496534,0.005568957901,0.046546642182,1.069471560996,0.00247647044,0.001568798015,0.000782048561,0.0006353206879999999,0.011242535676,0.004719496534,0.005568957901,0.046546642182,1.069471560996,0.00247647044,0.001568798015,0.000782048561,0.0006353206879999999,0.011242535676,0.0,0.0,0.0,0.0,0.0,0.0,0.0,0.0,0.0,0.0,0.0,0.0,0.0,0.0,0.0,0.0,0.0,0.0,0.976635,149876.16006236483,4.150046,4.18229195,4.2145379,4.24678385,4.2790298,4.31127575,4.3435217,4.37576765,4.4080136,4.44025955,4.4725055000000005,4.5047514500000005,4.5369974,4.56924335,4.6014893,4.63373525,4.6659812,4.69822715,4.7304731,4.76271905,4.794965
SF11C46889212282050980,14,,2019-05-18T14:00:00-0600,0.130026,0.130025,0.130502,0.021803,0.00613535965,0.007239661975,0.060510774450000006,1.3903162371,0.0032194190000000003,0.002039442125,0.001016665475,0.0008259188,0.0146153301,0.00613535965,0.007239661975,0.060510774450000006,1.3903162371,0.0032194190000000003,0.002039442125,0.001016665475,0.0008259188,0.0146153301,0.0,0.0,0.0,0.0,0.0,0.0,0.0,0.0,0.0,0.0,0.0,0.0,0.0,0.0,0.0,0.0,0.0,0.0,0.971716,194839.0080810743,5.39422,5.4392132,5.4842064,5.5291996,5.5741928,5.619186,5.6641791999999995,5.7091724,5.754165599999999,5.7991588,5.844151999999999,5.8891452,5.9341384,5.9791316,6.0241248,6.069118,6.1141112,6.1591043999999995,6.2040976,6.249090799999999,6.294084
SF11C46889212282050980,15,,2019-05-18T15:00:00-0600,0.160032,0.160031,0.170679,0.032097,0.007551222766,0.008910366049,0.074474906718,1.711160913204,0.00396236756,0.0025100862350000003,0.001251282389,0.0010165169120000001,0.017988124524,0.007551222766,0.008910366049,0.074474906718,1.711160913204,0.00396236756,0.0025100862350000003,0.001251282389,0.0010165169120000001,0.017988124524,0.0,0.0,0.0,0.0,0.0,0.0,0.0,0.0,0.0,0.0,0.0,0.0,0.0,0.0,0.0,0.0,0.0,0.0,0.968279,239801.85609978376,6.638007,6.68795675,6.7379065,6.78785625,6.837806,6.88775575,6.9377055,6.9876552499999995,7.037605,7.08755475,7.1375045,7.18745425,7.237404,7.28735375,7.3373035,7.38725325,7.437203,7.48715275,7.5371025,7.58705225,7.637002
SF11C46889212282050980,16,,2019-05-18T16:00:00-0600,0.170034,0.170034,0.189175,0.042959,0.008023224324,0.009467323086,0.079130082852,1.8181198312559999,0.0042100418399999995,0.00266698329,0.0013294958459999999,0.001080055968,0.019112501736,0.008023224324,0.009467323086,0.079130082852,1.8181198312559999,0.0042100418399999995,0.00266698329,0.0013294958459999999,0.001080055968,0.019112501736,0.0,0.0,0.0,0.0,0.0,0.0,0.0,0.0,0.0,0.0,0.0,0.0,0.0,0.0,0.0,0.0,0.0,0.0,0.970376,254789.47210602023,7.052517,7.07996835,7.1074196999999995,7.13487105,7.1623224,7.18977375,7.2172251,7.24467645,7.2721278,7.29957915,7.327030499999999,7.35448185,7.3819332,7.4093845499999995,7.4368359,7.46428725,7.4917386,7.5191899499999995,7.546641299999999,7.57409265,7.601544
SF11C46889212282050980,17,,2019-05-18T17:00:00-0600,0.120024,0.120025,0.136906,0.049455,0.00566349965,0.006682871975,0.05585699445,1.2833893971,0.002971819,0.0018825921250000001,0.000938475475,0.0007623988,0.013491290100000001,0.00566349965,0.006682871975,0.05585699445,1.2833893971,0.002971819,0.0018825921250000001,0.000938475475,0.0007623988,0.013491290100000001,0.0,0.0,0.0,0.0,0.0,0.0,0.0,0.0,0.0,0.0,0.0,0.0,0.0,0.0,0.0,0.0,0.0,0.0,0.984167,179851.39207483782,4.979539,5.22851595,5.4774929,5.72646985,5.9754468,6.22442375,6.4734007,6.72237765,6.9713546,7.22033155,7.4693085,7.71828545,7.9672624,8.21623935,8.4652163,8.714193250000001,8.9631702,9.21214715,9.4611241,9.710101049999999,9.959078
SF11C46889212282050980,18,,2019-05-18T18:00:00-0600,0.070014,0.070015,0.080523,0.051603,0.0033037277899999997,0.0038983651849999997,0.03258344067,0.7486482702599999,0.0017335713999999999,0.001098185275,0.0005474472849999999,0.00044473527999999994,0.007869966059999999,0.0033037277899999997,0.0038983651849999997,0.03258344067,0.7486482702599999,0.0017335713999999999,0.001098185275,0.0005474472849999999,0.00044473527999999994,0.007869966059999999,0.0,0.0,0.0,0.0,0.0,0.0,0.0,0.0,0.0,0.0,0.0,0.0,0.0,0.0,0.0,0.0,0.0,0.0,0.994401,104913.3120436554,2.905485,3.05075925,3.1960335,3.34130775,3.4865820000000003,3.6318562500000002,3.7771305,3.92240475,4.067679,4.21295325,4.3582275,4.50350175,4.648776,4.79405025,4.9393245,5.08459875,5.2298729999999995,5.3751472499999995,5.520421499999999,5.665695749999999,5.810969999999999
SF11C46889212282050980,19,,2019-05-18T19:00:00-0600,0.040008,0.040009,0.045635,0.051191,0.001887864674,0.002227661111,0.018619308402,0.427803594156,0.0009906228400000001,0.0006275411650000001,0.000312830371,0.000254137168,0.004497171636,0.001887864674,0.002227661111,0.018619308402,0.427803594156,0.0009906228400000001,0.0006275411650000001,0.000312830371,0.000254137168,0.004497171636,0.0,0.0,0.0,0.0,0.0,0.0,0.0,0.0,0.0,0.0,0.0,0.0,0.0,0.0,0.0,0.0,0.0,0.0,0.998224,59950.46402494594,1.660536,1.7435628,1.8265896,1.9096164,1.9926432,2.07567,2.1586968,2.2417236000000003,2.3247504,2.4077772,2.490804,2.5738308,2.6568576,2.7398844,2.8229112,2.905938,2.9889647999999998,3.0719916,3.1550184,3.2380452,3.321072
SF11C46889212282050980,20,,2019-05-18T20:00:00-0600,0.005701,0.005702,0.006343,0.048089,0.00026905457199999995,0.00031748165799999996,0.002653585356,0.06096968416799999,0.00014118152,8.943586999999999e-05,4.4583937999999996e-05,3.6219104e-05,0.000640927608,0.00026905457199999995,0.00031748165799999996,0.002653585356,0.06096968416799999,0.00014118152,8.943586999999999e-05,4.4583937999999996e-05,3.6219104e-05,0.000640927608,0.0,0.0,0.0,0.0,0.0,0.0,0.0,0.0,0.0,0.0,0.0,0.0,0.0,0.0,0.0,0.0,0.0,0.0,0.999895,8542.731338887643,0.236663,0.24849615000000003,0.2603293,0.27216245,0.2839956,0.29582875000000003,0.30766190000000004,0.31949505,0.3313282,0.34316135000000003,0.3549945,0.36682765,0.3786608,0.39049395000000003,0.40232710000000005,0.41416025,0.4259934,0.43782655000000004,0.4496597,0.46149285,0.473326
SF11C46889212282050980,21,,2019-05-18T21:00:00-0600,0.005701,0.005701,0.00608,0.045185,0.000269007386,0.000317425979,0.0026531199780000002,0.060958991484000004,0.00014115676,8.942018500000001e-05,4.4576119e-05,3.6212752e-05,0.000640815204,0.000269007386,0.000317425979,0.0026531199780000002,0.060958991484000004,0.00014115676,8.942018500000001e-05,4.4576119e-05,3.6212752e-05,0.000640815204,0.0,0.0,0.0,0.0,0.0,0.0,0.0,0.0,0.0,0.0,0.0,0.0,0.0,0.0,0.0,0.0,0.0,0.0,0.999974,8542.731338887643,0.236663,0.24849615000000003,0.2603293,0.27216245,0.2839956,0.29582875000000003,0.30766190000000004,0.31949505,0.3313282,0.34316135000000003,0.3549945,0.36682765,0.3786608,0.39049395000000003,0.40232710000000005,0.41416025,0.4259934,0.43782655000000004,0.4496597,0.46149285,0.473326
SF11C46889212282050980,22,,2019-05-18T22:00:00-0600,0.005701,0.005701,0.005722,0.042456,0.000269007386,0.000317425979,0.0026531199780000002,0.060958991484000004,0.00014115676,8.942018500000001e-05,4.4576119e-05,3.6212752e-05,0.000640815204,0.000269007386,0.000317425979,0.0026531199780000002,0.060958991484000004,0.00014115676,8.942018500000001e-05,4.4576119e-05,3.6212752e-05,0.000640815204,0.0,0.0,0.0,0.0,0.0,0.0,0.0,0.0,0.0,0.0,0.0,0.0,0.0,0.0,0.0,0.0,0.0,0.0,0.999974,8542.731338887643,0.236663,0.24849615000000003,0.2603293,0.27216245,0.2839956,0.29582875000000003,0.30766190000000004,0.31949505,0.3313282,0.34316135000000003,0.3549945,0.36682765,0.3786608,0.39049395000000003,0.40232710000000005,0.41416025,0.4259934,0.43782655000000004,0.4496597,0.46149285,0.473326
SF11C46889212282050980,23,,2019-05-18T23:00:00-0600,0.005701,0.005701,0.005277,0.039885,0.000269007386,0.000317425979,0.0026531199780000002,0.060958991484000004,0.00014115676,8.942018500000001e-05,4.4576119e-05,3.6212752e-05,0.000640815204,0.000269007386,0.000317425979,0.0026531199780000002,0.060958991484000004,0.00014115676,8.942018500000001e-05,4.4576119e-05,3.6212752e-05,0.000640815204,0.0,0.0,0.0,0.0,0.0,0.0,0.0,0.0,0.0,0.0,0.0,0.0,0.0,0.0,0.0,0.0,0.0,0.0,0.999974,8542.731338887643,0.236663,0.24849615000000003,0.2603293,0.27216245,0.2839956,0.29582875000000003,0.30766190000000004,0.31949505,0.3313282,0.34316135000000003,0.3549945,0.36682765,0.3786608,0.39049395000000003,0.40232710000000005,0.41416025,0.4259934,0.43782655000000004,0.4496597,0.46149285,0.473326
SF11C46889312282050980,0,,2019-05-18T00:00:00-0600,0.005701,0.005701,0.004755,0.000329,0.000269007386,0.000317425979,0.0026531199780000002,0.060958991484000004,0.00014115676,8.942018500000001e-05,4.4576119e-05,3.6212752e-05,0.000640815204,0.000269007386,0.000317425979,0.0026531199780000002,0.060958991484000004,0.00014115676,8.942018500000001e-05,4.4576119e-05,3.6212752e-05,0.000640815204,0.0,0.0,0.0,0.0,0.0,0.0,0.0,0.0,0.0,0.0,0.0,0.0,0.0,0.0,0.0,0.0,0.0,0.0,0.997752,8542.731338887643,0.236663,0.24849615000000003,0.2603293,0.27216245,0.2839956,0.29582875000000003,0.30766190000000004,0.31949505,0.3313282,0.34316135000000003,0.3549945,0.36682765,0.3786608,0.39049395000000003,0.40232710000000005,0.41416025,0.4259934,0.43782655000000004,0.4496597,0.46149285,0.473326
SF11C46889312282050980,1,,2019-05-18T01:00:00-0600,0.005701,0.005701,0.00417,0.000594,0.000269007386,0.000317425979,0.0026531199780000002,0.060958991484000004,0.00014115676,8.942018500000001e-05,4.4576119e-05,3.6212752e-05,0.000640815204,0.000269007386,0.000317425979,0.0026531199780000002,0.060958991484000004,0.00014115676,8.942018500000001e-05,4.4576119e-05,3.6212752e-05,0.000640815204,0.0,0.0,0.0,0.0,0.0,0.0,0.0,0.0,0.0,0.0,0.0,0.0,0.0,0.0,0.0,0.0,0.0,0.0,0.997752,8542.731338887643,0.236663,0.24849615000000003,0.2603293,0.27216245,0.2839956,0.29582875000000003,0.30766190000000004,0.31949505,0.3313282,0.34316135000000003,0.3549945,0.36682765,0.3786608,0.39049395000000003,0.40232710000000005,0.41416025,0.4259934,0.43782655000000004,0.4496597,0.46149285,0.473326
SF11C46889312282050980,2,,2019-05-18T02:00:00-0600,0.005701,0.005701,0.003478,0.000794,0.000269007386,0.000317425979,0.0026531199780000002,0.060958991484000004,0.00014115676,8.942018500000001e-05,4.4576119e-05,3.6212752e-05,0.000640815204,0.000269007386,0.000317425979,0.0026531199780000002,0.060958991484000004,0.00014115676,8.942018500000001e-05,4.4576119e-05,3.6212752e-05,0.000640815204,0.0,0.0,0.0,0.0,0.0,0.0,0.0,0.0,0.0,0.0,0.0,0.0,0.0,0.0,0.0,0.0,0.0,0.0,0.998501,8542.731338887643,0.236663,0.24849615000000003,0.2603293,0.27216245,0.2839956,0.29582875000000003,0.30766190000000004,0.31949505,0.3313282,0.34316135000000003,0.3549945,0.36682765,0.3786608,0.39049395000000003,0.40232710000000005,0.41416025,0.4259934,0.43782655000000004,0.4496597,0.46149285,0.473326
SF11C46889312282050980,3,,2019-05-18T03:00:00-0600,0.005701,0.005701,0.003028,0.000948,0.000269007386,0.000317425979,0.0026531199780000002,0.060958991484000004,0.00014115676,8.942018500000001e-05,4.4576119e-05,3.6212752e-05,0.000640815204,0.000269007386,0.000317425979,0.0026531199780000002,0.060958991484000004,0.00014115676,8.942018500000001e-05,4.4576119e-05,3.6212752e-05,0.000640815204,0.0,0.0,0.0,0.0,0.0,0.0,0.0,0.0,0.0,0.0,0.0,0.0,0.0,0.0,0.0,0.0,0.0,0.0,0.998876,8542.731338887643,0.236663,0.24849615000000003,0.2603293,0.27216245,0.2839956,0.29582875000000003,0.30766190000000004,0.31949505,0.3313282,0.34316135000000003,0.3549945,0.36682765,0.3786608,0.39049395000000003,0.40232710000000005,0.41416025,0.4259934,0.43782655000000004,0.4496597,0.46149285,0.473326
SF11C46889312282050980,4,,2019-05-18T04:00:00-0600,0.005701,0.005701,0.002734,0.001072,0.000269007386,0.000317425979,0.0026531199780000002,0.060958991484000004,0.00014115676,8.942018500000001e-05,4.4576119e-05,3.6212752e-05,0.000640815204,0.000269007386,0.000317425979,0.0026531199780000002,0.060958991484000004,0.00014115676,8.942018500000001e-05,4.4576119e-05,3.6212752e-05,0.000640815204,0.0,0.0,0.0,0.0,0.0,0.0,0.0,0.0,0.0,0.0,0.0,0.0,0.0,0.0,0.0,0.0,0.0,0.0,0.999101,8542.731338887643,0.236663,0.24849615000000003,0.2603293,0.27216245,0.2839956,0.29582875000000003,0.30766190000000004,0.31949505,0.3313282,0.34316135000000003,0.3549945,0.36682765,0.3786608,0.39049395000000003,0.40232710000000005,0.41416025,0.4259934,0.43782655000000004,0.4496597,0.46149285,0.473326
SF11C46889312282050980,5,,2019-05-18T05:00:00-0600,0.005701,0.005701,0.002543,0.001174,0.000269007386,0.000317425979,0.0026531199780000002,0.060958991484000004,0.00014115676,8.942018500000001e-05,4.4576119e-05,3.6212752e-05,0.000640815204,0.000269007386,0.000317425979,0.0026531199780000002,0.060958991484000004,0.00014115676,8.942018500000001e-05,4.4576119e-05,3.6212752e-05,0.000640815204,0.0,0.0,0.0,0.0,0.0,0.0,0.0,0.0,0.0,0.0,0.0,0.0,0.0,0.0,0.0,0.0,0.0,0.0,0.999251,8542.731338887643,0.236663,0.24849615000000003,0.2603293,0.27216245,0.2839956,0.29582875000000003,0.30766190000000004,0.31949505,0.3313282,0.34316135000000003,0.3549945,0.36682765,0.3786608,0.39049395000000003,0.40232710000000005,0.41416025,0.4259934,0.43782655000000004,0.4496597,0.46149285,0.473326
SF11C46889312282050980,6,,2019-05-18T06:00:00-0600,0.005701,0.005701,0.002418,0.00126,0.000269007386,0.000317425979,0.0026531199780000002,0.060958991484000004,0.00014115676,8.942018500000001e-05,4.4576119e-05,3.6212752e-05,0.000640815204,0.000269007386,0.000317425979,0.0026531199780000002,0.060958991484000004,0.00014115676,8.942018500000001e-05,4.4576119e-05,3.6212752e-05,0.000640815204,0.0,0.0,0.0,0.0,0.0,0.0,0.0,0.0,0.0,0.0,0.0,0.0,0.0,0.0,0.0,0.0,0.0,0.0,0.999358,8542.731338887643,0.236663,0.24849615000000003,0.2603293,0.27216245,0.2839956,0.29582875000000003,0.30766190000000004,0.31949505,0.3313282,0.34316135000000003,0.3549945,0.36682765,0.3786608,0.39049395000000003,0.40232710000000005,0.41416025,0.4259934,0.43782655000000004,0.4496597,0.46149285,0.473326
SF11C46889312282050980,7,,2019-05-18T07:00:00-0600,0.005701,0.005701,0.002337,0.001334,0.000269007386,0.000317425979,0.0026531199780000002,0.060958991484000004,0.00014115676,8.942018500000001e-05,4.4576119e-05,3.6212752e-05,0.000640815204,0.000269007386,0.000317425979,0.0026531199780000002,0.060958991484000004,0.00014115676,8.942018500000001e-05,4.4576119e-05,3.6212752e-05,0.000640815204,0.0,0.0,0.0,0.0,0.0,0.0,0.0,0.0,0.0,0.0,0.0,0.0,0.0,0.0,0.0,0.0,0.0,0.0,0.999438,8542.731338887643,0.236663,0.24849615000000003,0.2603293,0.27216245,0.2839956,0.29582875000000003,0.30766190000000004,0.31949505,0.3313282,0.34316135000000003,0.3549945,0.36682765,0.3786608,0.39049395000000003,0.40232710000000005,0.41416025,0.4259934,0.43782655000000004,0.4496597,0.46149285,0.473326
SF11C46889312282050980,8,,2019-05-18T08:00:00-0600,0.005701,0.005701,0.002186,0.001393,0.000269007386,0.000317425979,0.0026531199780000002,0.060958991484000004,0.00014115676,8.942018500000001e-05,4.4576119e-05,3.6212752e-05,0.000640815204,0.000269007386,0.000317425979,0.0026531199780000002,0.060958991484000004,0.00014115676,8.942018500000001e-05,4.4576119e-05,3.6212752e-05,0.000640815204,0.0,0.0,0.0,0.0,0.0,0.0,0.0,0.0,0.0,0.0,0.0,0.0,0.0,0.0,0.0,0.0,0.0,0.0,0.9995,8542.731338887643,0.236663,0.24849615000000003,0.2603293,0.27216245,0.2839956,0.29582875000000003,0.30766190000000004,0.31949505,0.3313282,0.34316135000000003,0.3549945,0.36682765,0.3786608,0.39049395000000003,0.40232710000000005,0.41416025,0.4259934,0.43782655000000004,0.4496597,0.46149285,0.473326
SF11C46889312282050980,9,,2019-05-18T09:00:00-0600,0.005701,0.005701,0.002869,0.001495,0.000269007386,0.000317425979,0.0026531199780000002,0.060958991484000004,0.00014115676,8.942018500000001e-05,4.4576119e-05,3.6212752e-05,0.000640815204,0.000269007386,0.000317425979,0.0026531199780000002,0.060958991484000004,0.00014115676,8.942018500000001e-05,4.4576119e-05,3.6212752e-05,0.000640815204,0.0,0.0,0.0,0.0,0.0,0.0,0.0,0.0,0.0,0.0,0.0,0.0,0.0,0.0,0.0,0.0,0.0,0.0,0.99955,8542.731338887643,0.236663,0.24849615000000003,0.2603293,0.27216245,0.2839956,0.29582875000000003,0.30766190000000004,0.31949505,0.3313282,0.34316135000000003,0.3549945,0.36682765,0.3786608,0.39049395000000003,0.40232710000000005,0.41416025,0.4259934,0.43782655000000004,0.4496597,0.46149285,0.473326
SF11C46889312282050980,10,,2019-05-18T10:00:00-0600,0.020004,0.020004,0.012409,0.00225,0.000943908744,0.001113802716,0.009309421512000001,0.213896450736,0.00049529904,0.00031376274000000006,0.000156411276,0.00012706540800000001,0.002248529616,0.000943908744,0.001113802716,0.009309421512000001,0.213896450736,0.00049529904,0.00031376274000000006,0.000156411276,0.00012706540800000001,0.002248529616,0.0,0.0,0.0,0.0,0.0,0.0,0.0,0.0,0.0,0.0,0.0,0.0,0.0,0.0,0.0,0.0,0.0,0.0,0.997367,29975.23201247297,0.830354,0.8718717,0.9133894,0.9549071,0.9964248,1.0379425,1.0794602,1.1209779000000002,1.1624956000000002,1.2040133000000002,1.2455310000000002,1.2870487000000002,1.3285664000000001,1.3700841000000001,1.4116018000000001,1.4531195000000001,1.4946372,1.5361549,1.5776726,1.6191903,1.660708
SF11C46889312282050980,11,,2019-05-18T11:00:00-0600,0.040008,0.040007,0.029264,0.004118,0.001887770302,0.002227549753,0.018618377646000002,0.427782208788,0.00099057332,0.000627509795,0.000312814733,0.000254124464,0.004496946828,0.001887770302,0.002227549753,0.018618377646000002,0.427782208788,0.00099057332,0.000627509795,0.000312814733,0.000254124464,0.004496946828,0.0,0.0,0.0,0.0,0.0,0.0,0.0,0.0,0.0,0.0,0.0,0.0,0.0,0.0,0.0,0.0,0.0,0.0,0.991908,59950.46402494594,1.660536,1.7435628,1.8265896,1.9096164,1.9926432,2.07567,2.1586968,2.2417236000000003,2.3247504,2.4077772,2.490804,2.5738308,2.6568576,2.7398844,2.8229112,2.905938,2.9889647999999998,3.0719916,3.1550184,3.2380452,3.321072
SF11C46889312282050980,12,,2019-05-18T12:00:00-0600,0.070014,0.070013,0.058394,0.007871,0.0033036334180000003,0.003898253827,0.032582509914,0.748626884892,0.0017335218800000002,0.0010981539050000002,0.000547431647,0.000444722576,0.007869741252,0.0033036334180000003,0.003898253827,0.032582509914,0.748626884892,0.0017335218800000002,0.0010981539050000002,0.000547431647,0.000444722576,0.007869741252,0.0,0.0,0.0,0.0,0.0,0.0,0.0,0.0,0.0,0.0,0.0,0.0,0.0,0.0,0.0,0.0,0.0,0.0,0.983757,104913.3120436554,2.905485,2.91582995,2.9261749,2.9365198500000003,2.9468648,2.95720975,2.9675547,2.97789965,2.9882446000000003,2.99858955,3.0089345,3.01927945,3.0296244,3.0399693500000002,3.0503143,3.06065925,3.0710042,3.08134915,3.0916941000000002,3.10203905,3.112384
SF11C46889312282050980,13,,2019-05-18T13:00:00-0600,0.10002,0.100019,0.092571,0.013728,0.004719496534,0.005568957901,0.046546642182,1.069471560996,0.00247647044,0.001568798015,0.000782048561,0.0006353206879999999,0.011242535676,0.004719496534,0.005568957901,0.046546642182,1.069471560996,0.00247647044,0.001568798015,0.000782048561,0.0006353206879999999,0.011242535676,0.0,0.0,0.0,0.0,0.0,0.0,0.0,0.0,0.0,0.0,0.0,0.0,0.0,0.0,0.0,0.0,0.0,0.0,0.976635,149876.16006236483,4.150046,4.18229195,4.2145379,4.24678385,4.2790298,4.31127575,4.3435217,4.37576765,4.4080136,4.44025955,4.4725055000000005,4.5047514500000005,4.5369974,4.56924335,4.6014893,4.63373525,4.6659812,4.69822715,4.7304731,4.76271905,4.794965
SF11C46889312282050980,14,,2019-05-18T14:00:00-0600,0.130026,0.130025,0.130502,0.021803,0.00613535965,0.007239661975,0.060510774450000006,1.3903162371,0.0032194190000000003,0.002039442125,0.001016665475,0.0008259188,0.0146153301,0.00613535965,0.007239661975,0.060510774450000006,1.3903162371,0.0032194190000000003,0.002039442125,0.001016665475,0.0008259188,0.0146153301,0.0,0.0,0.0,0.0,0.0,0.0,0.0,0.0,0.0,0.0,0.0,0.0,0.0,0.0,0.0,0.0,0.0,0.0,0.971716,194839.0080810743,5.39422,5.4392132,5.4842064,5.5291996,5.5741928,5.619186,5.6641791999999995,5.7091724,5.754165599999999,5.7991588,5.844151999999999,5.8891452,5.9341384,5.9791316,6.0241248,6.069118,6.1141112,6.1591043999999995,6.2040976,6.249090799999999,6.294084
SF11C46889312282050980,15,,2019-05-18T15:00:00-0600,0.160032,0.160031,0.170679,0.032097,0.007551222766,0.008910366049,0.074474906718,1.711160913204,0.00396236756,0.0025100862350000003,0.001251282389,0.0010165169120000001,0.017988124524,0.007551222766,0.008910366049,0.074474906718,1.711160913204,0.00396236756,0.0025100862350000003,0.001251282389,0.0010165169120000001,0.017988124524,0.0,0.0,0.0,0.0,0.0,0.0,0.0,0.0,0.0,0.0,0.0,0.0,0.0,0.0,0.0,0.0,0.0,0.0,0.968279,239801.85609978376,6.638007,6.68795675,6.7379065,6.78785625,6.837806,6.88775575,6.9377055,6.9876552499999995,7.037605,7.08755475,7.1375045,7.18745425,7.237404,7.28735375,7.3373035,7.38725325,7.437203,7.48715275,7.5371025,7.58705225,7.637002
SF11C46889312282050980,16,,2019-05-18T16:00:00-0600,0.170034,0.170034,0.189175,0.042959,0.008023224324,0.009467323086,0.079130082852,1.8181198312559999,0.0042100418399999995,0.00266698329,0.0013294958459999999,0.001080055968,0.019112501736,0.008023224324,0.009467323086,0.079130082852,1.8181198312559999,0.0042100418399999995,0.00266698329,0.0013294958459999999,0.001080055968,0.019112501736,0.0,0.0,0.0,0.0,0.0,0.0,0.0,0.0,0.0,0.0,0.0,0.0,0.0,0.0,0.0,0.0,0.0,0.0,0.970376,254789.47210602023,7.052517,7.07996835,7.1074196999999995,7.13487105,7.1623224,7.18977375,7.2172251,7.24467645,7.2721278,7.29957915,7.327030499999999,7.35448185,7.3819332,7.4093845499999995,7.4368359,7.46428725,7.4917386,7.5191899499999995,7.546641299999999,7.57409265,7.601544
SF11C46889312282050980,17,,2019-05-18T17:00:00-0600,0.120024,0.120025,0.136906,0.049455,0.00566349965,0.006682871975,0.05585699445,1.2833893971,0.002971819,0.0018825921250000001,0.000938475475,0.0007623988,0.013491290100000001,0.00566349965,0.006682871975,0.05585699445,1.2833893971,0.002971819,0.0018825921250000001,0.000938475475,0.0007623988,0.013491290100000001,0.0,0.0,0.0,0.0,0.0,0.0,0.0,0.0,0.0,0.0,0.0,0.0,0.0,0.0,0.0,0.0,0.0,0.0,0.984167,179851.39207483782,4.979539,5.22851595,5.4774929,5.72646985,5.9754468,6.22442375,6.4734007,6.72237765,6.9713546,7.22033155,7.4693085,7.71828545,7.9672624,8.21623935,8.4652163,8.714193250000001,8.9631702,9.21214715,9.4611241,9.710101049999999,9.959078
SF11C46889312282050980,18,,2019-05-18T18:00:00-0600,0.070014,0.070015,0.080523,0.051603,0.0033037277899999997,0.0038983651849999997,0.03258344067,0.7486482702599999,0.0017335713999999999,0.001098185275,0.0005474472849999999,0.00044473527999999994,0.007869966059999999,0.0033037277899999997,0.0038983651849999997,0.03258344067,0.7486482702599999,0.0017335713999999999,0.001098185275,0.0005474472849999999,0.00044473527999999994,0.007869966059999999,0.0,0.0,0.0,0.0,0.0,0.0,0.0,0.0,0.0,0.0,0.0,0.0,0.0,0.0,0.0,0.0,0.0,0.0,0.994401,104913.3120436554,2.905485,3.05075925,3.1960335,3.34130775,3.4865820000000003,3.6318562500000002,3.7771305,3.92240475,4.067679,4.21295325,4.3582275,4.50350175,4.648776,4.79405025,4.9393245,5.08459875,5.2298729999999995,5.3751472499999995,5.520421499999999,5.665695749999999,5.810969999999999
SF11C46889312282050980,19,,2019-05-18T19:00:00-0600,0.040008,0.040009,0.045635,0.051191,0.001887864674,0.002227661111,0.018619308402,0.427803594156,0.0009906228400000001,0.0006275411650000001,0.000312830371,0.000254137168,0.004497171636,0.001887864674,0.002227661111,0.018619308402,0.427803594156,0.0009906228400000001,0.0006275411650000001,0.000312830371,0.000254137168,0.004497171636,0.0,0.0,0.0,0.0,0.0,0.0,0.0,0.0,0.0,0.0,0.0,0.0,0.0,0.0,0.0,0.0,0.0,0.0,0.998224,59950.46402494594,1.660536,1.7435628,1.8265896,1.9096164,1.9926432,2.07567,2.1586968,2.2417236000000003,2.3247504,2.4077772,2.490804,2.5738308,2.6568576,2.7398844,2.8229112,2.905938,2.9889647999999998,3.0719916,3.1550184,3.2380452,3.321072
SF11C46889312282050980,20,,2019-05-18T20:00:00-0600,0.005701,0.005702,0.006343,0.048089,0.00026905457199999995,0.00031748165799999996,0.002653585356,0.06096968416799999,0.00014118152,8.943586999999999e-05,4.4583937999999996e-05,3.6219104e-05,0.000640927608,0.00026905457199999995,0.00031748165799999996,0.002653585356,0.06096968416799999,0.00014118152,8.943586999999999e-05,4.4583937999999996e-05,3.6219104e-05,0.000640927608,0.0,0.0,0.0,0.0,0.0,0.0,0.0,0.0,0.0,0.0,0.0,0.0,0.0,0.0,0.0,0.0,0.0,0.0,0.999895,8542.731338887643,0.236663,0.24849615000000003,0.2603293,0.27216245,0.2839956,0.29582875000000003,0.30766190000000004,0.31949505,0.3313282,0.34316135000000003,0.3549945,0.36682765,0.3786608,0.39049395000000003,0.40232710000000005,0.41416025,0.4259934,0.43782655000000004,0.4496597,0.46149285,0.473326
SF11C46889312282050980,21,,2019-05-18T21:00:00-0600,0.005701,0.005701,0.00608,0.045185,0.000269007386,0.000317425979,0.0026531199780000002,0.060958991484000004,0.00014115676,8.942018500000001e-05,4.4576119e-05,3.6212752e-05,0.000640815204,0.000269007386,0.000317425979,0.0026531199780000002,0.060958991484000004,0.00014115676,8.942018500000001e-05,4.4576119e-05,3.6212752e-05,0.000640815204,0.0,0.0,0.0,0.0,0.0,0.0,0.0,0.0,0.0,0.0,0.0,0.0,0.0,0.0,0.0,0.0,0.0,0.0,0.999974,8542.731338887643,0.236663,0.24849615000000003,0.2603293,0.27216245,0.2839956,0.29582875000000003,0.30766190000000004,0.31949505,0.3313282,0.34316135000000003,0.3549945,0.36682765,0.3786608,0.39049395000000003,0.40232710000000005,0.41416025,0.4259934,0.43782655000000004,0.4496597,0.46149285,0.473326
SF11C46889312282050980,22,,2019-05-18T22:00:00-0600,0.005701,0.005701,0.005722,0.042456,0.000269007386,0.000317425979,0.0026531199780000002,0.060958991484000004,0.00014115676,8.942018500000001e-05,4.4576119e-05,3.6212752e-05,0.000640815204,0.000269007386,0.000317425979,0.0026531199780000002,0.060958991484000004,0.00014115676,8.942018500000001e-05,4.4576119e-05,3.6212752e-05,0.000640815204,0.0,0.0,0.0,0.0,0.0,0.0,0.0,0.0,0.0,0.0,0.0,0.0,0.0,0.0,0.0,0.0,0.0,0.0,0.999974,8542.731338887643,0.236663,0.24849615000000003,0.2603293,0.27216245,0.2839956,0.29582875000000003,0.30766190000000004,0.31949505,0.3313282,0.34316135000000003,0.3549945,0.36682765,0.3786608,0.39049395000000003,0.40232710000000005,0.41416025,0.4259934,0.43782655000000004,0.4496597,0.46149285,0.473326
SF11C46889312282050980,23,,2019-05-18T23:00:00-0600,0.005701,0.005701,0.005277,0.039885,0.000269007386,0.000317425979,0.0026531199780000002,0.060958991484000004,0.00014115676,8.942018500000001e-05,4.4576119e-05,3.6212752e-05,0.000640815204,0.000269007386,0.000317425979,0.0026531199780000002,0.060958991484000004,0.00014115676,8.942018500000001e-05,4.4576119e-05,3.6212752e-05,0.000640815204,0.0,0.0,0.0,0.0,0.0,0.0,0.0,0.0,0.0,0.0,0.0,0.0,0.0,0.0,0.0,0.0,0.0,0.0,0.999974,8542.731338887643,0.236663,0.24849615000000003,0.2603293,0.27216245,0.2839956,0.29582875000000003,0.30766190000000004,0.31949505,0.3313282,0.34316135000000003,0.3549945,0.36682765,0.3786608,0.39049395000000003,0.40232710000000005,0.41416025,0.4259934,0.43782655000000004,0.4496597,0.46149285,0.473326
SF11C46889412282050980,0,,2019-05-18T00:00:00-0600,0.005701,0.005701,0.004755,0.000329,0.000807022158,0.000952283638,0.007959365635,0.182876968751,0.000423464579,0.00026826625600000003,0.000133734058,0.000108638256,0.001922439911,0.000807022158,0.000952283638,0.007959365635,0.182876968751,0.000423464579,0.00026826625600000003,0.000133734058,0.000108638256,0.001922439911,0.0,0.0,0.0,0.0,0.0,0.0,0.0,0.0,0.0,0.0,0.0,0.0,0.0,0.0,0.0,0.0,0.0,0.0,0.993255,76884.58201313752,0.709946,0.71120065,0.7124553,0.7137099499999999,0.7149646,0.71621925,0.7174739,0.71872855,0.7199831999999999,0.72123785,0.7224925,0.72374715,0.7250018,0.7262564499999999,0.7275111,0.72876575,0.7300204,0.73127505,0.7325297,0.73378435,0.735039
SF11C46889412282050980,1,,2019-05-18T01:00:00-0600,0.005701,0.005701,0.00417,0.000594,0.000807022158,0.000952283638,0.007959365635,0.182876968751,0.000423464579,0.00026826625600000003,0.000133734058,0.000108638256,0.001922439911,0.000807022158,0.000952283638,0.007959365635,0.182876968751,0.000423464579,0.00026826625600000003,0.000133734058,0.000108638256,0.001922439911,0.0,0.0,0.0,0.0,0.0,0.0,0.0,0.0,0.0,0.0,0.0,0.0,0.0,0.0,0.0,0.0,0.0,0.0,0.993255,76884.58201313752,0.709946,0.7138762,0.7178064,0.7217366,0.7256668,0.7295969999999999,0.7335271999999999,0.7374573999999999,0.7413875999999999,0.7453177999999999,0.7492479999999999,0.7531782,0.7571084,0.7610386,0.7649688,0.768899,0.7728292,0.7767594,0.7806896,0.7846198,0.78855
SF11C46889412282050980,2,,2019-05-18T02:00:00-0600,0.005701,0.005701,0.003478,0.000794,0.000807022158,0.000952283638,0.007959365635,0.182876968751,0.000423464579,0.00026826625600000003,0.000133734058,0.000108638256,0.001922439911,0.000807022158,0.000952283638,0.007959365635,0.182876968751,0.000423464579,0.00026826625600000003,0.000133734058,0.000108638256,0.001922439911,0.0,0.0,0.0,0.0,0.0,0.0,0.0,0.0,0.0,0.0,0.0,0.0,0.0,0.0,0.0,0.0,0.0,0.0,0.995503,76884.58201313752,0.709946,0.7454432999999999,0.7809406,0.8164378999999999,0.8519352,0.8874325,0.9229297999999999,0.9584271,0.9939243999999999,1.0294216999999999,1.064919,1.1004163,1.1359135999999999,1.1714109,1.2069082,1.2424054999999998,1.2779028,1.3134001,1.3488973999999998,1.3843946999999999,1.419892
SF11C46889412282050980,3,,2019-05-18T03:00:00-0600,0.005701,0.005701,0.003028,0.000948,0.000807022158,0.000952283638,0.007959365635,0.182876968751,0.000423464579,0.00026826625600000003,0.000133734058,0.000108638256,0.001922439911,0.000807022158,0.000952283638,0.007959365635,0.182876968751,0.000423464579,0.00026826625600000003,0.000133734058,0.000108638256,0.001922439911,0.0,0.0,0.0,0.0,0.0,0.0,0.0,0.0,0.0,0.0,0.0,0.0,0.0,0.0,0.0,0.0,0.0,0.0,0.996627,76884.58201313752,0.709946,0.7454432999999999,0.7809406,0.8164378999999999,0.8519352,0.8874325,0.9229297999999999,0.9584271,0.9939243999999999,1.0294216999999999,1.064919,1.1004163,1.1359135999999999,1.1714109,1.2069082,1.2424054999999998,1.2779028,1.3134001,1.3488973999999998,1.3843946999999999,1.419892
SF11C46889412282050980,4,,2019-05-18T04:00:00-0600,0.005701,0.005701,0.002734,0.001072,0.000807022158,0.000952283638,0.007959365635,0.182876968751,0.000423464579,0.00026826625600000003,0.000133734058,0.000108638256,0.001922439911,0.000807022158,0.000952283638,0.007959365635,0.182876968751,0.000423464579,0.00026826625600000003,0.000133734058,0.000108638256,0.001922439911,0.0,0.0,0.0,0.0,0.0,0.0,0.0,0.0,0.0,0.0,0.0,0.0,0.0,0.0,0.0,0.0,0.0,0.0,0.997302,76884.58201313752,0.709946,0.7454432999999999,0.7809406,0.8164378999999999,0.8519352,0.8874325,0.9229297999999999,0.9584271,0.9939243999999999,1.0294216999999999,1.064919,1.1004163,1.1359135999999999,1.1714109,1.2069082,1.2424054999999998,1.2779028,1.3134001,1.3488973999999998,1.3843946999999999,1.419892
SF11C46889412282050980,5,,2019-05-18T05:00:00-0600,0.005701,0.005701,0.002543,0.001174,0.000807022158,0.000952283638,0.007959365635,0.182876968751,0.000423464579,0.00026826625600000003,0.000133734058,0.000108638256,0.001922439911,0.000807022158,0.000952283638,0.007959365635,0.182876968751,0.000423464579,0.00026826625600000003,0.000133734058,0.000108638256,0.001922439911,0.0,0.0,0.0,0.0,0.0,0.0,0.0,0.0,0.0,0.0,0.0,0.0,0.0,0.0,0.0,0.0,0.0,0.0,0.997752,76884.58201313752,0.709946,0.7454432999999999,0.7809406,0.8164378999999999,0.8519352,0.8874325,0.9229297999999999,0.9584271,0.9939243999999999,1.0294216999999999,1.064919,1.1004163,1.1359135999999999,1.1714109,1.2069082,1.2424054999999998,1.2779028,1.3134001,1.3488973999999998,1.3843946999999999,1.419892
SF11C46889412282050980,6,,2019-05-18T06:00:00-0600,0.005701,0.005701,0.002418,0.00126,0.000807022158,0.000952283638,0.007959365635,0.182876968751,0.000423464579,0.00026826625600000003,0.000133734058,0.000108638256,0.001922439911,0.000807022158,0.000952283638,0.007959365635,0.182876968751,0.000423464579,0.00026826625600000003,0.000133734058,0.000108638256,0.001922439911,0.0,0.0,0.0,0.0,0.0,0.0,0.0,0.0,0.0,0.0,0.0,0.0,0.0,0.0,0.0,0.0,0.0,0.0,0.998073,76884.58201313752,0.709946,0.7454432999999999,0.7809406,0.8164378999999999,0.8519352,0.8874325,0.9229297999999999,0.9584271,0.9939243999999999,1.0294216999999999,1.064919,1.1004163,1.1359135999999999,1.1714109,1.2069082,1.2424054999999998,1.2779028,1.3134001,1.3488973999999998,1.3843946999999999,1.419892
SF11C46889412282050980,7,,2019-05-18T07:00:00-0600,0.005701,0.005701,0.002337,0.001334,0.000807022158,0.000952283638,0.007959365635,0.182876968751,0.000423464579,0.00026826625600000003,0.000133734058,0.000108638256,0.001922439911,0.000807022158,0.000952283638,0.007959365635,0.182876968751,0.000423464579,0.00026826625600000003,0.000133734058,0.000108638256,0.001922439911,0.0,0.0,0.0,0.0,0.0,0.0,0.0,0.0,0.0,0.0,0.0,0.0,0.0,0.0,0.0,0.0,0.0,0.0,0.998314,76884.58201313752,0.709946,0.7454432999999999,0.7809406,0.8164378999999999,0.8519352,0.8874325,0.9229297999999999,0.9584271,0.9939243999999999,1.0294216999999999,1.064919,1.1004163,1.1359135999999999,1.1714109,1.2069082,1.2424054999999998,1.2779028,1.3134001,1.3488973999999998,1.3843946999999999,1.419892
SF11C46889412282050980,8,,2019-05-18T08:00:00-0600,0.005701,0.005701,0.002186,0.001393,0.000807022158,0.000952283638,0.007959365635,0.182876968751,0.000423464579,0.00026826625600000003,0.000133734058,0.000108638256,0.001922439911,0.000807022158,0.000952283638,0.007959365635,0.182876968751,0.000423464579,0.00026826625600000003,0.000133734058,0.000108638256,0.001922439911,0.0,0.0,0.0,0.0,0.0,0.0,0.0,0.0,0.0,0.0,0.0,0.0,0.0,0.0,0.0,0.0,0.0,0.0,0.998501,76884.58201313752,0.709946,0.7454432999999999,0.7809406,0.8164378999999999,0.8519352,0.8874325,0.9229297999999999,0.9584271,0.9939243999999999,1.0294216999999999,1.064919,1.1004163,1.1359135999999999,1.1714109,1.2069082,1.2424054999999998,1.2779028,1.3134001,1.3488973999999998,1.3843946999999999,1.419892
SF11C46889412282050980,9,,2019-05-18T09:00:00-0600,0.005701,0.005701,0.002869,0.001495,0.000807022158,0.000952283638,0.007959365635,0.182876968751,0.000423464579,0.00026826625600000003,0.000133734058,0.000108638256,0.001922439911,0.000807022158,0.000952283638,0.007959365635,0.182876968751,0.000423464579,0.00026826625600000003,0.000133734058,0.000108638256,0.001922439911,0.0,0.0,0.0,0.0,0.0,0.0,0.0,0.0,0.0,0.0,0.0,0.0,0.0,0.0,0.0,0.0,0.0,0.0,0.998651,76884.58201313752,0.709946,0.7454432999999999,0.7809406,0.8164378999999999,0.8519352,0.8874325,0.9229297999999999,0.9584271,0.9939243999999999,1.0294216999999999,1.064919,1.1004163,1.1359135999999999,1.1714109,1.2069082,1.2424054999999998,1.2779028,1.3134001,1.3488973999999998,1.3843946999999999,1.419892
SF11C46889412282050980,10,,2019-05-18T10:00:00-0600,0.020004,0.020004,0.012408,0.00225,0.002831726232,0.003341428152,0.02792828454,0.641689332204,0.001485877116,0.000941308224,0.000469253832,0.000381196224,0.006745568844,0.002831726232,0.003341428152,0.02792828454,0.641689332204,0.001485877116,0.000941308224,0.000469253832,0.000381196224,0.006745568844,0.0,0.0,0.0,0.0,0.0,0.0,0.0,0.0,0.0,0.0,0.0,0.0,0.0,0.0,0.0,0.0,0.0,0.0,0.9921,269777.08798295085,2.490545,2.61507225,2.7395995,2.86412675,2.988654,3.1131812500000002,3.2377085,3.36223575,3.486763,3.61129025,3.7358175,3.8603447500000003,3.984872,4.10939925,4.2339265,4.35845375,4.4829810000000005,4.60750825,4.7320355,4.85656275,4.98109
SF11C46889412282050980,11,,2019-05-18T11:00:00-0600,0.040008,0.040007,0.029264,0.004118,0.005663310905999999,0.006682689266,0.055855172944999996,1.2833465863570002,0.002971679953,0.0018825693920000001,0.000938484206,0.0007623733920000001,0.013490800477,0.005663310905999999,0.006682689266,0.055855172944999996,1.2833465863570002,0.002971679953,0.0018825693920000001,0.000938484206,0.0007623733920000001,0.013490800477,0.0,0.0,0.0,0.0,0.0,0.0,0.0,0.0,0.0,0.0,0.0,0.0,0.0,0.0,0.0,0.0,0.0,0.0,0.975725,539554.1759659017,4.979539,5.00422115,5.0289033,5.05358545,5.0782676,5.1029497500000005,5.1276319,5.15231405,5.1769962000000005,5.20167835,5.2263605,5.2510426500000005,5.2757248,5.30040695,5.3250891000000005,5.34977125,5.3744534,5.3991355500000004,5.423817700000001,5.44849985,5.473182
SF11C46889412282050980,12,,2019-05-18T12:00:00-0600,0.070014,0.070013,0.058394,0.007871,0.009910900254,0.011694831494,0.097747599755,2.2458805846630003,0.005200495627,0.0032945317280000004,0.0016423649540000002,0.0013341677280000002,0.023609153743,0.009910900254,0.011694831494,0.097747599755,2.2458805846630003,0.005200495627,0.0032945317280000004,0.0016423649540000002,0.0013341677280000002,0.023609153743,0.0,0.0,0.0,0.0,0.0,0.0,0.0,0.0,0.0,0.0,0.0,0.0,0.0,0.0,0.0,0.0,0.0,0.0,0.951272,944219.807940328,8.710124,8.856196650000001,9.0022693,9.14834195,9.2944146,9.44048725,9.586559900000001,9.73263255,9.8787052,10.02477785,10.1708505,10.316923150000001,10.4629958,10.60906845,10.7551411,10.90121375,11.0472864,11.19335905,11.3394317,11.48550435,11.631577
SF11C46889412282050980,13,,2019-05-18T13:00:00-0600,0.10002,0.100019,0.092571,0.013728,0.014158489601999998,0.016706973721999998,0.139640026565,3.208414582969,0.007429311300999999,0.004706494064,0.002346245702,0.001905962064,0.033727507009,0.014158489601999998,0.016706973721999998,0.139640026565,3.208414582969,0.007429311300999999,0.004706494064,0.002346245702,0.001905962064,0.033727507009,0.0,0.0,0.0,0.0,0.0,0.0,0.0,0.0,0.0,0.0,0.0,0.0,0.0,0.0,0.0,0.0,0.0,0.0,0.929904,1348885.4399147541,12.437226,12.7113502,12.985474400000001,13.2595986,13.5337228,13.807847,14.0819712,14.3560954,14.6302196,14.9043438,15.178467999999999,15.4525922,15.726716399999999,16.0008406,16.2749648,16.549089,16.823213199999998,17.0973374,17.371461599999996,17.6455858,17.91971
SF11C46889412282050980,14,,2019-05-18T14:00:00-0600,0.130026,0.130025,0.130502,0.021803,0.018406078949999998,0.02171911595,0.18153245337499999,4.170948581275001,0.009658126975,0.0061184564000000006,0.00305012645,0.0024777564,0.043845860274999995,0.018406078949999998,0.02171911595,0.18153245337499999,4.170948581275001,0.009658126975,0.0061184564000000006,0.00305012645,0.0024777564,0.043845860274999995,0.0,0.0,0.0,0.0,0.0,0.0,0.0,0.0,0.0,0.0,0.0,0.0,0.0,0.0,0.0,0.0,0.0,0.0,0.915148,1753551.0718891805,16.160848,16.5289159,16.8969838,17.2650517,17.6331196,18.0011875,18.3692554,18.7373233,19.1053912,19.4734591,19.841527,20.2095949,20.5776628,20.9457307,21.313798600000002,21.6818665,22.0499344,22.4180023,22.7860702,23.1541381,23.522206
SF11C46889412282050980,15,,2019-05-18T15:00:00-0600,0.160032,0.160031,0.170679,0.032097,0.022653668297999998,0.026731258178,0.22342488018499998,5.133482579581001,0.011886942649,0.007530418736,0.0037540071980000003,0.003049550736,0.053964213541,0.022653668297999998,0.026731258178,0.22342488018499998,5.133482579581001,0.011886942649,0.007530418736,0.0037540071980000003,0.003049550736,0.053964213541,0.0,0.0,0.0,0.0,0.0,0.0,0.0,0.0,0.0,0.0,0.0,0.0,0.0,0.0,0.0,0.0,0.0,0.0,0.904837,2158216.703863607,19.880992,20.313989799999998,20.7469876,21.1799854,21.6129832,22.045980999999998,22.4789788,22.9119766,23.344974399999998,23.7779722,24.21097,24.6439678,25.0769656,25.5099634,25.9429612,26.375959,26.8089568,27.2419546,27.6749524,28.107950199999998,28.540948
SF11C46889412282050980,16,,2019-05-18T16:00:00-0600,0.170034,0.170034,0.189175,0.042959,0.024069672971999998,0.028402139291999997,0.23739041858999996,5.454359323734,0.012629955485999999,0.008001119903999999,0.003988657572,0.003240167904,0.05733733517399999,0.024069672971999998,0.028402139291999997,0.23739041858999996,5.454359323734,0.012629955485999999,0.008001119903999999,0.003988657572,0.003240167904,0.05733733517399999,0.0,0.0,0.0,0.0,0.0,0.0,0.0,0.0,0.0,0.0,0.0,0.0,0.0,0.0,0.0,0.0,0.0,0.0,0.911128,2293105.247855082,21.120268,21.4846763,21.849084599999998,22.2134929,22.5779012,22.9423095,23.3067178,23.6711261,24.0355344,24.3999427,24.764350999999998,25.1287593,25.4931676,25.8575759,26.2219842,26.5863925,26.9508008,27.3152091,27.679617399999998,28.0440257,28.408434
SF11C46889412282050980,17,,2019-05-18T17:00:00-0600,0.120024,0.120025,0.136906,0.049455,0.01699049895,0.02004873595,0.167571103375,3.8501680712750006,0.008915336975,0.0056478964000000005,0.0028155464500000003,0.0022871964,0.040473750275,0.01699049895,0.02004873595,0.167571103375,3.8501680712750006,0.008915336975,0.0056478964000000005,0.0028155464500000003,0.0022871964,0.040473750275,0.0,0.0,0.0,0.0,0.0,0.0,0.0,0.0,0.0,0.0,0.0,0.0,0.0,0.0,0.0,0.0,0.0,0.0,0.952501,1618662.527897705,14.920027,14.9654502,15.0108734,15.0562966,15.1017198,15.147143,15.1925662,15.2379894,15.2834126,15.3288358,15.374258999999999,15.419682199999999,15.465105399999999,15.510528599999999,15.555951799999999,15.601374999999999,15.6467982,15.6922214,15.7376446,15.7830678,15.828491
SF11C46889412282050980,18,,2019-05-18T18:00:00-0600,0.070014,0.070015,0.080523,0.051603,0.009911183369999998,0.011695165569999999,0.09775039202499998,2.245944740765,0.005200644185,0.00329462584,0.0016424118699999999,0.0013342058399999999,0.023609828164999996,0.009911183369999998,0.011695165569999999,0.09775039202499998,2.245944740765,0.005200644185,0.00329462584,0.0016424118699999999,0.0013342058399999999,0.023609828164999996,0.0,0.0,0.0,0.0,0.0,0.0,0.0,0.0,0.0,0.0,0.0,0.0,0.0,0.0,0.0,0.0,0.0,0.0,0.983203,944219.807940328,8.710124,9.145630200000001,9.5811364,10.0166426,10.4521488,10.887655,11.323161200000001,11.7586674,12.194173600000001,12.6296798,13.065186,13.5006922,13.9361984,14.371704600000001,14.8072108,15.242717,15.678223200000001,16.1137294,16.5492356,16.984741800000002,17.420248
SF11C46889412282050980,19,,2019-05-18T19:00:00-0600,0.040008,0.040009,0.045635,0.051191,0.005663594022,0.006683023342,0.055857965215,1.2834107424590002,0.0029718285110000003,0.001882663504,0.0009385311220000001,0.0007624115040000001,0.013491474899000001,0.005663594022,0.006683023342,0.055857965215,1.2834107424590002,0.0029718285110000003,0.001882663504,0.0009385311220000001,0.0007624115040000001,0.013491474899000001,0.0,0.0,0.0,0.0,0.0,0.0,0.0,0.0,0.0,0.0,0.0,0.0,0.0,0.0,0.0,0.0,0.0,0.0,0.994671,539554.1759659017,4.979539,5.22851595,5.4774929,5.72646985,5.9754468,6.22442375,6.4734007,6.72237765,6.9713546,7.22033155,7.4693085,7.71828545,7.9672624,8.21623935,8.4652163,8.714193250000001,8.9631702,9.21214715,9.4611241,9.710101049999999,9.959078
SF11C46889412282050980,20,,2019-05-18T20:00:00-0600,0.005701,0.005702,0.006343,0.048089,0.0008071637159999999,0.0009524506759999999,0.00796076177,0.18290904680199999,0.000423538858,0.000268313312,0.000133757516,0.00010865731199999999,0.0019227771219999998,0.0008071637159999999,0.0009524506759999999,0.00796076177,0.18290904680199999,0.000423538858,0.000268313312,0.000133757516,0.00010865731199999999,0.0019227771219999998,0.0,0.0,0.0,0.0,0.0,0.0,0.0,0.0,0.0,0.0,0.0,0.0,0.0,0.0,0.0,0.0,0.0,0.0,0.999686,76884.58201313752,0.709946,0.7454432999999999,0.7809406,0.8164378999999999,0.8519352,0.8874325,0.9229297999999999,0.9584271,0.9939243999999999,1.0294216999999999,1.064919,1.1004163,1.1359135999999999,1.1714109,1.2069082,1.2424054999999998,1.2779028,1.3134001,1.3488973999999998,1.3843946999999999,1.419892
SF11C46889412282050980,21,,2019-05-18T21:00:00-0600,0.005701,0.005701,0.00608,0.045185,0.000807022158,0.000952283638,0.007959365635,0.182876968751,0.000423464579,0.00026826625600000003,0.000133734058,0.000108638256,0.001922439911,0.000807022158,0.000952283638,0.007959365635,0.182876968751,0.000423464579,0.00026826625600000003,0.000133734058,0.000108638256,0.001922439911,0.0,0.0,0.0,0.0,0.0,0.0,0.0,0.0,0.0,0.0,0.0,0.0,0.0,0.0,0.0,0.0,0.0,0.0,0.999922,76884.58201313752,0.709946,0.7454432999999999,0.7809406,0.8164378999999999,0.8519352,0.8874325,0.9229297999999999,0.9584271,0.9939243999999999,1.0294216999999999,1.064919,1.1004163,1.1359135999999999,1.1714109,1.2069082,1.2424054999999998,1.2779028,1.3134001,1.3488973999999998,1.3843946999999999,1.419892
SF11C46889412282050980,22,,2019-05-18T22:00:00-0600,0.005701,0.005701,0.005722,0.042456,0.000807022158,0.000952283638,0.007959365635,0.182876968751,0.000423464579,0.00026826625600000003,0.000133734058,0.000108638256,0.001922439911,0.000807022158,0.000952283638,0.007959365635,0.182876968751,0.000423464579,0.00026826625600000003,0.000133734058,0.000108638256,0.001922439911,0.0,0.0,0.0,0.0,0.0,0.0,0.0,0.0,0.0,0.0,0.0,0.0,0.0,0.0,0.0,0.0,0.0,0.0,0.999923,76884.58201313752,0.709946,0.7454432999999999,0.7809406,0.8164378999999999,0.8519352,0.8874325,0.9229297999999999,0.9584271,0.9939243999999999,1.0294216999999999,1.064919,1.1004163,1.1359135999999999,1.1714109,1.2069082,1.2424054999999998,1.2779028,1.3134001,1.3488973999999998,1.3843946999999999,1.419892
SF11C46889412282050980,23,,2019-05-18T23:00:00-0600,0.005701,0.005701,0.005277,0.039885,0.000807022158,0.000952283638,0.007959365635,0.182876968751,0.000423464579,0.00026826625600000003,0.000133734058,0.000108638256,0.001922439911,0.000807022158,0.000952283638,0.007959365635,0.182876968751,0.000423464579,0.00026826625600000003,0.000133734058,0.000108638256,0.001922439911,0.0,0.0,0.0,0.0,0.0,0.0,0.0,0.0,0.0,0.0,0.0,0.0,0.0,0.0,0.0,0.0,0.0,0.0,0.999923,76884.58201313752,0.709946,0.7454432999999999,0.7809406,0.8164378999999999,0.8519352,0.8874325,0.9229297999999999,0.9584271,0.9939243999999999,1.0294216999999999,1.064919,1.1004163,1.1359135999999999,1.1714109,1.2069082,1.2424054999999998,1.2779028,1.3134001,1.3488973999999998,1.3843946999999999,1.419892
SF11C46889512282050980,0,,2019-05-18T00:00:00-0600,0.005701,0.005701,0.004755,0.000329,0.000538014772,0.000634857659,0.005306245657,0.121917977267,0.000282307819,0.00017884607100000002,8.9157939e-05,7.2425504e-05,0.001281630408,0.000538014772,0.000634857659,0.005306245657,0.121917977267,0.000282307819,0.00017884607100000002,8.9157939e-05,7.2425504e-05,0.001281630408,0.0,0.0,0.0,0.0,0.0,0.0,0.0,0.0,0.0,0.0,0.0,0.0,0.0,0.0,0.0,0.0,0.0,0.0,0.995503,34170.93913336251,0.473311,0.49697654999999996,0.5206421,0.5443076499999999,0.5679732,0.59163875,0.6153043,0.63896985,0.6626354,0.68630095,0.7099665,0.73363205,0.7572976,0.78096315,0.8046287,0.82829425,0.8519597999999999,0.87562535,0.8992909,0.92295645,0.9466220000000001
SF11C46889512282050980,1,,2019-05-18T01:00:00-0600,0.005701,0.005701,0.00417,0.000594,0.000538014772,0.000634857659,0.005306245657,0.121917977267,0.000282307819,0.00017884607100000002,8.9157939e-05,7.2425504e-05,0.001281630408,0.000538014772,0.000634857659,0.005306245657,0.121917977267,0.000282307819,0.00017884607100000002,8.9157939e-05,7.2425504e-05,0.001281630408,0.0,0.0,0.0,0.0,0.0,0.0,0.0,0.0,0.0,0.0,0.0,0.0,0.0,0.0,0.0,0.0,0.0,0.0,0.995503,34170.93913336251,0.473311,0.47388305,0.47445509999999996,0.47502715,0.4755992,0.47617125,0.4767433,0.47731534999999997,0.4778874,0.47845945,0.4790315,0.47960355,0.4801756,0.48074765,0.4813197,0.48189175,0.4824638,0.48303585,0.48360790000000003,0.48417995,0.484752
SF11C46889512282050980,2,,2019-05-18T02:00:00-0600,0.005701,0.005701,0.003478,0.000794,0.000538014772,0.000634857659,0.005306245657,0.121917977267,0.000282307819,0.00017884607100000002,8.9157939e-05,7.2425504e-05,0.001281630408,0.000538014772,0.000634857659,0.005306245657,0.121917977267,0.000282307819,0.00017884607100000002,8.9157939e-05,7.2425504e-05,0.001281630408,0.0,0.0,0.0,0.0,0.0,0.0,0.0,0.0,0.0,0.0,0.0,0.0,0.0,0.0,0.0,0.0,0.0,0.0,0.997002,34170.93913336251,0.473311,0.49697654999999996,0.5206421,0.5443076499999999,0.5679732,0.59163875,0.6153043,0.63896985,0.6626354,0.68630095,0.7099665,0.73363205,0.7572976,0.78096315,0.8046287,0.82829425,0.8519597999999999,0.87562535,0.8992909,0.92295645,0.9466220000000001
SF11C46889512282050980,3,,2019-05-18T03:00:00-0600,0.005701,0.005701,0.003028,0.000948,0.000538014772,0.000634857659,0.005306245657,0.121917977267,0.000282307819,0.00017884607100000002,8.9157939e-05,7.2425504e-05,0.001281630408,0.000538014772,0.000634857659,0.005306245657,0.121917977267,0.000282307819,0.00017884607100000002,8.9157939e-05,7.2425504e-05,0.001281630408,0.0,0.0,0.0,0.0,0.0,0.0,0.0,0.0,0.0,0.0,0.0,0.0,0.0,0.0,0.0,0.0,0.0,0.0,0.997752,34170.93913336251,0.473311,0.49697654999999996,0.5206421,0.5443076499999999,0.5679732,0.59163875,0.6153043,0.63896985,0.6626354,0.68630095,0.7099665,0.73363205,0.7572976,0.78096315,0.8046287,0.82829425,0.8519597999999999,0.87562535,0.8992909,0.92295645,0.9466220000000001
SF11C46889512282050980,4,,2019-05-18T04:00:00-0600,0.005701,0.005701,0.002734,0.001072,0.000538014772,0.000634857659,0.005306245657,0.121917977267,0.000282307819,0.00017884607100000002,8.9157939e-05,7.2425504e-05,0.001281630408,0.000538014772,0.000634857659,0.005306245657,0.121917977267,0.000282307819,0.00017884607100000002,8.9157939e-05,7.2425504e-05,0.001281630408,0.0,0.0,0.0,0.0,0.0,0.0,0.0,0.0,0.0,0.0,0.0,0.0,0.0,0.0,0.0,0.0,0.0,0.0,0.998201,34170.93913336251,0.473311,0.49697654999999996,0.5206421,0.5443076499999999,0.5679732,0.59163875,0.6153043,0.63896985,0.6626354,0.68630095,0.7099665,0.73363205,0.7572976,0.78096315,0.8046287,0.82829425,0.8519597999999999,0.87562535,0.8992909,0.92295645,0.9466220000000001
SF11C46889512282050980,5,,2019-05-18T05:00:00-0600,0.005701,0.005701,0.002543,0.001174,0.000538014772,0.000634857659,0.005306245657,0.121917977267,0.000282307819,0.00017884607100000002,8.9157939e-05,7.2425504e-05,0.001281630408,0.000538014772,0.000634857659,0.005306245657,0.121917977267,0.000282307819,0.00017884607100000002,8.9157939e-05,7.2425504e-05,0.001281630408,0.0,0.0,0.0,0.0,0.0,0.0,0.0,0.0,0.0,0.0,0.0,0.0,0.0,0.0,0.0,0.0,0.0,0.0,0.998501,34170.93913336251,0.473311,0.49697654999999996,0.5206421,0.5443076499999999,0.5679732,0.59163875,0.6153043,0.63896985,0.6626354,0.68630095,0.7099665,0.73363205,0.7572976,0.78096315,0.8046287,0.82829425,0.8519597999999999,0.87562535,0.8992909,0.92295645,0.9466220000000001
SF11C46889512282050980,6,,2019-05-18T06:00:00-0600,0.005701,0.005701,0.002418,0.00126,0.000538014772,0.000634857659,0.005306245657,0.121917977267,0.000282307819,0.00017884607100000002,8.9157939e-05,7.2425504e-05,0.001281630408,0.000538014772,0.000634857659,0.005306245657,0.121917977267,0.000282307819,0.00017884607100000002,8.9157939e-05,7.2425504e-05,0.001281630408,0.0,0.0,0.0,0.0,0.0,0.0,0.0,0.0,0.0,0.0,0.0,0.0,0.0,0.0,0.0,0.0,0.0,0.0,0.998715,34170.93913336251,0.473311,0.49697654999999996,0.5206421,0.5443076499999999,0.5679732,0.59163875,0.6153043,0.63896985,0.6626354,0.68630095,0.7099665,0.73363205,0.7572976,0.78096315,0.8046287,0.82829425,0.8519597999999999,0.87562535,0.8992909,0.92295645,0.9466220000000001
SF11C46889512282050980,7,,2019-05-18T07:00:00-0600,0.005701,0.005701,0.002337,0.001334,0.000538014772,0.000634857659,0.005306245657,0.121917977267,0.000282307819,0.00017884607100000002,8.9157939e-05,7.2425504e-05,0.001281630408,0.000538014772,0.000634857659,0.005306245657,0.121917977267,0.000282307819,0.00017884607100000002,8.9157939e-05,7.2425504e-05,0.001281630408,0.0,0.0,0.0,0.0,0.0,0.0,0.0,0.0,0.0,0.0,0.0,0.0,0.0,0.0,0.0,0.0,0.0,0.0,0.998876,34170.93913336251,0.473311,0.49697654999999996,0.5206421,0.5443076499999999,0.5679732,0.59163875,0.6153043,0.63896985,0.6626354,0.68630095,0.7099665,0.73363205,0.7572976,0.78096315,0.8046287,0.82829425,0.8519597999999999,0.87562535,0.8992909,0.92295645,0.9466220000000001
SF11C46889512282050980,8,,2019-05-18T08:00:00-0600,0.005701,0.005701,0.002186,0.001393,0.000538014772,0.000634857659,0.005306245657,0.121917977267,0.000282307819,0.00017884607100000002,8.9157939e-05,7.2425504e-05,0.001281630408,0.000538014772,0.000634857659,0.005306245657,0.121917977267,0.000282307819,0.00017884607100000002,8.9157939e-05,7.2425504e-05,0.001281630408,0.0,0.0,0.0,0.0,0.0,0.0,0.0,0.0,0.0,0.0,0.0,0.0,0.0,0.0,0.0,0.0,0.0,0.0,0.999001,34170.93913336251,0.473311,0.49697654999999996,0.5206421,0.5443076499999999,0.5679732,0.59163875,0.6153043,0.63896985,0.6626354,0.68630095,0.7099665,0.73363205,0.7572976,0.78096315,0.8046287,0.82829425,0.8519597999999999,0.87562535,0.8992909,0.92295645,0.9466220000000001
SF11C46889512282050980,9,,2019-05-18T09:00:00-0600,0.005701,0.005701,0.002869,0.001495,0.000538014772,0.000634857659,0.005306245657,0.121917977267,0.000282307819,0.00017884607100000002,8.9157939e-05,7.2425504e-05,0.001281630408,0.000538014772,0.000634857659,0.005306245657,0.121917977267,0.000282307819,0.00017884607100000002,8.9157939e-05,7.2425504e-05,0.001281630408,0.0,0.0,0.0,0.0,0.0,0.0,0.0,0.0,0.0,0.0,0.0,0.0,0.0,0.0,0.0,0.0,0.0,0.0,0.999101,34170.93913336251,0.473311,0.49697654999999996,0.5206421,0.5443076499999999,0.5679732,0.59163875,0.6153043,0.63896985,0.6626354,0.68630095,0.7099665,0.73363205,0.7572976,0.78096315,0.8046287,0.82829425,0.8519597999999999,0.87562535,0.8992909,0.92295645,0.9466220000000001
SF11C46889512282050980,10,,2019-05-18T10:00:00-0600,0.020004,0.020004,0.012408,0.00225,0.001887817488,0.002227625436,0.018618863028,0.427792881468,0.0009905780760000001,0.0006275454840000001,0.000312842556,0.00025413081600000003,0.004497059232,0.001887817488,0.002227625436,0.018618863028,0.427792881468,0.0009905780760000001,0.0006275454840000001,0.000312842556,0.00025413081600000003,0.004497059232,0.0,0.0,0.0,0.0,0.0,0.0,0.0,0.0,0.0,0.0,0.0,0.0,0.0,0.0,0.0,0.0,0.0,0.0,0.994734,119900.97639427883,1.660536,1.7435628,1.8265896,1.9096164,1.9926432,2.07567,2.1586968,2.2417236000000003,2.3247504,2.4077772,2.490804,2.5738308,2.6568576,2.7398844,2.8229112,2.905938,2.9889647999999998,3.0719916,3.1550184,3.2380452,3.321072
SF11C46889512282050980,11,,2019-05-18T11:00:00-0600,0.040008,0.040008,0.029264,0.004118,0.003775634976,0.004455250872,0.037237726056,0.855585762936,0.0019811561520000002,0.0012550909680000002,0.000625685112,0.0005082616320000001,0.008994118464,0.003775634976,0.004455250872,0.037237726056,0.855585762936,0.0019811561520000002,0.0012550909680000002,0.000625685112,0.0005082616320000001,0.008994118464,0.0,0.0,0.0,0.0,0.0,0.0,0.0,0.0,0.0,0.0,0.0,0.0,0.0,0.0,0.0,0.0,0.0,0.0,0.983817,239801.95278855765,3.320382,3.32259425,3.3248064999999998,3.32701875,3.329231,3.33144325,3.3336555,3.33586775,3.33808,3.34029225,3.3425045,3.34471675,3.346929,3.34914125,3.3513535,3.35356575,3.355778,3.35799025,3.3602025,3.36241475,3.364627
SF11C46889512282050980,12,,2019-05-18T12:00:00-0600,0.070014,0.070013,0.058394,0.007871,0.006607266836000001,0.007796577667,0.065165089841,1.497253699771,0.0034669737470000004,0.0021963778230000004,0.001094933307,0.000889445152,0.015739482504,0.006607266836000001,0.007796577667,0.065165089841,1.497253699771,0.0034669737470000004,0.0021963778230000004,0.001094933307,0.000889445152,0.015739482504,0.0,0.0,0.0,0.0,0.0,0.0,0.0,0.0,0.0,0.0,0.0,0.0,0.0,0.0,0.0,0.0,0.0,0.0,0.967515,419653.4173799759,5.808859,5.87593505,5.9430111,6.01008715,6.0771632,6.14423925,6.2113153,6.27839135,6.3454674,6.41254345,6.4796195,6.54669555,6.6137716,6.6808476500000005,6.7479237,6.81499975,6.8820758,6.94915185,7.0162279000000005,7.08330395,7.15038
SF11C46889512282050980,13,,2019-05-18T13:00:00-0600,0.10002,0.100019,0.092571,0.013728,0.009438993068,0.011138015821,0.093093384383,2.1389430219729997,0.004952840861,0.0031376960490000004,0.001564197141,0.0012706413759999999,0.022485071352,0.009438993068,0.011138015821,0.093093384383,2.1389430219729997,0.004952840861,0.0031376960490000004,0.001564197141,0.0012706413759999999,0.022485071352,0.0,0.0,0.0,0.0,0.0,0.0,0.0,0.0,0.0,0.0,0.0,0.0,0.0,0.0,0.0,0.0,0.0,0.0,0.953269,599504.8819713941,8.295787,8.431794550000001,8.567802100000002,8.70380965,8.8398172,8.975824750000001,9.1118323,9.24783985,9.3838474,9.519854950000001,9.655862500000001,9.79187005,9.9278776,10.06388515,10.1998927,10.33590025,10.4719078,10.60791535,10.743922900000001,10.87993045,11.015938
SF11C46889512282050980,14,,2019-05-18T14:00:00-0600,0.130026,0.130025,0.130502,0.021803,0.0122707193,0.014479453975,0.121021678925,2.780632344175,0.006438707975,0.004079014275000001,0.002033460975,0.0016518376,0.0292306602,0.0122707193,0.014479453975,0.121021678925,2.780632344175,0.006438707975,0.004079014275000001,0.002033460975,0.0016518376,0.0292306602,0.0,0.0,0.0,0.0,0.0,0.0,0.0,0.0,0.0,0.0,0.0,0.0,0.0,0.0,0.0,0.0,0.0,0.0,0.943432,779356.3465628123,10.781166,10.9651081,11.149050200000001,11.3329923,11.5169344,11.7008765,11.884818600000001,12.0687607,12.2527028,12.436644900000001,12.620587,12.8045291,12.9884712,13.1724133,13.3563554,13.540297500000001,13.7242396,13.9081817,14.0921238,14.2760659,14.460008
SF11C46889512282050980,15,,2019-05-18T15:00:00-0600,0.160032,0.160031,0.170679,0.032097,0.015102445532,0.017820892129,0.148949973467,3.422321666377,0.007924575089,0.005020332501000001,0.0025027248090000002,0.0020330338240000002,0.035976249048,0.015102445532,0.017820892129,0.148949973467,3.422321666377,0.007924575089,0.005020332501000001,0.0025027248090000002,0.0020330338240000002,0.035976249048,0.0,0.0,0.0,0.0,0.0,0.0,0.0,0.0,0.0,0.0,0.0,0.0,0.0,0.0,0.0,0.0,0.0,0.0,0.936558,959207.8111542306,13.264998,13.4790092,13.6930204,13.9070316,14.1210428,14.335054,14.5490652,14.7630764,14.977087599999999,15.191098799999999,15.40511,15.619121199999999,15.8331324,16.0471436,16.2611548,16.475165999999998,16.6891772,16.903188399999998,17.1171996,17.3312108,17.545222
SF11C46889512282050980,16,,2019-05-18T16:00:00-0600,0.170034,0.170034,0.189175,0.042959,0.016046448648,0.018934816206,0.15826033573799997,3.6362394924779995,0.008419913646,0.005334136614,0.002659161726,0.002160111936,0.038225003472,0.016046448648,0.018934816206,0.15826033573799997,3.6362394924779995,0.008419913646,0.005334136614,0.002659161726,0.002160111936,0.038225003472,0.0,0.0,0.0,0.0,0.0,0.0,0.0,0.0,0.0,0.0,0.0,0.0,0.0,0.0,0.0,0.0,0.0,0.0,0.940752,1019158.29935137,14.092599,14.2611571,14.4297152,14.5982733,14.766831400000001,14.9353895,15.103947600000001,15.2725057,15.4410638,15.6096219,15.77818,15.946738100000001,16.115296200000003,16.2838543,16.4524124,16.620970500000002,16.7895286,16.958086700000003,17.1266448,17.295202900000003,17.463761
SF11C46889512282050980,17,,2019-05-18T17:00:00-0600,0.120024,0.120025,0.136906,0.049455,0.0113269993,0.013365863975000001,0.111714108925,2.566778674175,0.005943517975000001,0.0037653042750000008,0.0018770709750000002,0.0015247976,0.026982580200000002,0.0113269993,0.013365863975000001,0.111714108925,2.566778674175,0.005943517975000001,0.0037653042750000008,0.0018770709750000002,0.0015247976,0.026982580200000002,0.0,0.0,0.0,0.0,0.0,0.0,0.0,0.0,0.0,0.0,0.0,0.0,0.0,0.0,0.0,0.0,0.0,0.0,0.968334,719405.858365673,9.952879,10.45052295,10.948166899999999,11.445810849999999,11.9434548,12.441098749999998,12.938742699999999,13.43638665,13.9340306,14.431674549999999,14.929318499999999,15.426962449999998,15.924606399999998,16.42225035,16.9198943,17.41753825,17.915182199999997,18.41282615,18.910470099999998,19.40811405,19.905758
SF11C46889512282050980,18,,2019-05-18T18:00:00-0600,0.070014,0.070015,0.080523,0.051603,0.006607455579999999,0.007796800384999999,0.06516695135499999,1.4972964705049998,0.0034670727849999998,0.002196440565,0.001094964585,0.0008894705599999999,0.015739932119999998,0.006607455579999999,0.007796800384999999,0.06516695135499999,1.4972964705049998,0.0034670727849999998,0.002196440565,0.001094964585,0.0008894705599999999,0.015739932119999998,0.0,0.0,0.0,0.0,0.0,0.0,0.0,0.0,0.0,0.0,0.0,0.0,0.0,0.0,0.0,0.0,0.0,0.0,0.988802,419653.4173799759,5.808859,6.09930195,6.3897449,6.68018785,6.9706308,7.2610737499999995,7.5515167,7.84195965,8.132402599999999,8.42284555,8.7132885,9.00373145,9.2941744,9.58461735,9.8750603,10.16550325,10.4559462,10.746389149999999,11.0368321,11.32727505,11.617718
SF11C46889512282050980,19,,2019-05-18T19:00:00-0600,0.040008,0.040009,0.045635,0.051191,0.003775729348,0.004455362231,0.037238656813,0.855607148303,0.001981205671,0.0012551223390000002,0.000625700751,0.000508274336,0.008994343272,0.003775729348,0.004455362231,0.037238656813,0.855607148303,0.001981205671,0.0012551223390000002,0.000625700751,0.000508274336,0.008994343272,0.0,0.0,0.0,0.0,0.0,0.0,0.0,0.0,0.0,0.0,0.0,0.0,0.0,0.0,0.0,0.0,0.0,0.0,0.996447,239801.95278855765,3.320382,3.4864011,3.6524202,3.8184393,3.9844584,4.1504775,4.3164966,4.4825157,4.6485348,4.8145539,4.980573,5.1465920999999994,5.3126112,5.4786303,5.6446494000000005,5.8106685,5.9766876,6.1427067,6.3087257999999995,6.4747449,6.640764
SF11C46889512282050980,20,,2019-05-18T20:00:00-0600,0.005701,0.005702,0.006343,0.048089,0.0005381091439999999,0.0006349690179999999,0.0053071764139999995,0.12193936263399999,0.00028235733799999996,0.000178877442,8.917357799999999e-05,7.2438208e-05,0.001281855216,0.0005381091439999999,0.0006349690179999999,0.0053071764139999995,0.12193936263399999,0.00028235733799999996,0.000178877442,8.917357799999999e-05,7.2438208e-05,0.001281855216,0.0,0.0,0.0,0.0,0.0,0.0,0.0,0.0,0.0,0.0,0.0,0.0,0.0,0.0,0.0,0.0,0.0,0.0,0.999791,34170.93913336251,0.473311,0.49697654999999996,0.5206421,0.5443076499999999,0.5679732,0.59163875,0.6153043,0.63896985,0.6626354,0.68630095,0.7099665,0.73363205,0.7572976,0.78096315,0.8046287,0.82829425,0.8519597999999999,0.87562535,0.8992909,0.92295645,0.9466220000000001
SF11C46889512282050980,21,,2019-05-18T21:00:00-0600,0.005701,0.005701,0.00608,0.045185,0.000538014772,0.000634857659,0.005306245657,0.121917977267,0.000282307819,0.00017884607100000002,8.9157939e-05,7.2425504e-05,0.001281630408,0.000538014772,0.000634857659,0.005306245657,0.121917977267,0.000282307819,0.00017884607100000002,8.9157939e-05,7.2425504e-05,0.001281630408,0.0,0.0,0.0,0.0,0.0,0.0,0.0,0.0,0.0,0.0,0.0,0.0,0.0,0.0,0.0,0.0,0.0,0.0,0.999948,34170.93913336251,0.473311,0.49697654999999996,0.5206421,0.5443076499999999,0.5679732,0.59163875,0.6153043,0.63896985,0.6626354,0.68630095,0.7099665,0.73363205,0.7572976,0.78096315,0.8046287,0.82829425,0.8519597999999999,0.87562535,0.8992909,0.92295645,0.9466220000000001
SF11C46889512282050980,22,,2019-05-18T22:00:00-0600,0.005701,0.005701,0.005722,0.042456,0.000538014772,0.000634857659,0.005306245657,0.121917977267,0.000282307819,0.00017884607100000002,8.9157939e-05,7.2425504e-05,0.001281630408,0.000538014772,0.000634857659,0.005306245657,0.121917977267,0.000282307819,0.00017884607100000002,8.9157939e-05,7.2425504e-05,0.001281630408,0.0,0.0,0.0,0.0,0.0,0.0,0.0,0.0,0.0,0.0,0.0,0.0,0.0,0.0,0.0,0.0,0.0,0.0,0.999948,34170.93913336251,0.473311,0.49697654999999996,0.5206421,0.5443076499999999,0.5679732,0.59163875,0.6153043,0.63896985,0.6626354,0.68630095,0.7099665,0.73363205,0.7572976,0.78096315,0.8046287,0.82829425,0.8519597999999999,0.87562535,0.8992909,0.92295645,0.9466220000000001
SF11C46889512282050980,23,,2019-05-18T23:00:00-0600,0.005701,0.005701,0.005276,0.039885,0.000538014772,0.000634857659,0.005306245657,0.121917977267,0.000282307819,0.00017884607100000002,8.9157939e-05,7.2425504e-05,0.001281630408,0.000538014772,0.000634857659,0.005306245657,0.121917977267,0.000282307819,0.00017884607100000002,8.9157939e-05,7.2425504e-05,0.001281630408,0.0,0.0,0.0,0.0,0.0,0.0,0.0,0.0,0.0,0.0,0.0,0.0,0.0,0.0,0.0,0.0,0.0,0.0,0.999949,34170.93913336251,0.473311,0.49697654999999996,0.5206421,0.5443076499999999,0.5679732,0.59163875,0.6153043,0.63896985,0.6626354,0.68630095,0.7099665,0.73363205,0.7572976,0.78096315,0.8046287,0.82829425,0.8519597999999999,0.87562535,0.8992909,0.92295645,0.9466220000000001
SF11C46889612282050980,0,,2019-05-18T00:00:00-0700,0.005701,0.005701,0.004755,0.000329,0.000807022158,0.000952283638,0.007959365635,0.182876968751,0.000423464579,0.00026826625600000003,0.000133734058,0.000108638256,0.001922439911,0.000807022158,0.000952283638,0.007959365635,0.182876968751,0.000423464579,0.00026826625600000003,0.000133734058,0.000108638256,0.001922439911,0.0,0.0,0.0,0.0,0.0,0.0,0.0,0.0,0.0,0.0,0.0,0.0,0.0,0.0,0.0,0.0,0.0,0.0,0.993255,76884.58201313752,0.709946,0.71120065,0.7124553,0.7137099499999999,0.7149646,0.71621925,0.7174739,0.71872855,0.7199831999999999,0.72123785,0.7224925,0.72374715,0.7250018,0.7262564499999999,0.7275111,0.72876575,0.7300204,0.73127505,0.7325297,0.73378435,0.735039
SF11C46889612282050980,1,,2019-05-18T01:00:00-0700,0.005701,0.005701,0.00417,0.000594,0.000807022158,0.000952283638,0.007959365635,0.182876968751,0.000423464579,0.00026826625600000003,0.000133734058,0.000108638256,0.001922439911,0.000807022158,0.000952283638,0.007959365635,0.182876968751,0.000423464579,0.00026826625600000003,0.000133734058,0.000108638256,0.001922439911,0.0,0.0,0.0,0.0,0.0,0.0,0.0,0.0,0.0,0.0,0.0,0.0,0.0,0.0,0.0,0.0,0.0,0.0,0.993255,76884.58201313752,0.709946,0.7138762,0.7178064,0.7217366,0.7256668,0.7295969999999999,0.7335271999999999,0.7374573999999999,0.7413875999999999,0.7453177999999999,0.7492479999999999,0.7531782,0.7571084,0.7610386,0.7649688,0.768899,0.7728292,0.7767594,0.7806896,0.7846198,0.78855
SF11C46889612282050980,2,,2019-05-18T02:00:00-0700,0.005701,0.005701,0.003478,0.000794,0.000807022158,0.000952283638,0.007959365635,0.182876968751,0.000423464579,0.00026826625600000003,0.000133734058,0.000108638256,0.001922439911,0.000807022158,0.000952283638,0.007959365635,0.182876968751,0.000423464579,0.00026826625600000003,0.000133734058,0.000108638256,0.001922439911,0.0,0.0,0.0,0.0,0.0,0.0,0.0,0.0,0.0,0.0,0.0,0.0,0.0,0.0,0.0,0.0,0.0,0.0,0.995503,76884.58201313752,0.709946,0.7454432999999999,0.7809406,0.8164378999999999,0.8519352,0.8874325,0.9229297999999999,0.9584271,0.9939243999999999,1.0294216999999999,1.064919,1.1004163,1.1359135999999999,1.1714109,1.2069082,1.2424054999999998,1.2779028,1.3134001,1.3488973999999998,1.3843946999999999,1.419892
SF11C46889612282050980,3,,2019-05-18T03:00:00-0700,0.005701,0.005701,0.003028,0.000948,0.000807022158,0.000952283638,0.007959365635,0.182876968751,0.000423464579,0.00026826625600000003,0.000133734058,0.000108638256,0.001922439911,0.000807022158,0.000952283638,0.007959365635,0.182876968751,0.000423464579,0.00026826625600000003,0.000133734058,0.000108638256,0.001922439911,0.0,0.0,0.0,0.0,0.0,0.0,0.0,0.0,0.0,0.0,0.0,0.0,0.0,0.0,0.0,0.0,0.0,0.0,0.996627,76884.58201313752,0.709946,0.7454432999999999,0.7809406,0.8164378999999999,0.8519352,0.8874325,0.9229297999999999,0.9584271,0.9939243999999999,1.0294216999999999,1.064919,1.1004163,1.1359135999999999,1.1714109,1.2069082,1.2424054999999998,1.2779028,1.3134001,1.3488973999999998,1.3843946999999999,1.419892
SF11C46889612282050980,4,,2019-05-18T04:00:00-0700,0.005701,0.005701,0.002734,0.001072,0.000807022158,0.000952283638,0.007959365635,0.182876968751,0.000423464579,0.00026826625600000003,0.000133734058,0.000108638256,0.001922439911,0.000807022158,0.000952283638,0.007959365635,0.182876968751,0.000423464579,0.00026826625600000003,0.000133734058,0.000108638256,0.001922439911,0.0,0.0,0.0,0.0,0.0,0.0,0.0,0.0,0.0,0.0,0.0,0.0,0.0,0.0,0.0,0.0,0.0,0.0,0.997302,76884.58201313752,0.709946,0.7454432999999999,0.7809406,0.8164378999999999,0.8519352,0.8874325,0.9229297999999999,0.9584271,0.9939243999999999,1.0294216999999999,1.064919,1.1004163,1.1359135999999999,1.1714109,1.2069082,1.2424054999999998,1.2779028,1.3134001,1.3488973999999998,1.3843946999999999,1.419892
SF11C46889612282050980,5,,2019-05-18T05:00:00-0700,0.005701,0.005701,0.002543,0.001174,0.000807022158,0.000952283638,0.007959365635,0.182876968751,0.000423464579,0.00026826625600000003,0.000133734058,0.000108638256,0.001922439911,0.000807022158,0.000952283638,0.007959365635,0.182876968751,0.000423464579,0.00026826625600000003,0.000133734058,0.000108638256,0.001922439911,0.0,0.0,0.0,0.0,0.0,0.0,0.0,0.0,0.0,0.0,0.0,0.0,0.0,0.0,0.0,0.0,0.0,0.0,0.997752,76884.58201313752,0.709946,0.7454432999999999,0.7809406,0.8164378999999999,0.8519352,0.8874325,0.9229297999999999,0.9584271,0.9939243999999999,1.0294216999999999,1.064919,1.1004163,1.1359135999999999,1.1714109,1.2069082,1.2424054999999998,1.2779028,1.3134001,1.3488973999999998,1.3843946999999999,1.419892
SF11C46889612282050980,6,,2019-05-18T06:00:00-0700,0.005701,0.005701,0.002418,0.00126,0.000807022158,0.000952283638,0.007959365635,0.182876968751,0.000423464579,0.00026826625600000003,0.000133734058,0.000108638256,0.001922439911,0.000807022158,0.000952283638,0.007959365635,0.182876968751,0.000423464579,0.00026826625600000003,0.000133734058,0.000108638256,0.001922439911,0.0,0.0,0.0,0.0,0.0,0.0,0.0,0.0,0.0,0.0,0.0,0.0,0.0,0.0,0.0,0.0,0.0,0.0,0.998073,76884.58201313752,0.709946,0.7454432999999999,0.7809406,0.8164378999999999,0.8519352,0.8874325,0.9229297999999999,0.9584271,0.9939243999999999,1.0294216999999999,1.064919,1.1004163,1.1359135999999999,1.1714109,1.2069082,1.2424054999999998,1.2779028,1.3134001,1.3488973999999998,1.3843946999999999,1.419892
SF11C46889612282050980,7,,2019-05-18T07:00:00-0700,0.005701,0.005701,0.002337,0.001334,0.000807022158,0.000952283638,0.007959365635,0.182876968751,0.000423464579,0.00026826625600000003,0.000133734058,0.000108638256,0.001922439911,0.000807022158,0.000952283638,0.007959365635,0.182876968751,0.000423464579,0.00026826625600000003,0.000133734058,0.000108638256,0.001922439911,0.0,0.0,0.0,0.0,0.0,0.0,0.0,0.0,0.0,0.0,0.0,0.0,0.0,0.0,0.0,0.0,0.0,0.0,0.998314,76884.58201313752,0.709946,0.7454432999999999,0.7809406,0.8164378999999999,0.8519352,0.8874325,0.9229297999999999,0.9584271,0.9939243999999999,1.0294216999999999,1.064919,1.1004163,1.1359135999999999,1.1714109,1.2069082,1.2424054999999998,1.2779028,1.3134001,1.3488973999999998,1.3843946999999999,1.419892
SF11C46889612282050980,8,,2019-05-18T08:00:00-0700,0.005701,0.005701,0.002186,0.001393,0.000807022158,0.000952283638,0.007959365635,0.182876968751,0.000423464579,0.00026826625600000003,0.000133734058,0.000108638256,0.001922439911,0.000807022158,0.000952283638,0.007959365635,0.182876968751,0.000423464579,0.00026826625600000003,0.000133734058,0.000108638256,0.001922439911,0.0,0.0,0.0,0.0,0.0,0.0,0.0,0.0,0.0,0.0,0.0,0.0,0.0,0.0,0.0,0.0,0.0,0.0,0.998501,76884.58201313752,0.709946,0.7454432999999999,0.7809406,0.8164378999999999,0.8519352,0.8874325,0.9229297999999999,0.9584271,0.9939243999999999,1.0294216999999999,1.064919,1.1004163,1.1359135999999999,1.1714109,1.2069082,1.2424054999999998,1.2779028,1.3134001,1.3488973999999998,1.3843946999999999,1.419892
SF11C46889612282050980,9,,2019-05-18T09:00:00-0700,0.005701,0.005701,0.002869,0.001495,0.000807022158,0.000952283638,0.007959365635,0.182876968751,0.000423464579,0.00026826625600000003,0.000133734058,0.000108638256,0.001922439911,0.000807022158,0.000952283638,0.007959365635,0.182876968751,0.000423464579,0.00026826625600000003,0.000133734058,0.000108638256,0.001922439911,0.0,0.0,0.0,0.0,0.0,0.0,0.0,0.0,0.0,0.0,0.0,0.0,0.0,0.0,0.0,0.0,0.0,0.0,0.998651,76884.58201313752,0.709946,0.7454432999999999,0.7809406,0.8164378999999999,0.8519352,0.8874325,0.9229297999999999,0.9584271,0.9939243999999999,1.0294216999999999,1.064919,1.1004163,1.1359135999999999,1.1714109,1.2069082,1.2424054999999998,1.2779028,1.3134001,1.3488973999999998,1.3843946999999999,1.419892
SF11C46889612282050980,10,,2019-05-18T10:00:00-0700,0.020004,0.020004,0.012408,0.00225,0.002831726232,0.003341428152,0.02792828454,0.641689332204,0.001485877116,0.000941308224,0.000469253832,0.000381196224,0.006745568844,0.002831726232,0.003341428152,0.02792828454,0.641689332204,0.001485877116,0.000941308224,0.000469253832,0.000381196224,0.006745568844,0.0,0.0,0.0,0.0,0.0,0.0,0.0,0.0,0.0,0.0,0.0,0.0,0.0,0.0,0.0,0.0,0.0,0.0,0.9921,269777.08798295085,2.490545,2.61507225,2.7395995,2.86412675,2.988654,3.1131812500000002,3.2377085,3.36223575,3.486763,3.61129025,3.7358175,3.8603447500000003,3.984872,4.10939925,4.2339265,4.35845375,4.4829810000000005,4.60750825,4.7320355,4.85656275,4.98109
SF11C46889612282050980,11,,2019-05-18T11:00:00-0700,0.040008,0.040007,0.029264,0.004118,0.005663310905999999,0.006682689266,0.055855172944999996,1.2833465863570002,0.002971679953,0.0018825693920000001,0.000938484206,0.0007623733920000001,0.013490800477,0.005663310905999999,0.006682689266,0.055855172944999996,1.2833465863570002,0.002971679953,0.0018825693920000001,0.000938484206,0.0007623733920000001,0.013490800477,0.0,0.0,0.0,0.0,0.0,0.0,0.0,0.0,0.0,0.0,0.0,0.0,0.0,0.0,0.0,0.0,0.0,0.0,0.975725,539554.1759659017,4.979539,5.00422115,5.0289033,5.05358545,5.0782676,5.1029497500000005,5.1276319,5.15231405,5.1769962000000005,5.20167835,5.2263605,5.2510426500000005,5.2757248,5.30040695,5.3250891000000005,5.34977125,5.3744534,5.3991355500000004,5.423817700000001,5.44849985,5.473182
SF11C46889612282050980,12,,2019-05-18T12:00:00-0700,0.070014,0.070013,0.058394,0.007871,0.009910900254,0.011694831494,0.097747599755,2.2458805846630003,0.005200495627,0.0032945317280000004,0.0016423649540000002,0.0013341677280000002,0.023609153743,0.009910900254,0.011694831494,0.097747599755,2.2458805846630003,0.005200495627,0.0032945317280000004,0.0016423649540000002,0.0013341677280000002,0.023609153743,0.0,0.0,0.0,0.0,0.0,0.0,0.0,0.0,0.0,0.0,0.0,0.0,0.0,0.0,0.0,0.0,0.0,0.0,0.951272,944219.807940328,8.710124,8.856196650000001,9.0022693,9.14834195,9.2944146,9.44048725,9.586559900000001,9.73263255,9.8787052,10.02477785,10.1708505,10.316923150000001,10.4629958,10.60906845,10.7551411,10.90121375,11.0472864,11.19335905,11.3394317,11.48550435,11.631577
SF11C46889612282050980,13,,2019-05-18T13:00:00-0700,0.10002,0.100019,0.092571,0.013728,0.014158489601999998,0.016706973721999998,0.139640026565,3.208414582969,0.007429311300999999,0.004706494064,0.002346245702,0.001905962064,0.033727507009,0.014158489601999998,0.016706973721999998,0.139640026565,3.208414582969,0.007429311300999999,0.004706494064,0.002346245702,0.001905962064,0.033727507009,0.0,0.0,0.0,0.0,0.0,0.0,0.0,0.0,0.0,0.0,0.0,0.0,0.0,0.0,0.0,0.0,0.0,0.0,0.929904,1348885.4399147541,12.437226,12.7113502,12.985474400000001,13.2595986,13.5337228,13.807847,14.0819712,14.3560954,14.6302196,14.9043438,15.178467999999999,15.4525922,15.726716399999999,16.0008406,16.2749648,16.549089,16.823213199999998,17.0973374,17.371461599999996,17.6455858,17.91971
SF11C46889612282050980,14,,2019-05-18T14:00:00-0700,0.130026,0.130025,0.130502,0.021803,0.018406078949999998,0.02171911595,0.18153245337499999,4.170948581275001,0.009658126975,0.0061184564000000006,0.00305012645,0.0024777564,0.043845860274999995,0.018406078949999998,0.02171911595,0.18153245337499999,4.170948581275001,0.009658126975,0.0061184564000000006,0.00305012645,0.0024777564,0.043845860274999995,0.0,0.0,0.0,0.0,0.0,0.0,0.0,0.0,0.0,0.0,0.0,0.0,0.0,0.0,0.0,0.0,0.0,0.0,0.915148,1753551.0718891805,16.160848,16.5289159,16.8969838,17.2650517,17.6331196,18.0011875,18.3692554,18.7373233,19.1053912,19.4734591,19.841527,20.2095949,20.5776628,20.9457307,21.313798600000002,21.6818665,22.0499344,22.4180023,22.7860702,23.1541381,23.522206
SF11C46889612282050980,15,,2019-05-18T15:00:00-0700,0.160032,0.160031,0.170679,0.032097,0.022653668297999998,0.026731258178,0.22342488018499998,5.133482579581001,0.011886942649,0.007530418736,0.0037540071980000003,0.003049550736,0.053964213541,0.022653668297999998,0.026731258178,0.22342488018499998,5.133482579581001,0.011886942649,0.007530418736,0.0037540071980000003,0.003049550736,0.053964213541,0.0,0.0,0.0,0.0,0.0,0.0,0.0,0.0,0.0,0.0,0.0,0.0,0.0,0.0,0.0,0.0,0.0,0.0,0.904837,2158216.703863607,19.880992,20.313989799999998,20.7469876,21.1799854,21.6129832,22.045980999999998,22.4789788,22.9119766,23.344974399999998,23.7779722,24.21097,24.6439678,25.0769656,25.5099634,25.9429612,26.375959,26.8089568,27.2419546,27.6749524,28.107950199999998,28.540948
SF11C46889612282050980,16,,2019-05-18T16:00:00-0700,0.170034,0.170034,0.189175,0.042959,0.024069672971999998,0.028402139291999997,0.23739041858999996,5.454359323734,0.012629955485999999,0.008001119903999999,0.003988657572,0.003240167904,0.05733733517399999,0.024069672971999998,0.028402139291999997,0.23739041858999996,5.454359323734,0.012629955485999999,0.008001119903999999,0.003988657572,0.003240167904,0.05733733517399999,0.0,0.0,0.0,0.0,0.0,0.0,0.0,0.0,0.0,0.0,0.0,0.0,0.0,0.0,0.0,0.0,0.0,0.0,0.911128,2293105.247855082,21.120268,21.4846763,21.849084599999998,22.2134929,22.5779012,22.9423095,23.3067178,23.6711261,24.0355344,24.3999427,24.764350999999998,25.1287593,25.4931676,25.8575759,26.2219842,26.5863925,26.9508008,27.3152091,27.679617399999998,28.0440257,28.408434
SF11C46889612282050980,17,,2019-05-18T17:00:00-0700,0.120024,0.120025,0.136906,0.049455,0.01699049895,0.02004873595,0.167571103375,3.8501680712750006,0.008915336975,0.0056478964000000005,0.0028155464500000003,0.0022871964,0.040473750275,0.01699049895,0.02004873595,0.167571103375,3.8501680712750006,0.008915336975,0.0056478964000000005,0.0028155464500000003,0.0022871964,0.040473750275,0.0,0.0,0.0,0.0,0.0,0.0,0.0,0.0,0.0,0.0,0.0,0.0,0.0,0.0,0.0,0.0,0.0,0.0,0.952501,1618662.527897705,14.920027,14.9654502,15.0108734,15.0562966,15.1017198,15.147143,15.1925662,15.2379894,15.2834126,15.3288358,15.374258999999999,15.419682199999999,15.465105399999999,15.510528599999999,15.555951799999999,15.601374999999999,15.6467982,15.6922214,15.7376446,15.7830678,15.828491
SF11C46889612282050980,18,,2019-05-18T18:00:00-0700,0.070014,0.070015,0.080523,0.051603,0.009911183369999998,0.011695165569999999,0.09775039202499998,2.245944740765,0.005200644185,0.00329462584,0.0016424118699999999,0.0013342058399999999,0.023609828164999996,0.009911183369999998,0.011695165569999999,0.09775039202499998,2.245944740765,0.005200644185,0.00329462584,0.0016424118699999999,0.0013342058399999999,0.023609828164999996,0.0,0.0,0.0,0.0,0.0,0.0,0.0,0.0,0.0,0.0,0.0,0.0,0.0,0.0,0.0,0.0,0.0,0.0,0.983203,944219.807940328,8.710124,9.145630200000001,9.5811364,10.0166426,10.4521488,10.887655,11.323161200000001,11.7586674,12.194173600000001,12.6296798,13.065186,13.5006922,13.9361984,14.371704600000001,14.8072108,15.242717,15.678223200000001,16.1137294,16.5492356,16.984741800000002,17.420248
SF11C46889612282050980,19,,2019-05-18T19:00:00-0700,0.040008,0.040009,0.045635,0.051191,0.005663594022,0.006683023342,0.055857965215,1.2834107424590002,0.0029718285110000003,0.001882663504,0.0009385311220000001,0.0007624115040000001,0.013491474899000001,0.005663594022,0.006683023342,0.055857965215,1.2834107424590002,0.0029718285110000003,0.001882663504,0.0009385311220000001,0.0007624115040000001,0.013491474899000001,0.0,0.0,0.0,0.0,0.0,0.0,0.0,0.0,0.0,0.0,0.0,0.0,0.0,0.0,0.0,0.0,0.0,0.0,0.994671,539554.1759659017,4.979539,5.22851595,5.4774929,5.72646985,5.9754468,6.22442375,6.4734007,6.72237765,6.9713546,7.22033155,7.4693085,7.71828545,7.9672624,8.21623935,8.4652163,8.714193250000001,8.9631702,9.21214715,9.4611241,9.710101049999999,9.959078
SF11C46889612282050980,20,,2019-05-18T20:00:00-0700,0.005701,0.005702,0.006343,0.048089,0.0008071637159999999,0.0009524506759999999,0.00796076177,0.18290904680199999,0.000423538858,0.000268313312,0.000133757516,0.00010865731199999999,0.0019227771219999998,0.0008071637159999999,0.0009524506759999999,0.00796076177,0.18290904680199999,0.000423538858,0.000268313312,0.000133757516,0.00010865731199999999,0.0019227771219999998,0.0,0.0,0.0,0.0,0.0,0.0,0.0,0.0,0.0,0.0,0.0,0.0,0.0,0.0,0.0,0.0,0.0,0.0,0.999686,76884.58201313752,0.709946,0.7454432999999999,0.7809406,0.8164378999999999,0.8519352,0.8874325,0.9229297999999999,0.9584271,0.9939243999999999,1.0294216999999999,1.064919,1.1004163,1.1359135999999999,1.1714109,1.2069082,1.2424054999999998,1.2779028,1.3134001,1.3488973999999998,1.3843946999999999,1.419892
SF11C46889612282050980,21,,2019-05-18T21:00:00-0700,0.005701,0.005701,0.00608,0.045185,0.000807022158,0.000952283638,0.007959365635,0.182876968751,0.000423464579,0.00026826625600000003,0.000133734058,0.000108638256,0.001922439911,0.000807022158,0.000952283638,0.007959365635,0.182876968751,0.000423464579,0.00026826625600000003,0.000133734058,0.000108638256,0.001922439911,0.0,0.0,0.0,0.0,0.0,0.0,0.0,0.0,0.0,0.0,0.0,0.0,0.0,0.0,0.0,0.0,0.0,0.0,0.999922,76884.58201313752,0.709946,0.7454432999999999,0.7809406,0.8164378999999999,0.8519352,0.8874325,0.9229297999999999,0.9584271,0.9939243999999999,1.0294216999999999,1.064919,1.1004163,1.1359135999999999,1.1714109,1.2069082,1.2424054999999998,1.2779028,1.3134001,1.3488973999999998,1.3843946999999999,1.419892
SF11C46889612282050980,22,,2019-05-18T22:00:00-0700,0.005701,0.005701,0.005722,0.042456,0.000807022158,0.000952283638,0.007959365635,0.182876968751,0.000423464579,0.00026826625600000003,0.000133734058,0.000108638256,0.001922439911,0.000807022158,0.000952283638,0.007959365635,0.182876968751,0.000423464579,0.00026826625600000003,0.000133734058,0.000108638256,0.001922439911,0.0,0.0,0.0,0.0,0.0,0.0,0.0,0.0,0.0,0.0,0.0,0.0,0.0,0.0,0.0,0.0,0.0,0.0,0.999923,76884.58201313752,0.709946,0.7454432999999999,0.7809406,0.8164378999999999,0.8519352,0.8874325,0.9229297999999999,0.9584271,0.9939243999999999,1.0294216999999999,1.064919,1.1004163,1.1359135999999999,1.1714109,1.2069082,1.2424054999999998,1.2779028,1.3134001,1.3488973999999998,1.3843946999999999,1.419892
SF11C46889612282050980,23,,2019-05-18T23:00:00-0700,0.005701,0.005701,0.005277,0.039885,0.000807022158,0.000952283638,0.007959365635,0.182876968751,0.000423464579,0.00026826625600000003,0.000133734058,0.000108638256,0.001922439911,0.000807022158,0.000952283638,0.007959365635,0.182876968751,0.000423464579,0.00026826625600000003,0.000133734058,0.000108638256,0.001922439911,0.0,0.0,0.0,0.0,0.0,0.0,0.0,0.0,0.0,0.0,0.0,0.0,0.0,0.0,0.0,0.0,0.0,0.0,0.999923,76884.58201313752,0.709946,0.7454432999999999,0.7809406,0.8164378999999999,0.8519352,0.8874325,0.9229297999999999,0.9584271,0.9939243999999999,1.0294216999999999,1.064919,1.1004163,1.1359135999999999,1.1714109,1.2069082,1.2424054999999998,1.2779028,1.3134001,1.3488973999999998,1.3843946999999999,1.419892
SF11C46889712282050980,0,,2019-05-18T00:00:00-0600,0.005701,0.005701,0.004755,0.000329,0.000269007386,0.000317425979,0.0026531199780000002,0.060958991484000004,0.00014115676,8.942018500000001e-05,4.4576119e-05,3.6212752e-05,0.000640815204,0.000269007386,0.000317425979,0.0026531199780000002,0.060958991484000004,0.00014115676,8.942018500000001e-05,4.4576119e-05,3.6212752e-05,0.000640815204,0.0,0.0,0.0,0.0,0.0,0.0,0.0,0.0,0.0,0.0,0.0,0.0,0.0,0.0,0.0,0.0,0.0,0.0,0.997752,8542.731338887643,0.236663,0.24849615000000003,0.2603293,0.27216245,0.2839956,0.29582875000000003,0.30766190000000004,0.31949505,0.3313282,0.34316135000000003,0.3549945,0.36682765,0.3786608,0.39049395000000003,0.40232710000000005,0.41416025,0.4259934,0.43782655000000004,0.4496597,0.46149285,0.473326
SF11C46889712282050980,1,,2019-05-18T01:00:00-0600,0.005701,0.005701,0.00417,0.000594,0.000269007386,0.000317425979,0.0026531199780000002,0.060958991484000004,0.00014115676,8.942018500000001e-05,4.4576119e-05,3.6212752e-05,0.000640815204,0.000269007386,0.000317425979,0.0026531199780000002,0.060958991484000004,0.00014115676,8.942018500000001e-05,4.4576119e-05,3.6212752e-05,0.000640815204,0.0,0.0,0.0,0.0,0.0,0.0,0.0,0.0,0.0,0.0,0.0,0.0,0.0,0.0,0.0,0.0,0.0,0.0,0.997752,8542.731338887643,0.236663,0.24849615000000003,0.2603293,0.27216245,0.2839956,0.29582875000000003,0.30766190000000004,0.31949505,0.3313282,0.34316135000000003,0.3549945,0.36682765,0.3786608,0.39049395000000003,0.40232710000000005,0.41416025,0.4259934,0.43782655000000004,0.4496597,0.46149285,0.473326
SF11C46889712282050980,2,,2019-05-18T02:00:00-0600,0.005701,0.005701,0.003478,0.000794,0.000269007386,0.000317425979,0.0026531199780000002,0.060958991484000004,0.00014115676,8.942018500000001e-05,4.4576119e-05,3.6212752e-05,0.000640815204,0.000269007386,0.000317425979,0.0026531199780000002,0.060958991484000004,0.00014115676,8.942018500000001e-05,4.4576119e-05,3.6212752e-05,0.000640815204,0.0,0.0,0.0,0.0,0.0,0.0,0.0,0.0,0.0,0.0,0.0,0.0,0.0,0.0,0.0,0.0,0.0,0.0,0.998501,8542.731338887643,0.236663,0.24849615000000003,0.2603293,0.27216245,0.2839956,0.29582875000000003,0.30766190000000004,0.31949505,0.3313282,0.34316135000000003,0.3549945,0.36682765,0.3786608,0.39049395000000003,0.40232710000000005,0.41416025,0.4259934,0.43782655000000004,0.4496597,0.46149285,0.473326
SF11C46889712282050980,3,,2019-05-18T03:00:00-0600,0.005701,0.005701,0.003028,0.000948,0.000269007386,0.000317425979,0.0026531199780000002,0.060958991484000004,0.00014115676,8.942018500000001e-05,4.4576119e-05,3.6212752e-05,0.000640815204,0.000269007386,0.000317425979,0.0026531199780000002,0.060958991484000004,0.00014115676,8.942018500000001e-05,4.4576119e-05,3.6212752e-05,0.000640815204,0.0,0.0,0.0,0.0,0.0,0.0,0.0,0.0,0.0,0.0,0.0,0.0,0.0,0.0,0.0,0.0,0.0,0.0,0.998876,8542.731338887643,0.236663,0.24849615000000003,0.2603293,0.27216245,0.2839956,0.29582875000000003,0.30766190000000004,0.31949505,0.3313282,0.34316135000000003,0.3549945,0.36682765,0.3786608,0.39049395000000003,0.40232710000000005,0.41416025,0.4259934,0.43782655000000004,0.4496597,0.46149285,0.473326
SF11C46889712282050980,4,,2019-05-18T04:00:00-0600,0.005701,0.005701,0.002734,0.001072,0.000269007386,0.000317425979,0.0026531199780000002,0.060958991484000004,0.00014115676,8.942018500000001e-05,4.4576119e-05,3.6212752e-05,0.000640815204,0.000269007386,0.000317425979,0.0026531199780000002,0.060958991484000004,0.00014115676,8.942018500000001e-05,4.4576119e-05,3.6212752e-05,0.000640815204,0.0,0.0,0.0,0.0,0.0,0.0,0.0,0.0,0.0,0.0,0.0,0.0,0.0,0.0,0.0,0.0,0.0,0.0,0.999101,8542.731338887643,0.236663,0.24849615000000003,0.2603293,0.27216245,0.2839956,0.29582875000000003,0.30766190000000004,0.31949505,0.3313282,0.34316135000000003,0.3549945,0.36682765,0.3786608,0.39049395000000003,0.40232710000000005,0.41416025,0.4259934,0.43782655000000004,0.4496597,0.46149285,0.473326
SF11C46889712282050980,5,,2019-05-18T05:00:00-0600,0.005701,0.005701,0.002543,0.001174,0.000269007386,0.000317425979,0.0026531199780000002,0.060958991484000004,0.00014115676,8.942018500000001e-05,4.4576119e-05,3.6212752e-05,0.000640815204,0.000269007386,0.000317425979,0.0026531199780000002,0.060958991484000004,0.00014115676,8.942018500000001e-05,4.4576119e-05,3.6212752e-05,0.000640815204,0.0,0.0,0.0,0.0,0.0,0.0,0.0,0.0,0.0,0.0,0.0,0.0,0.0,0.0,0.0,0.0,0.0,0.0,0.999251,8542.731338887643,0.236663,0.24849615000000003,0.2603293,0.27216245,0.2839956,0.29582875000000003,0.30766190000000004,0.31949505,0.3313282,0.34316135000000003,0.3549945,0.36682765,0.3786608,0.39049395000000003,0.40232710000000005,0.41416025,0.4259934,0.43782655000000004,0.4496597,0.46149285,0.473326
SF11C46889712282050980,6,,2019-05-18T06:00:00-0600,0.005701,0.005701,0.002418,0.00126,0.000269007386,0.000317425979,0.0026531199780000002,0.060958991484000004,0.00014115676,8.942018500000001e-05,4.4576119e-05,3.6212752e-05,0.000640815204,0.000269007386,0.000317425979,0.0026531199780000002,0.060958991484000004,0.00014115676,8.942018500000001e-05,4.4576119e-05,3.6212752e-05,0.000640815204,0.0,0.0,0.0,0.0,0.0,0.0,0.0,0.0,0.0,0.0,0.0,0.0,0.0,0.0,0.0,0.0,0.0,0.0,0.999358,8542.731338887643,0.236663,0.24849615000000003,0.2603293,0.27216245,0.2839956,0.29582875000000003,0.30766190000000004,0.31949505,0.3313282,0.34316135000000003,0.3549945,0.36682765,0.3786608,0.39049395000000003,0.40232710000000005,0.41416025,0.4259934,0.43782655000000004,0.4496597,0.46149285,0.473326
SF11C46889712282050980,7,,2019-05-18T07:00:00-0600,0.005701,0.005701,0.002337,0.001334,0.000269007386,0.000317425979,0.0026531199780000002,0.060958991484000004,0.00014115676,8.942018500000001e-05,4.4576119e-05,3.6212752e-05,0.000640815204,0.000269007386,0.000317425979,0.0026531199780000002,0.060958991484000004,0.00014115676,8.942018500000001e-05,4.4576119e-05,3.6212752e-05,0.000640815204,0.0,0.0,0.0,0.0,0.0,0.0,0.0,0.0,0.0,0.0,0.0,0.0,0.0,0.0,0.0,0.0,0.0,0.0,0.999438,8542.731338887643,0.236663,0.24849615000000003,0.2603293,0.27216245,0.2839956,0.29582875000000003,0.30766190000000004,0.31949505,0.3313282,0.34316135000000003,0.3549945,0.36682765,0.3786608,0.39049395000000003,0.40232710000000005,0.41416025,0.4259934,0.43782655000000004,0.4496597,0.46149285,0.473326
SF11C46889712282050980,8,,2019-05-18T08:00:00-0600,0.005701,0.005701,0.002186,0.001393,0.000269007386,0.000317425979,0.0026531199780000002,0.060958991484000004,0.00014115676,8.942018500000001e-05,4.4576119e-05,3.6212752e-05,0.000640815204,0.000269007386,0.000317425979,0.0026531199780000002,0.060958991484000004,0.00014115676,8.942018500000001e-05,4.4576119e-05,3.6212752e-05,0.000640815204,0.0,0.0,0.0,0.0,0.0,0.0,0.0,0.0,0.0,0.0,0.0,0.0,0.0,0.0,0.0,0.0,0.0,0.0,0.9995,8542.731338887643,0.236663,0.24849615000000003,0.2603293,0.27216245,0.2839956,0.29582875000000003,0.30766190000000004,0.31949505,0.3313282,0.34316135000000003,0.3549945,0.36682765,0.3786608,0.39049395000000003,0.40232710000000005,0.41416025,0.4259934,0.43782655000000004,0.4496597,0.46149285,0.473326
SF11C46889712282050980,9,,2019-05-18T09:00:00-0600,0.005701,0.005701,0.002869,0.001495,0.000269007386,0.000317425979,0.0026531199780000002,0.060958991484000004,0.00014115676,8.942018500000001e-05,4.4576119e-05,3.6212752e-05,0.000640815204,0.000269007386,0.000317425979,0.0026531199780000002,0.060958991484000004,0.00014115676,8.942018500000001e-05,4.4576119e-05,3.6212752e-05,0.000640815204,0.0,0.0,0.0,0.0,0.0,0.0,0.0,0.0,0.0,0.0,0.0,0.0,0.0,0.0,0.0,0.0,0.0,0.0,0.99955,8542.731338887643,0.236663,0.24849615000000003,0.2603293,0.27216245,0.2839956,0.29582875000000003,0.30766190000000004,0.31949505,0.3313282,0.34316135000000003,0.3549945,0.36682765,0.3786608,0.39049395000000003,0.40232710000000005,0.41416025,0.4259934,0.43782655000000004,0.4496597,0.46149285,0.473326
SF11C46889712282050980,10,,2019-05-18T10:00:00-0600,0.020004,0.020004,0.012409,0.00225,0.000943908744,0.001113802716,0.009309421512000001,0.213896450736,0.00049529904,0.00031376274000000006,0.000156411276,0.00012706540800000001,0.002248529616,0.000943908744,0.001113802716,0.009309421512000001,0.213896450736,0.00049529904,0.00031376274000000006,0.000156411276,0.00012706540800000001,0.002248529616,0.0,0.0,0.0,0.0,0.0,0.0,0.0,0.0,0.0,0.0,0.0,0.0,0.0,0.0,0.0,0.0,0.0,0.0,0.997367,29975.23201247297,0.830354,0.8718717,0.9133894,0.9549071,0.9964248,1.0379425,1.0794602,1.1209779000000002,1.1624956000000002,1.2040133000000002,1.2455310000000002,1.2870487000000002,1.3285664000000001,1.3700841000000001,1.4116018000000001,1.4531195000000001,1.4946372,1.5361549,1.5776726,1.6191903,1.660708
SF11C46889712282050980,11,,2019-05-18T11:00:00-0600,0.040008,0.040007,0.029264,0.004118,0.001887770302,0.002227549753,0.018618377646000002,0.427782208788,0.00099057332,0.000627509795,0.000312814733,0.000254124464,0.004496946828,0.001887770302,0.002227549753,0.018618377646000002,0.427782208788,0.00099057332,0.000627509795,0.000312814733,0.000254124464,0.004496946828,0.0,0.0,0.0,0.0,0.0,0.0,0.0,0.0,0.0,0.0,0.0,0.0,0.0,0.0,0.0,0.0,0.0,0.0,0.991908,59950.46402494594,1.660536,1.7435628,1.8265896,1.9096164,1.9926432,2.07567,2.1586968,2.2417236000000003,2.3247504,2.4077772,2.490804,2.5738308,2.6568576,2.7398844,2.8229112,2.905938,2.9889647999999998,3.0719916,3.1550184,3.2380452,3.321072
SF11C46889712282050980,12,,2019-05-18T12:00:00-0600,0.070014,0.070013,0.058394,0.007871,0.0033036334180000003,0.003898253827,0.032582509914,0.748626884892,0.0017335218800000002,0.0010981539050000002,0.000547431647,0.000444722576,0.007869741252,0.0033036334180000003,0.003898253827,0.032582509914,0.748626884892,0.0017335218800000002,0.0010981539050000002,0.000547431647,0.000444722576,0.007869741252,0.0,0.0,0.0,0.0,0.0,0.0,0.0,0.0,0.0,0.0,0.0,0.0,0.0,0.0,0.0,0.0,0.0,0.0,0.983757,104913.3120436554,2.905485,2.91582995,2.9261749,2.9365198500000003,2.9468648,2.95720975,2.9675547,2.97789965,2.9882446000000003,2.99858955,3.0089345,3.01927945,3.0296244,3.0399693500000002,3.0503143,3.06065925,3.0710042,3.08134915,3.0916941000000002,3.10203905,3.112384
SF11C46889712282050980,13,,2019-05-18T13:00:00-0600,0.10002,0.100019,0.092571,0.013728,0.004719496534,0.005568957901,0.046546642182,1.069471560996,0.00247647044,0.001568798015,0.000782048561,0.0006353206879999999,0.011242535676,0.004719496534,0.005568957901,0.046546642182,1.069471560996,0.00247647044,0.001568798015,0.000782048561,0.0006353206879999999,0.011242535676,0.0,0.0,0.0,0.0,0.0,0.0,0.0,0.0,0.0,0.0,0.0,0.0,0.0,0.0,0.0,0.0,0.0,0.0,0.976635,149876.16006236483,4.150046,4.18229195,4.2145379,4.24678385,4.2790298,4.31127575,4.3435217,4.37576765,4.4080136,4.44025955,4.4725055000000005,4.5047514500000005,4.5369974,4.56924335,4.6014893,4.63373525,4.6659812,4.69822715,4.7304731,4.76271905,4.794965
SF11C46889712282050980,14,,2019-05-18T14:00:00-0600,0.130026,0.130025,0.130502,0.021803,0.00613535965,0.007239661975,0.060510774450000006,1.3903162371,0.0032194190000000003,0.002039442125,0.001016665475,0.0008259188,0.0146153301,0.00613535965,0.007239661975,0.060510774450000006,1.3903162371,0.0032194190000000003,0.002039442125,0.001016665475,0.0008259188,0.0146153301,0.0,0.0,0.0,0.0,0.0,0.0,0.0,0.0,0.0,0.0,0.0,0.0,0.0,0.0,0.0,0.0,0.0,0.0,0.971716,194839.0080810743,5.39422,5.4392132,5.4842064,5.5291996,5.5741928,5.619186,5.6641791999999995,5.7091724,5.754165599999999,5.7991588,5.844151999999999,5.8891452,5.9341384,5.9791316,6.0241248,6.069118,6.1141112,6.1591043999999995,6.2040976,6.249090799999999,6.294084
SF11C46889712282050980,15,,2019-05-18T15:00:00-0600,0.160032,0.160031,0.170679,0.032097,0.007551222766,0.008910366049,0.074474906718,1.711160913204,0.00396236756,0.0025100862350000003,0.001251282389,0.0010165169120000001,0.017988124524,0.007551222766,0.008910366049,0.074474906718,1.711160913204,0.00396236756,0.0025100862350000003,0.001251282389,0.0010165169120000001,0.017988124524,0.0,0.0,0.0,0.0,0.0,0.0,0.0,0.0,0.0,0.0,0.0,0.0,0.0,0.0,0.0,0.0,0.0,0.0,0.968279,239801.85609978376,6.638007,6.68795675,6.7379065,6.78785625,6.837806,6.88775575,6.9377055,6.9876552499999995,7.037605,7.08755475,7.1375045,7.18745425,7.237404,7.28735375,7.3373035,7.38725325,7.437203,7.48715275,7.5371025,7.58705225,7.637002
SF11C46889712282050980,16,,2019-05-18T16:00:00-0600,0.170034,0.170034,0.189175,0.042959,0.008023224324,0.009467323086,0.079130082852,1.8181198312559999,0.0042100418399999995,0.00266698329,0.0013294958459999999,0.001080055968,0.019112501736,0.008023224324,0.009467323086,0.079130082852,1.8181198312559999,0.0042100418399999995,0.00266698329,0.0013294958459999999,0.001080055968,0.019112501736,0.0,0.0,0.0,0.0,0.0,0.0,0.0,0.0,0.0,0.0,0.0,0.0,0.0,0.0,0.0,0.0,0.0,0.0,0.970376,254789.47210602023,7.052517,7.07996835,7.1074196999999995,7.13487105,7.1623224,7.18977375,7.2172251,7.24467645,7.2721278,7.29957915,7.327030499999999,7.35448185,7.3819332,7.4093845499999995,7.4368359,7.46428725,7.4917386,7.5191899499999995,7.546641299999999,7.57409265,7.601544
SF11C46889712282050980,17,,2019-05-18T17:00:00-0600,0.120024,0.120025,0.136906,0.049455,0.00566349965,0.006682871975,0.05585699445,1.2833893971,0.002971819,0.0018825921250000001,0.000938475475,0.0007623988,0.013491290100000001,0.00566349965,0.006682871975,0.05585699445,1.2833893971,0.002971819,0.0018825921250000001,0.000938475475,0.0007623988,0.013491290100000001,0.0,0.0,0.0,0.0,0.0,0.0,0.0,0.0,0.0,0.0,0.0,0.0,0.0,0.0,0.0,0.0,0.0,0.0,0.984167,179851.39207483782,4.979539,5.22851595,5.4774929,5.72646985,5.9754468,6.22442375,6.4734007,6.72237765,6.9713546,7.22033155,7.4693085,7.71828545,7.9672624,8.21623935,8.4652163,8.714193250000001,8.9631702,9.21214715,9.4611241,9.710101049999999,9.959078
SF11C46889712282050980,18,,2019-05-18T18:00:00-0600,0.070014,0.070015,0.080523,0.051603,0.0033037277899999997,0.0038983651849999997,0.03258344067,0.7486482702599999,0.0017335713999999999,0.001098185275,0.0005474472849999999,0.00044473527999999994,0.007869966059999999,0.0033037277899999997,0.0038983651849999997,0.03258344067,0.7486482702599999,0.0017335713999999999,0.001098185275,0.0005474472849999999,0.00044473527999999994,0.007869966059999999,0.0,0.0,0.0,0.0,0.0,0.0,0.0,0.0,0.0,0.0,0.0,0.0,0.0,0.0,0.0,0.0,0.0,0.0,0.994401,104913.3120436554,2.905485,3.05075925,3.1960335,3.34130775,3.4865820000000003,3.6318562500000002,3.7771305,3.92240475,4.067679,4.21295325,4.3582275,4.50350175,4.648776,4.79405025,4.9393245,5.08459875,5.2298729999999995,5.3751472499999995,5.520421499999999,5.665695749999999,5.810969999999999
SF11C46889712282050980,19,,2019-05-18T19:00:00-0600,0.040008,0.040009,0.045635,0.051191,0.001887864674,0.002227661111,0.018619308402,0.427803594156,0.0009906228400000001,0.0006275411650000001,0.000312830371,0.000254137168,0.004497171636,0.001887864674,0.002227661111,0.018619308402,0.427803594156,0.0009906228400000001,0.0006275411650000001,0.000312830371,0.000254137168,0.004497171636,0.0,0.0,0.0,0.0,0.0,0.0,0.0,0.0,0.0,0.0,0.0,0.0,0.0,0.0,0.0,0.0,0.0,0.0,0.998224,59950.46402494594,1.660536,1.7435628,1.8265896,1.9096164,1.9926432,2.07567,2.1586968,2.2417236000000003,2.3247504,2.4077772,2.490804,2.5738308,2.6568576,2.7398844,2.8229112,2.905938,2.9889647999999998,3.0719916,3.1550184,3.2380452,3.321072
SF11C46889712282050980,20,,2019-05-18T20:00:00-0600,0.005701,0.005702,0.006343,0.048089,0.00026905457199999995,0.00031748165799999996,0.002653585356,0.06096968416799999,0.00014118152,8.943586999999999e-05,4.4583937999999996e-05,3.6219104e-05,0.000640927608,0.00026905457199999995,0.00031748165799999996,0.002653585356,0.06096968416799999,0.00014118152,8.943586999999999e-05,4.4583937999999996e-05,3.6219104e-05,0.000640927608,0.0,0.0,0.0,0.0,0.0,0.0,0.0,0.0,0.0,0.0,0.0,0.0,0.0,0.0,0.0,0.0,0.0,0.0,0.999895,8542.731338887643,0.236663,0.24849615000000003,0.2603293,0.27216245,0.2839956,0.29582875000000003,0.30766190000000004,0.31949505,0.3313282,0.34316135000000003,0.3549945,0.36682765,0.3786608,0.39049395000000003,0.40232710000000005,0.41416025,0.4259934,0.43782655000000004,0.4496597,0.46149285,0.473326
SF11C46889712282050980,21,,2019-05-18T21:00:00-0600,0.005701,0.005701,0.00608,0.045185,0.000269007386,0.000317425979,0.0026531199780000002,0.060958991484000004,0.00014115676,8.942018500000001e-05,4.4576119e-05,3.6212752e-05,0.000640815204,0.000269007386,0.000317425979,0.0026531199780000002,0.060958991484000004,0.00014115676,8.942018500000001e-05,4.4576119e-05,3.6212752e-05,0.000640815204,0.0,0.0,0.0,0.0,0.0,0.0,0.0,0.0,0.0,0.0,0.0,0.0,0.0,0.0,0.0,0.0,0.0,0.0,0.999974,8542.731338887643,0.236663,0.24849615000000003,0.2603293,0.27216245,0.2839956,0.29582875000000003,0.30766190000000004,0.31949505,0.3313282,0.34316135000000003,0.3549945,0.36682765,0.3786608,0.39049395000000003,0.40232710000000005,0.41416025,0.4259934,0.43782655000000004,0.4496597,0.46149285,0.473326
SF11C46889712282050980,22,,2019-05-18T22:00:00-0600,0.005701,0.005701,0.005722,0.042456,0.000269007386,0.000317425979,0.0026531199780000002,0.060958991484000004,0.00014115676,8.942018500000001e-05,4.4576119e-05,3.6212752e-05,0.000640815204,0.000269007386,0.000317425979,0.0026531199780000002,0.060958991484000004,0.00014115676,8.942018500000001e-05,4.4576119e-05,3.6212752e-05,0.000640815204,0.0,0.0,0.0,0.0,0.0,0.0,0.0,0.0,0.0,0.0,0.0,0.0,0.0,0.0,0.0,0.0,0.0,0.0,0.999974,8542.731338887643,0.236663,0.24849615000000003,0.2603293,0.27216245,0.2839956,0.29582875000000003,0.30766190000000004,0.31949505,0.3313282,0.34316135000000003,0.3549945,0.36682765,0.3786608,0.39049395000000003,0.40232710000000005,0.41416025,0.4259934,0.43782655000000004,0.4496597,0.46149285,0.473326
SF11C46889712282050980,23,,2019-05-18T23:00:00-0600,0.005701,0.005701,0.005277,0.039885,0.000269007386,0.000317425979,0.0026531199780000002,0.060958991484000004,0.00014115676,8.942018500000001e-05,4.4576119e-05,3.6212752e-05,0.000640815204,0.000269007386,0.000317425979,0.0026531199780000002,0.060958991484000004,0.00014115676,8.942018500000001e-05,4.4576119e-05,3.6212752e-05,0.000640815204,0.0,0.0,0.0,0.0,0.0,0.0,0.0,0.0,0.0,0.0,0.0,0.0,0.0,0.0,0.0,0.0,0.0,0.0,0.999974,8542.731338887643,0.236663,0.24849615000000003,0.2603293,0.27216245,0.2839956,0.29582875000000003,0.30766190000000004,0.31949505,0.3313282,0.34316135000000003,0.3549945,0.36682765,0.3786608,0.39049395000000003,0.40232710000000005,0.41416025,0.4259934,0.43782655000000004,0.4496597,0.46149285,0.473326
SF11C46889812282050980,0,,2019-05-18T00:00:00-0600,0.005701,0.005701,0.004756,0.000329,0.000470760075,0.0005554997390000001,0.004642962812000001,0.106678229396,0.00024701862900000003,0.00015649245,7.8012484e-05,6.3372316e-05,0.001121426607,0.000470760075,0.0005554997390000001,0.004642962812000001,0.106678229396,0.00024701862900000003,0.00015649245,7.8012484e-05,6.3372316e-05,0.001121426607,0.0,0.0,0.0,0.0,0.0,0.0,0.0,0.0,0.0,0.0,0.0,0.0,0.0,0.0,0.0,0.0,0.0,0.0,0.996065,26162.125268572556,0.41415,0.4348575,0.455565,0.4762725,0.49698000000000003,0.5176875000000001,0.538395,0.5591025000000001,0.57981,0.6005175,0.621225,0.6419325,0.66264,0.6833475,0.7040550000000001,0.7247625,0.7454700000000001,0.7661775,0.7868850000000001,0.8075925,0.8283
SF11C46889812282050980,1,,2019-05-18T01:00:00-0600,0.005701,0.005701,0.003952,0.000579,0.000470760075,0.0005554997390000001,0.004642962812000001,0.106678229396,0.00024701862900000003,0.00015649245,7.8012484e-05,6.3372316e-05,0.001121426607,0.000470760075,0.0005554997390000001,0.004642962812000001,0.106678229396,0.00024701862900000003,0.00015649245,7.8012484e-05,6.3372316e-05,0.001121426607,0.0,0.0,0.0,0.0,0.0,0.0,0.0,0.0,0.0,0.0,0.0,0.0,0.0,0.0,0.0,0.0,0.0,0.0,0.996065,26162.125268572556,0.41415,0.4348575,0.455565,0.4762725,0.49698000000000003,0.5176875000000001,0.538395,0.5591025000000001,0.57981,0.6005175,0.621225,0.6419325,0.66264,0.6833475,0.7040550000000001,0.7247625,0.7454700000000001,0.7661775,0.7868850000000001,0.8075925,0.8283
SF11C46889812282050980,2,,2019-05-18T02:00:00-0600,0.005701,0.005701,0.0034,0.000774,0.000470760075,0.0005554997390000001,0.004642962812000001,0.106678229396,0.00024701862900000003,0.00015649245,7.8012484e-05,6.3372316e-05,0.001121426607,0.000470760075,0.0005554997390000001,0.004642962812000001,0.106678229396,0.00024701862900000003,0.00015649245,7.8012484e-05,6.3372316e-05,0.001121426607,0.0,0.0,0.0,0.0,0.0,0.0,0.0,0.0,0.0,0.0,0.0,0.0,0.0,0.0,0.0,0.0,0.0,0.0,0.997377,26162.125268572556,0.41415,0.4348575,0.455565,0.4762725,0.49698000000000003,0.5176875000000001,0.538395,0.5591025000000001,0.57981,0.6005175,0.621225,0.6419325,0.66264,0.6833475,0.7040550000000001,0.7247625,0.7454700000000001,0.7661775,0.7868850000000001,0.8075925,0.8283
SF11C46889812282050980,3,,2019-05-18T03:00:00-0600,0.005701,0.005701,0.00302,0.00093,0.000470760075,0.0005554997390000001,0.004642962812000001,0.106678229396,0.00024701862900000003,0.00015649245,7.8012484e-05,6.3372316e-05,0.001121426607,0.000470760075,0.0005554997390000001,0.004642962812000001,0.106678229396,0.00024701862900000003,0.00015649245,7.8012484e-05,6.3372316e-05,0.001121426607,0.0,0.0,0.0,0.0,0.0,0.0,0.0,0.0,0.0,0.0,0.0,0.0,0.0,0.0,0.0,0.0,0.0,0.0,0.998033,26162.125268572556,0.41415,0.4348575,0.455565,0.4762725,0.49698000000000003,0.5176875000000001,0.538395,0.5591025000000001,0.57981,0.6005175,0.621225,0.6419325,0.66264,0.6833475,0.7040550000000001,0.7247625,0.7454700000000001,0.7661775,0.7868850000000001,0.8075925,0.8283
SF11C46889812282050980,4,,2019-05-18T04:00:00-0600,0.005701,0.005701,0.002759,0.001056,0.000470760075,0.0005554997390000001,0.004642962812000001,0.106678229396,0.00024701862900000003,0.00015649245,7.8012484e-05,6.3372316e-05,0.001121426607,0.000470760075,0.0005554997390000001,0.004642962812000001,0.106678229396,0.00024701862900000003,0.00015649245,7.8012484e-05,6.3372316e-05,0.001121426607,0.0,0.0,0.0,0.0,0.0,0.0,0.0,0.0,0.0,0.0,0.0,0.0,0.0,0.0,0.0,0.0,0.0,0.0,0.998426,26162.125268572556,0.41415,0.4348575,0.455565,0.4762725,0.49698000000000003,0.5176875000000001,0.538395,0.5591025000000001,0.57981,0.6005175,0.621225,0.6419325,0.66264,0.6833475,0.7040550000000001,0.7247625,0.7454700000000001,0.7661775,0.7868850000000001,0.8075925,0.8283
SF11C46889812282050980,5,,2019-05-18T05:00:00-0600,0.005701,0.005701,0.00258,0.001162,0.000470760075,0.0005554997390000001,0.004642962812000001,0.106678229396,0.00024701862900000003,0.00015649245,7.8012484e-05,6.3372316e-05,0.001121426607,0.000470760075,0.0005554997390000001,0.004642962812000001,0.106678229396,0.00024701862900000003,0.00015649245,7.8012484e-05,6.3372316e-05,0.001121426607,0.0,0.0,0.0,0.0,0.0,0.0,0.0,0.0,0.0,0.0,0.0,0.0,0.0,0.0,0.0,0.0,0.0,0.0,0.998688,26162.125268572556,0.41415,0.4348575,0.455565,0.4762725,0.49698000000000003,0.5176875000000001,0.538395,0.5591025000000001,0.57981,0.6005175,0.621225,0.6419325,0.66264,0.6833475,0.7040550000000001,0.7247625,0.7454700000000001,0.7661775,0.7868850000000001,0.8075925,0.8283
SF11C46889812282050980,6,,2019-05-18T06:00:00-0600,0.005701,0.005701,0.002457,0.001251,0.000470760075,0.0005554997390000001,0.004642962812000001,0.106678229396,0.00024701862900000003,0.00015649245,7.8012484e-05,6.3372316e-05,0.001121426607,0.000470760075,0.0005554997390000001,0.004642962812000001,0.106678229396,0.00024701862900000003,0.00015649245,7.8012484e-05,6.3372316e-05,0.001121426607,0.0,0.0,0.0,0.0,0.0,0.0,0.0,0.0,0.0,0.0,0.0,0.0,0.0,0.0,0.0,0.0,0.0,0.0,0.998876,26162.125268572556,0.41415,0.4348575,0.455565,0.4762725,0.49698000000000003,0.5176875000000001,0.538395,0.5591025000000001,0.57981,0.6005175,0.621225,0.6419325,0.66264,0.6833475,0.7040550000000001,0.7247625,0.7454700000000001,0.7661775,0.7868850000000001,0.8075925,0.8283
SF11C46889812282050980,7,,2019-05-18T07:00:00-0600,0.005701,0.005701,0.002372,0.001329,0.000470760075,0.0005554997390000001,0.004642962812000001,0.106678229396,0.00024701862900000003,0.00015649245,7.8012484e-05,6.3372316e-05,0.001121426607,0.000470760075,0.0005554997390000001,0.004642962812000001,0.106678229396,0.00024701862900000003,0.00015649245,7.8012484e-05,6.3372316e-05,0.001121426607,0.0,0.0,0.0,0.0,0.0,0.0,0.0,0.0,0.0,0.0,0.0,0.0,0.0,0.0,0.0,0.0,0.0,0.0,0.999016,26162.125268572556,0.41415,0.4348575,0.455565,0.4762725,0.49698000000000003,0.5176875000000001,0.538395,0.5591025000000001,0.57981,0.6005175,0.621225,0.6419325,0.66264,0.6833475,0.7040550000000001,0.7247625,0.7454700000000001,0.7661775,0.7868850000000001,0.8075925,0.8283
SF11C46889812282050980,8,,2019-05-18T08:00:00-0600,0.005701,0.005701,0.002186,0.001388,0.000470760075,0.0005554997390000001,0.004642962812000001,0.106678229396,0.00024701862900000003,0.00015649245,7.8012484e-05,6.3372316e-05,0.001121426607,0.000470760075,0.0005554997390000001,0.004642962812000001,0.106678229396,0.00024701862900000003,0.00015649245,7.8012484e-05,6.3372316e-05,0.001121426607,0.0,0.0,0.0,0.0,0.0,0.0,0.0,0.0,0.0,0.0,0.0,0.0,0.0,0.0,0.0,0.0,0.0,0.0,0.999126,26162.125268572556,0.41415,0.4348575,0.455565,0.4762725,0.49698000000000003,0.5176875000000001,0.538395,0.5591025000000001,0.57981,0.6005175,0.621225,0.6419325,0.66264,0.6833475,0.7040550000000001,0.7247625,0.7454700000000001,0.7661775,0.7868850000000001,0.8075925,0.8283
SF11C46889812282050980,9,,2019-05-18T09:00:00-0600,0.005701,0.005701,0.00287,0.00149,0.000470760075,0.0005554997390000001,0.004642962812000001,0.106678229396,0.00024701862900000003,0.00015649245,7.8012484e-05,6.3372316e-05,0.001121426607,0.000470760075,0.0005554997390000001,0.004642962812000001,0.106678229396,0.00024701862900000003,0.00015649245,7.8012484e-05,6.3372316e-05,0.001121426607,0.0,0.0,0.0,0.0,0.0,0.0,0.0,0.0,0.0,0.0,0.0,0.0,0.0,0.0,0.0,0.0,0.0,0.0,0.999213,26162.125268572556,0.41415,0.4348575,0.455565,0.4762725,0.49698000000000003,0.5176875000000001,0.538395,0.5591025000000001,0.57981,0.6005175,0.621225,0.6419325,0.66264,0.6833475,0.7040550000000001,0.7247625,0.7454700000000001,0.7661775,0.7868850000000001,0.8075925,0.8283
SF11C46889812282050980,10,,2019-05-18T10:00:00-0600,0.020004,0.020004,0.012411,0.002246,0.0016518303,0.001949169756,0.016291497648000003,0.374318768784,0.000866753316,0.0005491098,0.000273734736,0.000222364464,0.003934926828,0.0016518303,0.001949169756,0.016291497648000003,0.374318768784,0.000866753316,0.0005491098,0.000273734736,0.000222364464,0.003934926828,0.0,0.0,0.0,0.0,0.0,0.0,0.0,0.0,0.0,0.0,0.0,0.0,0.0,0.0,0.0,0.0,0.0,0.0,0.995392,91799.18503289342,1.453006,1.5256563,1.5983066,1.6709569,1.7436072,1.8162575,1.8889078000000001,1.9615581,2.0342084,2.1068587,2.179509,2.2521592999999998,2.3248096,2.3974599000000003,2.4701101999999997,2.5427605,2.6154108000000003,2.6880611,2.7607114,2.8333617,2.906012
SF11C46889812282050980,11,,2019-05-18T11:00:00-0600,0.040008,0.040008,0.029269,0.004114,0.0033036606,0.003898339512,0.032582995296000006,0.748637537568,0.001733506632,0.0010982196,0.000547469472,0.000444728928,0.007869853656,0.0033036606,0.003898339512,0.032582995296000006,0.748637537568,0.001733506632,0.0010982196,0.000547469472,0.000444728928,0.007869853656,0.0,0.0,0.0,0.0,0.0,0.0,0.0,0.0,0.0,0.0,0.0,0.0,0.0,0.0,0.0,0.0,0.0,0.0,0.98584,183598.37006578685,2.905485,3.05075925,3.1960335,3.34130775,3.4865820000000003,3.6318562500000002,3.7771305,3.92240475,4.067679,4.21295325,4.3582275,4.50350175,4.648776,4.79405025,4.9393245,5.08459875,5.2298729999999995,5.3751472499999995,5.520421499999999,5.665695749999999,5.810969999999999
SF11C46889812282050980,12,,2019-05-18T12:00:00-0600,0.070014,0.070013,0.058404,0.007868,0.005781323475,0.0068219967070000005,0.057019427356000005,1.3100969785480001,0.0030335932770000004,0.00192185685,0.0009580578920000001,0.000778264508,0.013772047191000001,0.005781323475,0.0068219967070000005,0.057019427356000005,1.3100969785480001,0.0030335932770000004,0.00192185685,0.0009580578920000001,0.000778264508,0.013772047191000001,0.0,0.0,0.0,0.0,0.0,0.0,0.0,0.0,0.0,0.0,0.0,0.0,0.0,0.0,0.0,0.0,0.0,0.0,0.971576,321297.14761512703,5.083213,5.1336375499999995,5.1840621,5.23448665,5.2849112,5.33533575,5.385760299999999,5.43618485,5.4866094,5.53703395,5.5874585,5.63788305,5.6883076,5.73873215,5.7891566999999995,5.83958125,5.8900058,5.94043035,5.9908549,6.04127945,6.091704
SF11C46889812282050980,13,,2019-05-18T13:00:00-0600,0.10002,0.100019,0.092587,0.013726,0.008259068925,0.009745751341,0.081456673828,1.871575131724,0.004333723251,0.00274552155,0.0013686599959999999,0.001111811204,0.019674437433,0.008259068925,0.009745751341,0.081456673828,1.871575131724,0.004333723251,0.00274552155,0.0013686599959999999,0.001111811204,0.019674437433,0.0,0.0,0.0,0.0,0.0,0.0,0.0,0.0,0.0,0.0,0.0,0.0,0.0,0.0,0.0,0.0,0.0,0.0,0.959111,458995.9251644671,7.259755,7.36601385,7.4722727,7.57853155,7.6847904,7.79104925,7.8973081,8.00356695,8.1098258,8.216084649999999,8.322343499999999,8.42860235,8.5348612,8.64112005,8.7473789,8.853637749999999,8.959896599999999,9.06615545,9.1724143,9.27867315,9.384932
SF11C46889812282050980,14,,2019-05-18T14:00:00-0600,0.130026,0.130025,0.130525,0.021803,0.010736814374999999,0.012669505975,0.1058939203,2.4330532848999997,0.005633853225,0.0035691862499999997,0.0017792621,0.0014453578999999999,0.025576827675,0.010736814374999999,0.012669505975,0.1058939203,2.4330532848999997,0.005633853225,0.0035691862499999997,0.0017792621,0.0014453578999999999,0.025576827675,0.0,0.0,0.0,0.0,0.0,0.0,0.0,0.0,0.0,0.0,0.0,0.0,0.0,0.0,0.0,0.0,0.0,0.0,0.950503,596694.7027138072,9.435111,9.579309349999999,9.723507699999999,9.867706049999999,10.011904399999999,10.156102749999999,10.300301099999999,10.444499449999999,10.588697799999998,10.732896149999998,10.877094499999998,11.021292849999998,11.165491199999998,11.30968955,11.4538879,11.59808625,11.7422846,11.88648295,12.0306813,12.17487965,12.319078
SF11C46889812282050980,15,,2019-05-18T15:00:00-0600,0.160032,0.160031,0.170708,0.032099,0.013214559825,0.015593260609000001,0.13033116677200002,2.9945314380759998,0.006933983199,0.00439285095,0.002189864204,0.001778904596,0.031479217917,0.013214559825,0.015593260609000001,0.13033116677200002,2.9945314380759998,0.006933983199,0.00439285095,0.002189864204,0.001778904596,0.031479217917,0.0,0.0,0.0,0.0,0.0,0.0,0.0,0.0,0.0,0.0,0.0,0.0,0.0,0.0,0.0,0.0,0.0,0.0,0.944488,734393.4802631474,11.609282,11.776192850000001,11.9431037,12.11001455,12.2769254,12.44383625,12.610747100000001,12.77765795,12.9445688,13.11147965,13.2783905,13.445301350000001,13.6122122,13.77912305,13.9460339,14.11294475,14.279855600000001,14.44676645,14.6136773,14.78058815,14.947499
SF11C46889812282050980,16,,2019-05-18T16:00:00-0600,0.170034,0.170034,0.189207,0.042963,0.014040557549999999,0.016567942925999998,0.13847773000799998,3.1817095346639994,0.007367403186,0.004667433299999999,0.0023267452559999997,0.0018900979439999998,0.033446878038,0.014040557549999999,0.016567942925999998,0.13847773000799998,3.1817095346639994,0.007367403186,0.004667433299999999,0.0023267452559999997,0.0018900979439999998,0.033446878038,0.0,0.0,0.0,0.0,0.0,0.0,0.0,0.0,0.0,0.0,0.0,0.0,0.0,0.0,0.0,0.0,0.0,0.0,0.948158,780293.072779594,12.333743,12.4609608,12.5881786,12.7153964,12.8426142,12.969832,13.0970498,13.224267600000001,13.3514854,13.4787032,13.605921,13.7331388,13.8603566,13.9875744,14.1147922,14.24201,14.3692278,14.496445600000001,14.6236634,14.7508812,14.878099
SF11C46889812282050980,17,,2019-05-18T17:00:00-0600,0.120024,0.120025,0.13693,0.049461,0.009911064375,0.011695115975,0.09774980030000001,2.2459313249,0.0052005632250000005,0.00329468625,0.0016424221000000002,0.0013341979,0.023609757675,0.009911064375,0.011695115975,0.09774980030000001,2.2459313249,0.0052005632250000005,0.00329468625,0.0016424221000000002,0.0013341979,0.023609757675,0.0,0.0,0.0,0.0,0.0,0.0,0.0,0.0,0.0,0.0,0.0,0.0,0.0,0.0,0.0,0.0,0.0,0.0,0.972292,550795.1101973605,8.710124,9.145630200000001,9.5811364,10.0166426,10.4521488,10.887655,11.323161200000001,11.7586674,12.194173600000001,12.6296798,13.065186,13.5006922,13.9361984,14.371704600000001,14.8072108,15.242717,15.678223200000001,16.1137294,16.5492356,16.984741800000002,17.420248
SF11C46889812282050980,18,,2019-05-18T18:00:00-0600,0.070014,0.070015,0.080537,0.05161,0.005781488624999999,0.006822191584999999,0.057021056179999995,1.3101344029399997,0.003033679935,0.0019219117499999997,0.00095808526,0.0007782867399999999,0.013772440604999998,0.005781488624999999,0.006822191584999999,0.057021056179999995,1.3101344029399997,0.003033679935,0.0019219117499999997,0.00095808526,0.0007782867399999999,0.013772440604999998,0.0,0.0,0.0,0.0,0.0,0.0,0.0,0.0,0.0,0.0,0.0,0.0,0.0,0.0,0.0,0.0,0.0,0.0,0.990202,321297.14761512703,5.083213,5.33737365,5.591534299999999,5.8456949499999995,6.0998556,6.35401625,6.6081769,6.8623375499999995,7.1164982,7.37065885,7.624819499999999,7.878980149999999,8.1331408,8.387301449999999,8.6414621,8.89562275,9.1497834,9.40394405,9.658104699999999,9.912265349999998,10.166426
SF11C46889812282050980,19,,2019-05-18T19:00:00-0600,0.040008,0.040009,0.045643,0.051197,0.003303743175,0.003898436951,0.032583809708000004,0.748656249764,0.001733549961,0.0010982470500000001,0.000547483156,0.000444740044,0.007870050363,0.003303743175,0.003898436951,0.032583809708000004,0.748656249764,0.001733549961,0.0010982470500000001,0.000547483156,0.000444740044,0.007870050363,0.0,0.0,0.0,0.0,0.0,0.0,0.0,0.0,0.0,0.0,0.0,0.0,0.0,0.0,0.0,0.0,0.0,0.0,0.996891,183598.37006578685,2.905485,3.05075925,3.1960335,3.34130775,3.4865820000000003,3.6318562500000002,3.7771305,3.92240475,4.067679,4.21295325,4.3582275,4.50350175,4.648776,4.79405025,4.9393245,5.08459875,5.2298729999999995,5.3751472499999995,5.520421499999999,5.665695749999999,5.810969999999999
SF11C46889812282050980,20,,2019-05-18T20:00:00-0600,0.005701,0.005702,0.006344,0.048096,0.00047084264999999997,0.000555597178,0.004643777224,0.10669694159199998,0.000247061958,0.0001565199,7.8026168e-05,6.3383432e-05,0.0011216233139999998,0.00047084264999999997,0.000555597178,0.004643777224,0.10669694159199998,0.000247061958,0.0001565199,7.8026168e-05,6.3383432e-05,0.0011216233139999998,0.0,0.0,0.0,0.0,0.0,0.0,0.0,0.0,0.0,0.0,0.0,0.0,0.0,0.0,0.0,0.0,0.0,0.0,0.999817,26162.125268572556,0.41415,0.4348575,0.455565,0.4762725,0.49698000000000003,0.5176875000000001,0.538395,0.5591025000000001,0.57981,0.6005175,0.621225,0.6419325,0.66264,0.6833475,0.7040550000000001,0.7247625,0.7454700000000001,0.7661775,0.7868850000000001,0.8075925,0.8283
SF11C46889812282050980,21,,2019-05-18T21:00:00-0600,0.005701,0.005701,0.006081,0.04519,0.000470760075,0.0005554997390000001,0.004642962812000001,0.106678229396,0.00024701862900000003,0.00015649245,7.8012484e-05,6.3372316e-05,0.001121426607,0.000470760075,0.0005554997390000001,0.004642962812000001,0.106678229396,0.00024701862900000003,0.00015649245,7.8012484e-05,6.3372316e-05,0.001121426607,0.0,0.0,0.0,0.0,0.0,0.0,0.0,0.0,0.0,0.0,0.0,0.0,0.0,0.0,0.0,0.0,0.0,0.0,0.999955,26162.125268572556,0.41415,0.4348575,0.455565,0.4762725,0.49698000000000003,0.5176875000000001,0.538395,0.5591025000000001,0.57981,0.6005175,0.621225,0.6419325,0.66264,0.6833475,0.7040550000000001,0.7247625,0.7454700000000001,0.7661775,0.7868850000000001,0.8075925,0.8283
SF11C46889812282050980,22,,2019-05-18T22:00:00-0600,0.005701,0.005701,0.005723,0.042461,0.000470760075,0.0005554997390000001,0.004642962812000001,0.106678229396,0.00024701862900000003,0.00015649245,7.8012484e-05,6.3372316e-05,0.001121426607,0.000470760075,0.0005554997390000001,0.004642962812000001,0.106678229396,0.00024701862900000003,0.00015649245,7.8012484e-05,6.3372316e-05,0.001121426607,0.0,0.0,0.0,0.0,0.0,0.0,0.0,0.0,0.0,0.0,0.0,0.0,0.0,0.0,0.0,0.0,0.0,0.0,0.999955,26162.125268572556,0.41415,0.4348575,0.455565,0.4762725,0.49698000000000003,0.5176875000000001,0.538395,0.5591025000000001,0.57981,0.6005175,0.621225,0.6419325,0.66264,0.6833475,0.7040550000000001,0.7247625,0.7454700000000001,0.7661775,0.7868850000000001,0.8075925,0.8283
SF11C46889812282050980,23,,2019-05-18T23:00:00-0600,0.005701,0.005701,0.005277,0.03989,0.000470760075,0.0005554997390000001,0.004642962812000001,0.106678229396,0.00024701862900000003,0.00015649245,7.8012484e-05,6.3372316e-05,0.001121426607,0.000470760075,0.0005554997390000001,0.004642962812000001,0.106678229396,0.00024701862900000003,0.00015649245,7.8012484e-05,6.3372316e-05,0.001121426607,0.0,0.0,0.0,0.0,0.0,0.0,0.0,0.0,0.0,0.0,0.0,0.0,0.0,0.0,0.0,0.0,0.0,0.0,0.999955,26162.125268572556,0.41415,0.4348575,0.455565,0.4762725,0.49698000000000003,0.5176875000000001,0.538395,0.5591025000000001,0.57981,0.6005175,0.621225,0.6419325,0.66264,0.6833475,0.7040550000000001,0.7247625,0.7454700000000001,0.7661775,0.7868850000000001,0.8075925,0.8283
SF11C46889912282050980,0,,2019-05-18T00:00:00-0400,0.005701,0.005701,0.004404,0.000304,0.000687067417,0.00081073921,0.006776294115,0.155694332804,0.000360519838,0.00022839346200000002,0.000113854671,9.248732300000001e-05,0.001636694389,0.000687067417,0.00081073921,0.006776294115,0.155694332804,0.000360519838,0.00022839346200000002,0.000113854671,9.248732300000001e-05,0.001636694389,0.0,0.0,0.0,0.0,0.0,0.0,0.0,0.0,0.0,0.0,0.0,0.0,0.0,0.0,0.0,0.0,0.0,0.0,0.979901,181244.0925167711,2.115098,2.2208529,2.3266078,2.4323627,2.5381176,2.6438725,2.7496274000000005,2.8553823000000005,2.9611372000000005,3.0668921000000005,3.1726470000000004,3.2784019000000004,3.3841568000000004,3.4899117000000004,3.5956666000000004,3.7014215000000004,3.8071764000000003,3.9129313000000003,4.0186862,4.1244411,4.230196
SF11C46889912282050980,1,,2019-05-18T01:00:00-0400,0.005701,0.005701,0.003775,0.000544,0.000687067417,0.00081073921,0.006776294115,0.155694332804,0.000360519838,0.00022839346200000002,0.000113854671,9.248732300000001e-05,0.001636694389,0.000687067417,0.00081073921,0.006776294115,0.155694332804,0.000360519838,0.00022839346200000002,0.000113854671,9.248732300000001e-05,0.001636694389,0.0,0.0,0.0,0.0,0.0,0.0,0.0,0.0,0.0,0.0,0.0,0.0,0.0,0.0,0.0,0.0,0.0,0.0,0.979901,181244.0925167711,2.115098,2.2208529,2.3266078,2.4323627,2.5381176,2.6438725,2.7496274000000005,2.8553823000000005,2.9611372000000005,3.0668921000000005,3.1726470000000004,3.2784019000000004,3.3841568000000004,3.4899117000000004,3.5956666000000004,3.7014215000000004,3.8071764000000003,3.9129313000000003,4.0186862,4.1244411,4.230196
SF11C46889912282050980,2,,2019-05-18T02:00:00-0400,0.005701,0.005701,0.003325,0.000737,0.000687067417,0.00081073921,0.006776294115,0.155694332804,0.000360519838,0.00022839346200000002,0.000113854671,9.248732300000001e-05,0.001636694389,0.000687067417,0.00081073921,0.006776294115,0.155694332804,0.000360519838,0.00022839346200000002,0.000113854671,9.248732300000001e-05,0.001636694389,0.0,0.0,0.0,0.0,0.0,0.0,0.0,0.0,0.0,0.0,0.0,0.0,0.0,0.0,0.0,0.0,0.0,0.0,0.986601,181244.0925167711,2.115098,2.2208529,2.3266078,2.4323627,2.5381176,2.6438725,2.7496274000000005,2.8553823000000005,2.9611372000000005,3.0668921000000005,3.1726470000000004,3.2784019000000004,3.3841568000000004,3.4899117000000004,3.5956666000000004,3.7014215000000004,3.8071764000000003,3.9129313000000003,4.0186862,4.1244411,4.230196
SF11C46889912282050980,3,,2019-05-18T03:00:00-0400,0.005701,0.005701,0.003003,0.000893,0.000687067417,0.00081073921,0.006776294115,0.155694332804,0.000360519838,0.00022839346200000002,0.000113854671,9.248732300000001e-05,0.001636694389,0.000687067417,0.00081073921,0.006776294115,0.155694332804,0.000360519838,0.00022839346200000002,0.000113854671,9.248732300000001e-05,0.001636694389,0.0,0.0,0.0,0.0,0.0,0.0,0.0,0.0,0.0,0.0,0.0,0.0,0.0,0.0,0.0,0.0,0.0,0.0,0.989951,181244.0925167711,2.115098,2.2208529,2.3266078,2.4323627,2.5381176,2.6438725,2.7496274000000005,2.8553823000000005,2.9611372000000005,3.0668921000000005,3.1726470000000004,3.2784019000000004,3.3841568000000004,3.4899117000000004,3.5956666000000004,3.7014215000000004,3.8071764000000003,3.9129313000000003,4.0186862,4.1244411,4.230196
SF11C46889912282050980,4,,2019-05-18T04:00:00-0400,0.005701,0.005701,0.002771,0.001023,0.000687067417,0.00081073921,0.006776294115,0.155694332804,0.000360519838,0.00022839346200000002,0.000113854671,9.248732300000001e-05,0.001636694389,0.000687067417,0.00081073921,0.006776294115,0.155694332804,0.000360519838,0.00022839346200000002,0.000113854671,9.248732300000001e-05,0.001636694389,0.0,0.0,0.0,0.0,0.0,0.0,0.0,0.0,0.0,0.0,0.0,0.0,0.0,0.0,0.0,0.0,0.0,0.0,0.991961,181244.0925167711,2.115098,2.2208529,2.3266078,2.4323627,2.5381176,2.6438725,2.7496274000000005,2.8553823000000005,2.9611372000000005,3.0668921000000005,3.1726470000000004,3.2784019000000004,3.3841568000000004,3.4899117000000004,3.5956666000000004,3.7014215000000004,3.8071764000000003,3.9129313000000003,4.0186862,4.1244411,4.230196
SF11C46889912282050980,5,,2019-05-18T05:00:00-0400,0.005701,0.005701,0.002606,0.001133,0.000687067417,0.00081073921,0.006776294115,0.155694332804,0.000360519838,0.00022839346200000002,0.000113854671,9.248732300000001e-05,0.001636694389,0.000687067417,0.00081073921,0.006776294115,0.155694332804,0.000360519838,0.00022839346200000002,0.000113854671,9.248732300000001e-05,0.001636694389,0.0,0.0,0.0,0.0,0.0,0.0,0.0,0.0,0.0,0.0,0.0,0.0,0.0,0.0,0.0,0.0,0.0,0.0,0.9933,181244.0925167711,2.115098,2.2208529,2.3266078,2.4323627,2.5381176,2.6438725,2.7496274000000005,2.8553823000000005,2.9611372000000005,3.0668921000000005,3.1726470000000004,3.2784019000000004,3.3841568000000004,3.4899117000000004,3.5956666000000004,3.7014215000000004,3.8071764000000003,3.9129313000000003,4.0186862,4.1244411,4.230196
SF11C46889912282050980,6,,2019-05-18T06:00:00-0400,0.005701,0.005701,0.002487,0.001226,0.000687067417,0.00081073921,0.006776294115,0.155694332804,0.000360519838,0.00022839346200000002,0.000113854671,9.248732300000001e-05,0.001636694389,0.000687067417,0.00081073921,0.006776294115,0.155694332804,0.000360519838,0.00022839346200000002,0.000113854671,9.248732300000001e-05,0.001636694389,0.0,0.0,0.0,0.0,0.0,0.0,0.0,0.0,0.0,0.0,0.0,0.0,0.0,0.0,0.0,0.0,0.0,0.0,0.994258,181244.0925167711,2.115098,2.2208529,2.3266078,2.4323627,2.5381176,2.6438725,2.7496274000000005,2.8553823000000005,2.9611372000000005,3.0668921000000005,3.1726470000000004,3.2784019000000004,3.3841568000000004,3.4899117000000004,3.5956666000000004,3.7014215000000004,3.8071764000000003,3.9129313000000003,4.0186862,4.1244411,4.230196
SF11C46889912282050980,7,,2019-05-18T07:00:00-0400,0.005701,0.005701,0.002402,0.001308,0.000687067417,0.00081073921,0.006776294115,0.155694332804,0.000360519838,0.00022839346200000002,0.000113854671,9.248732300000001e-05,0.001636694389,0.000687067417,0.00081073921,0.006776294115,0.155694332804,0.000360519838,0.00022839346200000002,0.000113854671,9.248732300000001e-05,0.001636694389,0.0,0.0,0.0,0.0,0.0,0.0,0.0,0.0,0.0,0.0,0.0,0.0,0.0,0.0,0.0,0.0,0.0,0.0,0.994975,181244.0925167711,2.115098,2.2208529,2.3266078,2.4323627,2.5381176,2.6438725,2.7496274000000005,2.8553823000000005,2.9611372000000005,3.0668921000000005,3.1726470000000004,3.2784019000000004,3.3841568000000004,3.4899117000000004,3.5956666000000004,3.7014215000000004,3.8071764000000003,3.9129313000000003,4.0186862,4.1244411,4.230196
SF11C46889912282050980,8,,2019-05-18T08:00:00-0400,0.005701,0.005701,0.002187,0.001368,0.000687067417,0.00081073921,0.006776294115,0.155694332804,0.000360519838,0.00022839346200000002,0.000113854671,9.248732300000001e-05,0.001636694389,0.000687067417,0.00081073921,0.006776294115,0.155694332804,0.000360519838,0.00022839346200000002,0.000113854671,9.248732300000001e-05,0.001636694389,0.0,0.0,0.0,0.0,0.0,0.0,0.0,0.0,0.0,0.0,0.0,0.0,0.0,0.0,0.0,0.0,0.0,0.0,0.995534,181244.0925167711,2.115098,2.2208529,2.3266078,2.4323627,2.5381176,2.6438725,2.7496274000000005,2.8553823000000005,2.9611372000000005,3.0668921000000005,3.1726470000000004,3.2784019000000004,3.3841568000000004,3.4899117000000004,3.5956666000000004,3.7014215000000004,3.8071764000000003,3.9129313000000003,4.0186862,4.1244411,4.230196
SF11C46889912282050980,9,,2019-05-18T09:00:00-0400,0.005701,0.005701,0.002871,0.001472,0.000687067417,0.00081073921,0.006776294115,0.155694332804,0.000360519838,0.00022839346200000002,0.000113854671,9.248732300000001e-05,0.001636694389,0.000687067417,0.00081073921,0.006776294115,0.155694332804,0.000360519838,0.00022839346200000002,0.000113854671,9.248732300000001e-05,0.001636694389,0.0,0.0,0.0,0.0,0.0,0.0,0.0,0.0,0.0,0.0,0.0,0.0,0.0,0.0,0.0,0.0,0.0,0.0,0.99598,181244.0925167711,2.115098,2.2208529,2.3266078,2.4323627,2.5381176,2.6438725,2.7496274000000005,2.8553823000000005,2.9611372000000005,3.0668921000000005,3.1726470000000004,3.2784019000000004,3.3841568000000004,3.4899117000000004,3.5956666000000004,3.7014215000000004,3.8071764000000003,3.9129313000000003,4.0186862,4.1244411,4.230196
SF11C46889912282050980,10,,2019-05-18T10:00:00-0400,0.020004,0.020004,0.012417,0.002229,0.002410822068,0.0028447688400000002,0.023777054460000002,0.546309320016,0.0012650129520000001,0.0008014002480000001,0.000399499884,0.00032452489200000004,0.005742928356,0.002410822068,0.0028447688400000002,0.023777054460000002,0.546309320016,0.0012650129520000001,0.0008014002480000001,0.000399499884,0.00032452489200000004,0.005742928356,0.0,0.0,0.0,0.0,0.0,0.0,0.0,0.0,0.0,0.0,0.0,0.0,0.0,0.0,0.0,0.0,0.0,0.0,0.976461,635959.8012112769,7.416657,7.78748985,8.1583227,8.52915555,8.8999884,9.27082125,9.6416541,10.01248695,10.383319799999999,10.75415265,11.1249855,11.49581835,11.8666512,12.237484049999999,12.608316899999998,12.97914975,13.3499826,13.72081545,14.0916483,14.462481149999999,14.833314
SF11C46889912282050980,11,,2019-05-18T11:00:00-0400,0.040008,0.040008,0.029285,0.0041,0.004821644136,0.0056895376800000005,0.047554108920000004,1.092618640032,0.0025300259040000003,0.0016028004960000001,0.000798999768,0.0006490497840000001,0.011485856712,0.004821644136,0.0056895376800000005,0.047554108920000004,1.092618640032,0.0025300259040000003,0.0016028004960000001,0.000798999768,0.0006490497840000001,0.011485856712,0.0,0.0,0.0,0.0,0.0,0.0,0.0,0.0,0.0,0.0,0.0,0.0,0.0,0.0,0.0,0.0,0.0,0.0,0.927667,1271919.6024225538,14.819563,15.56054115,16.3015193,17.04249745,17.7834756,18.52445375,19.2654319,20.00641005,20.7473882,21.48836635,22.2293445,22.97032265,23.7113008,24.45227895,25.1932571,25.93423525,26.6752134,27.41619155,28.1571697,28.89814785,29.639126
SF11C46889912282050980,12,,2019-05-18T12:00:00-0400,0.070014,0.070014,0.058436,0.007857,0.008437877238000002,0.00995669094,0.08321969061000001,1.9120826200560002,0.004427545332000001,0.0028049008680000004,0.001398249594,0.0011358371220000002,0.020100249246000002,0.008437877238000002,0.00995669094,0.08321969061000001,1.9120826200560002,0.004427545332000001,0.0028049008680000004,0.001398249594,0.0011358371220000002,0.020100249246000002,0.0,0.0,0.0,0.0,0.0,0.0,0.0,0.0,0.0,0.0,0.0,0.0,0.0,0.0,0.0,0.0,0.0,0.0,0.854803,2225859.304239469,25.898193,27.19310265,28.488012299999998,29.78292195,31.0778316,32.37274125,33.6676509,34.96256055,36.2574702,37.552379849999994,38.8472895,40.142199149999996,41.4371088,42.73201845,44.0269281,45.32183775,46.616747399999994,47.91165705,49.206566699999996,50.50147635,51.796386
SF11C46889912282050980,13,,2019-05-18T13:00:00-0400,0.10002,0.10002,0.092637,0.01372,0.01205411034,0.0142238442,0.1188852723,2.7315466000799997,0.0063250647600000005,0.0040070012399999995,0.00199749942,0.0016226244600000001,0.028714641779999998,0.01205411034,0.0142238442,0.1188852723,2.7315466000799997,0.0063250647600000005,0.0040070012399999995,0.00199749942,0.0016226244600000001,0.028714641779999998,0.0,0.0,0.0,0.0,0.0,0.0,0.0,0.0,0.0,0.0,0.0,0.0,0.0,0.0,0.0,0.0,0.0,0.0,0.791131,3179799.006056384,36.946024,38.7933252,40.6406264,42.4879276,44.3352288,46.18253,48.029831200000004,49.8771324,51.7244336,53.5717348,55.419036000000006,57.2663372,59.1136384,60.9609396,62.8082408,64.655542,66.5028432,68.3501444,70.19744560000001,72.0447468,73.892048
SF11C46889912282050980,14,,2019-05-18T14:00:00-0400,0.130026,0.130026,0.130595,0.021801,0.015670343442,0.018490997460000002,0.15455085399,3.551010580104,0.008222584188,0.005209101612,0.002596749246,0.002109411798,0.037329034314,0.015670343442,0.018490997460000002,0.15455085399,3.551010580104,0.008222584188,0.005209101612,0.002596749246,0.002109411798,0.037329034314,0.0,0.0,0.0,0.0,0.0,0.0,0.0,0.0,0.0,0.0,0.0,0.0,0.0,0.0,0.0,0.0,0.0,0.0,0.747163,4133738.7078732997,47.963143,50.361300150000005,52.7594573,55.157614450000004,57.5557716,59.95392875,62.352085900000006,64.75024305000001,67.1484002,69.54655735,71.9447145,74.34287165,76.74102880000001,79.13918595000001,81.53734310000002,83.93550025,86.3336574,88.73181455000001,91.1299717,93.52812885,95.926286
SF11C46889912282050980,15,,2019-05-18T15:00:00-0400,0.160032,0.160032,0.1708,0.032104,0.019286576544,0.022758150720000002,0.19021643568000002,4.370474560128,0.010120103616000001,0.0064112019840000005,0.003195999072,0.0025961991360000003,0.045943426848,0.019286576544,0.022758150720000002,0.19021643568000002,4.370474560128,0.010120103616000001,0.0064112019840000005,0.003195999072,0.0025961991360000003,0.045943426848,0.0,0.0,0.0,0.0,0.0,0.0,0.0,0.0,0.0,0.0,0.0,0.0,0.0,0.0,0.0,0.0,0.0,0.0,0.736568,5087678.409690215,58.949635,61.89711675,64.8445985,67.79208025,70.739562,73.68704375,76.6345255,79.58200725,82.529489,85.47697075,88.4244525,91.37193425000001,94.319416,97.26689775,100.2143795,103.16186125,106.109343,109.05682475,112.00430650000001,114.95178824999999,117.89927
SF11C46889912282050980,16,,2019-05-18T16:00:00-0400,0.170034,0.170034,0.189309,0.042975,0.020491987577999998,0.02418053514,0.20210496291,4.643629220136,0.010752610092,0.0068119021079999995,0.0033957490139999995,0.002758461582,0.04881489102599999,0.020491987577999998,0.02418053514,0.20210496291,4.643629220136,0.010752610092,0.0068119021079999995,0.0033957490139999995,0.002758461582,0.04881489102599999,0.0,0.0,0.0,0.0,0.0,0.0,0.0,0.0,0.0,0.0,0.0,0.0,0.0,0.0,0.0,0.0,0.0,0.0,0.783801,5405658.310295853,62.605008,65.73525839999999,68.8655088,71.9957592,75.1260096,78.25626,81.38651039999999,84.5167608,87.6470112,90.7772616,93.907512,97.03776239999999,100.1680128,103.29826320000001,106.4285136,109.558764,112.68901439999999,115.8192648,118.94951520000001,122.0797656,125.210016
SF11C46889912282050980,17,,2019-05-18T17:00:00-0400,0.120024,0.120024,0.137003,0.049477,0.014464932408,0.01706861304,0.14266232676,3.277855920096,0.007590077712,0.004808401488,0.002396999304,0.0019471493520000003,0.034457570136,0.014464932408,0.01706861304,0.14266232676,3.277855920096,0.007590077712,0.004808401488,0.002396999304,0.0019471493520000003,0.034457570136,0.0,0.0,0.0,0.0,0.0,0.0,0.0,0.0,0.0,0.0,0.0,0.0,0.0,0.0,0.0,0.0,0.0,0.0,0.868512,3815758.807267661,44.294177,46.50888585,48.7235947,50.93830355,53.153012399999994,55.36772125,57.582430099999996,59.79713895,62.0118478,64.22655664999999,66.4412655,68.65597435,70.8706832,73.08539205,75.30010089999999,77.51480975,79.7295186,81.94422745,84.1589363,86.37364515,88.58835400000001
SF11C46889912282050980,18,,2019-05-18T18:00:00-0400,0.070014,0.070014,0.08058,0.051627,0.008437877238000002,0.00995669094,0.08321969061000001,1.9120826200560002,0.004427545332000001,0.0028049008680000004,0.001398249594,0.0011358371220000002,0.020100249246000002,0.008437877238000002,0.00995669094,0.08321969061000001,1.9120826200560002,0.004427545332000001,0.0028049008680000004,0.001398249594,0.0011358371220000002,0.020100249246000002,0.0,0.0,0.0,0.0,0.0,0.0,0.0,0.0,0.0,0.0,0.0,0.0,0.0,0.0,0.0,0.0,0.0,0.0,0.949948,2225859.304239469,25.898193,27.19310265,28.488012299999998,29.78292195,31.0778316,32.37274125,33.6676509,34.96256055,36.2574702,37.552379849999994,38.8472895,40.142199149999996,41.4371088,42.73201845,44.0269281,45.32183775,46.616747399999994,47.91165705,49.206566699999996,50.50147635,51.796386
SF11C46889912282050980,19,,2019-05-18T19:00:00-0400,0.040008,0.040008,0.045668,0.051215,0.004821644136,0.0056895376800000005,0.047554108920000004,1.092618640032,0.0025300259040000003,0.0016028004960000001,0.000798999768,0.0006490497840000001,0.011485856712,0.004821644136,0.0056895376800000005,0.047554108920000004,1.092618640032,0.0025300259040000003,0.0016028004960000001,0.000798999768,0.0006490497840000001,0.011485856712,0.0,0.0,0.0,0.0,0.0,0.0,0.0,0.0,0.0,0.0,0.0,0.0,0.0,0.0,0.0,0.0,0.0,0.0,0.98412,1271919.6024225538,14.819563,15.56054115,16.3015193,17.04249745,17.7834756,18.52445375,19.2654319,20.00641005,20.7473882,21.48836635,22.2293445,22.97032265,23.7113008,24.45227895,25.1932571,25.93423525,26.6752134,27.41619155,28.1571697,28.89814785,29.639126
SF11C46889912282050980,20,,2019-05-18T20:00:00-0400,0.005701,0.005701,0.006347,0.048113,0.000687067417,0.00081073921,0.006776294115,0.155694332804,0.000360519838,0.00022839346200000002,0.000113854671,9.248732300000001e-05,0.001636694389,0.000687067417,0.00081073921,0.006776294115,0.155694332804,0.000360519838,0.00022839346200000002,0.000113854671,9.248732300000001e-05,0.001636694389,0.0,0.0,0.0,0.0,0.0,0.0,0.0,0.0,0.0,0.0,0.0,0.0,0.0,0.0,0.0,0.0,0.0,0.0,0.999065,181244.0925167711,2.115098,2.2208529,2.3266078,2.4323627,2.5381176,2.6438725,2.7496274000000005,2.8553823000000005,2.9611372000000005,3.0668921000000005,3.1726470000000004,3.2784019000000004,3.3841568000000004,3.4899117000000004,3.5956666000000004,3.7014215000000004,3.8071764000000003,3.9129313000000003,4.0186862,4.1244411,4.230196
SF11C46889912282050980,21,,2019-05-18T21:00:00-0400,0.005701,0.005701,0.006085,0.045207,0.000687067417,0.00081073921,0.006776294115,0.155694332804,0.000360519838,0.00022839346200000002,0.000113854671,9.248732300000001e-05,0.001636694389,0.000687067417,0.00081073921,0.006776294115,0.155694332804,0.000360519838,0.00022839346200000002,0.000113854671,9.248732300000001e-05,0.001636694389,0.0,0.0,0.0,0.0,0.0,0.0,0.0,0.0,0.0,0.0,0.0,0.0,0.0,0.0,0.0,0.0,0.0,0.0,0.999768,181244.0925167711,2.115098,2.2208529,2.3266078,2.4323627,2.5381176,2.6438725,2.7496274000000005,2.8553823000000005,2.9611372000000005,3.0668921000000005,3.1726470000000004,3.2784019000000004,3.3841568000000004,3.4899117000000004,3.5956666000000004,3.7014215000000004,3.8071764000000003,3.9129313000000003,4.0186862,4.1244411,4.230196
SF11C46889912282050980,22,,2019-05-18T22:00:00-0400,0.005701,0.005701,0.005726,0.042477,0.000687067417,0.00081073921,0.006776294115,0.155694332804,0.000360519838,0.00022839346200000002,0.000113854671,9.248732300000001e-05,0.001636694389,0.000687067417,0.00081073921,0.006776294115,0.155694332804,0.000360519838,0.00022839346200000002,0.000113854671,9.248732300000001e-05,0.001636694389,0.0,0.0,0.0,0.0,0.0,0.0,0.0,0.0,0.0,0.0,0.0,0.0,0.0,0.0,0.0,0.0,0.0,0.0,0.99977,181244.0925167711,2.115098,2.2208529,2.3266078,2.4323627,2.5381176,2.6438725,2.7496274000000005,2.8553823000000005,2.9611372000000005,3.0668921000000005,3.1726470000000004,3.2784019000000004,3.3841568000000004,3.4899117000000004,3.5956666000000004,3.7014215000000004,3.8071764000000003,3.9129313000000003,4.0186862,4.1244411,4.230196
SF11C46889912282050980,23,,2019-05-18T23:00:00-0400,0.005701,0.005701,0.00528,0.039905,0.000687067417,0.00081073921,0.006776294115,0.155694332804,0.000360519838,0.00022839346200000002,0.000113854671,9.248732300000001e-05,0.001636694389,0.000687067417,0.00081073921,0.006776294115,0.155694332804,0.000360519838,0.00022839346200000002,0.000113854671,9.248732300000001e-05,0.001636694389,0.0,0.0,0.0,0.0,0.0,0.0,0.0,0.0,0.0,0.0,0.0,0.0,0.0,0.0,0.0,0.0,0.0,0.0,0.999771,181244.0925167711,2.115098,2.2208529,2.3266078,2.4323627,2.5381176,2.6438725,2.7496274000000005,2.8553823000000005,2.9611372000000005,3.0668921000000005,3.1726470000000004,3.2784019000000004,3.3841568000000004,3.4899117000000004,3.5956666000000004,3.7014215000000004,3.8071764000000003,3.9129313000000003,4.0186862,4.1244411,4.230196
SF11C46890012282050980,0,,2019-05-18T00:00:00-0400,0.005701,0.005693,0.004403,0.000304,0.17498319622900002,0.206480168476,1.7257957974820002,39.652441840279,0.09181810447800001,0.058167493103,0.028997215798000003,0.023555430809,0.41683496998,0.17498319622900002,0.206480168476,1.7257957974820002,39.652441840279,0.09181810447800001,0.058167493103,0.028997215798000003,0.023555430809,0.41683496998,0.0,0.0,0.0,0.0,0.0,0.0,0.0,0.0,0.0,0.0,0.0,0.0,0.0,0.0,0.0,0.0,0.0,0.0,0.78442,100219789.36488913,22.628425,28.905329000000002,35.182233,41.459137,47.736041,54.012945,60.289849,66.566753,72.84365700000001,79.12056100000001,85.39746500000001,91.67436900000001,97.95127299999999,104.22817699999999,110.50508099999999,116.78198499999999,123.058889,129.335793,135.612697,141.889601,148.166505
SF11C46890012282050980,1,,2019-05-18T01:00:00-0400,0.005701,0.005701,0.003775,0.000544,0.17522908865300002,0.206770321532,1.7282209452740003,39.708162819503,0.09194713044600002,0.058249232071,0.029037963686000003,0.023588531713000002,0.41742072086000004,0.17522908865300002,0.206770321532,1.7282209452740003,39.708162819503,0.09194713044600002,0.058249232071,0.029037963686000003,0.023588531713000002,0.41742072086000004,0.0,0.0,0.0,0.0,0.0,0.0,0.0,0.0,0.0,0.0,0.0,0.0,0.0,0.0,0.0,0.0,0.0,0.0,0.78442,100219789.36488913,22.628425,29.4513542,36.2742834,43.0972126,49.920141799999996,56.743071,63.5660002,70.3889294,77.2118586,84.0347878,90.85771700000001,97.68064620000001,104.50357539999999,111.32650459999999,118.1494338,124.972363,131.7952922,138.6182214,145.4411506,152.2640798,159.087009
SF11C46890012282050980,2,,2019-05-18T02:00:00-0400,0.005701,0.005701,0.003325,0.000737,0.17522908865300002,0.206770321532,1.7282209452740003,39.708162819503,0.09194713044600002,0.058249232071,0.029037963686000003,0.023588531713000002,0.41742072086000004,0.17522908865300002,0.206770321532,1.7282209452740003,39.708162819503,0.09194713044600002,0.058249232071,0.029037963686000003,0.023588531713000002,0.41742072086000004,0.0,0.0,0.0,0.0,0.0,0.0,0.0,0.0,0.0,0.0,0.0,0.0,0.0,0.0,0.0,0.0,0.0,0.0,0.85628,100219789.36488913,22.628425,27.73363355,32.8388421,37.94405065,43.0492592,48.15446775,53.2596763,58.36488485,63.4700934,68.57530195000001,73.6805105,78.78571905000001,83.8909276,88.99613615000001,94.1013447,99.20655325000001,104.3117618,109.41697035000001,114.5221789,119.62738745000001,124.732596
SF11C46890012282050980,3,,2019-05-18T03:00:00-0400,0.005701,0.005701,0.003003,0.000893,0.17522908865300002,0.206770321532,1.7282209452740003,39.708162819503,0.09194713044600002,0.058249232071,0.029037963686000003,0.023588531713000002,0.41742072086000004,0.17522908865300002,0.206770321532,1.7282209452740003,39.708162819503,0.09194713044600002,0.058249232071,0.029037963686000003,0.023588531713000002,0.41742072086000004,0.0,0.0,0.0,0.0,0.0,0.0,0.0,0.0,0.0,0.0,0.0,0.0,0.0,0.0,0.0,0.0,0.0,0.0,0.89221,100219789.36488913,22.628425,26.7449179,30.8614108,34.9779037,39.094396599999996,43.2108895,47.3273824,51.4438753,55.5603682,59.676861099999996,63.793354,67.90984689999999,72.02633979999999,76.1428327,80.2593256,84.37581850000001,88.4923114,92.6088043,96.7252972,100.8417901,104.958283
SF11C46890012282050980,4,,2019-05-18T04:00:00-0400,0.005701,0.005701,0.002771,0.001023,0.17522908865300002,0.206770321532,1.7282209452740003,39.708162819503,0.09194713044600002,0.058249232071,0.029037963686000003,0.023588531713000002,0.41742072086000004,0.17522908865300002,0.206770321532,1.7282209452740003,39.708162819503,0.09194713044600002,0.058249232071,0.029037963686000003,0.023588531713000002,0.41742072086000004,0.0,0.0,0.0,0.0,0.0,0.0,0.0,0.0,0.0,0.0,0.0,0.0,0.0,0.0,0.0,0.0,0.0,0.0,0.913768,100219789.36488913,22.628425,26.0873,29.546175,33.00505,36.463925,39.9228,43.381675,46.84055000000001,50.299425,53.758300000000006,57.217175000000005,60.676050000000004,64.13492500000001,67.5938,71.05267500000001,74.51155,77.970425,81.42930000000001,84.888175,88.34705,91.805925
SF11C46890012282050980,5,,2019-05-18T05:00:00-0400,0.005701,0.005701,0.002606,0.001133,0.17522908865300002,0.206770321532,1.7282209452740003,39.708162819503,0.09194713044600002,0.058249232071,0.029037963686000003,0.023588531713000002,0.41742072086000004,0.17522908865300002,0.206770321532,1.7282209452740003,39.708162819503,0.09194713044600002,0.058249232071,0.029037963686000003,0.023588531713000002,0.41742072086000004,0.0,0.0,0.0,0.0,0.0,0.0,0.0,0.0,0.0,0.0,0.0,0.0,0.0,0.0,0.0,0.0,0.0,0.0,0.92814,100219789.36488913,22.628425,25.6116449,28.5948648,31.578084699999998,34.5613046,37.5445245,40.5277444,43.5109643,46.4941842,49.4774041,52.460623999999996,55.4438439,58.4270638,61.4102837,64.3935036,67.3767235,70.35994339999999,73.3431633,76.32638320000001,79.3096031,82.292823
SF11C46890012282050980,6,,2019-05-18T06:00:00-0400,0.005701,0.005701,0.002487,0.001226,0.17522908865300002,0.206770321532,1.7282209452740003,39.708162819503,0.09194713044600002,0.058249232071,0.029037963686000003,0.023588531713000002,0.41742072086000004,0.17522908865300002,0.206770321532,1.7282209452740003,39.708162819503,0.09194713044600002,0.058249232071,0.029037963686000003,0.023588531713000002,0.41742072086000004,0.0,0.0,0.0,0.0,0.0,0.0,0.0,0.0,0.0,0.0,0.0,0.0,0.0,0.0,0.0,0.0,0.0,0.0,0.938406,100219789.36488913,22.628425,25.2481491,27.8678732,30.4875973,33.107321400000004,35.7270455,38.3467696,40.9664937,43.5862178,46.2059419,48.825666,51.4453901,54.0651142,56.6848383,59.3045624,61.9242865,64.54401060000001,67.16373469999999,69.7834588,72.40318289999999,75.022907
SF11C46890012282050980,7,,2019-05-18T07:00:00-0400,0.005701,0.005701,0.002402,0.001308,0.17522908865300002,0.206770321532,1.7282209452740003,39.708162819503,0.09194713044600002,0.058249232071,0.029037963686000003,0.023588531713000002,0.41742072086000004,0.17522908865300002,0.206770321532,1.7282209452740003,39.708162819503,0.09194713044600002,0.058249232071,0.029037963686000003,0.023588531713000002,0.41742072086000004,0.0,0.0,0.0,0.0,0.0,0.0,0.0,0.0,0.0,0.0,0.0,0.0,0.0,0.0,0.0,0.0,0.0,0.0,0.946105,100219789.36488913,22.628425,24.9593359,27.2902468,29.6211577,31.9520686,34.282979499999996,36.6138904,38.9448013,41.2757122,43.6066231,45.937534,48.268444900000006,50.5993558,52.930266700000004,55.2611776,57.5920885,59.9229994,62.2539103,64.5848212,66.9157321,69.246643
SF11C46890012282050980,8,,2019-05-18T08:00:00-0400,0.005701,0.005701,0.002187,0.001368,0.17522908865300002,0.206770321532,1.7282209452740003,39.708162819503,0.09194713044600002,0.058249232071,0.029037963686000003,0.023588531713000002,0.41742072086000004,0.17522908865300002,0.206770321532,1.7282209452740003,39.708162819503,0.09194713044600002,0.058249232071,0.029037963686000003,0.023588531713000002,0.41742072086000004,0.0,0.0,0.0,0.0,0.0,0.0,0.0,0.0,0.0,0.0,0.0,0.0,0.0,0.0,0.0,0.0,0.0,0.0,0.952093,100219789.36488913,22.628425,24.7230992,26.8177734,28.9124476,31.0071218,33.101796,35.19647019999999,37.29114439999999,39.38581859999999,41.48049279999999,43.57516699999999,45.66984119999999,47.76451539999999,49.85918959999999,51.95386379999999,54.04853799999999,56.143212199999994,58.237886399999994,60.332560599999994,62.427234799999994,64.521909
SF11C46890012282050980,9,,2019-05-18T09:00:00-0400,0.005701,0.005701,0.002871,0.001472,0.17522908865300002,0.206770321532,1.7282209452740003,39.708162819503,0.09194713044600002,0.058249232071,0.029037963686000003,0.023588531713000002,0.41742072086000004,0.17522908865300002,0.206770321532,1.7282209452740003,39.708162819503,0.09194713044600002,0.058249232071,0.029037963686000003,0.023588531713000002,0.41742072086000004,0.0,0.0,0.0,0.0,0.0,0.0,0.0,0.0,0.0,0.0,0.0,0.0,0.0,0.0,0.0,0.0,0.0,0.0,0.956884,100219789.36488913,22.628425,24.52546985,26.4225147,28.31955955,30.2166044,32.11364925,34.010694099999995,35.907738949999995,37.804783799999996,39.701828649999996,41.598873499999996,43.49591835,45.3929632,47.29000805,49.1870529,51.08409775,52.9811426,54.87818745,56.7752323,58.67227715,60.569322
SF11C46890012282050980,10,,2019-05-18T10:00:00-0400,0.020004,0.019984,0.012417,0.002229,0.6142392751519999,0.724802333888,6.058019184416,139.191006101552,0.322306868064,0.20418394206399998,0.101788224224,0.08268605819199999,1.46320569824,0.6142392751519999,0.724802333888,6.058019184416,139.191006101552,0.322306868064,0.20418394206399998,0.101788224224,0.08268605819199999,1.46320569824,0.0,0.0,0.0,0.0,0.0,0.0,0.0,0.0,0.0,0.0,0.0,0.0,0.0,0.0,0.0,0.0,0.0,0.0,0.753242,351657019.1993058,78.838076,93.2041534,107.5702308,121.9363082,136.3023856,150.668463,165.0345404,179.40061780000002,193.76669520000002,208.1327726,222.49885,236.8649274,251.2310048,265.5970822,279.96315960000004,294.32923700000003,308.69531440000003,323.0613918,337.4274692,351.7935466,366.159624
SF11C46890012282050980,11,,2019-05-18T11:00:00-0400,0.040008,0.039981,0.029285,0.0041,1.2288781254930001,1.450076166492,12.119979233994002,278.47255879434306,0.6448234033260001,0.408500709951,0.20364266376600004,0.165425905353,2.9273632416600006,1.2288781254930001,1.450076166492,12.119979233994002,278.47255879434306,0.6448234033260001,0.408500709951,0.20364266376600004,0.165425905353,2.9273632416600006,0.0,0.0,0.0,0.0,0.0,0.0,0.0,0.0,0.0,0.0,0.0,0.0,0.0,0.0,0.0,0.0,0.0,0.0,0.67521,703314038.3986115,156.122292,181.04591269999997,205.9695334,230.89315409999998,255.81677479999996,280.7403955,305.6640162,330.5876369,355.51125759999996,380.4348782999999,405.35849899999994,430.28211969999995,455.20574039999997,480.1293611,505.0529818,529.9766024999999,554.9002231999999,579.8238438999999,604.7474646,629.6710853,654.594706
SF11C46890012282050980,12,,2019-05-18T12:00:00-0400,0.070014,0.069973,0.058436,0.007857,2.150728823069,2.537859973436,21.211858306202,487.370509905119,1.1285417573579999,0.714940100983,0.356406495878,0.289521194449,5.12334329078,2.150728823069,2.537859973436,21.211858306202,487.370509905119,1.1285417573579999,0.714940100983,0.356406495878,0.289521194449,5.12334329078,0.0,0.0,0.0,0.0,0.0,0.0,0.0,0.0,0.0,0.0,0.0,0.0,0.0,0.0,0.0,0.0,0.0,0.0,0.644382,1230799567.19757,269.201955,304.0941212,338.98628740000004,373.8784536,408.7706198,443.66278600000004,478.5549522,513.4471184,548.3392846,583.2314508000001,618.1236170000001,653.0157832,687.9079494,722.8001156,757.6922818,792.5844480000001,827.4766142000001,862.3687804000001,897.2609466000001,932.1531128000001,967.0452790000002
SF11C46890012282050980,13,,2019-05-18T13:00:00-0400,0.10002,0.099979,0.092637,0.01372,3.073009832387,3.626151548228,30.307981387046002,696.365972729537,1.612485906834,1.021522535209,0.509241636794,0.413674410127,7.320348403940001,3.073009832387,3.626151548228,30.307981387046002,696.365972729537,1.612485906834,1.021522535209,0.509241636794,0.413674410127,7.320348403940001,0.0,0.0,0.0,0.0,0.0,0.0,0.0,0.0,0.0,0.0,0.0,0.0,0.0,0.0,0.0,0.0,0.0,0.0,0.668988,1758285095.9965286,378.955027,417.381934,455.808841,494.235748,532.662655,571.089562,609.516469,647.943376,686.370283,724.79719,763.224097,801.6510040000001,840.0779110000001,878.5048180000001,916.931725,955.3586320000001,993.7855390000001,1032.212446,1070.639353,1109.06626,1147.493167
SF11C46890012282050980,14,,2019-05-18T14:00:00-0400,0.130026,0.129985,0.130595,0.021801,3.9952908417049997,4.71444312302,39.40410446789,905.361435553955,2.09643005631,1.3281049694349998,0.66207677771,0.537827625805,9.5173535171,3.9952908417049997,4.71444312302,39.40410446789,905.361435553955,2.09643005631,1.3281049694349998,0.66207677771,0.537827625805,9.5173535171,0.0,0.0,0.0,0.0,0.0,0.0,0.0,0.0,0.0,0.0,0.0,0.0,0.0,0.0,0.0,0.0,0.0,0.0,0.606651,2285770624.7954874,485.47937,535.6908656,585.9023612,636.1138568,686.3253524,736.536848,786.7483436,836.9598392,887.1713348000001,937.3828304,987.594326,1037.8058216,1088.0173172,1138.2288128,1188.4403084,1238.651804,1288.8632996000001,1339.0747952000002,1389.2862908,1439.4977864,1489.709282
SF11C46890012282050980,15,,2019-05-18T15:00:00-0400,0.160032,0.159991,0.1708,0.032104,4.917571851023,5.802734697811999,48.500227548734,1114.356898378373,2.580374205786,1.634687403661,0.814911918626,0.661980841483,11.714358630260001,4.917571851023,5.802734697811999,48.500227548734,1114.356898378373,2.580374205786,1.634687403661,0.814911918626,0.661980841483,11.714358630260001,0.0,0.0,0.0,0.0,0.0,0.0,0.0,0.0,0.0,0.0,0.0,0.0,0.0,0.0,0.0,0.0,0.0,0.0,0.515878,2813256153.594446,588.869966,654.9914744499999,721.1129828999999,787.23449135,853.3559998,919.4775082499999,985.5990167,1051.72052515,1117.8420336,1183.96354205,1250.0850504999999,1316.2065589499998,1382.3280673999998,1448.4495758499997,1514.5710843,1580.69259275,1646.8141011999999,1712.9356096499998,1779.0571180999998,1845.1786265499998,1911.3001349999997
SF11C46890012282050980,16,,2019-05-18T16:00:00-0400,0.170034,0.17002,0.189309,0.042975,5.22582874106,6.16647782264,51.540453449480005,1184.21011095806,2.7421243849200003,1.73715741742,0.86599448972,0.70347696226,12.448670577200001,5.22582874106,6.16647782264,51.540453449480005,1184.21011095806,2.7421243849200003,1.73715741742,0.86599448972,0.70347696226,12.448670577200001,0.0,0.0,0.0,0.0,0.0,0.0,0.0,0.0,0.0,0.0,0.0,0.0,0.0,0.0,0.0,0.0,0.0,0.0,0.48562,2989084663.1940985,622.653123,694.30764265,765.9621623,837.61668195,909.2712016,980.92572125,1052.5802409,1124.23476055,1195.8892802,1267.5437998500001,1339.1983195,1410.85283915,1482.5073588,1554.1618784500001,1625.8163981,1697.47091775,1769.1254374,1840.7799570500001,1912.4344767,1984.08899635,2055.743516
SF11C46890012282050980,17,,2019-05-18T17:00:00-0400,0.120024,0.120093,0.137003,0.049477,3.691244859429,4.355668869276,36.405409223082,836.4624447434791,1.9368894468780002,1.227034735503,0.6116920141980001,0.496898358009,8.793072553980002,3.691244859429,4.355668869276,36.405409223082,836.4624447434791,1.9368894468780002,1.227034735503,0.6116920141980001,0.496898358009,8.793072553980002,0.0,0.0,0.0,0.0,0.0,0.0,0.0,0.0,0.0,0.0,0.0,0.0,0.0,0.0,0.0,0.0,0.0,0.0,0.636908,2109942115.1958344,450.324082,495.50791979999997,540.6917576,585.8755954,631.0594332,676.2432709999999,721.4271088,766.6109466,811.7947844,856.9786222,902.16246,947.3462978,992.5301356,1037.7139734,1082.8978112,1128.081649,1173.2654868,1218.4493246,1263.6331624,1308.8170002,1354.000838
SF11C46890012282050980,18,,2019-05-18T18:00:00-0400,0.070014,0.070083,0.08058,0.051627,2.154109843899,2.541849577956,21.245204088342003,488.13667336944906,1.1303158644180002,0.716064011793,0.3569667793380001,0.289976331879,5.131397365380001,2.154109843899,2.541849577956,21.245204088342003,488.13667336944906,1.1303158644180002,0.716064011793,0.3569667793380001,0.289976331879,5.131397365380001,0.0,0.0,0.0,0.0,0.0,0.0,0.0,0.0,0.0,0.0,0.0,0.0,0.0,0.0,0.0,0.0,0.0,0.0,0.788197,1230799567.19757,269.201955,291.2065342,313.2111134,335.2156926,357.2202718,379.224851,401.2294302,423.2340094,445.2385886,467.24316780000004,489.247747,511.2523262,533.2569054,555.2614846,577.2660638,599.2706430000001,621.2752222,643.2798014,665.2843806000001,687.2889598,709.293539
SF11C46890012282050980,19,,2019-05-18T19:00:00-0400,0.040008,0.040049,0.045668,0.051215,1.2309682110970002,1.452542467468,12.140592990226,278.946187117747,0.645920124054,0.409195491179,0.20398902081400003,0.165707263037,2.9323421241400003,1.2309682110970002,1.452542467468,12.140592990226,278.946187117747,0.645920124054,0.409195491179,0.20398902081400003,0.165707263037,2.9323421241400003,0.0,0.0,0.0,0.0,0.0,0.0,0.0,0.0,0.0,0.0,0.0,0.0,0.0,0.0,0.0,0.0,0.0,0.0,0.878969,703314038.3986115,156.122292,166.43627675,176.7502615,187.06424625,197.378231,207.69221575,218.00620049999998,228.32018525,238.63416999999998,248.94815475000001,259.2621395,269.57612425,279.890109,290.20409374999997,300.5180785,310.83206325000003,321.146048,331.46003275,341.7740175,352.08800225000005,362.401987
SF11C46890012282050980,20,,2019-05-18T20:00:00-0400,0.005701,0.005748,0.006347,0.048113,0.176673706644,0.208474970736,1.742468688552,40.035523572444,0.092705158008,0.05872944850799999,0.029277357528000002,0.023782999524,0.42086200728,0.176673706644,0.208474970736,1.742468688552,40.035523572444,0.092705158008,0.05872944850799999,0.029277357528000002,0.023782999524,0.42086200728,0.0,0.0,0.0,0.0,0.0,0.0,0.0,0.0,0.0,0.0,0.0,0.0,0.0,0.0,0.0,0.0,0.0,0.0,0.982754,100219789.36488913,22.628425,23.2533015,23.878178,24.5030545,25.127931,25.7528075,26.377684,27.002560499999998,27.627437,28.2523135,28.87719,29.502066499999998,30.126942999999997,30.751819499999996,31.376695999999995,32.001572499999995,32.626448999999994,33.25132549999999,33.876202,34.5010785,35.125955
SF11C46890012282050980,21,,2019-05-18T21:00:00-0400,0.005701,0.005701,0.006085,0.045207,0.17522908865300002,0.206770321532,1.7282209452740003,39.708162819503,0.09194713044600002,0.058249232071,0.029037963686000003,0.023588531713000002,0.41742072086000004,0.17522908865300002,0.206770321532,1.7282209452740003,39.708162819503,0.09194713044600002,0.058249232071,0.029037963686000003,0.023588531713000002,0.41742072086000004,0.0,0.0,0.0,0.0,0.0,0.0,0.0,0.0,0.0,0.0,0.0,0.0,0.0,0.0,0.0,0.0,0.0,0.0,0.992173,100219789.36488913,22.628425,23.75984625,24.8912675,26.02268875,27.15411,28.28553125,29.4169525,30.54837375,31.679795,32.81121625,33.942637500000004,35.07405875,36.20548,37.33690125,38.4683225,39.59974375,40.731165000000004,41.86258625,42.9940075,44.12542875,45.25685
SF11C46890012282050980,22,,2019-05-18T22:00:00-0400,0.005701,0.005701,0.005726,0.042477,0.17522908865300002,0.206770321532,1.7282209452740003,39.708162819503,0.09194713044600002,0.058249232071,0.029037963686000003,0.023588531713000002,0.41742072086000004,0.17522908865300002,0.206770321532,1.7282209452740003,39.708162819503,0.09194713044600002,0.058249232071,0.029037963686000003,0.023588531713000002,0.41742072086000004,0.0,0.0,0.0,0.0,0.0,0.0,0.0,0.0,0.0,0.0,0.0,0.0,0.0,0.0,0.0,0.0,0.0,0.0,0.992173,100219789.36488913,22.628425,23.75984625,24.8912675,26.02268875,27.15411,28.28553125,29.4169525,30.54837375,31.679795,32.81121625,33.942637500000004,35.07405875,36.20548,37.33690125,38.4683225,39.59974375,40.731165000000004,41.86258625,42.9940075,44.12542875,45.25685
SF11C46890012282050980,23,,2019-05-18T23:00:00-0400,0.005701,0.005701,0.00528,0.039905,0.17522908865300002,0.206770321532,1.7282209452740003,39.708162819503,0.09194713044600002,0.058249232071,0.029037963686000003,0.023588531713000002,0.41742072086000004,0.17522908865300002,0.206770321532,1.7282209452740003,39.708162819503,0.09194713044600002,0.058249232071,0.029037963686000003,0.023588531713000002,0.41742072086000004,0.0,0.0,0.0,0.0,0.0,0.0,0.0,0.0,0.0,0.0,0.0,0.0,0.0,0.0,0.0,0.0,0.0,0.0,0.992173,100219789.36488913,22.628425,23.75984625,24.8912675,26.02268875,27.15411,28.28553125,29.4169525,30.54837375,31.679795,32.81121625,33.942637500000004,35.07405875,36.20548,37.33690125,38.4683225,39.59974375,40.731165000000004,41.86258625,42.9940075,44.12542875,45.25685
SF11C46890112282050980,0,,2019-05-18T00:00:00-0400,0.005701,0.005699,0.004403,0.000304,0.095440600197,0.11261990515499999,0.941296005273,21.627521201551,0.050080093577,0.031726133535,0.015815870499,0.012847774309,0.227353136286,0.095440600197,0.11261990515499999,0.941296005273,21.627521201551,0.050080093577,0.031726133535,0.015815870499,0.012847774309,0.227353136286,0.0,0.0,0.0,0.0,0.0,0.0,0.0,0.0,0.0,0.0,0.0,0.0,0.0,0.0,0.0,0.0,0.0,0.0,0.765576,58382054.79060442,24.600232,28.785209599999998,32.9701872,37.1551648,41.340142400000005,45.52512,49.710097600000005,53.89507520000001,58.080052800000004,62.26503040000001,66.450008,70.63498560000001,74.81996320000002,79.00494080000001,83.18991840000001,87.374896,91.5598736,95.7448512,99.92982880000002,104.11480640000002,108.29978400000002
SF11C46890112282050980,1,,2019-05-18T01:00:00-0400,0.005701,0.005701,0.003775,0.000544,0.095474094003,0.112659427845,0.941626342527,21.635111137049,0.050097668623000004,0.031737267465,0.015821420901,0.012852283091000002,0.22743292331400003,0.095474094003,0.112659427845,0.941626342527,21.635111137049,0.050097668623000004,0.031737267465,0.015821420901,0.012852283091000002,0.22743292331400003,0.0,0.0,0.0,0.0,0.0,0.0,0.0,0.0,0.0,0.0,0.0,0.0,0.0,0.0,0.0,0.0,0.0,0.0,0.765576,58382054.79060442,24.600232,29.180643949999997,33.7610559,38.34146785,42.9218798,47.50229175,52.082703699999996,56.66311565,61.2435276,65.82393955,70.40435149999999,74.98476345,79.5651754,84.14558735,88.72599930000001,93.30641125,97.88682320000001,102.46723515,107.0476471,111.62805904999999,116.208471
SF11C46890112282050980,2,,2019-05-18T02:00:00-0400,0.005701,0.005701,0.003325,0.000737,0.095474094003,0.112659427845,0.941626342527,21.635111137049,0.050097668623000004,0.031737267465,0.015821420901,0.012852283091000002,0.22743292331400003,0.095474094003,0.112659427845,0.941626342527,21.635111137049,0.050097668623000004,0.031737267465,0.015821420901,0.012852283091000002,0.22743292331400003,0.0,0.0,0.0,0.0,0.0,0.0,0.0,0.0,0.0,0.0,0.0,0.0,0.0,0.0,0.0,0.0,0.0,0.0,0.843717,58382054.79060442,24.600232,27.92589855,31.251565099999997,34.57723165,37.902898199999996,41.22856475,44.5542313,47.87989784999999,51.2055644,54.531230949999994,57.856897499999995,61.182564049999996,64.50823059999999,67.83389715,71.15956369999999,74.48523025,77.8108968,81.13656334999999,84.4622299,87.78789644999999,91.113563
SF11C46890112282050980,3,,2019-05-18T03:00:00-0400,0.005701,0.005701,0.003003,0.000893,0.095474094003,0.112659427845,0.941626342527,21.635111137049,0.050097668623000004,0.031737267465,0.015821420901,0.012852283091000002,0.22743292331400003,0.095474094003,0.112659427845,0.941626342527,21.635111137049,0.050097668623000004,0.031737267465,0.015821420901,0.012852283091000002,0.22743292331400003,0.0,0.0,0.0,0.0,0.0,0.0,0.0,0.0,0.0,0.0,0.0,0.0,0.0,0.0,0.0,0.0,0.0,0.0,0.882788,58382054.79060442,24.600232,27.2036703,29.8071086,32.4105469,35.0139852,37.6174235,40.220861799999994,42.8243001,45.427738399999996,48.0311767,50.634615,53.238053300000004,55.8414916,58.4449299,61.0483682,63.6518065,66.2552448,68.85868310000001,71.4621214,74.0655597,76.668998
SF11C46890112282050980,4,,2019-05-18T04:00:00-0400,0.005701,0.005701,0.002771,0.001023,0.095474094003,0.112659427845,0.941626342527,21.635111137049,0.050097668623000004,0.031737267465,0.015821420901,0.012852283091000002,0.22743292331400003,0.095474094003,0.112659427845,0.941626342527,21.635111137049,0.050097668623000004,0.031737267465,0.015821420901,0.012852283091000002,0.22743292331400003,0.0,0.0,0.0,0.0,0.0,0.0,0.0,0.0,0.0,0.0,0.0,0.0,0.0,0.0,0.0,0.0,0.0,0.0,0.90623,58382054.79060442,24.600232,26.7232994,28.8463668,30.969434200000002,33.0925016,35.215569,37.3386364,39.4617038,41.584771200000006,43.7078386,45.830906,47.9539734,50.077040800000006,52.2001082,54.323175600000006,56.44624300000001,58.569310400000006,60.69237780000001,62.815445200000006,64.93851260000001,67.06158
SF11C46890112282050980,5,,2019-05-18T05:00:00-0400,0.005701,0.005701,0.002606,0.001133,0.095474094003,0.112659427845,0.941626342527,21.635111137049,0.050097668623000004,0.031737267465,0.015821420901,0.012852283091000002,0.22743292331400003,0.095474094003,0.112659427845,0.941626342527,21.635111137049,0.050097668623000004,0.031737267465,0.015821420901,0.012852283091000002,0.22743292331400003,0.0,0.0,0.0,0.0,0.0,0.0,0.0,0.0,0.0,0.0,0.0,0.0,0.0,0.0,0.0,0.0,0.0,0.0,0.921859,58382054.79060442,24.600232,26.375847099999998,28.151462199999997,29.9270773,31.702692399999997,33.4783075,35.253922599999996,37.0295377,38.8051528,40.5807679,42.356382999999994,44.1319981,45.9076132,47.683228299999996,49.4588434,51.2344585,53.0100736,54.785688699999994,56.5613038,58.3369189,60.112534
SF11C46890112282050980,6,,2019-05-18T06:00:00-0400,0.005701,0.005701,0.002487,0.001226,0.095474094003,0.112659427845,0.941626342527,21.635111137049,0.050097668623000004,0.031737267465,0.015821420901,0.012852283091000002,0.22743292331400003,0.095474094003,0.112659427845,0.941626342527,21.635111137049,0.050097668623000004,0.031737267465,0.015821420901,0.012852283091000002,0.22743292331400003,0.0,0.0,0.0,0.0,0.0,0.0,0.0,0.0,0.0,0.0,0.0,0.0,0.0,0.0,0.0,0.0,0.0,0.0,0.933022,58382054.79060442,24.600232,26.110323899999997,27.6204158,29.1305077,30.640599599999998,32.1506915,33.6607834,35.1708753,36.6809672,38.191059100000004,39.701150999999996,41.2112429,42.7213348,44.2314267,45.7415186,47.2516105,48.761702400000004,50.271794299999996,51.7818862,53.2919781,54.80207
SF11C46890112282050980,7,,2019-05-18T07:00:00-0400,0.005701,0.005701,0.002402,0.001308,0.095474094003,0.112659427845,0.941626342527,21.635111137049,0.050097668623000004,0.031737267465,0.015821420901,0.012852283091000002,0.22743292331400003,0.095474094003,0.112659427845,0.941626342527,21.635111137049,0.050097668623000004,0.031737267465,0.015821420901,0.012852283091000002,0.22743292331400003,0.0,0.0,0.0,0.0,0.0,0.0,0.0,0.0,0.0,0.0,0.0,0.0,0.0,0.0,0.0,0.0,0.0,0.0,0.941394,58382054.79060442,24.600232,25.899354149999997,27.1984763,28.497598449999998,29.7967206,31.09584275,32.3949649,33.69408705,34.993209199999995,36.29233135,37.5914535,38.89057565,40.1896978,41.48881995,42.787942099999995,44.08706425,45.3861864,46.68530855,47.984430700000004,49.28355285,50.582675
SF11C46890112282050980,8,,2019-05-18T08:00:00-0400,0.005701,0.005701,0.002187,0.001368,0.095474094003,0.112659427845,0.941626342527,21.635111137049,0.050097668623000004,0.031737267465,0.015821420901,0.012852283091000002,0.22743292331400003,0.095474094003,0.112659427845,0.941626342527,21.635111137049,0.050097668623000004,0.031737267465,0.015821420901,0.012852283091000002,0.22743292331400003,0.0,0.0,0.0,0.0,0.0,0.0,0.0,0.0,0.0,0.0,0.0,0.0,0.0,0.0,0.0,0.0,0.0,0.0,0.947906,58382054.79060442,24.600232,25.726790049999998,26.853348099999998,27.979906149999998,29.106464199999998,30.233022249999998,31.3595803,32.486138350000004,33.612696400000004,34.739254450000004,35.865812500000004,36.992370550000004,38.118928600000004,39.245486650000004,40.372044700000004,41.49860275,42.6251608,43.75171885,44.8782769,46.00483495,47.131393
SF11C46890112282050980,9,,2019-05-18T09:00:00-0400,0.005701,0.005701,0.002871,0.001472,0.095474094003,0.112659427845,0.941626342527,21.635111137049,0.050097668623000004,0.031737267465,0.015821420901,0.012852283091000002,0.22743292331400003,0.095474094003,0.112659427845,0.941626342527,21.635111137049,0.050097668623000004,0.031737267465,0.015821420901,0.012852283091000002,0.22743292331400003,0.0,0.0,0.0,0.0,0.0,0.0,0.0,0.0,0.0,0.0,0.0,0.0,0.0,0.0,0.0,0.0,0.0,0.0,0.953115,58382054.79060442,24.600232,25.58242755,26.5646231,27.54681865,28.5290142,29.51120975,30.4934053,31.47560085,32.4577964,33.43999195,34.4221875,35.40438305,36.3865786,37.36877415,38.3509697,39.33316525,40.3153608,41.29755635,42.2797519,43.26194745,44.244143
SF11C46890112282050980,10,,2019-05-18T10:00:00-0400,0.020004,0.019998,0.012417,0.002229,0.33490456619399994,0.3951873773099999,3.3030422027459996,75.891765044502,0.175732884954,0.11132816606999998,0.055498469598,0.045083311217999994,0.797790492972,0.33490456619399994,0.3951873773099999,3.3030422027459996,75.891765044502,0.175732884954,0.11132816606999998,0.055498469598,0.045083311217999994,0.797790492972,0.0,0.0,0.0,0.0,0.0,0.0,0.0,0.0,0.0,0.0,0.0,0.0,0.0,0.0,0.0,0.0,0.0,0.0,0.753242,204854345.55889332,85.654847,94.0951345,102.53542200000001,110.97570950000001,119.415997,127.8562845,136.296572,144.7368595,153.177147,161.6174345,170.057722,178.49800950000002,186.938297,195.3785845,203.818872,212.2591595,220.69944700000002,229.13973450000003,237.58002199999999,246.0203095,254.460597
SF11C46890112282050980,11,,2019-05-18T11:00:00-0400,0.040008,0.04,0.029285,0.0041,0.66987612,0.7904538,6.60674508,151.79870996,0.35150092,0.2226786,0.11100804,0.09017564,1.59574056,0.66987612,0.7904538,6.60674508,151.79870996,0.35150092,0.2226786,0.11100804,0.09017564,1.59574056,0.0,0.0,0.0,0.0,0.0,0.0,0.0,0.0,0.0,0.0,0.0,0.0,0.0,0.0,0.0,0.0,0.0,0.0,0.67521,409708691.11778665,169.475506,183.74400525,198.0125045,212.28100375,226.549503,240.81800225,255.0865015,269.35500075,283.6235,297.89199925,312.1604985,326.42899775,340.697497,354.96599625,369.2344955,383.50299474999997,397.77149399999996,412.03999324999995,426.3084925,440.57699175,454.845491
SF11C46890112282050980,12,,2019-05-18T12:00:00-0400,0.070014,0.070002,0.058436,0.007857,1.1723167038059998,1.3833336726899998,11.562134227253997,265.655332365498,0.615144185046,0.38969868392999996,0.194269620402,0.15781187878199998,2.792625767028,1.1723167038059998,1.3833336726899998,11.562134227253997,265.655332365498,0.615144185046,0.38969868392999996,0.194269620402,0.15781187878199998,2.792625767028,0.0,0.0,0.0,0.0,0.0,0.0,0.0,0.0,0.0,0.0,0.0,0.0,0.0,0.0,0.0,0.0,0.0,0.0,0.644382,716990209.4561267,291.853079,310.85679755,329.8605161,348.86423464999996,367.8679532,386.87167175,405.8753903,424.87910884999997,443.8828274,462.88654595,481.8902645,500.89398305,519.8977016,538.90142015,557.9051387,576.90885725,595.9125758,614.91629435,633.9200129000001,652.92373145,671.92745
SF11C46890112282050980,13,,2019-05-18T13:00:00-0400,0.10002,0.100008,0.092637,0.01372,1.674824275224,1.9762925907599997,16.518184049016,379.527134641992,0.878822600184,0.55674103572,0.277542301608,0.225457135128,3.9896705481120005,1.674824275224,1.9762925907599997,16.518184049016,379.527134641992,0.878822600184,0.55674103572,0.277542301608,0.225457135128,3.9896705481120005,0.0,0.0,0.0,0.0,0.0,0.0,0.0,0.0,0.0,0.0,0.0,0.0,0.0,0.0,0.0,0.0,0.0,0.0,0.668988,1024271727.7944666,410.320934,429.66727295000004,449.0136119,468.35995085,487.70628980000004,507.05262875,526.3989677,545.74530665,565.0916456,584.43798455,603.7843235,623.13066245,642.4770014,661.82334035,681.1696793,700.5160182499999,719.8623571999999,739.2086961499999,758.5550350999999,777.90137405,797.247713
SF11C46890112282050980,14,,2019-05-18T14:00:00-0400,0.130026,0.130014,0.130595,0.021801,2.1773318466419997,2.5692515088299994,21.474233870777997,493.39893691848596,1.1425010153219999,0.7237833875099999,0.360814982814,0.29310239147399997,5.186715329196,2.1773318466419997,2.5692515088299994,21.474233870777997,493.39893691848596,1.1425010153219999,0.7237833875099999,0.360814982814,0.29310239147399997,5.186715329196,0.0,0.0,0.0,0.0,0.0,0.0,0.0,0.0,0.0,0.0,0.0,0.0,0.0,0.0,0.0,0.0,0.0,0.0,0.572269,1331553246.1328065,525.003979,553.17054605,581.3371130999999,609.5036801499999,637.6702472,665.83681425,694.0033813,722.1699483499999,750.3365153999999,778.50308245,806.6696494999999,834.8362165499999,863.0027835999999,891.16935065,919.3359177,947.5024847499999,975.6690517999999,1003.83561885,1032.0021858999999,1060.16875295,1088.33532
SF11C46890112282050980,15,,2019-05-18T15:00:00-0400,0.160032,0.16002,0.1708,0.032104,2.67983941806,3.1622104268999998,26.430283692539998,607.27073919498,1.40617943046,0.8908257393,0.44408766402,0.36074764782,6.38376011028,2.67983941806,3.1622104268999998,26.430283692539998,607.27073919498,1.40617943046,0.8908257393,0.44408766402,0.36074764782,6.38376011028,0.0,0.0,0.0,0.0,0.0,0.0,0.0,0.0,0.0,0.0,0.0,0.0,0.0,0.0,0.0,0.0,0.0,0.0,0.473562,1638834764.4711466,636.023131,674.0370470500001,712.0509631,750.06487915,788.0787952000001,826.09271125,864.1066273,902.1205433499999,940.1344594,978.14837545,1016.1622914999999,1054.17620755,1092.1901235999999,1130.20403965,1168.2179557,1206.2318717499998,1244.2457878,1282.2597038499998,1320.2736198999999,1358.28753595,1396.3014519999997
SF11C46890112282050980,16,,2019-05-18T16:00:00-0400,0.170034,0.17003,0.189309,0.042975,2.8474759170899997,3.3600214903499994,28.083621648809995,645.2583663624699,1.49414253569,0.9465510589499999,0.47186742603,0.38331410172999997,6.78309418542,2.8474759170899997,3.3600214903499994,28.083621648809995,645.2583663624699,1.49414253569,0.9465510589499999,0.47186742603,0.38331410172999997,6.78309418542,0.0,0.0,0.0,0.0,0.0,0.0,0.0,0.0,0.0,0.0,0.0,0.0,0.0,0.0,0.0,0.0,0.0,0.0,0.440659,1741261937.2505932,672.235657,713.7095908499999,755.1835246999999,796.65745855,838.1313924,879.60532625,921.0792600999999,962.5531939499999,1004.0271278,1045.5010616499999,1086.9749955,1128.44892935,1169.9228632,1211.3967970499998,1252.8707309000001,1294.34466475,1335.8185985999999,1377.29253245,1418.7664663,1460.24040015,1501.714334
SF11C46890112282050980,17,,2019-05-18T17:00:00-0400,0.120024,0.120044,0.137003,0.049477,2.0103652237319998,2.37223089918,19.827502659588,455.56310846095596,1.054889411012,0.6682807464599999,0.333146228844,0.270626113204,4.788976994616,2.0103652237319998,2.37223089918,19.827502659588,455.56310846095596,1.054889411012,0.6682807464599999,0.333146228844,0.270626113204,4.788976994616,0.0,0.0,0.0,0.0,0.0,0.0,0.0,0.0,0.0,0.0,0.0,0.0,0.0,0.0,0.0,0.0,0.0,0.0,0.605171,1229126073.35336,487.189287,512.2706429,537.3519987999999,562.4333547,587.5147106,612.5960665,637.6774224,662.7587783,687.8401342,712.9214901,738.002846,763.0842018999999,788.1655578,813.2469137,838.3282696,863.4096255,888.4909814,913.5723373000001,938.6536932,963.7350491,988.816405
SF11C46890112282050980,18,,2019-05-18T18:00:00-0400,0.070014,0.070034,0.08058,0.051627,1.172852604702,1.3839660357299999,11.567419623317999,265.776771333466,0.615425385782,0.38987682680999997,0.194358426834,0.157884019294,2.793902359476,1.172852604702,1.3839660357299999,11.567419623317999,265.776771333466,0.615425385782,0.38987682680999997,0.194358426834,0.157884019294,2.793902359476,0.0,0.0,0.0,0.0,0.0,0.0,0.0,0.0,0.0,0.0,0.0,0.0,0.0,0.0,0.0,0.0,0.0,0.0,0.769683,716990209.4561267,291.853079,303.15547945,314.45787989999997,325.76028034999996,337.06268079999995,348.36508125,359.66748169999994,370.96988215,382.2722826,393.57468305,404.87708349999997,416.17948394999996,427.48188439999996,438.78428484999995,450.0866853,461.38908574999994,472.6914862,483.9938866499999,495.2962871,506.59868754999997,517.901088
SF11C46890112282050980,19,,2019-05-18T19:00:00-0400,0.040008,0.04002,0.045668,0.051215,0.67021105806,0.7908490268999999,6.610048452539999,151.87460931498,0.35167667046,0.2227899393,0.11106354402,0.09022072782,1.59653843028,0.67021105806,0.7908490268999999,6.610048452539999,151.87460931498,0.35167667046,0.2227899393,0.11106354402,0.09022072782,1.59653843028,0.0,0.0,0.0,0.0,0.0,0.0,0.0,0.0,0.0,0.0,0.0,0.0,0.0,0.0,0.0,0.0,0.0,0.0,0.86839,409708691.11778665,169.475506,174.23218905,178.9888721,183.74555515,188.5022382,193.25892125000001,198.0156043,202.77228735,207.5289704,212.28565345,217.0423365,221.79901955000003,226.55570260000002,231.31238565,236.0690687,240.82575175,245.58243480000002,250.33911785000004,255.09580090000003,259.85248395,264.609167
SF11C46890112282050980,20,,2019-05-18T20:00:00-0400,0.005701,0.005715,0.006347,0.048113,0.09570855064499999,0.11293608667499998,0.9439387033049998,21.688240685534996,0.050220693945,0.031815204975,0.015860273714999998,0.012883844565,0.22799143251,0.09570855064499999,0.11293608667499998,0.9439387033049998,21.688240685534996,0.050220693945,0.031815204975,0.015860273714999998,0.012883844565,0.22799143251,0.0,0.0,0.0,0.0,0.0,0.0,0.0,0.0,0.0,0.0,0.0,0.0,0.0,0.0,0.0,0.0,0.0,0.0,0.981246,58382054.79060442,24.600232,24.648720899999997,24.6972098,24.7456987,24.794187599999997,24.8426765,24.8911654,24.939654299999997,24.9881432,25.0366321,25.085121,25.1336099,25.1820988,25.2305877,25.2790766,25.3275655,25.3760544,25.4245433,25.4730322,25.5215211,25.57001
SF11C46890112282050980,21,,2019-05-18T21:00:00-0400,0.005701,0.005701,0.006085,0.045207,0.095474094003,0.112659427845,0.941626342527,21.635111137049,0.050097668623000004,0.031737267465,0.015821420901,0.012852283091000002,0.22743292331400003,0.095474094003,0.112659427845,0.941626342527,21.635111137049,0.050097668623000004,0.031737267465,0.015821420901,0.012852283091000002,0.22743292331400003,0.0,0.0,0.0,0.0,0.0,0.0,0.0,0.0,0.0,0.0,0.0,0.0,0.0,0.0,0.0,0.0,0.0,0.0,0.990745,58382054.79060442,24.600232,25.8302436,27.060255199999997,28.290266799999998,29.5202784,30.75029,31.980301599999997,33.2103132,34.4403248,35.6703364,36.900347999999994,38.1303596,39.360371199999996,40.5903828,41.8203944,43.050405999999995,44.28041759999999,45.5104292,46.740440799999995,47.9704524,49.200464
SF11C46890112282050980,22,,2019-05-18T22:00:00-0400,0.005701,0.005701,0.005726,0.042477,0.095474094003,0.112659427845,0.941626342527,21.635111137049,0.050097668623000004,0.031737267465,0.015821420901,0.012852283091000002,0.22743292331400003,0.095474094003,0.112659427845,0.941626342527,21.635111137049,0.050097668623000004,0.031737267465,0.015821420901,0.012852283091000002,0.22743292331400003,0.0,0.0,0.0,0.0,0.0,0.0,0.0,0.0,0.0,0.0,0.0,0.0,0.0,0.0,0.0,0.0,0.0,0.0,0.990745,58382054.79060442,24.600232,25.8302436,27.060255199999997,28.290266799999998,29.5202784,30.75029,31.980301599999997,33.2103132,34.4403248,35.6703364,36.900347999999994,38.1303596,39.360371199999996,40.5903828,41.8203944,43.050405999999995,44.28041759999999,45.5104292,46.740440799999995,47.9704524,49.200464
SF11C46890112282050980,23,,2019-05-18T23:00:00-0400,0.005701,0.005701,0.00528,0.039905,0.095474094003,0.112659427845,0.941626342527,21.635111137049,0.050097668623000004,0.031737267465,0.015821420901,0.012852283091000002,0.22743292331400003,0.095474094003,0.112659427845,0.941626342527,21.635111137049,0.050097668623000004,0.031737267465,0.015821420901,0.012852283091000002,0.22743292331400003,0.0,0.0,0.0,0.0,0.0,0.0,0.0,0.0,0.0,0.0,0.0,0.0,0.0,0.0,0.0,0.0,0.0,0.0,0.990745,58382054.79060442,24.600232,25.8302436,27.060255199999997,28.290266799999998,29.5202784,30.75029,31.980301599999997,33.2103132,34.4403248,35.6703364,36.900347999999994,38.1303596,39.360371199999996,40.5903828,41.8203944,43.050405999999995,44.28041759999999,45.5104292,46.740440799999995,47.9704524,49.200464
SF11C46890212282050980,0,,2019-05-18T00:00:00-0500,0.005701,0.005701,0.004403,0.000304,0.007508621771000001,0.008860174944,0.074054832697,1.7015077239660001,0.003939966801,0.002496000418,0.0012442888580000001,0.001010775898,0.017886613852,0.007508621771000001,0.008860174944,0.074054832697,1.7015077239660001,0.003939966801,0.002496000418,0.0012442888580000001,0.001010775898,0.017886613852,0.0,0.0,0.0,0.0,0.0,0.0,0.0,0.0,0.0,0.0,0.0,0.0,0.0,0.0,0.0,0.0,0.0,0.0,0.960817,2376406.95269581,4.122406,4.31895805,4.5155101,4.7120621499999995,4.9086142,5.10516625,5.3017183,5.49827035,5.6948224,5.89137445,6.0879265,6.28447855,6.4810306,6.67758265,6.874134700000001,7.07068675,7.2672388,7.4637908500000005,7.6603429,7.856894950000001,8.053447
SF11C46890212282050980,1,,2019-05-18T01:00:00-0500,0.005701,0.005701,0.003775,0.000544,0.007508621771000001,0.008860174944,0.074054832697,1.7015077239660001,0.003939966801,0.002496000418,0.0012442888580000001,0.001010775898,0.017886613852,0.007508621771000001,0.008860174944,0.074054832697,1.7015077239660001,0.003939966801,0.002496000418,0.0012442888580000001,0.001010775898,0.017886613852,0.0,0.0,0.0,0.0,0.0,0.0,0.0,0.0,0.0,0.0,0.0,0.0,0.0,0.0,0.0,0.0,0.0,0.0,0.960817,2376406.95269581,4.122406,4.3482726,4.574139199999999,4.800005799999999,5.0258724,5.251739,5.4776055999999995,5.703472199999999,5.9293388,6.1552054,6.381072,6.606938599999999,6.832805199999999,7.058671799999999,7.284538399999999,7.5104049999999996,7.736271599999999,7.962138199999999,8.188004799999998,8.4138714,8.639738
SF11C46890212282050980,2,,2019-05-18T02:00:00-0500,0.005701,0.005701,0.003325,0.000737,0.007508621771000001,0.008860174944,0.074054832697,1.7015077239660001,0.003939966801,0.002496000418,0.0012442888580000001,0.001010775898,0.017886613852,0.007508621771000001,0.008860174944,0.074054832697,1.7015077239660001,0.003939966801,0.002496000418,0.0012442888580000001,0.001010775898,0.017886613852,0.0,0.0,0.0,0.0,0.0,0.0,0.0,0.0,0.0,0.0,0.0,0.0,0.0,0.0,0.0,0.0,0.0,0.0,0.973878,2376406.95269581,4.122406,4.254986199999999,4.3875664,4.5201465999999995,4.6527268,4.7853069999999995,4.9178872,5.0504674,5.1830476,5.3156278,5.448207999999999,5.5807882,5.713368399999999,5.8459486,5.978528799999999,6.111108999999999,6.2436891999999995,6.3762694,6.5088496,6.641429799999999,6.77401
SF11C46890212282050980,3,,2019-05-18T03:00:00-0500,0.005701,0.005701,0.003003,0.000893,0.007508621771000001,0.008860174944,0.074054832697,1.7015077239660001,0.003939966801,0.002496000418,0.0012442888580000001,0.001010775898,0.017886613852,0.007508621771000001,0.008860174944,0.074054832697,1.7015077239660001,0.003939966801,0.002496000418,0.0012442888580000001,0.001010775898,0.017886613852,0.0,0.0,0.0,0.0,0.0,0.0,0.0,0.0,0.0,0.0,0.0,0.0,0.0,0.0,0.0,0.0,0.0,0.0,0.980408,2376406.95269581,4.122406,4.2012908,4.2801756,4.3590604,4.4379452,4.51683,4.5957148,4.6745996,4.7534844,4.8323692,4.911254,4.9901388,5.0690235999999995,5.1479084,5.2267932,5.305678,5.3845628,5.4634476,5.5423324,5.6212172,5.700102
SF11C46890212282050980,4,,2019-05-18T04:00:00-0500,0.005701,0.005701,0.002771,0.001023,0.007508621771000001,0.008860174944,0.074054832697,1.7015077239660001,0.003939966801,0.002496000418,0.0012442888580000001,0.001010775898,0.017886613852,0.007508621771000001,0.008860174944,0.074054832697,1.7015077239660001,0.003939966801,0.002496000418,0.0012442888580000001,0.001010775898,0.017886613852,0.0,0.0,0.0,0.0,0.0,0.0,0.0,0.0,0.0,0.0,0.0,0.0,0.0,0.0,0.0,0.0,0.0,0.0,0.984327,2376406.95269581,4.122406,4.1655767,4.2087474,4.2519181,4.2950888,4.3382594999999995,4.3814302,4.4246009,4.4677716,4.5109423,4.554113,4.5972837,4.6404544,4.6836251,4.7267958000000005,4.769966500000001,4.8131372,4.8563079,4.8994786,4.9426493,4.98582
SF11C46890212282050980,5,,2019-05-18T05:00:00-0500,0.005701,0.005701,0.002606,0.001133,0.007508621771000001,0.008860174944,0.074054832697,1.7015077239660001,0.003939966801,0.002496000418,0.0012442888580000001,0.001010775898,0.017886613852,0.007508621771000001,0.008860174944,0.074054832697,1.7015077239660001,0.003939966801,0.002496000418,0.0012442888580000001,0.001010775898,0.017886613852,0.0,0.0,0.0,0.0,0.0,0.0,0.0,0.0,0.0,0.0,0.0,0.0,0.0,0.0,0.0,0.0,0.0,0.0,0.986939,2376406.95269581,4.122406,4.1397447,4.157083399999999,4.1744221,4.1917608,4.2090995,4.2264382,4.243776899999999,4.2611156,4.2784543,4.295793,4.3131317,4.330470399999999,4.3478091,4.3651478,4.3824865,4.3998251999999995,4.417163899999999,4.4345026,4.4518413,4.46918
SF11C46890212282050980,6,,2019-05-18T06:00:00-0500,0.005701,0.005701,0.002487,0.001226,0.007508621771000001,0.008860174944,0.074054832697,1.7015077239660001,0.003939966801,0.002496000418,0.0012442888580000001,0.001010775898,0.017886613852,0.007508621771000001,0.008860174944,0.074054832697,1.7015077239660001,0.003939966801,0.002496000418,0.0012442888580000001,0.001010775898,0.017886613852,0.0,0.0,0.0,0.0,0.0,0.0,0.0,0.0,0.0,0.0,0.0,0.0,0.0,0.0,0.0,0.0,0.0,0.0,0.988805,2376406.95269581,4.122406,4.3285263,4.534646599999999,4.7407669,4.9468872,5.153007499999999,5.3591277999999996,5.5652481,5.7713684,5.977488699999999,6.183609,6.389729299999999,6.595849599999999,6.8019699,7.0080902,7.2142105,7.4203307999999994,7.626451099999999,7.832571399999999,8.0386917,8.244812
SF11C46890212282050980,7,,2019-05-18T07:00:00-0500,0.005701,0.005701,0.002402,0.001308,0.007508621771000001,0.008860174944,0.074054832697,1.7015077239660001,0.003939966801,0.002496000418,0.0012442888580000001,0.001010775898,0.017886613852,0.007508621771000001,0.008860174944,0.074054832697,1.7015077239660001,0.003939966801,0.002496000418,0.0012442888580000001,0.001010775898,0.017886613852,0.0,0.0,0.0,0.0,0.0,0.0,0.0,0.0,0.0,0.0,0.0,0.0,0.0,0.0,0.0,0.0,0.0,0.0,0.990204,2376406.95269581,4.122406,4.3285263,4.534646599999999,4.7407669,4.9468872,5.153007499999999,5.3591277999999996,5.5652481,5.7713684,5.977488699999999,6.183609,6.389729299999999,6.595849599999999,6.8019699,7.0080902,7.2142105,7.4203307999999994,7.626451099999999,7.832571399999999,8.0386917,8.244812
SF11C46890212282050980,8,,2019-05-18T08:00:00-0500,0.005701,0.005701,0.002187,0.001368,0.007508621771000001,0.008860174944,0.074054832697,1.7015077239660001,0.003939966801,0.002496000418,0.0012442888580000001,0.001010775898,0.017886613852,0.007508621771000001,0.008860174944,0.074054832697,1.7015077239660001,0.003939966801,0.002496000418,0.0012442888580000001,0.001010775898,0.017886613852,0.0,0.0,0.0,0.0,0.0,0.0,0.0,0.0,0.0,0.0,0.0,0.0,0.0,0.0,0.0,0.0,0.0,0.0,0.991293,2376406.95269581,4.122406,4.3285263,4.534646599999999,4.7407669,4.9468872,5.153007499999999,5.3591277999999996,5.5652481,5.7713684,5.977488699999999,6.183609,6.389729299999999,6.595849599999999,6.8019699,7.0080902,7.2142105,7.4203307999999994,7.626451099999999,7.832571399999999,8.0386917,8.244812
SF11C46890212282050980,9,,2019-05-18T09:00:00-0500,0.005701,0.005701,0.002871,0.001472,0.007508621771000001,0.008860174944,0.074054832697,1.7015077239660001,0.003939966801,0.002496000418,0.0012442888580000001,0.001010775898,0.017886613852,0.007508621771000001,0.008860174944,0.074054832697,1.7015077239660001,0.003939966801,0.002496000418,0.0012442888580000001,0.001010775898,0.017886613852,0.0,0.0,0.0,0.0,0.0,0.0,0.0,0.0,0.0,0.0,0.0,0.0,0.0,0.0,0.0,0.0,0.0,0.0,0.992163,2376406.95269581,4.122406,4.3285263,4.534646599999999,4.7407669,4.9468872,5.153007499999999,5.3591277999999996,5.5652481,5.7713684,5.977488699999999,6.183609,6.389729299999999,6.595849599999999,6.8019699,7.0080902,7.2142105,7.4203307999999994,7.626451099999999,7.832571399999999,8.0386917,8.244812
SF11C46890212282050980,10,,2019-05-18T10:00:00-0500,0.020004,0.020003,0.012417,0.002229,0.026345371213000002,0.031087542432,0.259834909391,5.970050693298,0.013824093303,0.008757673454,0.004365814774,0.003546491894,0.062758452356,0.026345371213000002,0.031087542432,0.259834909391,5.970050693298,0.013824093303,0.008757673454,0.004365814774,0.003546491894,0.062758452356,0.0,0.0,0.0,0.0,0.0,0.0,0.0,0.0,0.0,0.0,0.0,0.0,0.0,0.0,0.0,0.0,0.0,0.0,0.954111,8338474.773149794,14.446247,14.73254935,15.018851699999999,15.30515405,15.5914564,15.87775875,16.1640611,16.45036345,16.7366658,17.02296815,17.3092705,17.59557285,17.8818752,18.16817755,18.4544799,18.740782250000002,19.027084600000002,19.31338695,19.5996893,19.88599165,20.172294
SF11C46890212282050980,11,,2019-05-18T11:00:00-0500,0.040008,0.040006,0.029285,0.0041,0.052690742426000005,0.062175084864,0.519669818782,11.940101386596,0.027648186606,0.017515346908,0.008731629548,0.007092983788,0.125516904712,0.052690742426000005,0.062175084864,0.519669818782,11.940101386596,0.027648186606,0.017515346908,0.008731629548,0.007092983788,0.125516904712,0.0,0.0,0.0,0.0,0.0,0.0,0.0,0.0,0.0,0.0,0.0,0.0,0.0,0.0,0.0,0.0,0.0,0.0,0.858985,16676949.546299588,28.84032,30.396602599999998,31.952885199999997,33.5091678,35.065450399999996,36.621733,38.178015599999995,39.7342982,41.2905808,42.8468634,44.403146,45.959428599999995,47.5157112,49.0719938,50.628276400000004,52.184559,53.740841599999996,55.2971242,56.8534068,58.409689400000005,59.965972
SF11C46890212282050980,12,,2019-05-18T12:00:00-0500,0.070014,0.070012,0.058436,0.007857,0.09221077485200001,0.108808729728,0.909441667564,20.895625113192,0.048385363212,0.030652513816,0.015280679096000001,0.012412987576000001,0.21965928942400004,0.09221077485200001,0.108808729728,0.909441667564,20.895625113192,0.048385363212,0.030652513816,0.015280679096000001,0.012412987576000001,0.21965928942400004,0.0,0.0,0.0,0.0,0.0,0.0,0.0,0.0,0.0,0.0,0.0,0.0,0.0,0.0,0.0,0.0,0.0,0.0,0.716935,29184661.70602428,50.334017,54.18932505,58.044633100000006,61.899941150000004,65.75524920000001,69.61055725,73.4658653,77.32117335000001,81.1764814,85.03178945,88.88709750000001,92.74240555,96.5977136,100.45302165000001,104.3083297,108.16363775,112.01894580000001,115.87425385,119.72956190000001,123.58486995,127.440178
SF11C46890212282050980,13,,2019-05-18T13:00:00-0500,0.10002,0.100018,0.092637,0.01372,0.13173080727800002,0.155442374592,1.299213516346,29.851148839788,0.069122539818,0.043789680723999996,0.021829728644,0.017732991364,0.313801674136,0.13173080727800002,0.155442374592,1.299213516346,29.851148839788,0.069122539818,0.043789680723999996,0.021829728644,0.017732991364,0.313801674136,0.0,0.0,0.0,0.0,0.0,0.0,0.0,0.0,0.0,0.0,0.0,0.0,0.0,0.0,0.0,0.0,0.0,0.0,0.668988,41692373.865748964,71.71138,76.7953143,81.87924860000001,86.9631829,92.0471172,97.1310515,102.2149858,107.2989201,112.3828544,117.4667887,122.550723,127.6346573,132.7185916,137.80252589999998,142.8864602,147.9703945,153.0543288,158.1382631,163.22219739999997,168.30613169999998,173.390066
SF11C46890212282050980,14,,2019-05-18T14:00:00-0500,0.130026,0.130024,0.130595,0.021801,0.171250839704,0.20207601945599998,1.688985365128,38.806672566384,0.089859716424,0.056926847632,0.028378778192,0.023052995152000003,0.407944058848,0.171250839704,0.20207601945599998,1.688985365128,38.806672566384,0.089859716424,0.056926847632,0.028378778192,0.023052995152000003,0.407944058848,0.0,0.0,0.0,0.0,0.0,0.0,0.0,0.0,0.0,0.0,0.0,0.0,0.0,0.0,0.0,0.0,0.0,0.0,0.703836,54200086.02547366,92.973039,97.8167547,102.6604704,107.5041861,112.3479018,117.1916175,122.0353332,126.8790489,131.7227646,136.5664803,141.41019599999998,146.2539117,151.0976274,155.94134309999998,160.7850588,165.6287745,170.47249019999998,175.3162059,180.1599216,185.00363729999998,189.847353
SF11C46890212282050980,15,,2019-05-18T15:00:00-0500,0.160032,0.16003,0.1708,0.032104,0.21077087213000004,0.24870966432,2.07875721391,47.76219629298,0.11059689303,0.07006401454,0.03492782774,0.02837299894,0.50208644356,0.21077087213000004,0.24870966432,2.07875721391,47.76219629298,0.11059689303,0.07006401454,0.03492782774,0.02837299894,0.50208644356,0.0,0.0,0.0,0.0,0.0,0.0,0.0,0.0,0.0,0.0,0.0,0.0,0.0,0.0,0.0,0.0,0.0,0.0,0.736568,66707798.18519835,114.119621,118.4358422,122.7520634,127.0682846,131.3845058,135.700727,140.0169482,144.33316939999997,148.6493906,152.96561179999998,157.281833,161.59805419999998,165.91427539999998,170.23049659999998,174.54671779999998,178.86293899999998,183.17916019999998,187.49538139999999,191.8116026,196.1278238,200.444045
SF11C46890212282050980,16,,2019-05-18T16:00:00-0500,0.170034,0.170033,0.189309,0.042975,0.223945533343,0.26425576675199997,2.208694153301,50.74766932627799,0.11750997633299999,0.074443507994,0.037111062514,0.030146510834,0.533470375916,0.223945533343,0.26425576675199997,2.208694153301,50.74766932627799,0.11750997633299999,0.074443507994,0.037111062514,0.030146510834,0.533470375916,0.0,0.0,0.0,0.0,0.0,0.0,0.0,0.0,0.0,0.0,0.0,0.0,0.0,0.0,0.0,0.0,0.0,0.0,0.783801,70877035.57177325,121.143016,124.31737205,127.4917281,130.66608415,133.8404402,137.01479625,140.1891523,143.36350835,146.5378644,149.71222045,152.8865765,156.06093255,159.2352886,162.40964465,165.5840007,168.75835675,171.9327128,175.10706885,178.2814249,181.45578095,184.630137
SF11C46890212282050980,17,,2019-05-18T17:00:00-0500,0.120024,0.120028,0.137003,0.049477,0.158085397988,0.186540796032,1.559139354316,35.823288737447996,0.08295147082799999,0.052550418903999994,0.026197071224,0.021280724344,0.376582088656,0.158085397988,0.186540796032,1.559139354316,35.823288737447996,0.08295147082799999,0.052550418903999994,0.026197071224,0.021280724344,0.376582088656,0.0,0.0,0.0,0.0,0.0,0.0,0.0,0.0,0.0,0.0,0.0,0.0,0.0,0.0,0.0,0.0,0.0,0.0,0.868512,50030848.63889877,85.898637,87.16201095,88.4253849,89.68875885,90.9521328,92.21550675,93.47888069999999,94.74225464999999,96.0056286,97.26900255,98.5323765,99.79575045,101.0591244,102.32249835,103.5858723,104.84924625,106.11262020000001,107.37599415,108.6393681,109.90274205,111.166116
SF11C46890212282050980,18,,2019-05-18T18:00:00-0500,0.070014,0.070018,0.08058,0.051627,0.092218677278,0.10881805459199999,0.9095196063459999,20.897415859787998,0.048389509818,0.030655140723999996,0.015281988644,0.012414051364000001,0.219678114136,0.092218677278,0.10881805459199999,0.9095196063459999,20.897415859787998,0.048389509818,0.030655140723999996,0.015281988644,0.012414051364000001,0.219678114136,0.0,0.0,0.0,0.0,0.0,0.0,0.0,0.0,0.0,0.0,0.0,0.0,0.0,0.0,0.0,0.0,0.0,0.0,0.929029,29184661.70602428,50.334017,50.59585495,50.8576929,51.119530850000004,51.381368800000004,51.643206750000004,51.905044700000005,52.166882650000005,52.428720600000005,52.690558550000006,52.952396500000006,53.214234450000006,53.4760724,53.73791035,53.9997483,54.26158625,54.5234242,54.78526215,55.0471001,55.30893805,55.570776
SF11C46890212282050980,19,,2019-05-18T19:00:00-0500,0.040008,0.04001,0.045668,0.051215,0.05269601071,0.062181301439999996,0.51972177797,11.941295217659999,0.027650951009999997,0.01751709818,0.008732502579999999,0.00709369298,0.12552945452,0.05269601071,0.062181301439999996,0.51972177797,11.941295217659999,0.027650951009999997,0.01751709818,0.008732502579999999,0.00709369298,0.12552945452,0.0,0.0,0.0,0.0,0.0,0.0,0.0,0.0,0.0,0.0,0.0,0.0,0.0,0.0,0.0,0.0,0.0,0.0,0.969041,16676949.546299588,28.84032,30.282335999999997,31.724352,33.166368,34.608384,36.050399999999996,37.492416,38.934432,40.376447999999996,41.818464,43.26048,44.702496,46.144512,47.586528,49.028544,50.47056,51.912576,53.354592,54.796608,56.238624,57.68064
SF11C46890212282050980,20,,2019-05-18T20:00:00-0500,0.005701,0.005704,0.006347,0.048113,0.007512572984000001,0.008864837375999999,0.074093802088,1.7024030972639999,0.0039420401039999995,0.0024973138719999997,0.001244943632,0.001011307792,0.017896026208,0.007512572984000001,0.008864837375999999,0.074093802088,1.7024030972639999,0.0039420401039999995,0.0024973138719999997,0.001244943632,0.001011307792,0.017896026208,0.0,0.0,0.0,0.0,0.0,0.0,0.0,0.0,0.0,0.0,0.0,0.0,0.0,0.0,0.0,0.0,0.0,0.0,0.998178,2376406.95269581,4.122406,4.3285263,4.534646599999999,4.7407669,4.9468872,5.153007499999999,5.3591277999999996,5.5652481,5.7713684,5.977488699999999,6.183609,6.389729299999999,6.595849599999999,6.8019699,7.0080902,7.2142105,7.4203307999999994,7.626451099999999,7.832571399999999,8.0386917,8.244812
SF11C46890212282050980,21,,2019-05-18T21:00:00-0500,0.005701,0.005701,0.006085,0.045207,0.007508621771000001,0.008860174944,0.074054832697,1.7015077239660001,0.003939966801,0.002496000418,0.0012442888580000001,0.001010775898,0.017886613852,0.007508621771000001,0.008860174944,0.074054832697,1.7015077239660001,0.003939966801,0.002496000418,0.0012442888580000001,0.001010775898,0.017886613852,0.0,0.0,0.0,0.0,0.0,0.0,0.0,0.0,0.0,0.0,0.0,0.0,0.0,0.0,0.0,0.0,0.0,0.0,0.999548,2376406.95269581,4.122406,4.3285263,4.534646599999999,4.7407669,4.9468872,5.153007499999999,5.3591277999999996,5.5652481,5.7713684,5.977488699999999,6.183609,6.389729299999999,6.595849599999999,6.8019699,7.0080902,7.2142105,7.4203307999999994,7.626451099999999,7.832571399999999,8.0386917,8.244812
SF11C46890212282050980,22,,2019-05-18T22:00:00-0500,0.005701,0.005701,0.005726,0.042477,0.007508621771000001,0.008860174944,0.074054832697,1.7015077239660001,0.003939966801,0.002496000418,0.0012442888580000001,0.001010775898,0.017886613852,0.007508621771000001,0.008860174944,0.074054832697,1.7015077239660001,0.003939966801,0.002496000418,0.0012442888580000001,0.001010775898,0.017886613852,0.0,0.0,0.0,0.0,0.0,0.0,0.0,0.0,0.0,0.0,0.0,0.0,0.0,0.0,0.0,0.0,0.0,0.0,0.999551,2376406.95269581,4.122406,4.3285263,4.534646599999999,4.7407669,4.9468872,5.153007499999999,5.3591277999999996,5.5652481,5.7713684,5.977488699999999,6.183609,6.389729299999999,6.595849599999999,6.8019699,7.0080902,7.2142105,7.4203307999999994,7.626451099999999,7.832571399999999,8.0386917,8.244812
SF11C46890212282050980,23,,2019-05-18T23:00:00-0500,0.005701,0.005701,0.00528,0.039905,0.007508621771000001,0.008860174944,0.074054832697,1.7015077239660001,0.003939966801,0.002496000418,0.0012442888580000001,0.001010775898,0.017886613852,0.007508621771000001,0.008860174944,0.074054832697,1.7015077239660001,0.003939966801,0.002496000418,0.0012442888580000001,0.001010775898,0.017886613852,0.0,0.0,0.0,0.0,0.0,0.0,0.0,0.0,0.0,0.0,0.0,0.0,0.0,0.0,0.0,0.0,0.0,0.0,0.999553,2376406.95269581,4.122406,4.3285263,4.534646599999999,4.7407669,4.9468872,5.153007499999999,5.3591277999999996,5.5652481,5.7713684,5.977488699999999,6.183609,6.389729299999999,6.595849599999999,6.8019699,7.0080902,7.2142105,7.4203307999999994,7.626451099999999,7.832571399999999,8.0386917,8.244812
SF11C46890312282050980,0,,2019-05-18T00:00:00-0500,0.005701,0.005696,0.004403,0.000304,0.024983413567999997,0.029480428351999998,0.24640236972799998,5.661420444096,0.01310942944,0.008304927488,0.00414010912,0.0033631519359999997,0.059514063616,0.024983413567999997,0.029480428351999998,0.24640236972799998,5.661420444096,0.01310942944,0.008304927488,0.00414010912,0.0033631519359999997,0.059514063616,0.0,0.0,0.0,0.0,0.0,0.0,0.0,0.0,0.0,0.0,0.0,0.0,0.0,0.0,0.0,0.0,0.0,0.0,0.960817,7912966.666424566,4.122406,4.74462205,5.3668381,5.989054149999999,6.6112702,7.23348625,7.8557023,8.47791835,9.1001344,9.72235045,10.344566499999999,10.96678255,11.5889986,12.21121465,12.8334307,13.45564675,14.0778628,14.70007885,15.322294900000001,15.94451095,16.566727
SF11C46890312282050980,1,,2019-05-18T01:00:00-0500,0.005701,0.005701,0.003775,0.000544,0.025005344233000004,0.029506306537000003,0.246618663943,5.666390089851,0.013120937015000002,0.008312217628000001,0.004143743345,0.0033661041410000003,0.059566305596000006,0.025005344233000004,0.029506306537000003,0.246618663943,5.666390089851,0.013120937015000002,0.008312217628000001,0.004143743345,0.0033661041410000003,0.059566305596000006,0.0,0.0,0.0,0.0,0.0,0.0,0.0,0.0,0.0,0.0,0.0,0.0,0.0,0.0,0.0,0.0,0.0,0.0,0.960817,7912966.666424566,4.122406,4.805392899999999,5.4883798,6.1713667,6.8543536,7.537340499999999,8.220327399999999,8.9033143,9.5863012,10.269288099999999,10.952275,11.6352619,12.3182488,13.001235699999999,13.6842226,14.3672095,15.050196399999999,15.733183299999999,16.416170199999996,17.0991571,17.782144
SF11C46890312282050980,2,,2019-05-18T02:00:00-0500,0.005701,0.005701,0.003325,0.000737,0.025005344233000004,0.029506306537000003,0.246618663943,5.666390089851,0.013120937015000002,0.008312217628000001,0.004143743345,0.0033661041410000003,0.059566305596000006,0.025005344233000004,0.029506306537000003,0.246618663943,5.666390089851,0.013120937015000002,0.008312217628000001,0.004143743345,0.0033661041410000003,0.059566305596000006,0.0,0.0,0.0,0.0,0.0,0.0,0.0,0.0,0.0,0.0,0.0,0.0,0.0,0.0,0.0,0.0,0.0,0.0,0.973878,7912966.666424566,4.122406,4.6133926,5.1043791999999995,5.5953658,6.0863524,6.577339,7.0683256,7.5593122,8.0502988,8.5412854,9.032271999999999,9.5232586,10.0142452,10.5052318,10.9962184,11.487205,11.978191599999999,12.4691782,12.9601648,13.4511514,13.942138
SF11C46890312282050980,3,,2019-05-18T03:00:00-0500,0.005701,0.005701,0.003003,0.000893,0.025005344233000004,0.029506306537000003,0.246618663943,5.666390089851,0.013120937015000002,0.008312217628000001,0.004143743345,0.0033661041410000003,0.059566305596000006,0.025005344233000004,0.029506306537000003,0.246618663943,5.666390089851,0.013120937015000002,0.008312217628000001,0.004143743345,0.0033661041410000003,0.059566305596000006,0.0,0.0,0.0,0.0,0.0,0.0,0.0,0.0,0.0,0.0,0.0,0.0,0.0,0.0,0.0,0.0,0.0,0.0,0.980408,7912966.666424566,4.122406,4.5028777,4.8833494,5.2638210999999995,5.6442928,6.0247645,6.4052362,6.7857079,7.1661795999999995,7.546651300000001,7.927123,8.3075947,8.6880664,9.068538100000001,9.449009799999999,9.8294815,10.209953200000001,10.5904249,10.9708966,11.3513683,11.73184
SF11C46890312282050980,4,,2019-05-18T04:00:00-0500,0.005701,0.005701,0.002771,0.001023,0.025005344233000004,0.029506306537000003,0.246618663943,5.666390089851,0.013120937015000002,0.008312217628000001,0.004143743345,0.0033661041410000003,0.059566305596000006,0.025005344233000004,0.029506306537000003,0.246618663943,5.666390089851,0.013120937015000002,0.008312217628000001,0.004143743345,0.0033661041410000003,0.059566305596000006,0.0,0.0,0.0,0.0,0.0,0.0,0.0,0.0,0.0,0.0,0.0,0.0,0.0,0.0,0.0,0.0,0.0,0.0,0.984327,7912966.666424566,4.122406,4.42937165,4.7363373,5.043302949999999,5.3502686,5.65723425,5.9641999,6.271165549999999,6.5781312,6.88509685,7.1920625,7.499028149999999,7.8059937999999995,8.11295945,8.4199251,8.726890749999999,9.0338564,9.34082205,9.647787699999999,9.954753349999999,10.261719
SF11C46890312282050980,5,,2019-05-18T05:00:00-0500,0.005701,0.005701,0.002606,0.001133,0.025005344233000004,0.029506306537000003,0.246618663943,5.666390089851,0.013120937015000002,0.008312217628000001,0.004143743345,0.0033661041410000003,0.059566305596000006,0.025005344233000004,0.029506306537000003,0.246618663943,5.666390089851,0.013120937015000002,0.008312217628000001,0.004143743345,0.0033661041410000003,0.059566305596000006,0.0,0.0,0.0,0.0,0.0,0.0,0.0,0.0,0.0,0.0,0.0,0.0,0.0,0.0,0.0,0.0,0.0,0.0,0.986939,7912966.666424566,4.122406,4.3762047,4.6300034,4.8838021,5.1376007999999995,5.3913995,5.6451982,5.8989969,6.1527956,6.4065943,6.660393,6.9141917,7.167990400000001,7.4217891,7.675587800000001,7.929386500000001,8.1831852,8.436983900000001,8.6907826,8.9445813,9.19838
SF11C46890312282050980,6,,2019-05-18T06:00:00-0500,0.005701,0.005701,0.002487,0.001226,0.025005344233000004,0.029506306537000003,0.246618663943,5.666390089851,0.013120937015000002,0.008312217628000001,0.004143743345,0.0033661041410000003,0.059566305596000006,0.025005344233000004,0.029506306537000003,0.246618663943,5.666390089851,0.013120937015000002,0.008312217628000001,0.004143743345,0.0033661041410000003,0.059566305596000006,0.0,0.0,0.0,0.0,0.0,0.0,0.0,0.0,0.0,0.0,0.0,0.0,0.0,0.0,0.0,0.0,0.0,0.0,0.988805,7912966.666424566,4.122406,4.33557455,4.548743099999999,4.76191165,4.9750802,5.18824875,5.401417299999999,5.614585849999999,5.8277544,6.04092295,6.2540914999999995,6.467260049999999,6.680428599999999,6.89359715,7.106765699999999,7.319934249999999,7.533102799999999,7.746271349999999,7.9594399,8.172608449999998,8.385777
SF11C46890312282050980,7,,2019-05-18T07:00:00-0500,0.005701,0.005701,0.002402,0.001308,0.025005344233000004,0.029506306537000003,0.246618663943,5.666390089851,0.013120937015000002,0.008312217628000001,0.004143743345,0.0033661041410000003,0.059566305596000006,0.025005344233000004,0.029506306537000003,0.246618663943,5.666390089851,0.013120937015000002,0.008312217628000001,0.004143743345,0.0033661041410000003,0.059566305596000006,0.0,0.0,0.0,0.0,0.0,0.0,0.0,0.0,0.0,0.0,0.0,0.0,0.0,0.0,0.0,0.0,0.0,0.0,0.990204,7912966.666424566,4.122406,4.3032921,4.4841782,4.6650643,4.8459503999999995,5.0268365,5.2077226,5.3886087,5.5694948,5.7503809,5.931267,6.1121531000000004,6.2930392,6.473925299999999,6.6548114,6.8356975,7.016583600000001,7.1974697,7.3783558,7.5592419,7.740128
SF11C46890312282050980,8,,2019-05-18T08:00:00-0500,0.005701,0.005701,0.002187,0.001368,0.025005344233000004,0.029506306537000003,0.246618663943,5.666390089851,0.013120937015000002,0.008312217628000001,0.004143743345,0.0033661041410000003,0.059566305596000006,0.025005344233000004,0.029506306537000003,0.246618663943,5.666390089851,0.013120937015000002,0.008312217628000001,0.004143743345,0.0033661041410000003,0.059566305596000006,0.0,0.0,0.0,0.0,0.0,0.0,0.0,0.0,0.0,0.0,0.0,0.0,0.0,0.0,0.0,0.0,0.0,0.0,0.991293,7912966.666424566,4.122406,4.27688645,4.4313668999999996,4.58584735,4.7403278,4.89480825,5.0492887,5.203769149999999,5.3582496,5.51273005,5.6672104999999995,5.82169095,5.9761714,6.13065185,6.2851323,6.43961275,6.5940932,6.74857365,6.9030541,7.05753455,7.212015
SF11C46890312282050980,9,,2019-05-18T09:00:00-0500,0.005701,0.005701,0.002871,0.001472,0.025005344233000004,0.029506306537000003,0.246618663943,5.666390089851,0.013120937015000002,0.008312217628000001,0.004143743345,0.0033661041410000003,0.059566305596000006,0.025005344233000004,0.029506306537000003,0.246618663943,5.666390089851,0.013120937015000002,0.008312217628000001,0.004143743345,0.0033661041410000003,0.059566305596000006,0.0,0.0,0.0,0.0,0.0,0.0,0.0,0.0,0.0,0.0,0.0,0.0,0.0,0.0,0.0,0.0,0.0,0.0,0.992163,7912966.666424566,4.122406,4.2547961999999995,4.3871864,4.5195766,4.651966799999999,4.784357,4.9167472,5.049137399999999,5.1815276,5.3139178,5.446308,5.5786982,5.7110883999999995,5.843478599999999,5.9758688,6.108258999999999,6.2406492,6.3730394,6.505429599999999,6.637819799999999,6.77021
SF11C46890312282050980,10,,2019-05-18T10:00:00-0500,0.020004,0.019991,0.012417,0.002229,0.087683184803,0.103466159267,0.8647875304129999,19.869637657641,0.046009586365,0.029147437748,0.014530358394999998,0.011803506031,0.208873884436,0.087683184803,0.103466159267,0.8647875304129999,19.869637657641,0.046009586365,0.029147437748,0.014530358394999998,0.011803506031,0.208873884436,0.0,0.0,0.0,0.0,0.0,0.0,0.0,0.0,0.0,0.0,0.0,0.0,0.0,0.0,0.0,0.0,0.0,0.0,0.954111,27765477.14351114,14.446247,15.7990988,17.1519506,18.504802400000003,19.8576542,21.210506000000002,22.563357800000002,23.916209600000002,25.269061400000002,26.6219132,27.974765,29.3276168,30.680468600000005,32.03332040000001,33.386172200000004,34.739024,36.091875800000004,37.44472760000001,38.797579400000004,40.1504312,41.503283
SF11C46890312282050980,11,,2019-05-18T11:00:00-0500,0.040008,0.03999,0.029285,0.0041,0.17540145866999998,0.20697372363,1.7299211315699998,39.74722674849,0.09203758485,0.05830653972,0.029066531549999997,0.02361173559,0.41783135604,0.17540145866999998,0.20697372363,1.7299211315699998,39.74722674849,0.09203758485,0.05830653972,0.029066531549999997,0.02361173559,0.41783135604,0.0,0.0,0.0,0.0,0.0,0.0,0.0,0.0,0.0,0.0,0.0,0.0,0.0,0.0,0.0,0.0,0.0,0.0,0.858985,55530954.28702228,28.84032,33.56786375,38.295407499999996,43.02295125,47.750495,52.478038749999996,57.2055825,61.933126249999994,66.66067,71.38821375,76.1157575,80.84330125,85.57084499999999,90.29838874999999,95.02593249999998,99.75347625,104.48102,109.20856375,113.93610749999999,118.66365124999999,123.39119499999998
SF11C46890312282050980,12,,2019-05-18T12:00:00-0500,0.070014,0.069987,0.058436,0.007857,0.306972290271,0.362227306719,3.027556645041,69.562119491037,0.161076130305,0.102043005636,0.05086970101499999,0.041323194267,0.7312518908519999,0.306972290271,0.362227306719,3.027556645041,69.562119491037,0.161076130305,0.102043005636,0.05086970101499999,0.041323194267,0.7312518908519999,0.0,0.0,0.0,0.0,0.0,0.0,0.0,0.0,0.0,0.0,0.0,0.0,0.0,0.0,0.0,0.0,0.0,0.0,0.716935,97179170.002289,50.334017,60.9292526,71.52448820000001,82.1197238,92.7149594,103.310195,113.90543059999999,124.5006662,135.09590179999998,145.6911374,156.28637299999997,166.8816086,177.4768442,188.07207979999998,198.6673154,209.26255099999997,219.8577866,230.45302219999996,241.0482578,251.64349339999995,262.238729
SF11C46890312282050980,13,,2019-05-18T13:00:00-0500,0.10002,0.099993,0.092637,0.01372,0.438582597069,0.517527470541,4.325581488099,99.385957595943,0.23013538939500003,0.145792593804,0.07267941208499999,0.059039966913,1.044766461228,0.438582597069,0.517527470541,4.325581488099,99.385957595943,0.23013538939500003,0.145792593804,0.07267941208499999,0.059039966913,1.044766461228,0.0,0.0,0.0,0.0,0.0,0.0,0.0,0.0,0.0,0.0,0.0,0.0,0.0,0.0,0.0,0.0,0.0,0.0,0.668988,138827385.7175557,71.71138,85.9665403,100.2217006,114.4768609,128.73202120000002,142.98718150000002,157.24234180000002,171.49750210000002,185.75266240000002,200.00782270000002,214.26298300000002,228.51814330000002,242.77330360000002,257.0284639,271.2836242,285.5387845,299.7939448,314.0491051,328.3042654,342.5594257,356.814586
SF11C46890312282050980,14,,2019-05-18T14:00:00-0500,0.130026,0.129999,0.130595,0.021801,0.5701929038670001,0.672827634363,5.623606331157,129.209795700849,0.29919464848500005,0.189542181972,0.094489123155,0.076756739559,1.3582810316040002,0.5701929038670001,0.672827634363,5.623606331157,129.209795700849,0.29919464848500005,0.189542181972,0.094489123155,0.076756739559,1.3582810316040002,0.0,0.0,0.0,0.0,0.0,0.0,0.0,0.0,0.0,0.0,0.0,0.0,0.0,0.0,0.0,0.0,0.0,0.0,0.703836,180475601.4328224,92.973039,107.85914220000001,122.7452454,137.63134860000002,152.5174518,167.403555,182.28965820000002,197.1757614,212.06186460000004,226.94796780000001,241.83407100000002,256.72017420000003,271.60627740000007,286.49238060000005,301.3784838,316.264587,331.15069020000004,346.0367934000001,360.92289660000006,375.80899980000004,390.695103
SF11C46890312282050980,15,,2019-05-18T15:00:00-0500,0.160032,0.160005,0.1708,0.032104,0.7018032106650001,0.828127798185,6.921631174215,159.03363380575502,0.36825390757500004,0.23329177014000002,0.116298834225,0.094473512205,1.6717956019800002,0.7018032106650001,0.828127798185,6.921631174215,159.03363380575502,0.36825390757500004,0.23329177014000002,0.116298834225,0.094473512205,1.6717956019800002,0.0,0.0,0.0,0.0,0.0,0.0,0.0,0.0,0.0,0.0,0.0,0.0,0.0,0.0,0.0,0.0,0.0,0.0,0.736568,222123817.1480891,114.119621,129.03921085,143.95880069999998,158.87839055,173.7979804,188.71757025,203.6371601,218.55674994999998,233.4763398,248.39592965,263.3155195,278.23510935,293.1546992,308.07428904999995,322.9938789,337.91346875,352.83305859999996,367.75264845,382.6722383,397.59182814999997,412.511418
SF11C46890312282050980,16,,2019-05-18T16:00:00-0500,0.170034,0.170025,0.189309,0.042975,0.745752263325,0.879987680925,7.355084781075,168.992803898775,0.3913150878750001,0.24790121070000004,0.123581821125,0.100389731025,1.7764885299000002,0.745752263325,0.879987680925,7.355084781075,168.992803898775,0.3913150878750001,0.24790121070000004,0.123581821125,0.100389731025,1.7764885299000002,0.0,0.0,0.0,0.0,0.0,0.0,0.0,0.0,0.0,0.0,0.0,0.0,0.0,0.0,0.0,0.0,0.0,0.0,0.783801,236006555.71984467,121.143016,134.0854391,147.02786220000002,159.9702853,172.91270839999999,185.8551315,198.7975546,211.7399777,224.68240079999998,237.6248239,250.567247,263.5096701,276.4520932,289.39451629999996,302.3369394,315.2793625,328.2217856,341.16420869999996,354.1066318,367.0490549,379.991478
SF11C46890312282050980,17,,2019-05-18T17:00:00-0500,0.120024,0.120069,0.137003,0.049477,0.526638603177,0.621433558953,5.194046020167,119.340079231419,0.27634060453500003,0.175063963932,0.08727155230499999,0.070893660429,1.254528459324,0.526638603177,0.621433558953,5.194046020167,119.340079231419,0.27634060453500003,0.175063963932,0.08727155230499999,0.070893660429,1.254528459324,0.0,0.0,0.0,0.0,0.0,0.0,0.0,0.0,0.0,0.0,0.0,0.0,0.0,0.0,0.0,0.0,0.0,0.0,0.868512,166592862.86106685,85.898637,93.04604805,100.1934591,107.34087015,114.48828119999999,121.63569224999999,128.7831033,135.93051434999998,143.0779254,150.22533645,157.3727475,164.52015855,171.66756959999998,178.81498065,185.96239169999998,193.10980274999997,200.2572138,207.40462485,214.55203589999996,221.69944694999998,228.846858
SF11C46890312282050980,18,,2019-05-18T18:00:00-0500,0.070014,0.07006,0.08058,0.051627,0.30729247798,0.36260512821999996,3.03071454058,69.63467631906,0.1612441409,0.10214944168000001,0.05092276069999999,0.04136629646,0.73201462376,0.30729247798,0.36260512821999996,3.03071454058,69.63467631906,0.1612441409,0.10214944168000001,0.05092276069999999,0.04136629646,0.73201462376,0.0,0.0,0.0,0.0,0.0,0.0,0.0,0.0,0.0,0.0,0.0,0.0,0.0,0.0,0.0,0.0,0.0,0.0,0.929029,97179170.002289,50.334017,53.53810935,56.7422017,59.946294050000006,63.1503864,66.35447875,69.5585711,72.76266345,75.9667558,79.17084815,82.37494050000001,85.57903285,88.7831252,91.98721755,95.1913099,98.39540225,101.5994946,104.80358695,108.0076793,111.21177165,114.415864
SF11C46890312282050980,19,,2019-05-18T19:00:00-0500,0.040008,0.040035,0.045668,0.051215,0.175598834655,0.207206627295,1.731867779505,39.791953560285,0.092141153025,0.05837215098,0.029099239574999998,0.023638305435,0.41830153386,0.175598834655,0.207206627295,1.731867779505,39.791953560285,0.092141153025,0.05837215098,0.029099239574999998,0.023638305435,0.41830153386,0.0,0.0,0.0,0.0,0.0,0.0,0.0,0.0,0.0,0.0,0.0,0.0,0.0,0.0,0.0,0.0,0.0,0.0,0.969041,55530954.28702228,28.84032,29.88409225,30.9278645,31.97163675,33.015409,34.059181249999995,35.1029535,36.14672575,37.190498,38.234270249999994,39.2780425,40.32181475,41.365587,42.409359249999994,43.4531315,44.49690375,45.540676,46.584448249999994,47.6282205,48.67199275,49.715765
SF11C46890312282050980,20,,2019-05-18T20:00:00-0500,0.005701,0.005732,0.006347,0.048113,0.025141314356,0.029666751284000002,0.247959688076,5.697201893532,0.013192283980000002,0.008357416496000001,0.00416627554,0.003384407812,0.059890205872,0.025141314356,0.029666751284000002,0.247959688076,5.697201893532,0.013192283980000002,0.008357416496000001,0.00416627554,0.003384407812,0.059890205872,0.0,0.0,0.0,0.0,0.0,0.0,0.0,0.0,0.0,0.0,0.0,0.0,0.0,0.0,0.0,0.0,0.0,0.0,0.998178,7912966.666424566,4.122406,4.3285263,4.534646599999999,4.7407669,4.9468872,5.153007499999999,5.3591277999999996,5.5652481,5.7713684,5.977488699999999,6.183609,6.389729299999999,6.595849599999999,6.8019699,7.0080902,7.2142105,7.4203307999999994,7.626451099999999,7.832571399999999,8.0386917,8.244812
SF11C46890312282050980,21,,2019-05-18T21:00:00-0500,0.005701,0.005701,0.006085,0.045207,0.025005344233000004,0.029506306537000003,0.246618663943,5.666390089851,0.013120937015000002,0.008312217628000001,0.004143743345,0.0033661041410000003,0.059566305596000006,0.025005344233000004,0.029506306537000003,0.246618663943,5.666390089851,0.013120937015000002,0.008312217628000001,0.004143743345,0.0033661041410000003,0.059566305596000006,0.0,0.0,0.0,0.0,0.0,0.0,0.0,0.0,0.0,0.0,0.0,0.0,0.0,0.0,0.0,0.0,0.0,0.0,0.999548,7912966.666424566,4.122406,4.3285263,4.534646599999999,4.7407669,4.9468872,5.153007499999999,5.3591277999999996,5.5652481,5.7713684,5.977488699999999,6.183609,6.389729299999999,6.595849599999999,6.8019699,7.0080902,7.2142105,7.4203307999999994,7.626451099999999,7.832571399999999,8.0386917,8.244812
SF11C46890312282050980,22,,2019-05-18T22:00:00-0500,0.005701,0.005701,0.005726,0.042477,0.025005344233000004,0.029506306537000003,0.246618663943,5.666390089851,0.013120937015000002,0.008312217628000001,0.004143743345,0.0033661041410000003,0.059566305596000006,0.025005344233000004,0.029506306537000003,0.246618663943,5.666390089851,0.013120937015000002,0.008312217628000001,0.004143743345,0.0033661041410000003,0.059566305596000006,0.0,0.0,0.0,0.0,0.0,0.0,0.0,0.0,0.0,0.0,0.0,0.0,0.0,0.0,0.0,0.0,0.0,0.0,0.999551,7912966.666424566,4.122406,4.3285263,4.534646599999999,4.7407669,4.9468872,5.153007499999999,5.3591277999999996,5.5652481,5.7713684,5.977488699999999,6.183609,6.389729299999999,6.595849599999999,6.8019699,7.0080902,7.2142105,7.4203307999999994,7.626451099999999,7.832571399999999,8.0386917,8.244812
SF11C46890312282050980,23,,2019-05-18T23:00:00-0500,0.005701,0.005701,0.00528,0.039905,0.025005344233000004,0.029506306537000003,0.246618663943,5.666390089851,0.013120937015000002,0.008312217628000001,0.004143743345,0.0033661041410000003,0.059566305596000006,0.025005344233000004,0.029506306537000003,0.246618663943,5.666390089851,0.013120937015000002,0.008312217628000001,0.004143743345,0.0033661041410000003,0.059566305596000006,0.0,0.0,0.0,0.0,0.0,0.0,0.0,0.0,0.0,0.0,0.0,0.0,0.0,0.0,0.0,0.0,0.0,0.0,0.999553,7912966.666424566,4.122406,4.3285263,4.534646599999999,4.7407669,4.9468872,5.153007499999999,5.3591277999999996,5.5652481,5.7713684,5.977488699999999,6.183609,6.389729299999999,6.595849599999999,6.8019699,7.0080902,7.2142105,7.4203307999999994,7.626451099999999,7.832571399999999,8.0386917,8.244812
SF11C46890412282050980,0,,2019-05-18T00:00:00-0500,0.005701,0.005701,0.004756,0.000329,0.002832644468,0.0033425191040000004,0.027937328626000003,0.641897048564,0.001486359019,0.0009416227680000001,0.000469408938,0.00038131708600000003,0.00674776061,0.002832644468,0.0033425191040000004,0.027937328626000003,0.641897048564,0.001486359019,0.0009416227680000001,0.000469408938,0.00038131708600000003,0.00674776061,0.0,0.0,0.0,0.0,0.0,0.0,0.0,0.0,0.0,0.0,0.0,0.0,0.0,0.0,0.0,0.0,0.0,0.0,0.961061,895712.8513542301,4.096793,4.1154679,4.1341428,4.1528177,4.1714926,4.190167499999999,4.2088424,4.2275173,4.246192199999999,4.2648671,4.283542,4.3022168999999995,4.3208918,4.3395667,4.3582415999999995,4.3769165,4.3955914,4.4142662999999995,4.432941199999999,4.4516161,4.470291
SF11C46890412282050980,1,,2019-05-18T01:00:00-0500,0.005701,0.005701,0.003952,0.000579,0.002832644468,0.0033425191040000004,0.027937328626000003,0.641897048564,0.001486359019,0.0009416227680000001,0.000469408938,0.00038131708600000003,0.00674776061,0.002832644468,0.0033425191040000004,0.027937328626000003,0.641897048564,0.001486359019,0.0009416227680000001,0.000469408938,0.00038131708600000003,0.00674776061,0.0,0.0,0.0,0.0,0.0,0.0,0.0,0.0,0.0,0.0,0.0,0.0,0.0,0.0,0.0,0.0,0.0,0.0,0.961061,895712.8513542301,4.096793,4.1317398,4.1666866,4.2016333999999995,4.2365802,4.271527,4.3064738,4.3414206,4.3763673999999995,4.4113142,4.446261,4.4812078,4.5161546,4.551101399999999,4.5860482,4.620995,4.6559418,4.690888599999999,4.725835399999999,4.7607821999999995,4.795729
SF11C46890412282050980,2,,2019-05-18T02:00:00-0500,0.005701,0.005701,0.0034,0.000774,0.002832644468,0.0033425191040000004,0.027937328626000003,0.641897048564,0.001486359019,0.0009416227680000001,0.000469408938,0.00038131708600000003,0.00674776061,0.002832644468,0.0033425191040000004,0.027937328626000003,0.641897048564,0.001486359019,0.0009416227680000001,0.000469408938,0.00038131708600000003,0.00674776061,0.0,0.0,0.0,0.0,0.0,0.0,0.0,0.0,0.0,0.0,0.0,0.0,0.0,0.0,0.0,0.0,0.0,0.0,0.97404,895712.8513542301,4.096793,4.30163265,4.5064722999999995,4.71131195,4.9161516,5.120991249999999,5.3258309,5.53067055,5.7355102,5.94034985,6.1451895,6.350029149999999,6.5548687999999995,6.75970845,6.9645481,7.16938775,7.3742274,7.579067049999999,7.783906699999999,7.9887463499999996,8.193586
SF11C46890412282050980,3,,2019-05-18T03:00:00-0500,0.005701,0.005701,0.00302,0.00093,0.002832644468,0.0033425191040000004,0.027937328626000003,0.641897048564,0.001486359019,0.0009416227680000001,0.000469408938,0.00038131708600000003,0.00674776061,0.002832644468,0.0033425191040000004,0.027937328626000003,0.641897048564,0.001486359019,0.0009416227680000001,0.000469408938,0.00038131708600000003,0.00674776061,0.0,0.0,0.0,0.0,0.0,0.0,0.0,0.0,0.0,0.0,0.0,0.0,0.0,0.0,0.0,0.0,0.0,0.0,0.98053,895712.8513542301,4.096793,4.30163265,4.5064722999999995,4.71131195,4.9161516,5.120991249999999,5.3258309,5.53067055,5.7355102,5.94034985,6.1451895,6.350029149999999,6.5548687999999995,6.75970845,6.9645481,7.16938775,7.3742274,7.579067049999999,7.783906699999999,7.9887463499999996,8.193586
SF11C46890412282050980,4,,2019-05-18T04:00:00-0500,0.005701,0.005701,0.002759,0.001056,0.002832644468,0.0033425191040000004,0.027937328626000003,0.641897048564,0.001486359019,0.0009416227680000001,0.000469408938,0.00038131708600000003,0.00674776061,0.002832644468,0.0033425191040000004,0.027937328626000003,0.641897048564,0.001486359019,0.0009416227680000001,0.000469408938,0.00038131708600000003,0.00674776061,0.0,0.0,0.0,0.0,0.0,0.0,0.0,0.0,0.0,0.0,0.0,0.0,0.0,0.0,0.0,0.0,0.0,0.0,0.984424,895712.8513542301,4.096793,4.30163265,4.5064722999999995,4.71131195,4.9161516,5.120991249999999,5.3258309,5.53067055,5.7355102,5.94034985,6.1451895,6.350029149999999,6.5548687999999995,6.75970845,6.9645481,7.16938775,7.3742274,7.579067049999999,7.783906699999999,7.9887463499999996,8.193586
SF11C46890412282050980,5,,2019-05-18T05:00:00-0500,0.005701,0.005701,0.00258,0.001162,0.002832644468,0.0033425191040000004,0.027937328626000003,0.641897048564,0.001486359019,0.0009416227680000001,0.000469408938,0.00038131708600000003,0.00674776061,0.002832644468,0.0033425191040000004,0.027937328626000003,0.641897048564,0.001486359019,0.0009416227680000001,0.000469408938,0.00038131708600000003,0.00674776061,0.0,0.0,0.0,0.0,0.0,0.0,0.0,0.0,0.0,0.0,0.0,0.0,0.0,0.0,0.0,0.0,0.0,0.0,0.98702,895712.8513542301,4.096793,4.30163265,4.5064722999999995,4.71131195,4.9161516,5.120991249999999,5.3258309,5.53067055,5.7355102,5.94034985,6.1451895,6.350029149999999,6.5548687999999995,6.75970845,6.9645481,7.16938775,7.3742274,7.579067049999999,7.783906699999999,7.9887463499999996,8.193586
SF11C46890412282050980,6,,2019-05-18T06:00:00-0500,0.005701,0.005701,0.002457,0.001251,0.002832644468,0.0033425191040000004,0.027937328626000003,0.641897048564,0.001486359019,0.0009416227680000001,0.000469408938,0.00038131708600000003,0.00674776061,0.002832644468,0.0033425191040000004,0.027937328626000003,0.641897048564,0.001486359019,0.0009416227680000001,0.000469408938,0.00038131708600000003,0.00674776061,0.0,0.0,0.0,0.0,0.0,0.0,0.0,0.0,0.0,0.0,0.0,0.0,0.0,0.0,0.0,0.0,0.0,0.0,0.988874,895712.8513542301,4.096793,4.30163265,4.5064722999999995,4.71131195,4.9161516,5.120991249999999,5.3258309,5.53067055,5.7355102,5.94034985,6.1451895,6.350029149999999,6.5548687999999995,6.75970845,6.9645481,7.16938775,7.3742274,7.579067049999999,7.783906699999999,7.9887463499999996,8.193586
SF11C46890412282050980,7,,2019-05-18T07:00:00-0500,0.005701,0.005701,0.002372,0.001329,0.002832644468,0.0033425191040000004,0.027937328626000003,0.641897048564,0.001486359019,0.0009416227680000001,0.000469408938,0.00038131708600000003,0.00674776061,0.002832644468,0.0033425191040000004,0.027937328626000003,0.641897048564,0.001486359019,0.0009416227680000001,0.000469408938,0.00038131708600000003,0.00674776061,0.0,0.0,0.0,0.0,0.0,0.0,0.0,0.0,0.0,0.0,0.0,0.0,0.0,0.0,0.0,0.0,0.0,0.0,0.990265,895712.8513542301,4.096793,4.30163265,4.5064722999999995,4.71131195,4.9161516,5.120991249999999,5.3258309,5.53067055,5.7355102,5.94034985,6.1451895,6.350029149999999,6.5548687999999995,6.75970845,6.9645481,7.16938775,7.3742274,7.579067049999999,7.783906699999999,7.9887463499999996,8.193586
SF11C46890412282050980,8,,2019-05-18T08:00:00-0500,0.005701,0.005701,0.002186,0.001388,0.002832644468,0.0033425191040000004,0.027937328626000003,0.641897048564,0.001486359019,0.0009416227680000001,0.000469408938,0.00038131708600000003,0.00674776061,0.002832644468,0.0033425191040000004,0.027937328626000003,0.641897048564,0.001486359019,0.0009416227680000001,0.000469408938,0.00038131708600000003,0.00674776061,0.0,0.0,0.0,0.0,0.0,0.0,0.0,0.0,0.0,0.0,0.0,0.0,0.0,0.0,0.0,0.0,0.0,0.0,0.991347,895712.8513542301,4.096793,4.30163265,4.5064722999999995,4.71131195,4.9161516,5.120991249999999,5.3258309,5.53067055,5.7355102,5.94034985,6.1451895,6.350029149999999,6.5548687999999995,6.75970845,6.9645481,7.16938775,7.3742274,7.579067049999999,7.783906699999999,7.9887463499999996,8.193586
SF11C46890412282050980,9,,2019-05-18T09:00:00-0500,0.005701,0.005701,0.00287,0.00149,0.002832644468,0.0033425191040000004,0.027937328626000003,0.641897048564,0.001486359019,0.0009416227680000001,0.000469408938,0.00038131708600000003,0.00674776061,0.002832644468,0.0033425191040000004,0.027937328626000003,0.641897048564,0.001486359019,0.0009416227680000001,0.000469408938,0.00038131708600000003,0.00674776061,0.0,0.0,0.0,0.0,0.0,0.0,0.0,0.0,0.0,0.0,0.0,0.0,0.0,0.0,0.0,0.0,0.0,0.0,0.992212,895712.8513542301,4.096793,4.30163265,4.5064722999999995,4.71131195,4.9161516,5.120991249999999,5.3258309,5.53067055,5.7355102,5.94034985,6.1451895,6.350029149999999,6.5548687999999995,6.75970845,6.9645481,7.16938775,7.3742274,7.579067049999999,7.783906699999999,7.9887463499999996,8.193586
SF11C46890412282050980,10,,2019-05-18T10:00:00-0500,0.020004,0.020004,0.012411,0.002246,0.009939347472,0.011728425216000002,0.098028121704,2.252325655056,0.005215422876,0.0033040206720000003,0.001647089352,0.0013379875440000001,0.023676934440000002,0.009939347472,0.011728425216000002,0.098028121704,2.252325655056,0.005215422876,0.0033040206720000003,0.001647089352,0.0013379875440000001,0.023676934440000002,0.0,0.0,0.0,0.0,0.0,0.0,0.0,0.0,0.0,0.0,0.0,0.0,0.0,0.0,0.0,0.0,0.0,0.0,0.954396,3142929.2893334534,14.356606,15.074436299999999,15.7922666,16.5100969,17.2279272,17.9457575,18.6635878,19.381418099999998,20.0992484,20.8170787,21.534909,22.2527393,22.970569599999997,23.6883999,24.406230199999996,25.1240605,25.841890799999998,26.559721099999997,27.2775514,27.995381699999996,28.713212
SF11C46890412282050980,11,,2019-05-18T11:00:00-0500,0.040008,0.040008,0.029269,0.004114,0.019878694944,0.023456850432000003,0.196056243408,4.504651310112,0.010430845752,0.006608041344000001,0.003294178704,0.0026759750880000002,0.047353868880000004,0.019878694944,0.023456850432000003,0.196056243408,4.504651310112,0.010430845752,0.006608041344000001,0.003294178704,0.0026759750880000002,0.047353868880000004,0.0,0.0,0.0,0.0,0.0,0.0,0.0,0.0,0.0,0.0,0.0,0.0,0.0,0.0,0.0,0.0,0.0,0.0,0.859862,6285858.578666907,28.661685,28.892940199999998,29.124195399999998,29.355450599999998,29.586705799999997,29.817960999999997,30.0492162,30.2804714,30.5117266,30.7429818,30.974237,31.2054922,31.436747399999998,31.668002599999998,31.899257799999997,32.130513,32.3617682,32.5930234,32.8242786,33.0555338,33.286789
SF11C46890412282050980,12,,2019-05-18T12:00:00-0500,0.070014,0.070014,0.058404,0.007868,0.034787716152,0.04104948825600001,0.3430984259640001,7.883139792696,0.018253980066,0.011564072352000002,0.005764812732,0.004682956404,0.08286927054000001,0.034787716152,0.04104948825600001,0.3430984259640001,7.883139792696,0.018253980066,0.011564072352000002,0.005764812732,0.004682956404,0.08286927054000001,0.0,0.0,0.0,0.0,0.0,0.0,0.0,0.0,0.0,0.0,0.0,0.0,0.0,0.0,0.0,0.0,0.0,0.0,0.718694,11000252.512667088,50.023092,51.05895985,52.094827699999996,53.13069555,54.1665634,55.20243125,56.2382991,57.27416695,58.3100348,59.34590265,60.3817705,61.41763835,62.4535062,63.489374049999995,64.5252419,65.56110975,66.5969776,67.63284544999999,68.66871330000001,69.70458115,70.740449
SF11C46890412282050980,13,,2019-05-18T13:00:00-0500,0.10002,0.10002,0.092587,0.013726,0.04969673736,0.05864212608,0.49014060852,11.26162827528,0.02607711438,0.01652010336,0.008235446759999999,0.00668993772,0.1183846722,0.04969673736,0.05864212608,0.49014060852,11.26162827528,0.02607711438,0.01652010336,0.008235446759999999,0.00668993772,0.1183846722,0.0,0.0,0.0,0.0,0.0,0.0,0.0,0.0,0.0,0.0,0.0,0.0,0.0,0.0,0.0,0.0,0.0,0.0,0.668988,15714646.446667267,71.269598,72.53646475000001,73.8033315,75.07019825,76.337065,77.60393175,78.8707985,80.13766525,81.404532,82.67139875,83.9382655,85.20513224999999,86.471999,87.73886575,89.0057325,90.27259925,91.539466,92.80633275,94.0731995,95.34006624999999,96.606933
SF11C46890412282050980,14,,2019-05-18T14:00:00-0500,0.130026,0.130026,0.130525,0.021803,0.064605758568,0.07623476390400001,0.6371827910760001,14.640116757864,0.033900248694,0.021476134368000003,0.010706080788,0.008696919036,0.15390007386000001,0.064605758568,0.07623476390400001,0.6371827910760001,14.640116757864,0.033900248694,0.021476134368000003,0.010706080788,0.008696919036,0.15390007386000001,0.0,0.0,0.0,0.0,0.0,0.0,0.0,0.0,0.0,0.0,0.0,0.0,0.0,0.0,0.0,0.0,0.0,0.0,0.703836,20429040.380667448,92.401821,93.07053345,93.7392459,94.40795835,95.0766708,95.74538325,96.4140957,97.08280815,97.7515206,98.42023305000001,99.0889455,99.75765795000001,100.4263704,101.09508285,101.7637953,102.43250775,103.1012202,103.76993265,104.4386451,105.10735755,105.77607
SF11C46890412282050980,15,,2019-05-18T15:00:00-0500,0.160032,0.160032,0.170708,0.032099,0.079514779776,0.09382740172800001,0.784224973632,18.018605240448,0.041723383008,0.026432165376000002,0.013176714816,0.010703900352000001,0.18941547552000002,0.079514779776,0.09382740172800001,0.784224973632,18.018605240448,0.041723383008,0.026432165376000002,0.013176714816,0.010703900352000001,0.18941547552000002,0.0,0.0,0.0,0.0,0.0,0.0,0.0,0.0,0.0,0.0,0.0,0.0,0.0,0.0,0.0,0.0,0.0,0.0,0.736568,25143434.314667627,113.420377,119.09139585,124.76241470000001,130.43343355000002,136.1044524,141.77547125,147.4464901,153.11750895,158.7885278,164.45954665,170.1305655,175.80158435,181.4726032,187.14362205,192.8146409,198.48565975000002,204.15667860000002,209.82769745000002,215.4987163,221.16973515,226.840754
SF11C46890412282050980,16,,2019-05-18T16:00:00-0500,0.170034,0.170034,0.189207,0.042963,0.08448445351199999,0.099691614336,0.833239034484,19.144768067976,0.044331094445999995,0.028084175712,0.014000259491999999,0.011372894124,0.20125394274,0.08448445351199999,0.099691614336,0.833239034484,19.144768067976,0.044331094445999995,0.028084175712,0.014000259491999999,0.011372894124,0.20125394274,0.0,0.0,0.0,0.0,0.0,0.0,0.0,0.0,0.0,0.0,0.0,0.0,0.0,0.0,0.0,0.0,0.0,0.0,0.783801,26714898.959334355,120.401408,126.4214784,132.4415488,138.4616192,144.4816896,150.50176,156.5218304,162.5419008,168.56197120000002,174.5820416,180.602112,186.62218239999999,192.6422528,198.6623232,204.6823936,210.70246400000002,216.7225344,222.74260479999998,228.7626752,234.7827456,240.802816
SF11C46890412282050980,17,,2019-05-18T17:00:00-0500,0.120024,0.120024,0.13693,0.049461,0.059636084832,0.070370551296,0.5881687302240001,13.513953930336,0.031292537256,0.019824124032000002,0.009882536112,0.008027925264,0.14206160664,0.059636084832,0.070370551296,0.5881687302240001,13.513953930336,0.031292537256,0.019824124032000002,0.009882536112,0.008027925264,0.14206160664,0.0,0.0,0.0,0.0,0.0,0.0,0.0,0.0,0.0,0.0,0.0,0.0,0.0,0.0,0.0,0.0,0.0,0.0,0.868512,18857575.73600072,85.370407,89.63892735,93.9074477,98.17596805,102.4444884,106.71300875,110.9815291,115.25004945,119.5185698,123.78709015000001,128.0556105,132.32413085000002,136.5926512,140.86117155,145.1296919,149.39821225,153.6667326,157.93525295,162.20377330000002,166.47229364999998,170.740814
SF11C46890412282050980,18,,2019-05-18T18:00:00-0500,0.070014,0.070014,0.080537,0.05161,0.034787716152,0.04104948825600001,0.3430984259640001,7.883139792696,0.018253980066,0.011564072352000002,0.005764812732,0.004682956404,0.08286927054000001,0.034787716152,0.04104948825600001,0.3430984259640001,7.883139792696,0.018253980066,0.011564072352000002,0.005764812732,0.004682956404,0.08286927054000001,0.0,0.0,0.0,0.0,0.0,0.0,0.0,0.0,0.0,0.0,0.0,0.0,0.0,0.0,0.0,0.0,0.0,0.0,0.929029,11000252.512667088,50.023092,52.5242466,55.0254012,57.5265558,60.0277104,62.528864999999996,65.0300196,67.5311742,70.0323288,72.5334834,75.034638,77.5357926,80.0369472,82.53810179999999,85.0392564,87.540411,90.0415656,92.54272019999999,95.0438748,97.5450294,100.046184
SF11C46890412282050980,19,,2019-05-18T19:00:00-0500,0.040008,0.040008,0.045643,0.051197,0.019878694944,0.023456850432000003,0.196056243408,4.504651310112,0.010430845752,0.006608041344000001,0.003294178704,0.0026759750880000002,0.047353868880000004,0.019878694944,0.023456850432000003,0.196056243408,4.504651310112,0.010430845752,0.006608041344000001,0.003294178704,0.0026759750880000002,0.047353868880000004,0.0,0.0,0.0,0.0,0.0,0.0,0.0,0.0,0.0,0.0,0.0,0.0,0.0,0.0,0.0,0.0,0.0,0.0,0.969233,6285858.578666907,28.661685,30.09476925,31.5278535,32.96093775,34.394022,35.82710625,37.26019049999999,38.69327475,40.126358999999994,41.55944325,42.992527499999994,44.425611749999995,45.858695999999995,47.291780249999995,48.724864499999995,50.157948749999996,51.591032999999996,53.024117249999996,54.4572015,55.89028575,57.32337
SF11C46890412282050980,20,,2019-05-18T20:00:00-0500,0.005701,0.005701,0.006344,0.048096,0.002832644468,0.0033425191040000004,0.027937328626000003,0.641897048564,0.001486359019,0.0009416227680000001,0.000469408938,0.00038131708600000003,0.00674776061,0.002832644468,0.0033425191040000004,0.027937328626000003,0.641897048564,0.001486359019,0.0009416227680000001,0.000469408938,0.00038131708600000003,0.00674776061,0.0,0.0,0.0,0.0,0.0,0.0,0.0,0.0,0.0,0.0,0.0,0.0,0.0,0.0,0.0,0.0,0.0,0.0,0.998189,895712.8513542301,4.096793,4.30163265,4.5064722999999995,4.71131195,4.9161516,5.120991249999999,5.3258309,5.53067055,5.7355102,5.94034985,6.1451895,6.350029149999999,6.5548687999999995,6.75970845,6.9645481,7.16938775,7.3742274,7.579067049999999,7.783906699999999,7.9887463499999996,8.193586
SF11C46890412282050980,21,,2019-05-18T21:00:00-0500,0.005701,0.005701,0.006081,0.04519,0.002832644468,0.0033425191040000004,0.027937328626000003,0.641897048564,0.001486359019,0.0009416227680000001,0.000469408938,0.00038131708600000003,0.00674776061,0.002832644468,0.0033425191040000004,0.027937328626000003,0.641897048564,0.001486359019,0.0009416227680000001,0.000469408938,0.00038131708600000003,0.00674776061,0.0,0.0,0.0,0.0,0.0,0.0,0.0,0.0,0.0,0.0,0.0,0.0,0.0,0.0,0.0,0.0,0.0,0.0,0.999551,895712.8513542301,4.096793,4.30163265,4.5064722999999995,4.71131195,4.9161516,5.120991249999999,5.3258309,5.53067055,5.7355102,5.94034985,6.1451895,6.350029149999999,6.5548687999999995,6.75970845,6.9645481,7.16938775,7.3742274,7.579067049999999,7.783906699999999,7.9887463499999996,8.193586
SF11C46890412282050980,22,,2019-05-18T22:00:00-0500,0.005701,0.005701,0.005723,0.042461,0.002832644468,0.0033425191040000004,0.027937328626000003,0.641897048564,0.001486359019,0.0009416227680000001,0.000469408938,0.00038131708600000003,0.00674776061,0.002832644468,0.0033425191040000004,0.027937328626000003,0.641897048564,0.001486359019,0.0009416227680000001,0.000469408938,0.00038131708600000003,0.00674776061,0.0,0.0,0.0,0.0,0.0,0.0,0.0,0.0,0.0,0.0,0.0,0.0,0.0,0.0,0.0,0.0,0.0,0.0,0.999553,895712.8513542301,4.096793,4.30163265,4.5064722999999995,4.71131195,4.9161516,5.120991249999999,5.3258309,5.53067055,5.7355102,5.94034985,6.1451895,6.350029149999999,6.5548687999999995,6.75970845,6.9645481,7.16938775,7.3742274,7.579067049999999,7.783906699999999,7.9887463499999996,8.193586
SF11C46890412282050980,23,,2019-05-18T23:00:00-0500,0.005701,0.005701,0.005277,0.03989,0.002832644468,0.0033425191040000004,0.027937328626000003,0.641897048564,0.001486359019,0.0009416227680000001,0.000469408938,0.00038131708600000003,0.00674776061,0.002832644468,0.0033425191040000004,0.027937328626000003,0.641897048564,0.001486359019,0.0009416227680000001,0.000469408938,0.00038131708600000003,0.00674776061,0.0,0.0,0.0,0.0,0.0,0.0,0.0,0.0,0.0,0.0,0.0,0.0,0.0,0.0,0.0,0.0,0.0,0.0,0.999556,895712.8513542301,4.096793,4.30163265,4.5064722999999995,4.71131195,4.9161516,5.120991249999999,5.3258309,5.53067055,5.7355102,5.94034985,6.1451895,6.350029149999999,6.5548687999999995,6.75970845,6.9645481,7.16938775,7.3742274,7.579067049999999,7.783906699999999,7.9887463499999996,8.193586
SF11C46890512282050980,0,,2019-05-18T00:00:00-0500,0.005701,0.005701,0.004756,0.000329,0.0056652832350000005,0.006685038208000001,0.055874651551,1.283794097128,0.002972718038,0.001883239835,0.000938817876,0.0007626341720000001,0.01349552122,0.0056652832350000005,0.006685038208000001,0.055874651551,1.283794097128,0.002972718038,0.001883239835,0.000938817876,0.0007626341720000001,0.01349552122,0.0,0.0,0.0,0.0,0.0,0.0,0.0,0.0,0.0,0.0,0.0,0.0,0.0,0.0,0.0,0.0,0.0,0.0,0.922121,1914508.755225518,8.18939,8.29342215,8.3974543,8.50148645,8.6055186,8.70955075,8.8135829,8.91761505,9.0216472,9.12567935,9.2297115,9.333743649999999,9.4377758,9.541807949999999,9.6458401,9.74987225,9.8539044,9.95793655,10.0619687,10.16600085,10.270033
SF11C46890512282050980,1,,2019-05-18T01:00:00-0500,0.005701,0.005701,0.003952,0.000579,0.0056652832350000005,0.006685038208000001,0.055874651551,1.283794097128,0.002972718038,0.001883239835,0.000938817876,0.0007626341720000001,0.01349552122,0.0056652832350000005,0.006685038208000001,0.055874651551,1.283794097128,0.002972718038,0.001883239835,0.000938817876,0.0007626341720000001,0.01349552122,0.0,0.0,0.0,0.0,0.0,0.0,0.0,0.0,0.0,0.0,0.0,0.0,0.0,0.0,0.0,0.0,0.0,0.0,0.922121,1914508.755225518,8.18939,8.330805049999999,8.4722201,8.61363515,8.7550502,8.896465249999999,9.0378803,9.17929535,9.3207104,9.462125449999998,9.6035405,9.74495555,9.8863706,10.027785649999998,10.1692007,10.31061575,10.4520308,10.593445849999998,10.7348609,10.87627595,11.017691
SF11C46890512282050980,2,,2019-05-18T02:00:00-0500,0.005701,0.005701,0.0034,0.000774,0.0056652832350000005,0.006685038208000001,0.055874651551,1.283794097128,0.002972718038,0.001883239835,0.000938817876,0.0007626341720000001,0.01349552122,0.0056652832350000005,0.006685038208000001,0.055874651551,1.283794097128,0.002972718038,0.001883239835,0.000938817876,0.0007626341720000001,0.01349552122,0.0,0.0,0.0,0.0,0.0,0.0,0.0,0.0,0.0,0.0,0.0,0.0,0.0,0.0,0.0,0.0,0.0,0.0,0.948081,1914508.755225518,8.18939,8.211843,8.234296,8.256749,8.279202,8.301655,8.324107999999999,8.346561,8.369014,8.391467,8.413920000000001,8.436373,8.458826,8.481279,8.503732,8.526185,8.548638,8.571091000000001,8.593544000000001,8.615997,8.63845
SF11C46890512282050980,3,,2019-05-18T03:00:00-0500,0.005701,0.005701,0.00302,0.00093,0.0056652832350000005,0.006685038208000001,0.055874651551,1.283794097128,0.002972718038,0.001883239835,0.000938817876,0.0007626341720000001,0.01349552122,0.0056652832350000005,0.006685038208000001,0.055874651551,1.283794097128,0.002972718038,0.001883239835,0.000938817876,0.0007626341720000001,0.01349552122,0.0,0.0,0.0,0.0,0.0,0.0,0.0,0.0,0.0,0.0,0.0,0.0,0.0,0.0,0.0,0.0,0.0,0.0,0.961061,1914508.755225518,8.18939,8.5988595,9.008329,9.4177985,9.827268,10.2367375,10.646207,11.055676499999999,11.465145999999999,11.874615499999999,12.284085,12.6935545,13.103024,13.5124935,13.921962999999998,14.331432499999998,14.740901999999998,15.150371499999999,15.559840999999999,15.969310499999999,16.37878
SF11C46890512282050980,4,,2019-05-18T04:00:00-0500,0.005701,0.005701,0.002759,0.001056,0.0056652832350000005,0.006685038208000001,0.055874651551,1.283794097128,0.002972718038,0.001883239835,0.000938817876,0.0007626341720000001,0.01349552122,0.0056652832350000005,0.006685038208000001,0.055874651551,1.283794097128,0.002972718038,0.001883239835,0.000938817876,0.0007626341720000001,0.01349552122,0.0,0.0,0.0,0.0,0.0,0.0,0.0,0.0,0.0,0.0,0.0,0.0,0.0,0.0,0.0,0.0,0.0,0.0,0.968848,1914508.755225518,8.18939,8.5988595,9.008329,9.4177985,9.827268,10.2367375,10.646207,11.055676499999999,11.465145999999999,11.874615499999999,12.284085,12.6935545,13.103024,13.5124935,13.921962999999998,14.331432499999998,14.740901999999998,15.150371499999999,15.559840999999999,15.969310499999999,16.37878
SF11C46890512282050980,5,,2019-05-18T05:00:00-0500,0.005701,0.005701,0.00258,0.001162,0.0056652832350000005,0.006685038208000001,0.055874651551,1.283794097128,0.002972718038,0.001883239835,0.000938817876,0.0007626341720000001,0.01349552122,0.0056652832350000005,0.006685038208000001,0.055874651551,1.283794097128,0.002972718038,0.001883239835,0.000938817876,0.0007626341720000001,0.01349552122,0.0,0.0,0.0,0.0,0.0,0.0,0.0,0.0,0.0,0.0,0.0,0.0,0.0,0.0,0.0,0.0,0.0,0.0,0.97404,1914508.755225518,8.18939,8.5988595,9.008329,9.4177985,9.827268,10.2367375,10.646207,11.055676499999999,11.465145999999999,11.874615499999999,12.284085,12.6935545,13.103024,13.5124935,13.921962999999998,14.331432499999998,14.740901999999998,15.150371499999999,15.559840999999999,15.969310499999999,16.37878
SF11C46890512282050980,6,,2019-05-18T06:00:00-0500,0.005701,0.005701,0.002457,0.001251,0.0056652832350000005,0.006685038208000001,0.055874651551,1.283794097128,0.002972718038,0.001883239835,0.000938817876,0.0007626341720000001,0.01349552122,0.0056652832350000005,0.006685038208000001,0.055874651551,1.283794097128,0.002972718038,0.001883239835,0.000938817876,0.0007626341720000001,0.01349552122,0.0,0.0,0.0,0.0,0.0,0.0,0.0,0.0,0.0,0.0,0.0,0.0,0.0,0.0,0.0,0.0,0.0,0.0,0.977749,1914508.755225518,8.18939,8.5988595,9.008329,9.4177985,9.827268,10.2367375,10.646207,11.055676499999999,11.465145999999999,11.874615499999999,12.284085,12.6935545,13.103024,13.5124935,13.921962999999998,14.331432499999998,14.740901999999998,15.150371499999999,15.559840999999999,15.969310499999999,16.37878
SF11C46890512282050980,7,,2019-05-18T07:00:00-0500,0.005701,0.005701,0.002372,0.001329,0.0056652832350000005,0.006685038208000001,0.055874651551,1.283794097128,0.002972718038,0.001883239835,0.000938817876,0.0007626341720000001,0.01349552122,0.0056652832350000005,0.006685038208000001,0.055874651551,1.283794097128,0.002972718038,0.001883239835,0.000938817876,0.0007626341720000001,0.01349552122,0.0,0.0,0.0,0.0,0.0,0.0,0.0,0.0,0.0,0.0,0.0,0.0,0.0,0.0,0.0,0.0,0.0,0.0,0.98053,1914508.755225518,8.18939,8.5988595,9.008329,9.4177985,9.827268,10.2367375,10.646207,11.055676499999999,11.465145999999999,11.874615499999999,12.284085,12.6935545,13.103024,13.5124935,13.921962999999998,14.331432499999998,14.740901999999998,15.150371499999999,15.559840999999999,15.969310499999999,16.37878
SF11C46890512282050980,8,,2019-05-18T08:00:00-0500,0.005701,0.005701,0.002186,0.001388,0.0056652832350000005,0.006685038208000001,0.055874651551,1.283794097128,0.002972718038,0.001883239835,0.000938817876,0.0007626341720000001,0.01349552122,0.0056652832350000005,0.006685038208000001,0.055874651551,1.283794097128,0.002972718038,0.001883239835,0.000938817876,0.0007626341720000001,0.01349552122,0.0,0.0,0.0,0.0,0.0,0.0,0.0,0.0,0.0,0.0,0.0,0.0,0.0,0.0,0.0,0.0,0.0,0.0,0.982694,1914508.755225518,8.18939,8.5988595,9.008329,9.4177985,9.827268,10.2367375,10.646207,11.055676499999999,11.465145999999999,11.874615499999999,12.284085,12.6935545,13.103024,13.5124935,13.921962999999998,14.331432499999998,14.740901999999998,15.150371499999999,15.559840999999999,15.969310499999999,16.37878
SF11C46890512282050980,9,,2019-05-18T09:00:00-0500,0.005701,0.005701,0.00287,0.00149,0.0056652832350000005,0.006685038208000001,0.055874651551,1.283794097128,0.002972718038,0.001883239835,0.000938817876,0.0007626341720000001,0.01349552122,0.0056652832350000005,0.006685038208000001,0.055874651551,1.283794097128,0.002972718038,0.001883239835,0.000938817876,0.0007626341720000001,0.01349552122,0.0,0.0,0.0,0.0,0.0,0.0,0.0,0.0,0.0,0.0,0.0,0.0,0.0,0.0,0.0,0.0,0.0,0.0,0.984424,1914508.755225518,8.18939,8.5988595,9.008329,9.4177985,9.827268,10.2367375,10.646207,11.055676499999999,11.465145999999999,11.874615499999999,12.284085,12.6935545,13.103024,13.5124935,13.921962999999998,14.331432499999998,14.740901999999998,15.150371499999999,15.559840999999999,15.969310499999999,16.37878
SF11C46890512282050980,10,,2019-05-18T10:00:00-0500,0.020004,0.020004,0.012411,0.002246,0.01987867494,0.023456850432000003,0.196056223404,4.504651310112,0.010430845752,0.00660802134,0.003294178704,0.0026759750880000002,0.047353868880000004,0.01987867494,0.023456850432000003,0.196056223404,4.504651310112,0.010430845752,0.00660802134,0.003294178704,0.0026759750880000002,0.047353868880000004,0.0,0.0,0.0,0.0,0.0,0.0,0.0,0.0,0.0,0.0,0.0,0.0,0.0,0.0,0.0,0.0,0.0,0.0,0.908792,6717739.543857439,28.661685,30.09476925,31.5278535,32.96093775,34.394022,35.82710625,37.26019049999999,38.69327475,40.126358999999994,41.55944325,42.992527499999994,44.425611749999995,45.858695999999995,47.291780249999995,48.724864499999995,50.157948749999996,51.591032999999996,53.024117249999996,54.4572015,55.89028575,57.32337
SF11C46890512282050980,11,,2019-05-18T11:00:00-0500,0.040008,0.040008,0.029269,0.004114,0.03975734988,0.046913700864000006,0.392112446808,9.009302620224,0.020861691504,0.01321604268,0.006588357408,0.0053519501760000004,0.09470773776000001,0.03975734988,0.046913700864000006,0.392112446808,9.009302620224,0.020861691504,0.01321604268,0.006588357408,0.0053519501760000004,0.09470773776000001,0.0,0.0,0.0,0.0,0.0,0.0,0.0,0.0,0.0,0.0,0.0,0.0,0.0,0.0,0.0,0.0,0.0,0.0,0.719724,13435479.087714879,57.117997,58.08574515,59.0534933,60.021241450000005,60.988989600000004,61.95673775,62.9244859,63.89223405,64.8599822,65.82773035,66.7954785,67.76322665000001,68.7309748,69.69872295,70.6664711,71.63421925,72.6019674,73.56971555,74.5374637,75.50521185,76.47296
SF11C46890512282050980,12,,2019-05-18T12:00:00-0500,0.070014,0.070014,0.058404,0.007868,0.06957536229000001,0.08209897651200002,0.686196781914,15.766279585392,0.036507960132,0.02312807469,0.011529625464,0.009365912808,0.16573854108000002,0.06957536229000001,0.08209897651200002,0.686196781914,15.766279585392,0.036507960132,0.02312807469,0.011529625464,0.009365912808,0.16573854108000002,0.0,0.0,0.0,0.0,0.0,0.0,0.0,0.0,0.0,0.0,0.0,0.0,0.0,0.0,0.0,0.0,0.0,0.0,0.644382,23512088.40350104,99.420606,100.62033775,101.8200695,103.01980125,104.219533,105.41926475,106.61899650000001,107.81872825,109.01846,110.21819175,111.4179235,112.61765525,113.817387,115.01711875,116.21685049999999,117.41658225,118.61631399999999,119.81604575,121.0157775,122.21550925,123.415241
SF11C46890512282050980,13,,2019-05-18T13:00:00-0500,0.10002,0.10002,0.092587,0.013726,0.0993933747,0.11728425216,0.98028111702,22.52325655056,0.05215422876,0.033040106699999995,0.016470893519999998,0.01337987544,0.2367693444,0.0993933747,0.11728425216,0.98028111702,22.52325655056,0.05215422876,0.033040106699999995,0.016470893519999998,0.01337987544,0.2367693444,0.0,0.0,0.0,0.0,0.0,0.0,0.0,0.0,0.0,0.0,0.0,0.0,0.0,0.0,0.0,0.0,0.0,0.0,0.668988,33588697.719287194,141.269357,141.5273256,141.7852942,142.0432628,142.3012314,142.5592,142.8171686,143.0751372,143.3331058,143.5910744,143.849043,144.10701160000002,144.36498020000002,144.62294880000002,144.88091740000002,145.138886,145.3968546,145.6548232,145.9127918,146.1707604,146.428729
SF11C46890512282050980,14,,2019-05-18T14:00:00-0500,0.130026,0.130026,0.130525,0.021803,0.12921138711000002,0.15246952780800002,1.274365452126,29.280233515728,0.067800497388,0.04295213871,0.021412161576,0.017393838072,0.30780014772000003,0.12921138711000002,0.15246952780800002,1.274365452126,29.280233515728,0.067800497388,0.04295213871,0.021412161576,0.017393838072,0.30780014772000003,0.0,0.0,0.0,0.0,0.0,0.0,0.0,0.0,0.0,0.0,0.0,0.0,0.0,0.0,0.0,0.0,0.0,0.0,0.703836,43665307.035073355,182.669118,191.8025739,200.9360298,210.0694857,219.2029416,228.3363975,237.46985339999998,246.60330929999998,255.73676519999998,264.8702211,274.003677,283.1371329,292.2705888,301.4040447,310.5375006,319.6709565,328.8044124,337.9378683,347.0713242,356.2047801,365.338236
SF11C46890512282050980,15,,2019-05-18T15:00:00-0500,0.160032,0.160032,0.170708,0.032099,0.15902939952,0.18765480345600002,1.568449787232,36.037210480896,0.083446766016,0.05286417072,0.026353429632,0.021407800704000002,0.37883095104000003,0.15902939952,0.18765480345600002,1.568449787232,36.037210480896,0.083446766016,0.05286417072,0.026353429632,0.021407800704000002,0.37883095104000003,0.0,0.0,0.0,0.0,0.0,0.0,0.0,0.0,0.0,0.0,0.0,0.0,0.0,0.0,0.0,0.0,0.0,0.0,0.736568,53741916.350859515,223.624708,234.8059434,245.9871788,257.16841420000003,268.3496496,279.530885,290.7121204,301.8933558,313.0745912,324.2558266,335.43706199999997,346.6182974,357.7995328,368.9807682,380.1620036,391.34323900000004,402.52447440000003,413.7057098,424.8869452,436.0681806,447.249416
SF11C46890512282050980,16,,2019-05-18T16:00:00-0500,0.170034,0.170034,0.189207,0.042963,0.16896873699,0.199383228672,1.666477898934,38.289536135952,0.08866218889199999,0.056168181389999995,0.028000518983999998,0.022745788248,0.40250788548,0.16896873699,0.199383228672,1.666477898934,38.289536135952,0.08866218889199999,0.056168181389999995,0.028000518983999998,0.022745788248,0.40250788548,0.0,0.0,0.0,0.0,0.0,0.0,0.0,0.0,0.0,0.0,0.0,0.0,0.0,0.0,0.0,0.0,0.0,0.0,0.783801,57100786.12278823,237.178691,249.03762554999997,260.8965601,272.75549465,284.61442919999996,296.47336375,308.3322983,320.19123285,332.05016739999996,343.90910195,355.7680365,367.62697104999995,379.48590559999997,391.34484015,403.20377469999994,415.06270925,426.92164379999997,438.7805783499999,450.6395129,462.49844744999996,474.357382
SF11C46890512282050980,17,,2019-05-18T17:00:00-0500,0.120024,0.120024,0.13693,0.049461,0.11927204964000002,0.140741102592,1.176337340424,27.027907860672,0.062585074512,0.03964812804,0.019765072224,0.016055850528,0.28412321328,0.11927204964000002,0.140741102592,1.176337340424,27.027907860672,0.062585074512,0.03964812804,0.019765072224,0.016055850528,0.28412321328,0.0,0.0,0.0,0.0,0.0,0.0,0.0,0.0,0.0,0.0,0.0,0.0,0.0,0.0,0.0,0.0,0.0,0.0,0.868512,40306437.263144635,168.918787,177.36472635,185.81066570000002,194.25660505000002,202.70254440000002,211.14848375000003,219.5944231,228.04036245,236.4863018,244.93224115,253.3781805,261.82411985,270.2700592,278.71599855,287.1619379,295.60787725,304.0538166,312.49975595,320.9456953,329.39163465,337.837574
SF11C46890512282050980,18,,2019-05-18T18:00:00-0500,0.070014,0.070014,0.080537,0.05161,0.06957536229000001,0.08209897651200002,0.686196781914,15.766279585392,0.036507960132,0.02312807469,0.011529625464,0.009365912808,0.16573854108000002,0.06957536229000001,0.08209897651200002,0.686196781914,15.766279585392,0.036507960132,0.02312807469,0.011529625464,0.009365912808,0.16573854108000002,0.0,0.0,0.0,0.0,0.0,0.0,0.0,0.0,0.0,0.0,0.0,0.0,0.0,0.0,0.0,0.0,0.0,0.0,0.923485,23512088.40350104,99.420606,104.3916363,109.36266660000001,114.3336969,119.3047272,124.27575750000001,129.24678780000002,134.21781810000002,139.1888484,144.1598787,149.13090900000003,154.10193930000003,159.07296960000002,164.04399990000002,169.0150302,173.9860605,178.9570908,183.9281211,188.89915140000002,193.87018170000002,198.84121200000004
SF11C46890512282050980,19,,2019-05-18T19:00:00-0500,0.040008,0.040008,0.045643,0.051197,0.03975734988,0.046913700864000006,0.392112446808,9.009302620224,0.020861691504,0.01321604268,0.006588357408,0.0053519501760000004,0.09470773776000001,0.03975734988,0.046913700864000006,0.392112446808,9.009302620224,0.020861691504,0.01321604268,0.006588357408,0.0053519501760000004,0.09470773776000001,0.0,0.0,0.0,0.0,0.0,0.0,0.0,0.0,0.0,0.0,0.0,0.0,0.0,0.0,0.0,0.0,0.0,0.0,0.956277,13435479.087714879,57.117997,59.97389685,62.8297967,65.68569655,68.5415964,71.39749625,74.2533961,77.10929595,79.9651958,82.82109565,85.6769955,88.53289535,91.3887952,94.24469505,97.1005949,99.95649475,102.8123946,105.66829445,108.5241943,111.38009415,114.235994
SF11C46890512282050980,20,,2019-05-18T20:00:00-0500,0.005701,0.005701,0.006344,0.048096,0.0056652832350000005,0.006685038208000001,0.055874651551,1.283794097128,0.002972718038,0.001883239835,0.000938817876,0.0007626341720000001,0.01349552122,0.0056652832350000005,0.006685038208000001,0.055874651551,1.283794097128,0.002972718038,0.001883239835,0.000938817876,0.0007626341720000001,0.01349552122,0.0,0.0,0.0,0.0,0.0,0.0,0.0,0.0,0.0,0.0,0.0,0.0,0.0,0.0,0.0,0.0,0.0,0.0,0.995905,1914508.755225518,8.18939,8.5988595,9.008329,9.4177985,9.827268,10.2367375,10.646207,11.055676499999999,11.465145999999999,11.874615499999999,12.284085,12.6935545,13.103024,13.5124935,13.921962999999998,14.331432499999998,14.740901999999998,15.150371499999999,15.559840999999999,15.969310499999999,16.37878
SF11C46890512282050980,21,,2019-05-18T21:00:00-0500,0.005701,0.005701,0.006081,0.04519,0.0056652832350000005,0.006685038208000001,0.055874651551,1.283794097128,0.002972718038,0.001883239835,0.000938817876,0.0007626341720000001,0.01349552122,0.0056652832350000005,0.006685038208000001,0.055874651551,1.283794097128,0.002972718038,0.001883239835,0.000938817876,0.0007626341720000001,0.01349552122,0.0,0.0,0.0,0.0,0.0,0.0,0.0,0.0,0.0,0.0,0.0,0.0,0.0,0.0,0.0,0.0,0.0,0.0,0.998979,1914508.755225518,8.18939,8.5988595,9.008329,9.4177985,9.827268,10.2367375,10.646207,11.055676499999999,11.465145999999999,11.874615499999999,12.284085,12.6935545,13.103024,13.5124935,13.921962999999998,14.331432499999998,14.740901999999998,15.150371499999999,15.559840999999999,15.969310499999999,16.37878
SF11C46890512282050980,22,,2019-05-18T22:00:00-0500,0.005701,0.005701,0.005723,0.042461,0.0056652832350000005,0.006685038208000001,0.055874651551,1.283794097128,0.002972718038,0.001883239835,0.000938817876,0.0007626341720000001,0.01349552122,0.0056652832350000005,0.006685038208000001,0.055874651551,1.283794097128,0.002972718038,0.001883239835,0.000938817876,0.0007626341720000001,0.01349552122,0.0,0.0,0.0,0.0,0.0,0.0,0.0,0.0,0.0,0.0,0.0,0.0,0.0,0.0,0.0,0.0,0.0,0.0,0.998979,1914508.755225518,8.18939,8.5988595,9.008329,9.4177985,9.827268,10.2367375,10.646207,11.055676499999999,11.465145999999999,11.874615499999999,12.284085,12.6935545,13.103024,13.5124935,13.921962999999998,14.331432499999998,14.740901999999998,15.150371499999999,15.559840999999999,15.969310499999999,16.37878
SF11C46890512282050980,23,,2019-05-18T23:00:00-0500,0.005701,0.005701,0.005277,0.03989,0.0056652832350000005,0.006685038208000001,0.055874651551,1.283794097128,0.002972718038,0.001883239835,0.000938817876,0.0007626341720000001,0.01349552122,0.0056652832350000005,0.006685038208000001,0.055874651551,1.283794097128,0.002972718038,0.001883239835,0.000938817876,0.0007626341720000001,0.01349552122,0.0,0.0,0.0,0.0,0.0,0.0,0.0,0.0,0.0,0.0,0.0,0.0,0.0,0.0,0.0,0.0,0.0,0.0,0.998979,1914508.755225518,8.18939,8.5988595,9.008329,9.4177985,9.827268,10.2367375,10.646207,11.055676499999999,11.465145999999999,11.874615499999999,12.284085,12.6935545,13.103024,13.5124935,13.921962999999998,14.331432499999998,14.740901999999998,15.150371499999999,15.559840999999999,15.969310499999999,16.37878
SF11C46890612282050980,0,,2019-05-18T00:00:00-0500,0.005701,0.005701,0.004756,0.000329,0.001617149443,0.001908230946,0.017616656868,0.280499828242,0.000889828411,0.00037038879900000004,0.000291659435,0.000172143156,0.004192618009,0.001015410811,0.0011981791700000001,0.01001460464,0.230098779326,0.0005328097590000001,0.00033753910700000004,0.000168265015,0.000136687176,0.0024188487850000003,0.000601738632,0.000710051776,0.007602052228,0.050401048915999995,0.00035701865199999996,3.2849691999999996e-05,0.00012339441999999998,3.545598e-05,0.0017737692239999999,0.0,0.0,0.0,0.0,0.0,0.0,0.0,0.0,0.0,0.961061,345603.24799045955,4.096793,4.30163265,4.5064722999999995,4.71131195,4.9161516,5.120991249999999,5.3258309,5.53067055,5.7355102,5.94034985,6.1451895,6.350029149999999,6.5548687999999995,6.75970845,6.9645481,7.16938775,7.3742274,7.579067049999999,7.783906699999999,7.9887463499999996,8.193586
SF11C46890612282050980,1,,2019-05-18T01:00:00-0500,0.005701,0.005701,0.003952,0.000579,0.001515425755,0.0017881969620000002,0.016331532816,0.271979549998,0.0008294745430000001,0.00036483557100000004,0.000270799655,0.000166149336,0.003892762993,0.001015410811,0.0011981791700000001,0.01001460464,0.230098779326,0.0005328097590000001,0.00033753910700000004,0.000168265015,0.000136687176,0.0024188487850000003,0.0005000149439999999,0.0005900177920000001,0.006316928176,0.041880770671999995,0.000296664784,2.7296463999999997e-05,0.00010253464,2.9462159999999998e-05,0.001473914208,0.0,0.0,0.0,0.0,0.0,0.0,0.0,0.0,0.0,0.961061,345603.24799045955,4.096793,4.30163265,4.5064722999999995,4.71131195,4.9161516,5.120991249999999,5.3258309,5.53067055,5.7355102,5.94034985,6.1451895,6.350029149999999,6.5548687999999995,6.75970845,6.9645481,7.16938775,7.3742274,7.579067049999999,7.783906699999999,7.9887463499999996,8.193586
SF11C46890612282050980,2,,2019-05-18T02:00:00-0500,0.005701,0.005701,0.0034,0.000774,0.001445585611,0.0017057855700000001,0.01544920884,0.266129806726,0.000788037559,0.000361022907,0.00025647801500000003,0.000162034176,0.0036868923850000004,0.001015410811,0.0011981791700000001,0.01001460464,0.230098779326,0.0005328097590000001,0.00033753910700000004,0.000168265015,0.000136687176,0.0024188487850000003,0.00043017479999999997,0.0005076064,0.0054346042,0.0360310274,0.00025522779999999996,2.3483799999999997e-05,8.821299999999999e-05,2.5346999999999996e-05,0.0012680436,0.0,0.0,0.0,0.0,0.0,0.0,0.0,0.0,0.0,0.97404,345603.24799045955,4.096793,4.30163265,4.5064722999999995,4.71131195,4.9161516,5.120991249999999,5.3258309,5.53067055,5.7355102,5.94034985,6.1451895,6.350029149999999,6.5548687999999995,6.75970845,6.9645481,7.16938775,7.3742274,7.579067049999999,7.783906699999999,7.9887463499999996,8.193586
SF11C46890612282050980,3,,2019-05-18T03:00:00-0500,0.005701,0.005701,0.00302,0.00093,0.001397507251,0.0016490530900000002,0.014841811900000002,0.262102809546,0.0007595120990000001,0.00035839824700000005,0.000246618915,0.00015920127600000002,0.0035451698650000004,0.001015410811,0.0011981791700000001,0.01001460464,0.230098779326,0.0005328097590000001,0.00033753910700000004,0.000168265015,0.000136687176,0.0024188487850000003,0.00038209644,0.00045087392000000003,0.004827207260000001,0.03200403022,0.00022670233999999998,2.085914e-05,7.83539e-05,2.2514100000000002e-05,0.0011263210800000001,0.0,0.0,0.0,0.0,0.0,0.0,0.0,0.0,0.0,0.98053,345603.24799045955,4.096793,4.30163265,4.5064722999999995,4.71131195,4.9161516,5.120991249999999,5.3258309,5.53067055,5.7355102,5.94034985,6.1451895,6.350029149999999,6.5548687999999995,6.75970845,6.9645481,7.16938775,7.3742274,7.579067049999999,7.783906699999999,7.9887463499999996,8.193586
SF11C46890612282050980,4,,2019-05-18T04:00:00-0500,0.005701,0.005701,0.002759,0.001056,0.001364485009,0.0016100868340000003,0.014424626107000002,0.259336898325,0.0007399196120000001,0.00035659552000000006,0.00023984727000000001,0.000157255521,0.0034478288710000004,0.001015410811,0.0011981791700000001,0.01001460464,0.230098779326,0.0005328097590000001,0.00033753910700000004,0.000168265015,0.000136687176,0.0024188487850000003,0.000349074198,0.00041190766400000004,0.004410021467,0.029238118999,0.000207109853,1.9056413e-05,7.1582255e-05,2.0568345e-05,0.0010289800860000002,0.0,0.0,0.0,0.0,0.0,0.0,0.0,0.0,0.0,0.984424,345603.24799045955,4.096793,4.30163265,4.5064722999999995,4.71131195,4.9161516,5.120991249999999,5.3258309,5.53067055,5.7355102,5.94034985,6.1451895,6.350029149999999,6.5548687999999995,6.75970845,6.9645481,7.16938775,7.3742274,7.579067049999999,7.783906699999999,7.9887463499999996,8.193586
SF11C46890612282050980,5,,2019-05-18T05:00:00-0500,0.005701,0.005701,0.00258,0.001162,0.0013418375710000001,0.0015833628500000001,0.014138510180000001,0.257439970706,0.000726482619,0.00035535916700000006,0.000235203115,0.000155921076,0.0033810701050000004,0.001015410811,0.0011981791700000001,0.01001460464,0.230098779326,0.0005328097590000001,0.00033753910700000004,0.000168265015,0.000136687176,0.0024188487850000003,0.00032642676,0.00038518368,0.00412390554,0.027341191379999998,0.00019367285999999996,1.782006e-05,6.69381e-05,1.92339e-05,0.00096222132,0.0,0.0,0.0,0.0,0.0,0.0,0.0,0.0,0.0,0.98702,345603.24799045955,4.096793,4.30163265,4.5064722999999995,4.71131195,4.9161516,5.120991249999999,5.3258309,5.53067055,5.7355102,5.94034985,6.1451895,6.350029149999999,6.5548687999999995,6.75970845,6.9645481,7.16938775,7.3742274,7.579067049999999,7.783906699999999,7.9887463499999996,8.193586
SF11C46890612282050980,6,,2019-05-18T06:00:00-0500,0.005701,0.005701,0.002457,0.001251,0.001326275365,0.001564999442,0.013941905381,0.256136495303,0.0007172493780000001,0.00035450960600000005,0.00023201188000000002,0.000155004111,0.0033351967630000003,0.001015410811,0.0011981791700000001,0.01001460464,0.230098779326,0.0005328097590000001,0.00033753910700000004,0.000168265015,0.000136687176,0.0024188487850000003,0.000310864554,0.000366820272,0.003927300741,0.026037715976999998,0.000184439619,1.6970499e-05,6.3746865e-05,1.8316935e-05,0.000916347978,0.0,0.0,0.0,0.0,0.0,0.0,0.0,0.0,0.0,0.988874,345603.24799045955,4.096793,4.30163265,4.5064722999999995,4.71131195,4.9161516,5.120991249999999,5.3258309,5.53067055,5.7355102,5.94034985,6.1451895,6.350029149999999,6.5548687999999995,6.75970845,6.9645481,7.16938775,7.3742274,7.579067049999999,7.783906699999999,7.9887463499999996,8.193586
SF11C46890612282050980,7,,2019-05-18T07:00:00-0500,0.005701,0.005701,0.002372,0.001329,0.001315520995,0.0015523092820000002,0.013806040276000001,0.255235719618,0.000710868683,0.000353922511,0.000229806555,0.000154370436,0.0033034956730000004,0.001015410811,0.0011981791700000001,0.01001460464,0.230098779326,0.0005328097590000001,0.00033753910700000004,0.000168265015,0.000136687176,0.0024188487850000003,0.000300110184,0.000354130112,0.003791435636,0.025136940291999997,0.00017805892399999998,1.6383404e-05,6.154154e-05,1.7683259999999998e-05,0.000884646888,0.0,0.0,0.0,0.0,0.0,0.0,0.0,0.0,0.0,0.990265,345603.24799045955,4.096793,4.30163265,4.5064722999999995,4.71131195,4.9161516,5.120991249999999,5.3258309,5.53067055,5.7355102,5.94034985,6.1451895,6.350029149999999,6.5548687999999995,6.75970845,6.9645481,7.16938775,7.3742274,7.579067049999999,7.783906699999999,7.9887463499999996,8.193586
SF11C46890612282050980,8,,2019-05-18T08:00:00-0500,0.005701,0.005701,0.002186,0.001388,0.001291987903,0.0015245402260000002,0.013508735458,0.253264610472,0.000696906221,0.00035263780900000007,0.000224980785,0.00015298380600000001,0.0032341262290000003,0.001015410811,0.0011981791700000001,0.01001460464,0.230098779326,0.0005328097590000001,0.00033753910700000004,0.000168265015,0.000136687176,0.0024188487850000003,0.000276577092,0.00032636105600000005,0.003494130818,0.023165831145999998,0.000164096462,1.5098702e-05,5.671577e-05,1.629663e-05,0.0008152774440000001,0.0,0.0,0.0,0.0,0.0,0.0,0.0,0.0,0.0,0.991347,345603.24799045955,4.096793,4.30163265,4.5064722999999995,4.71131195,4.9161516,5.120991249999999,5.3258309,5.53067055,5.7355102,5.94034985,6.1451895,6.350029149999999,6.5548687999999995,6.75970845,6.9645481,7.16938775,7.3742274,7.579067049999999,7.783906699999999,7.9887463499999996,8.193586
SF11C46890612282050980,9,,2019-05-18T09:00:00-0500,0.005701,0.005701,0.00287,0.00149,0.001378528951,0.0016266586900000003,0.014602049950000001,0.260513205396,0.000748252049,0.00035736219700000004,0.00024272716500000003,0.000158083026,0.0034892267650000006,0.001015410811,0.0011981791700000001,0.01001460464,0.230098779326,0.0005328097590000001,0.00033753910700000004,0.000168265015,0.000136687176,0.0024188487850000003,0.00036311814,0.00042847952000000004,0.00458744531,0.03041442607,0.00021544229,1.982309e-05,7.446215e-05,2.139585e-05,0.0010703779800000002,0.0,0.0,0.0,0.0,0.0,0.0,0.0,0.0,0.0,0.992212,345603.24799045955,4.096793,4.30163265,4.5064722999999995,4.71131195,4.9161516,5.120991249999999,5.3258309,5.53067055,5.7355102,5.94034985,6.1451895,6.350029149999999,6.5548687999999995,6.75970845,6.9645481,7.16938775,7.3742274,7.579067049999999,7.783906699999999,7.9887463499999996,8.193586
SF11C46890612282050980,10,,2019-05-18T10:00:00-0500,0.020004,0.020004,0.012411,0.002246,0.005133196986,0.006057153336,0.054977730303,0.9389078118749999,0.002801210373,0.0012700996050000002,0.000912421455,0.000572139909,0.013116129234,0.003562932444,0.0042042406800000005,0.035139826560000004,0.807383964504,0.001869553836,0.0011843768280000002,0.00059041806,0.00047961590400000004,0.00848739714,0.001570264542,0.0018529126560000002,0.019837903743000002,0.13152384737099998,0.0009316565369999999,8.5722777e-05,0.000322003395,9.2524005e-05,0.0046287320940000005,0.0,0.0,0.0,0.0,0.0,0.0,0.0,0.0,0.0,0.954396,1212672.7543941683,14.356606,15.074436299999999,15.7922666,16.5100969,17.2279272,17.9457575,18.6635878,19.381418099999998,20.0992484,20.8170787,21.534909,22.2527393,22.970569599999997,23.6883999,24.406230199999996,25.1240605,25.841890799999998,26.559721099999997,27.2775514,27.995381699999996,28.713212
SF11C46890612282050980,11,,2019-05-18T11:00:00-0500,0.040008,0.040008,0.029269,0.004114,0.010829037306,0.012778225984,0.11706360321700002,1.9249420881169998,0.005936243695,0.002570914639,0.0019402203249999999,0.001177432203,0.027890784906,0.007125864888,0.008408481360000001,0.07027965312000001,1.614767929008,0.003739107672,0.0023687536560000003,0.00118083612,0.0009592318080000001,0.01697479428,0.003703172418,0.004369744624,0.046783950097,0.310174159109,0.002197136023,0.000202160983,0.0007593842049999999,0.00021820039499999998,0.010915990626,0.0,0.0,0.0,0.0,0.0,0.0,0.0,0.0,0.0,0.859862,2425345.5087883365,28.661685,30.09476925,31.5278535,32.96093775,34.394022,35.82710625,37.26019049999999,38.69327475,40.126358999999994,41.55944325,42.992527499999994,44.425611749999995,45.858695999999995,47.291780249999995,48.724864499999995,50.157948749999996,51.591032999999996,53.024117249999996,54.4572015,55.89028575,57.32337
SF11C46890612282050980,12,,2019-05-18T12:00:00-0500,0.070014,0.070014,0.058404,0.007868,0.019859654442,0.023434325964,0.216343105812,3.444772147608,0.010927651494,0.004548715326000001,0.00358175499,0.002114057484,0.051487895406,0.012470263554000001,0.01471484238,0.12298939296000001,2.8258438757640003,0.006543438426,0.004145318898000001,0.00206646321,0.0016786556640000002,0.029705889990000005,0.007389390887999999,0.008719483584,0.093353712852,0.6189282718439999,0.004384213067999999,0.00040339642799999995,0.00151529178,0.00043540181999999995,0.021782005416,0.0,0.0,0.0,0.0,0.0,0.0,0.0,0.0,0.0,0.718694,4244354.640379589,50.023092,52.5242466,55.0254012,57.5265558,60.0277104,62.528864999999996,65.0300196,67.5311742,70.0323288,72.5334834,75.034638,77.5357926,80.0369472,82.53810179999999,85.0392564,87.540411,90.0415656,92.54272019999999,95.0438748,97.5450294,100.046184
SF11C46890612282050980,13,,2019-05-18T13:00:00-0500,0.10002,0.10002,0.092587,0.013726,0.029528954634,0.034844072152,0.32369139723100004,5.018097685427,0.016297997509,0.006561382549,0.005354260015,0.003088315605,0.076967677698,0.01781466222,0.0210212034,0.1756991328,4.03691982252,0.00934776918,0.00592188414,0.0029520902999999998,0.00239807952,0.0424369857,0.011714292414,0.013822868752,0.14799226443100003,0.9811778629069999,0.006950228329,0.0006394984090000001,0.002402169715,0.000690236085,0.034530691998000004,0.0,0.0,0.0,0.0,0.0,0.0,0.0,0.0,0.0,0.668988,6063363.77197084,71.269598,74.8330779,78.3965578,81.9600377,85.5235176,89.0869975,92.6504774,96.2139573,99.77743720000001,103.3409171,106.904397,110.4678769,114.0313568,117.5948367,121.1583166,124.72179650000001,128.2852764,131.8487563,135.4122362,138.9757161,142.539196
SF11C46890612282050980,14,,2019-05-18T14:00:00-0500,0.130026,0.130026,0.130525,0.021803,0.039673344936,0.046814424820000006,0.43704172946500003,6.631216313801,0.021950220109,0.008599985557000001,0.007224188515,0.004090567251,0.10384790226000001,0.023159060885999998,0.02732756442,0.22840887264,5.247995769276,0.012152099934,0.007698449382000001,0.00383771739,0.003117503376,0.05516808141000001,0.01651428405,0.019486860400000004,0.20863285682500002,1.3832205445249999,0.009798120175,0.000901536175,0.0033864711249999998,0.000973063875,0.04867982085,0.0,0.0,0.0,0.0,0.0,0.0,0.0,0.0,0.0,0.703836,7882372.903562093,92.401821,97.02191205,101.6420031,106.26209415,110.8821852,115.50227625,120.12236730000001,124.74245834999999,129.3625494,133.98264045,138.6027315,143.22282255,147.8429136,152.46300465000002,157.0830957,161.70318675,166.3232778,170.94336885,175.5634599,180.18355094999998,184.803642
SF11C46890612282050980,15,,2019-05-18T15:00:00-0500,0.160032,0.160032,0.170708,0.032099,0.050101777128,0.05911994700800001,0.553980498884,8.26812601762,0.027770968123999998,0.010654094780000001,0.00915236354,0.005109555372,0.131565408552,0.028503459552,0.033633925440000004,0.28111861248000003,6.459071716032,0.014956430688,0.009475014624000001,0.00472334448,0.0038369272320000003,0.06789917712,0.021598317576,0.025486021568000002,0.272861886404,1.8090543015879998,0.012814537435999999,0.001179080156,0.00442901906,0.00127262814,0.063666231432,0.0,0.0,0.0,0.0,0.0,0.0,0.0,0.0,0.0,0.736568,9701382.035153346,113.420377,119.09139585,124.76241470000001,130.43343355000002,136.1044524,141.77547125,147.4464901,153.11750895,158.7885278,164.45954665,170.1305655,175.80158435,181.4726032,187.14362205,192.8146409,198.48565975000002,204.15667860000002,209.82769745000002,215.4987163,221.16973515,226.840754
SF11C46890612282050980,16,,2019-05-18T16:00:00-0500,0.170034,0.170034,0.189207,0.042963,0.05422377382799999,0.063983894052,0.601119454251,8.867858581011,0.030094409474999993,0.011374055786999999,0.009927529124999999,0.005487273369,0.142708383168,0.030284925773999997,0.035736045779999996,0.29868852576,6.862763698284,0.015891207605999998,0.010067203038,0.00501855351,0.004076735184,0.07214287569,0.023938848053999998,0.028247848272,0.302430928491,2.0050948827269996,0.014203201868999997,0.0013068527489999999,0.004908975614999999,0.001410538185,0.070565507478,0.0,0.0,0.0,0.0,0.0,0.0,0.0,0.0,0.0,0.783801,10307718.412350427,120.401408,126.4214784,132.4415488,138.4616192,144.4816896,150.50176,156.5218304,162.5419008,168.56197120000002,174.5820416,180.602112,186.62218239999999,192.6422528,198.6623232,204.6823936,210.70246400000002,216.7225344,222.74260479999998,228.7626752,234.7827456,240.802816
SF11C46890612282050980,17,,2019-05-18T17:00:00-0500,0.120024,0.120024,0.13693,0.049461,0.038702252124,0.04566854536,0.42970965145,6.295400428754,0.021496247326,0.008052036478000001,0.0070951572099999995,0.003898508574,0.10199297406,0.021377594664,0.02522544408,0.21083895936,4.844303787024,0.011217323016000001,0.007106260968000001,0.00354250836,0.002877695424,0.050924382840000004,0.01732465746,0.02044310128,0.21887069209,1.45109664173,0.01027892431,0.00094577551,0.00355264885,0.00102081315,0.05106859122,0.0,0.0,0.0,0.0,0.0,0.0,0.0,0.0,0.0,0.868512,7276036.526365009,85.370407,89.63892735,93.9074477,98.17596805,102.4444884,106.71300875,110.9815291,115.25004945,119.5185698,123.78709015000001,128.0556105,132.32413085000002,136.5926512,140.86117155,145.1296919,149.39821225,153.6667326,157.93525295,162.20377330000002,166.47229364999998,170.740814
SF11C46890612282050980,18,,2019-05-18T18:00:00-0500,0.070014,0.070014,0.080537,0.05161,0.022659965868000002,0.026738694332,0.251720780741,3.6793235386210004,0.012589109405,0.004701587957000001,0.0041559956749999995,0.0022790589990000004,0.059742486288,0.012470263554000001,0.01471484238,0.12298939296000001,2.8258438757640003,0.006543438426,0.004145318898000001,0.00206646321,0.0016786556640000002,0.029705889990000005,0.010189702314,0.012023851952,0.128731387781,0.8534796628569999,0.0060456709789999995,0.000556269059,0.0020895324649999997,0.000600403335,0.030036596298,0.0,0.0,0.0,0.0,0.0,0.0,0.0,0.0,0.0,0.929029,4244354.640379589,50.023092,52.5242466,55.0254012,57.5265558,60.0277104,62.528864999999996,65.0300196,67.5311742,70.0323288,72.5334834,75.034638,77.5357926,80.0369472,82.53810179999999,85.0392564,87.540411,90.0415656,92.54272019999999,95.0438748,97.5450294,100.046184
SF11C46890612282050980,19,,2019-05-18T19:00:00-0500,0.040008,0.040008,0.045643,0.051197,0.012900708534,0.015222798688000002,0.14323601767900002,2.098463277131,0.007165390753,0.0026840098570000003,0.002365043755,0.0012995003730000001,0.033997533702,0.007125864888,0.008408481360000001,0.07027965312000001,1.614767929008,0.003739107672,0.0023687536560000003,0.00118083612,0.0009592318080000001,0.01697479428,0.005774843646,0.006814317328000001,0.07295636455900001,0.483695348123,0.003426283081,0.00031525620100000004,0.0011842076350000001,0.00034026856500000003,0.017022739422000003,0.0,0.0,0.0,0.0,0.0,0.0,0.0,0.0,0.0,0.969233,2425345.5087883365,28.661685,30.09476925,31.5278535,32.96093775,34.394022,35.82710625,37.26019049999999,38.69327475,40.126358999999994,41.55944325,42.992527499999994,44.425611749999995,45.858695999999995,47.291780249999995,48.724864499999995,50.157948749999996,51.591032999999996,53.024117249999996,54.4572015,55.89028575,57.32337
SF11C46890612282050980,20,,2019-05-18T20:00:00-0500,0.005701,0.005701,0.006344,0.048096,0.001818066379,0.0021453129940000003,0.020154936712,0.29732843751,0.001009034807,0.00038135711500000006,0.000332860095,0.000183981696,0.004784868961,0.001015410811,0.0011981791700000001,0.01001460464,0.230098779326,0.0005328097590000001,0.00033753910700000004,0.000168265015,0.000136687176,0.0024188487850000003,0.000802655568,0.000947133824,0.010140332072,0.067229658184,0.00047622504799999996,4.3818008e-05,0.00016459508,4.729452e-05,0.002366020176,0.0,0.0,0.0,0.0,0.0,0.0,0.0,0.0,0.0,0.998189,345603.24799045955,4.096793,4.30163265,4.5064722999999995,4.71131195,4.9161516,5.120991249999999,5.3258309,5.53067055,5.7355102,5.94034985,6.1451895,6.350029149999999,6.5548687999999995,6.75970845,6.9645481,7.16938775,7.3742274,7.579067049999999,7.783906699999999,7.9887463499999996,8.193586
SF11C46890612282050980,21,,2019-05-18T21:00:00-0500,0.005701,0.005701,0.006081,0.04519,0.001784791093,0.0021060481460000004,0.019734554093,0.294541331567,0.000989292186,0.000379540574,0.00032603655999999996,0.000182021031,0.004686782059,0.001015410811,0.0011981791700000001,0.01001460464,0.230098779326,0.0005328097590000001,0.00033753910700000004,0.000168265015,0.000136687176,0.0024188487850000003,0.0007693802819999999,0.000907868976,0.009719949453,0.064442552241,0.00045648242699999994,4.2001467e-05,0.00015777154499999998,4.533385499999999e-05,0.002267933274,0.0,0.0,0.0,0.0,0.0,0.0,0.0,0.0,0.0,0.999551,345603.24799045955,4.096793,4.30163265,4.5064722999999995,4.71131195,4.9161516,5.120991249999999,5.3258309,5.53067055,5.7355102,5.94034985,6.1451895,6.350029149999999,6.5548687999999995,6.75970845,6.9645481,7.16938775,7.3742274,7.579067049999999,7.783906699999999,7.9887463499999996,8.193586
SF11C46890612282050980,22,,2019-05-18T22:00:00-0500,0.005701,0.005701,0.005723,0.042461,0.001739496217,0.002052600178,0.019162322239000003,0.290747476329,0.0009624182000000001,0.00037706786800000003,0.00031674825000000003,0.000179352141,0.0045532645270000005,0.001015410811,0.0011981791700000001,0.01001460464,0.230098779326,0.0005328097590000001,0.00033753910700000004,0.000168265015,0.000136687176,0.0024188487850000003,0.000724085406,0.000854421008,0.009147717599,0.060648697003,0.00042960844099999997,3.9528761e-05,0.000148483235,4.2664964999999996e-05,0.002134415742,0.0,0.0,0.0,0.0,0.0,0.0,0.0,0.0,0.0,0.999553,345603.24799045955,4.096793,4.30163265,4.5064722999999995,4.71131195,4.9161516,5.120991249999999,5.3258309,5.53067055,5.7355102,5.94034985,6.1451895,6.350029149999999,6.5548687999999995,6.75970845,6.9645481,7.16938775,7.3742274,7.579067049999999,7.783906699999999,7.9887463499999996,8.193586
SF11C46890612282050980,23,,2019-05-18T23:00:00-0500,0.005701,0.005701,0.005277,0.03989,0.001683067405,0.001986014162,0.018449430041,0.286021053323,0.0009289383180000001,0.000373987346,0.00030517678,0.000176027211,0.004386927043,0.001015410811,0.0011981791700000001,0.01001460464,0.230098779326,0.0005328097590000001,0.00033753910700000004,0.000168265015,0.000136687176,0.0024188487850000003,0.0006676565939999999,0.000787834992,0.008434825401,0.05592227399699999,0.0003961285589999999,3.6448238999999994e-05,0.00013691176499999998,3.9340034999999995e-05,0.0019680782579999997,0.0,0.0,0.0,0.0,0.0,0.0,0.0,0.0,0.0,0.999556,345603.24799045955,4.096793,4.30163265,4.5064722999999995,4.71131195,4.9161516,5.120991249999999,5.3258309,5.53067055,5.7355102,5.94034985,6.1451895,6.350029149999999,6.5548687999999995,6.75970845,6.9645481,7.16938775,7.3742274,7.579067049999999,7.783906699999999,7.9887463499999996,8.193586
SF11C46890712282050980,0,,2019-05-18T00:00:00-0400,0.005701,0.005693,0.004403,0.000304,0.27520242462399996,0.324738862306,2.783665889498,58.782704080233,0.146124674357,0.08451916035000001,0.046591075833,0.035149431724,0.669746749885,0.250139927801,0.295165113325,2.4670393700720004,56.683493766081,0.131254739473,0.08315091048800001,0.04145175774,0.033672683136,0.595869037438,0.025062496823,0.029573748980999997,0.31662651942599995,2.0992103141519998,0.014869934884,0.0013682498619999998,0.0051393180929999996,0.001476748588,0.073877712447,0.0,0.0,0.0,0.0,0.0,0.0,0.0,0.0,0.0,0.695647,196276631.93111143,31.909223,41.6700192,51.4308154,61.1916116,70.9524078,80.713204,90.47400019999999,100.2347964,109.9955926,119.7563888,129.517185,139.2779812,149.0387774,158.7995736,168.5603698,178.321166,188.0819622,197.84275839999998,207.6035546,217.36435079999998,227.125147
SF11C46890712282050980,1,,2019-05-18T01:00:00-0400,0.005701,0.005701,0.003775,0.000544,0.271979265332,0.32093553395,2.741972209954,58.562947261617005,0.144188218861,0.084440853366,0.045916304205,0.034986121052000003,0.6600469056410001,0.250491433057,0.29557988952500003,2.470506138904,56.763147367017005,0.131439183161,0.083267757016,0.04151000718,0.033720001152,0.5967063731660001,0.021487832275000004,0.025355644425,0.27146607105,1.7997998946000002,0.012749035700000001,0.00117309635,0.0044062970249999995,0.0012661199,0.063340532475,0.0,0.0,0.0,0.0,0.0,0.0,0.0,0.0,0.0,0.695647,196276631.93111143,31.909223,42.49665145,53.084079900000006,63.67150835,74.2589368,84.84636525,95.43379370000001,106.02122215,116.6086506,127.19607905000001,137.7835075,148.37093595000002,158.95836440000002,169.54579285,180.1332213,190.72064975,201.3080782,211.89550665000002,222.48293510000002,233.07036355000002,243.65779200000003
SF11C46890712282050980,2,,2019-05-18T02:00:00-0400,0.005701,0.005701,0.003325,0.000737,0.269417801882,0.3179130068,2.7096120160540003,58.348401578817004,0.142668466261,0.084301014066,0.045391050255,0.034835192852,0.6524963785910001,0.250491433057,0.29557988952500003,2.470506138904,56.763147367017005,0.131439183161,0.083267757016,0.04151000718,0.033720001152,0.5967063731660001,0.018926368825,0.022333117274999998,0.23910587714999998,1.5852542118,0.0112292831,0.00103325705,0.0038810430749999995,0.0011151917,0.055790005425,0.0,0.0,0.0,0.0,0.0,0.0,0.0,0.0,0.0,0.797098,196276631.93111143,31.909223,39.86003955,47.8108561,55.76167265000001,63.71248920000001,71.66330575,79.6141223,87.56493885,95.5157554,103.46657195,111.4173885,119.36820505,127.31902160000001,135.26983815000003,143.2206547,151.17147125000002,159.1222878,167.07310435000002,175.0239209,182.97473745000002,190.925554
SF11C46890712282050980,3,,2019-05-18T03:00:00-0400,0.005701,0.005701,0.003003,0.000893,0.26758493248,0.315750220706,2.68645649953,58.194882223569,0.141580998845,0.08420095127800001,0.045015201873,0.03472719534,0.6470935570130001,0.250491433057,0.29557988952500003,2.470506138904,56.763147367017005,0.131439183161,0.083267757016,0.04151000718,0.033720001152,0.5967063731660001,0.017093499423,0.020170331181,0.21595036062599998,1.431734856552,0.010141815684000001,0.000933194262,0.003505194693,0.001007194188,0.050387183847,0.0,0.0,0.0,0.0,0.0,0.0,0.0,0.0,0.0,0.847823,196276631.93111143,31.909223,38.343180700000005,44.7771384,51.211096100000006,57.6450538,64.07901150000001,70.5129692,76.94692690000001,83.3808846,89.81484230000001,96.2488,102.6827577,109.1167154,115.55067310000001,121.9846308,128.4185885,134.8525462,141.2865039,147.72046160000002,154.1544193,160.588377
SF11C46890712282050980,4,,2019-05-18T04:00:00-0400,0.005701,0.005701,0.002771,0.001023,0.266264355768,0.314191940042,2.6697730217860003,58.08427200488101,0.140797481949,0.08412885635,0.044744404281,0.034649383468000006,0.6432008408450001,0.250491433057,0.29557988952500003,2.470506138904,56.763147367017005,0.131439183161,0.083267757016,0.04151000718,0.033720001152,0.5967063731660001,0.015772922711,0.018612050517,0.199266882882,1.321124637864,0.009358298788,0.0008610993339999999,0.0032343971009999996,0.0009293823160000001,0.046494467679,0.0,0.0,0.0,0.0,0.0,0.0,0.0,0.0,0.0,0.878259,196276631.93111143,31.909223,37.33483975,42.760456500000004,48.18607325000001,53.61169,59.03730675,64.4629235,69.88854025,75.31415700000001,80.73977375000001,86.1653905,91.59100725,97.01662400000001,102.44224075000001,107.8678575,113.29347425,118.719091,124.14470775000001,129.57032450000003,134.99594125000002,140.421558
SF11C46890712282050980,5,,2019-05-18T05:00:00-0400,0.005701,0.005701,0.002606,0.001133,0.265325152503,0.31308368008700005,2.6579076173560003,58.00560525452101,0.140240239329,0.08407758194,0.044551811166,0.034594043128000004,0.64043231426,0.250491433057,0.29557988952500003,2.470506138904,56.763147367017005,0.131439183161,0.083267757016,0.04151000718,0.033720001152,0.5967063731660001,0.014833719446,0.017503790561999997,0.18740147845199998,1.242457887504,0.008801056168,0.0008098249239999999,0.0030418039859999996,0.000874041976,0.043725941094,0.0,0.0,0.0,0.0,0.0,0.0,0.0,0.0,0.0,0.898549,196276631.93111143,31.909223,36.60591995,41.302616900000004,45.99931385000001,50.6960108,55.39270775,60.0894047,64.78610165,69.48279860000001,74.17949555000001,78.8761925,83.57288945,88.26958640000001,92.96628335000001,97.6629803,102.35967725,107.05637420000001,111.75307115000001,116.44976810000001,121.14646505,125.843162
SF11C46890712282050980,6,,2019-05-18T06:00:00-0400,0.005701,0.005701,0.002487,0.001226,0.264647787724,0.312284389574,2.6493501438580003,57.94886984062501,0.139838349197,0.084040602214,0.044412910677000005,0.034554131004000004,0.6384356193290001,0.250491433057,0.29557988952500003,2.470506138904,56.763147367017005,0.131439183161,0.083267757016,0.04151000718,0.033720001152,0.5967063731660001,0.014156354667000002,0.016704500049,0.178844004954,1.185722473608,0.008399166036000001,0.0007728451979999999,0.002902903497,0.0008341298520000001,0.041729246163,0.0,0.0,0.0,0.0,0.0,0.0,0.0,0.0,0.0,0.913042,196276631.93111143,31.909223,36.04914975,40.1890765,44.32900325,48.46893,52.60885675,56.7487835,60.88871025,65.028637,69.16856375,73.3084905,77.44841725,81.58834399999999,85.72827075,89.8681975,94.00812425,98.148051,102.28797775,106.4279045,110.56783125,114.707758
SF11C46890712282050980,7,,2019-05-18T07:00:00-0400,0.005701,0.005701,0.002402,0.001308,0.264163955739,0.31171346777900005,2.643237662788,57.908344544985006,0.13955128481700002,0.08401418812400001,0.044313696042,0.034525622344,0.637009408664,0.250491433057,0.29557988952500003,2.470506138904,56.763147367017005,0.131439183161,0.083267757016,0.04151000718,0.033720001152,0.5967063731660001,0.013672522682000001,0.016133578254,0.172731523884,1.1451971779680001,0.008112101656000001,0.000746431108,0.002803688862,0.0008056211920000001,0.040303035498,0.0,0.0,0.0,0.0,0.0,0.0,0.0,0.0,0.0,0.923912,196276631.93111143,31.909223,35.60696475,39.3047065,43.00244825,46.70019,50.39793175,54.095673500000004,57.79341525,61.491157,65.18889875,68.8866405,72.58438225,76.282124,79.97986575,83.67760750000001,87.37534925,91.073091,94.77083275,98.4685745,102.16631625,105.864058
SF11C46890712282050980,8,,2019-05-18T08:00:00-0400,0.005701,0.005701,0.002187,0.001368,0.262940145424,0.310269371474,2.627776681258,57.805839385425,0.13882518079700001,0.083947376014,0.044062741377,0.034453512204,0.6334019346290001,0.250491433057,0.29557988952500003,2.470506138904,56.763147367017005,0.131439183161,0.083267757016,0.04151000718,0.033720001152,0.5967063731660001,0.012448712367000002,0.014689481949000001,0.157270542354,1.0426920184080002,0.007385997636000001,0.000679618998,0.002552734197,0.0007335110520000001,0.036695561463,0.0,0.0,0.0,0.0,0.0,0.0,0.0,0.0,0.0,0.932366,196276631.93111143,31.909223,35.2443983,38.5795736,41.914748900000006,45.2499242,48.5850995,51.9202748,55.255450100000004,58.59062540000001,61.9258007,65.260976,68.5961513,71.9313266,75.26650190000001,78.60167720000001,81.9368525,85.2720278,88.6072031,91.94237840000001,95.27755370000001,98.612729
SF11C46890712282050980,9,,2019-05-18T09:00:00-0400,0.005701,0.005701,0.002871,0.001472,0.266833569868,0.31486361274200003,2.6769641759860003,58.13194882328101,0.14113520474900002,0.08415993175,0.044861127381,0.034682923068,0.6448787357450001,0.250491433057,0.29557988952500003,2.470506138904,56.763147367017005,0.131439183161,0.083267757016,0.04151000718,0.033720001152,0.5967063731660001,0.016342136811,0.019283723216999997,0.20645803708199997,1.368801456264,0.009696021588,0.0008921747339999999,0.0033511202009999996,0.0009629219160000001,0.048172362579,0.0,0.0,0.0,0.0,0.0,0.0,0.0,0.0,0.0,0.939129,196276631.93111143,31.909223,34.94656305,37.9839031,41.021243150000004,44.0585832,47.09592325,50.133263299999996,53.17060335,56.207943400000005,59.24528345,62.2826235,65.31996355,68.3573036,71.39464365,74.4319837,77.46932375,80.5066638,83.54400385,86.58134390000001,89.61868395,92.656024
SF11C46890712282050980,10,,2019-05-18T10:00:00-0400,0.020004,0.019984,0.012417,0.002229,0.9487394442849998,1.119512546759,9.55291415935,204.894725678856,0.5026753727,0.29574125936199996,0.16000060844699998,0.1223650161,2.300008858277,0.8780601294879998,1.0361109475999999,8.659988542336,198.974695138128,0.460740332624,0.29188262694399997,0.14550710111999998,0.118200403968,2.091664648544,0.070679314797,0.08340159915899999,0.8929256170139999,5.920030540728,0.041935040076,0.0038586324179999995,0.014493507326999997,0.004164612132,0.208344209733,0.0,0.0,0.0,0.0,0.0,0.0,0.0,0.0,0.0,0.753242,688706848.8247592,110.848996,128.09892109999998,145.3488462,162.5987713,179.8486964,197.09862149999998,214.3485466,231.5984717,248.8483968,266.0983219,283.348247,300.5981721,317.8480972,335.09802229999997,352.34794739999995,369.5978725,386.8477976,404.09772269999996,421.34764779999995,438.5975729,455.847498
SF11C46890712282050980,11,,2019-05-18T11:00:00-0400,0.040008,0.03998,0.029285,0.0041,1.923341866045,2.2695434096950002,19.431106745390004,412.03102694610004,1.0206594527600001,0.5930409545700001,0.325283936235,0.24629385682000002,4.675956822145,1.75664751686,2.0728440595000004,17.325177237920002,398.06887067766,0.9217573307800001,0.58394052368,0.2911015764,0.23647178496000001,4.18458530068,0.166694349185,0.19669935019499998,2.10592950747,13.96215626844,0.09890212198,0.009100430889999999,0.034182359834999995,0.00982207186,0.491371521465,0.0,0.0,0.0,0.0,0.0,0.0,0.0,0.0,0.0,0.67521,1377413697.6495185,218.626117,248.47543919999998,278.3247614,308.1740836,338.0234058,367.872728,397.7220502,427.5713724,457.4206946,487.2700168,517.119339,546.9686612,576.8179834,606.6673056,636.5166278,666.36595,696.2152722,726.0645944,755.9139166,785.7632388000001,815.612561
SF11C46890712282050980,12,,2019-05-18T12:00:00-0400,0.070014,0.069972,0.058436,0.007857,3.40706667308,4.020338692272,34.524316457400005,724.550646186948,1.8105884125,1.040157377896,0.577687037676,0.43346622760000003,8.304251608716001,3.074440721604,3.6278400333000005,30.322093589088006,696.6902205867241,1.6132367170920001,1.021998157152,0.5094787269600001,0.413867026944,7.323756944952001,0.33262595147600005,0.392498658972,4.202222868312,27.860425600224,0.19735169540800002,0.018159220744,0.068208310716,0.019599200656,0.9804946637640001,0.0,0.0,0.0,0.0,0.0,0.0,0.0,0.0,0.0,0.644382,2410473970.8866577,374.717605,416.27553495,457.83346489999997,499.39139485,540.9493248,582.5072547499999,624.0651846999999,665.6231146499999,707.1810446,748.73897455,790.2969045,831.85483445,873.4127644,914.97069435,956.5286242999998,998.0865542499998,1039.6444841999999,1081.2024141499999,1122.7603440999999,1164.31827405,1205.876204
SF11C46890712282050980,13,,2019-05-18T13:00:00-0400,0.10002,0.099978,0.092637,0.01372,4.920151926362999,5.805779304549,49.986746301966,1039.617338558634,2.6178951500939998,1.489047590346,0.8360865921869999,0.622415154708,12.018745425261,4.392849060545999,5.18356186545,43.325076785712,995.450964297426,2.305038879858,1.460260272048,0.7279578140399999,0.591345075456,10.464393926748,0.527302865817,0.622217439099,6.661669516253999,44.166374261208,0.312856270236,0.028787318297999995,0.10812877814699999,0.031070079252,1.554351498513,0.0,0.0,0.0,0.0,0.0,0.0,0.0,0.0,0.0,0.572827,3443534244.123796,524.365786,581.58058605,638.7953861,696.01018615,753.2249862,810.43978625,867.6545863,924.86938635,982.0841864,1039.29898645,1096.5137865000002,1153.72858655,1210.9433866,1268.15818665,1325.3729867000002,1382.58778675,1439.8025868,1497.01738685,1554.2321869000002,1611.4469869499999,1668.661787
SF11C46890712282050980,14,,2019-05-18T14:00:00-0400,0.130026,0.129984,0.130595,0.021801,6.454622553382999,7.616454660164999,65.719347809826,1356.4752489976079,3.4378901332839997,1.939105305574,1.0988714335649998,0.8126241645879999,15.796277753198998,5.711257399487999,6.7392836975999995,56.328059982336,1294.211708008128,2.9968410426239998,1.898522386944,0.9464369011199999,0.7688231239679999,13.605030908543998,0.743365153895,0.8771709625649999,9.391287827489998,62.26354098948,0.44104909066,0.04058291862999999,0.15243453244499997,0.04380104062,2.1912468446549997,0.0,0.0,0.0,0.0,0.0,0.0,0.0,0.0,0.0,0.444675,4476594517.360935,667.836634,748.8266401,829.8166461999999,910.8066523,991.7966584,1072.7866645,1153.7766706,1234.7666767,1315.7566828,1396.7466888999998,1477.7366949999998,1558.7267011,1639.7167071999997,1720.7067132999998,1801.6967194,1882.6867254999997,1963.6767315999998,2044.6667376999999,2125.6567437999997,2206.6467499,2287.636756
SF11C46890712282050980,15,,2019-05-18T15:00:00-0400,0.160032,0.15999,0.1708,0.032104,8.00188342123,9.44222250135,81.61353455256,1674.40445754603,4.26547374779,2.38986128504,1.364279043,1.00358680928,19.61151237954,7.029665738429999,8.29500552975,69.33104317896,1592.97245171883,3.68864320539,2.33678450184,1.1649159882,0.94630117248,16.74566789034,0.9722176828000001,1.1472169716,12.2824913736,81.4320058272,0.5768305424000001,0.0530767832,0.1993630548,0.057285636800000005,2.8658444892,0.0,0.0,0.0,0.0,0.0,0.0,0.0,0.0,0.0,0.316523,5509654790.598074,805.385142,911.9393999,1018.4936577999999,1125.0479157,1231.6021736,1338.1564315,1444.7106893999999,1551.2649473,1657.8192052,1764.3734631,1870.927721,1977.4819788999998,2084.0362368,2190.5904947,2297.1447525999997,2403.6990105,2510.2532684,2616.8075263,2723.3617842,2829.9160420999997,2936.4703
SF11C46890712282050980,16,,2019-05-18T16:00:00-0400,0.170034,0.17002,0.189309,0.042975,8.547938973709,10.086568062143002,87.29100670655801,1783.0946620371963,4.559229134672,2.542109365306,1.4589135569790002,1.069119616404,20.971883615561,7.4703654531399994,8.815031190500001,73.67750460208,1692.8381538923402,3.91988947922,2.48328083632,1.2379462236,1.00562613504,17.795477559320002,1.077573520569,1.271536871643,13.613502104478,90.256508144856,0.639339655452,0.058828528985999995,0.22096733337899999,0.063493481364,3.1764060562410004,0.0,0.0,0.0,0.0,0.0,0.0,0.0,0.0,0.0,0.273806,5854008215.010453,849.961118,965.4391571000001,1080.9171962,1196.3952353,1311.8732744000001,1427.3513135,1542.8293526000002,1658.3073917000002,1773.7854308,1889.2634699,2004.741509,2120.2195481,2235.6975872000003,2351.1756263,2466.6536654,2582.1317045,2697.6097436,2813.0877827,2928.5658218000003,3044.0438609000003,3159.5219
SF11C46890712282050980,17,,2019-05-18T17:00:00-0400,0.120024,0.120094,0.137004,0.049477,6.056555112322,7.146735086258,61.89443591394401,1261.0590921317341,3.231516278246,1.79664540772,1.034341346844,0.756276820272,14.8686577436,5.276709026758,6.226516620350001,52.042267013776005,1195.739943850998,2.768822533334,1.7540708667040001,0.87442603092,0.710326226688,12.569874614804,0.7798460855639999,0.9202184659079998,9.852168900168,65.319148280736,0.462693744912,0.04257454101599999,0.15991531592399996,0.045950593584,2.298783128796,0.0,0.0,0.0,0.0,0.0,0.0,0.0,0.0,0.0,0.487393,4132241092.948556,620.683427,693.7216395,766.7598520000001,839.7980645000001,912.8362770000001,985.8744895000001,1058.912702,1131.9509145000002,1204.9891270000003,1278.0273395000002,1351.065552,1424.1037645000001,1497.1419770000002,1570.1801895000003,1643.2184020000004,1716.2566145,1789.2948270000002,1862.3330395000003,1935.3712520000004,2008.4094645000005,2081.447677
SF11C46890712282050980,18,,2019-05-18T18:00:00-0400,0.070014,0.070084,0.08058,0.051627,3.5380345169679996,4.17488076176,36.165260407096,736.2233512665479,1.887955960964,1.048674565864,0.6043496931,0.441555688848,8.687527355564,3.0793617951879995,3.6336469001,30.370628352736,697.8053709998279,1.615818928724,1.0236340085439999,0.51029421912,0.414529479168,7.335479645144,0.45867272178,0.54123386166,5.79463205436,38.41798026672,0.27213703224,0.025040557319999997,0.09405547397999998,0.027026209680000003,1.35204771042,0.0,0.0,0.0,0.0,0.0,0.0,0.0,0.0,0.0,0.700979,2410473970.8866577,374.717605,410.5040343,446.29046359999995,482.07689289999996,517.8633222,553.6497515,589.4361808,625.2226100999999,661.0090393999999,696.7954686999999,732.5818979999999,768.3683272999999,804.1547565999999,839.9411858999999,875.7276152,911.5140445,947.3004738,983.0869031,1018.8733324,1054.6597617,1090.446191
SF11C46890712282050980,19,,2019-05-18T19:00:00-0400,0.040008,0.04005,0.045668,0.051215,2.019671883038,2.383212839886,20.639567765256004,420.53888911276204,1.077602461354,0.5991544444720001,0.344916364308,0.252202682128,4.9581730312320005,1.75972318785,2.07647335125,17.355511465200003,398.76583968585004,0.9233712130500001,0.5849629308000001,0.291611259,0.23688581760000002,4.1919119883,0.259948695188,0.306739488636,3.2840563000559997,21.773049426912,0.154231248304,0.014191513671999998,0.053305105308,0.015316864528,0.766261042932,0.0,0.0,0.0,0.0,0.0,0.0,0.0,0.0,0.0,0.829131,1377413697.6495185,218.626117,235.55022965,252.4743423,269.39845495,286.3225676,303.24668025,320.17079290000004,337.09490555,354.0190182,370.94313085,387.8672435,404.79135615,421.71546880000005,438.63958145000004,455.5636941,472.48780675,489.4119194,506.33603205,523.2601447000001,540.18425735,557.10837
SF11C46890712282050980,20,,2019-05-18T20:00:00-0400,0.005701,0.005749,0.006348,0.048113,0.28873417566099996,0.340706329721,2.947801220512,60.267593404665,0.15398448863300002,0.085941502576,0.049269086207999996,0.036133003056,0.7082431557860001,0.25260046459299995,0.298068546725,2.491306751896,57.241068972633,0.132545845289,0.083968836184,0.04185950382,0.034003909248,0.601730387534,0.03613371106800001,0.042637782996,0.456494468616,3.026524432032,0.021438643344000002,0.001972666392,0.007409582388,0.002129093808,0.10651276825200001,0.0,0.0,0.0,0.0,0.0,0.0,0.0,0.0,0.0,0.975652,196276631.93111143,31.909223,33.0131467,34.1170704,35.2209941,36.3249178,37.4288415,38.5327652,39.636688899999996,40.7406126,41.8445363,42.94846,44.0523837,45.156307399999996,46.2602311,47.364154799999994,48.4680785,49.5720022,50.675925899999996,51.77984959999999,52.883773299999994,53.987697
SF11C46890712282050980,21,,2019-05-18T21:00:00-0400,0.005701,0.005701,0.006085,0.045207,0.285128111042,0.33645117332,2.908087871974,59.664281766657005,0.15198961554100002,0.085158695106,0.048612607815,0.035760885812,0.698806277831,0.250491433057,0.29557988952500003,2.470506138904,56.763147367017005,0.131439183161,0.083267757016,0.04151000718,0.033720001152,0.5967063731660001,0.034636677985,0.040871283795,0.43758173307,2.90113439964,0.02055043238,0.0018909380899999999,0.007102600634999999,0.00204088466,0.102099904665,0.0,0.0,0.0,0.0,0.0,0.0,0.0,0.0,0.0,0.984399,196276631.93111143,31.909223,32.3694958,32.8297686,33.2900414,33.7503142,34.210587000000004,34.6708598,35.1311326,35.5914054,36.0516782,36.511951,36.9722238,37.4324966,37.892769400000006,38.353042200000004,38.813315,39.2735878,39.7338606,40.1941334,40.654406200000004,41.114679
SF11C46890712282050980,22,,2019-05-18T22:00:00-0400,0.005701,0.005701,0.005726,0.042477,0.283084632423,0.33403986832700006,2.8822716283960004,59.493121988601004,0.150777190689,0.08504713442,0.048193571886,0.035640478648000004,0.69278263514,0.250491433057,0.29557988952500003,2.470506138904,56.763147367017005,0.131439183161,0.083267757016,0.04151000718,0.033720001152,0.5967063731660001,0.032593199366000004,0.038459978802,0.411765489492,2.729974621584,0.019338007528000002,0.0017793774039999999,0.006683564705999999,0.0019204774960000003,0.096076261974,0.0,0.0,0.0,0.0,0.0,0.0,0.0,0.0,0.0,0.984399,196276631.93111143,31.909223,32.36849655,32.8277701,33.28704365,33.7463172,34.20559075,34.6648643,35.12413785,35.5834114,36.04268495,36.5019585,36.96123205,37.4205056,37.87977915,38.339052699999996,38.798326249999995,39.257599799999994,39.71687335,40.1761469,40.63542045,41.094694
SF11C46890712282050980,23,,2019-05-18T23:00:00-0400,0.005701,0.005701,0.00528,0.039905,0.280545937537,0.331044208085,2.8501990806640003,59.280483378537006,0.14927094700100002,0.08490853813600001,0.04767298686,0.035490892032,0.6852992238860001,0.250491433057,0.29557988952500003,2.470506138904,56.763147367017005,0.131439183161,0.083267757016,0.04151000718,0.033720001152,0.5967063731660001,0.03005450448,0.03546431856,0.37969294175999996,2.5173360115200003,0.01783176384,0.00164078112,0.00616297968,0.0017708908800000002,0.08859285072,0.0,0.0,0.0,0.0,0.0,0.0,0.0,0.0,0.0,0.984399,196276631.93111143,31.909223,32.36725825,32.8252935,33.28332875,33.741364,34.19939925,34.6574345,35.11546975,35.573505,36.03154025,36.4895755,36.947610749999996,37.405646,37.86368125,38.3217165,38.779751749999996,39.237787,39.69582225,40.1538575,40.611892749999996,41.069928
SF11C46890812282050980,0,,2019-05-18T00:00:00-0400,0.005701,0.005695,0.004403,0.000304,0.136361541295,0.16090662112,1.34488444405,30.900499503375006,0.071552350175,0.045328976630000004,0.02259705382,0.018356363190000002,0.32483267429,0.136361541295,0.16090662112,1.34488444405,30.900499503375006,0.071552350175,0.045328976630000004,0.02259705382,0.018356363190000002,0.32483267429,0.0,0.0,0.0,0.0,0.0,0.0,0.0,0.0,0.0,0.0,0.0,0.0,0.0,0.0,0.0,0.0,0.0,0.0,0.796676,74529198.12528963,21.345385,26.436761150000002,31.5281373,36.61951345,41.7108896,46.802265750000004,51.893641900000006,56.98501805,62.0763942,67.16777035000001,72.25914650000001,77.35052265,82.4418988,87.53327494999999,92.6246511,97.71602725,102.8074034,107.89877955,112.9901557,118.08153185,123.172908
SF11C46890812282050980,1,,2019-05-18T01:00:00-0400,0.005701,0.005701,0.003775,0.000544,0.136505205781,0.161076145216,1.34630135479,30.933054902325004,0.071627734565,0.045376733234,0.022620861076,0.018375702642000002,0.325174903622,0.136505205781,0.161076145216,1.34630135479,30.933054902325004,0.071627734565,0.045376733234,0.022620861076,0.018375702642000002,0.325174903622,0.0,0.0,0.0,0.0,0.0,0.0,0.0,0.0,0.0,0.0,0.0,0.0,0.0,0.0,0.0,0.0,0.0,0.0,0.796676,74529198.12528963,21.345385,26.88928615,32.4331873,37.977088450000004,43.52098960000001,49.06489075,54.60879190000001,60.15269305,65.6965942,71.24049535,76.78439650000001,82.32829765000001,87.8721988,93.41609995000002,98.9600011,104.50390225000001,110.04780340000002,115.59170455,121.13560570000001,126.67950685000002,132.223408
SF11C46890812282050980,2,,2019-05-18T02:00:00-0400,0.005701,0.005701,0.003325,0.000737,0.136505205781,0.161076145216,1.34630135479,30.933054902325004,0.071627734565,0.045376733234,0.022620861076,0.018375702642000002,0.325174903622,0.136505205781,0.161076145216,1.34630135479,30.933054902325004,0.071627734565,0.045376733234,0.022620861076,0.018375702642000002,0.325174903622,0.0,0.0,0.0,0.0,0.0,0.0,0.0,0.0,0.0,0.0,0.0,0.0,0.0,0.0,0.0,0.0,0.0,0.0,0.864451,74529198.12528963,21.345385,25.4616216,29.5778582,33.6940948,37.8103314,41.926568,46.042804600000004,50.159041200000004,54.275277800000005,58.391514400000005,62.507751000000006,66.6239876,70.7402242,74.85646080000001,78.97269740000002,83.08893400000001,87.2051706,91.32140720000001,95.43764380000002,99.5538804,103.670117
SF11C46890812282050980,3,,2019-05-18T03:00:00-0400,0.005701,0.005701,0.003003,0.000893,0.136505205781,0.161076145216,1.34630135479,30.933054902325004,0.071627734565,0.045376733234,0.022620861076,0.018375702642000002,0.325174903622,0.136505205781,0.161076145216,1.34630135479,30.933054902325004,0.071627734565,0.045376733234,0.022620861076,0.018375702642000002,0.325174903622,0.0,0.0,0.0,0.0,0.0,0.0,0.0,0.0,0.0,0.0,0.0,0.0,0.0,0.0,0.0,0.0,0.0,0.0,0.898338,74529198.12528963,21.345385,24.63986155,27.9343381,31.22881465,34.5232912,37.81776775,41.1122443,44.40672085,47.7011974,50.99567395,54.2901505,57.58462705,60.8791036,64.17358014999999,67.4680567,70.76253325,74.0570098,77.35148635,80.6459629,83.94043945000001,87.234916
SF11C46890812282050980,4,,2019-05-18T04:00:00-0400,0.005701,0.005701,0.002771,0.001023,0.136505205781,0.161076145216,1.34630135479,30.933054902325004,0.071627734565,0.045376733234,0.022620861076,0.018375702642000002,0.325174903622,0.136505205781,0.161076145216,1.34630135479,30.933054902325004,0.071627734565,0.045376733234,0.022620861076,0.018375702642000002,0.325174903622,0.0,0.0,0.0,0.0,0.0,0.0,0.0,0.0,0.0,0.0,0.0,0.0,0.0,0.0,0.0,0.0,0.0,0.0,0.91867,74529198.12528963,21.345385,24.0932897,26.8411944,29.5890991,32.3370038,35.0849085,37.832813200000004,40.580717899999996,43.3286226,46.076527299999995,48.824432,51.572336699999994,54.3202414,57.0681461,59.8160508,62.5639555,65.3118602,68.0597649,70.8076696,73.55557429999999,76.303479
SF11C46890812282050980,5,,2019-05-18T05:00:00-0400,0.005701,0.005701,0.002606,0.001133,0.136505205781,0.161076145216,1.34630135479,30.933054902325004,0.071627734565,0.045376733234,0.022620861076,0.018375702642000002,0.325174903622,0.136505205781,0.161076145216,1.34630135479,30.933054902325004,0.071627734565,0.045376733234,0.022620861076,0.018375702642000002,0.325174903622,0.0,0.0,0.0,0.0,0.0,0.0,0.0,0.0,0.0,0.0,0.0,0.0,0.0,0.0,0.0,0.0,0.0,0.0,0.932225,74529198.12528963,21.345385,23.697954250000002,26.0505235,28.40309275,30.755662,33.10823125,35.460800500000005,37.81336975,40.165939,42.518508250000004,44.8710775,47.22364675,49.576216,51.928785250000004,54.2813545,56.63392375,58.986493,61.339062250000005,63.69163150000001,66.04420075,68.39677
SF11C46890812282050980,6,,2019-05-18T06:00:00-0400,0.005701,0.005701,0.002487,0.001226,0.136505205781,0.161076145216,1.34630135479,30.933054902325004,0.071627734565,0.045376733234,0.022620861076,0.018375702642000002,0.325174903622,0.136505205781,0.161076145216,1.34630135479,30.933054902325004,0.071627734565,0.045376733234,0.022620861076,0.018375702642000002,0.325174903622,0.0,0.0,0.0,0.0,0.0,0.0,0.0,0.0,0.0,0.0,0.0,0.0,0.0,0.0,0.0,0.0,0.0,0.0,0.941907,74529198.12528963,21.345385,23.39583875,25.4462925,27.49674625,29.5472,31.59765375,33.6481075,35.69856125,37.749015,39.79946875,41.8499225,43.90037625,45.950829999999996,48.00128375,50.0517375,52.102191250000004,54.152645,56.20309875,58.2535525,60.30400625,62.354459999999996
SF11C46890812282050980,7,,2019-05-18T07:00:00-0400,0.005701,0.005701,0.002402,0.001308,0.136505205781,0.161076145216,1.34630135479,30.933054902325004,0.071627734565,0.045376733234,0.022620861076,0.018375702642000002,0.325174903622,0.136505205781,0.161076145216,1.34630135479,30.933054902325004,0.071627734565,0.045376733234,0.022620861076,0.018375702642000002,0.325174903622,0.0,0.0,0.0,0.0,0.0,0.0,0.0,0.0,0.0,0.0,0.0,0.0,0.0,0.0,0.0,0.0,0.0,0.0,0.949169,74529198.12528963,21.345385,23.1557948,24.9662046,26.7766144,28.587024200000002,30.397434,32.2078438,34.0182536,35.828663399999996,37.6390732,39.449483,41.2598928,43.0703026,44.8807124,46.691122199999995,48.501532,50.3119418,52.1223516,53.9327614,55.7431712,57.553581
SF11C46890812282050980,8,,2019-05-18T08:00:00-0400,0.005701,0.005701,0.002187,0.001368,0.136505205781,0.161076145216,1.34630135479,30.933054902325004,0.071627734565,0.045376733234,0.022620861076,0.018375702642000002,0.325174903622,0.136505205781,0.161076145216,1.34630135479,30.933054902325004,0.071627734565,0.045376733234,0.022620861076,0.018375702642000002,0.325174903622,0.0,0.0,0.0,0.0,0.0,0.0,0.0,0.0,0.0,0.0,0.0,0.0,0.0,0.0,0.0,0.0,0.0,0.0,0.954817,74529198.12528963,21.345385,22.9594493,24.573513600000002,26.1875779,27.8016422,29.4157065,31.0297708,32.643835100000004,34.2578994,35.8719637,37.486028000000005,39.1000923,40.7141566,42.328220900000005,43.9422852,45.5563495,47.170413800000006,48.7844781,50.398542400000004,52.012606700000006,53.626671
SF11C46890812282050980,9,,2019-05-18T09:00:00-0400,0.005701,0.005701,0.002871,0.001472,0.136505205781,0.161076145216,1.34630135479,30.933054902325004,0.071627734565,0.045376733234,0.022620861076,0.018375702642000002,0.325174903622,0.136505205781,0.161076145216,1.34630135479,30.933054902325004,0.071627734565,0.045376733234,0.022620861076,0.018375702642000002,0.325174903622,0.0,0.0,0.0,0.0,0.0,0.0,0.0,0.0,0.0,0.0,0.0,0.0,0.0,0.0,0.0,0.0,0.0,0.0,0.959335,74529198.12528963,21.345385,22.795191850000002,24.2449987,25.694805549999998,27.1446124,28.59441925,30.0442261,31.494032949999998,32.9438398,34.39364665,35.843453499999995,37.29326035,38.7430672,40.19287405,41.6426809,43.09248775,44.5422946,45.99210145,47.441908299999994,48.891715149999996,50.341522
SF11C46890812282050980,10,,2019-05-18T10:00:00-0400,0.020004,0.01999,0.012417,0.002229,0.47864217919,0.56479777984,4.7206742821,108.46373750175002,0.25115565935,0.15910908566,0.07931784124,0.06443260758,1.14019405778,0.47864217919,0.56479777984,4.7206742821,108.46373750175002,0.25115565935,0.15910908566,0.07931784124,0.06443260758,1.14019405778,0.0,0.0,0.0,0.0,0.0,0.0,0.0,0.0,0.0,0.0,0.0,0.0,0.0,0.0,0.0,0.0,0.0,0.0,0.761876,261512380.16107592,74.397899,86.10792289999999,97.8179468,109.5279707,121.23799460000001,132.9480185,144.6580424,156.3680663,168.07809020000002,179.7881141,191.498138,203.20816190000002,214.9181858,226.6282097,238.33823360000002,250.0482575,261.7582814,273.4683053,285.1783292,296.8883531,308.598377
SF11C46890812282050980,11,,2019-05-18T11:00:00-0400,0.040008,0.039988,0.029285,0.0041,0.9574759110280001,1.1298215918080001,9.44323777852,216.97088220210003,0.50241183122,0.318281846792,0.158667425488,0.12889100109600002,2.280844421336,0.9574759110280001,1.1298215918080001,9.44323777852,216.97088220210003,0.50241183122,0.318281846792,0.158667425488,0.12889100109600002,2.280844421336,0.0,0.0,0.0,0.0,0.0,0.0,0.0,0.0,0.0,0.0,0.0,0.0,0.0,0.0,0.0,0.0,0.0,0.0,0.67521,523024760.32215184,147.412037,168.21967895,189.0273209,209.83496285,230.64260480000002,251.45024675000002,272.25788869999997,293.06553065,313.8731726,334.68081455000004,355.4884565,376.29609845000004,397.1037404,417.91138235,438.7190243,459.52666625,480.3343082,501.14195015,521.9495921,542.7572340500001,563.564876
SF11C46890812282050980,12,,2019-05-18T12:00:00-0400,0.070014,0.069984,0.058436,0.007857,1.6757025647040003,1.9773290557440002,16.52684687136,379.72617335280006,0.8792835249600001,0.557033029056,0.277687833984,0.225575368128,3.9917629284480003,1.6757025647040003,1.9773290557440002,16.52684687136,379.72617335280006,0.8792835249600001,0.557033029056,0.277687833984,0.225575368128,3.9917629284480003,0.0,0.0,0.0,0.0,0.0,0.0,0.0,0.0,0.0,0.0,0.0,0.0,0.0,0.0,0.0,0.0,0.0,0.0,0.644382,915293330.5637658,254.394859,283.30292805,312.2109971,341.11906615,370.0271352,398.93520424999997,427.8432733,456.75134235,485.6594114,514.56748045,543.4755494999999,572.3836185499999,601.2916876,630.19975665,659.1078257,688.01589475,716.9239638,745.83203285,774.7401019,803.64817095,832.55624
SF11C46890812282050980,13,,2019-05-18T13:00:00-0400,0.10002,0.09999,0.092637,0.01372,2.39416865919,2.82511905984,23.6128174821,542.53572350175,1.25628085935,0.7958638056599999,0.39674792123999997,0.32229196758,5.703251817779999,2.39416865919,2.82511905984,23.6128174821,542.53572350175,1.25628085935,0.7958638056599999,0.39674792123999997,0.32229196758,5.703251817779999,0.0,0.0,0.0,0.0,0.0,0.0,0.0,0.0,0.0,0.0,0.0,0.0,0.0,0.0,0.0,0.0,0.0,0.0,0.668988,1307561900.8053796,358.406866,389.8805675,421.354269,452.8279705,484.301672,515.7753735,547.249075,578.7227765,610.1964780000001,641.6701795,673.143881,704.6175825,736.0912840000001,767.5649855,799.038687,830.5123885,861.9860900000001,893.4597915000002,924.933493,956.4071945000001,987.8808960000001
SF11C46890812282050980,14,,2019-05-18T14:00:00-0400,0.130026,0.129996,0.130595,0.021801,3.112634753676,3.672909063936,30.69878809284,705.3452736507,1.6332781937399998,1.034694582264,0.515808008496,0.419008567032,7.414740707111999,3.112634753676,3.672909063936,30.69878809284,705.3452736507,1.6332781937399998,1.034694582264,0.515808008496,0.419008567032,7.414740707111999,0.0,0.0,0.0,0.0,0.0,0.0,0.0,0.0,0.0,0.0,0.0,0.0,0.0,0.0,0.0,0.0,0.0,0.0,0.629014,1699830471.0469935,459.530556,498.46494115,537.3993263,576.33371145,615.2680966,654.2024817500001,693.1368669000001,732.07125205,771.0056372,809.94002235,848.8744075,887.80879265,926.7431778,965.67756295,1004.6119481000001,1043.54633325,1082.4807184000001,1121.4151035500001,1160.3494887000002,1199.28387385,1238.218259
SF11C46890812282050980,15,,2019-05-18T15:00:00-0400,0.160032,0.160002,0.1708,0.032104,3.8311008481620004,4.520699068032,37.78475870358,868.1548237996501,2.0102755281299998,1.273525358868,0.634868095752,0.515725166484,9.126229596444,3.8311008481620004,4.520699068032,37.78475870358,868.1548237996501,2.0102755281299998,1.273525358868,0.634868095752,0.515725166484,9.126229596444,0.0,0.0,0.0,0.0,0.0,0.0,0.0,0.0,0.0,0.0,0.0,0.0,0.0,0.0,0.0,0.0,0.0,0.0,0.543401,2092099041.2886074,557.846134,609.38490225,660.9236705,712.46243875,764.001207,815.53997525,867.0787435,918.61751175,970.1562799999999,1021.6950482499999,1073.2338165,1124.77258475,1176.311353,1227.85012125,1279.3888895,1330.92765775,1382.466426,1434.00519425,1485.5439625,1537.0827307499999,1588.6214989999999
SF11C46890812282050980,16,,2019-05-18T16:00:00-0400,0.170034,0.170024,0.189309,0.042975,4.071068427944001,4.803860816384001,40.15147194296,922.5331918458002,2.13619258756,1.353294806416,0.674634149024,0.548028497808,9.697866657328,4.071068427944001,4.803860816384001,40.15147194296,922.5331918458002,2.13619258756,1.353294806416,0.674634149024,0.548028497808,9.697866657328,0.0,0.0,0.0,0.0,0.0,0.0,0.0,0.0,0.0,0.0,0.0,0.0,0.0,0.0,0.0,0.0,0.0,0.0,0.514864,2222855231.3691454,590.007509,645.9387638000001,701.8700186,757.8012734,813.7325282,869.663783,925.5950378,981.5262926,1037.4575474,1093.3888022,1149.320057,1205.2513118000002,1261.1825666,1317.1138214,1373.0450762,1428.9763309999998,1484.9075858,1540.8388406,1596.7700954,1652.7013502,1708.632605
SF11C46890812282050980,17,,2019-05-18T17:00:00-0400,0.120024,0.120074,0.137003,0.049477,2.875061581994,3.392572717184,28.35569003246,651.5094955870501,1.50861754081,0.955721078116,0.476438742824,0.387027559908,6.848807468427999,2.875061581994,3.392572717184,28.35569003246,651.5094955870501,1.50861754081,0.955721078116,0.476438742824,0.387027559908,6.848807468427999,0.0,0.0,0.0,0.0,0.0,0.0,0.0,0.0,0.0,0.0,0.0,0.0,0.0,0.0,0.0,0.0,0.0,0.0,0.657551,1569074280.9664555,426.138586,461.09445624999995,496.0503265,531.00619675,565.9620669999999,600.91793725,635.8738074999999,670.82967775,705.785548,740.7414182499999,775.6972885,810.6531587499999,845.609029,880.5648992499999,915.5207694999999,950.47663975,985.4325099999999,1020.38838025,1055.3442504999998,1090.30012075,1125.255991
SF11C46890812282050980,18,,2019-05-18T18:00:00-0400,0.070014,0.070064,0.08058,0.051627,1.6776180911840002,1.979589377024,16.545739014560002,380.16024533880005,0.88028865016,0.557669783776,0.278005264064,0.225833227488,3.996325986208,1.6776180911840002,1.979589377024,16.545739014560002,380.16024533880005,0.88028865016,0.557669783776,0.278005264064,0.225833227488,3.996325986208,0.0,0.0,0.0,0.0,0.0,0.0,0.0,0.0,0.0,0.0,0.0,0.0,0.0,0.0,0.0,0.0,0.0,0.0,0.800238,915293330.5637658,254.394859,271.1463951,287.8979312,304.64946729999997,321.4010034,338.1525395,354.9040756,371.6556117,388.40714779999996,405.1586839,421.91022,438.6617561,455.4132922,472.16482829999995,488.9163644,505.6679005,522.4194365999999,539.1709727,555.9225088000001,572.6740448999999,589.425581
SF11C46890812282050980,19,,2019-05-18T19:00:00-0400,0.040008,0.040038,0.045668,0.051215,0.9586731150779999,1.131234292608,9.45504536802,217.24217719335,0.5030400344699999,0.318679818492,0.15886581928799998,0.129052163196,2.2836963324359996,0.9586731150779999,1.131234292608,9.45504536802,217.24217719335,0.5030400344699999,0.318679818492,0.15886581928799998,0.129052163196,2.2836963324359996,0.0,0.0,0.0,0.0,0.0,0.0,0.0,0.0,0.0,0.0,0.0,0.0,0.0,0.0,0.0,0.0,0.0,0.0,0.88585,523024760.32215184,147.412037,155.09927325,162.7865095,170.47374575,178.160982,185.84821825,193.53545450000001,201.22269075,208.909927,216.59716325,224.2843995,231.97163575000002,239.658872,247.34610825,255.0333445,262.72058075,270.407817,278.09505325,285.78228950000005,293.46952575,301.156762
SF11C46890812282050980,20,,2019-05-18T20:00:00-0400,0.005701,0.005735,0.006347,0.048113,0.137319304535,0.16203678176,1.3543305156499998,31.117535496375,0.072054912775,0.04564735398999999,0.022755768859999997,0.01848529287,0.32711420316999995,0.137319304535,0.16203678176,1.3543305156499998,31.117535496375,0.072054912775,0.04564735398999999,0.022755768859999997,0.01848529287,0.32711420316999995,0.0,0.0,0.0,0.0,0.0,0.0,0.0,0.0,0.0,0.0,0.0,0.0,0.0,0.0,0.0,0.0,0.0,0.0,0.983734,74529198.12528963,21.345385,21.73586145,22.1263379,22.51681435,22.907290800000002,23.29776725,23.6882437,24.078720150000002,24.4691966,24.85967305,25.2501495,25.64062595,26.0311024,26.421578850000003,26.8120553,27.202531750000002,27.5930082,27.98348465,28.373961100000002,28.764437550000004,29.154914
SF11C46890812282050980,21,,2019-05-18T21:00:00-0400,0.005701,0.005701,0.006085,0.045207,0.136505205781,0.161076145216,1.34630135479,30.933054902325004,0.071627734565,0.045376733234,0.022620861076,0.018375702642000002,0.325174903622,0.136505205781,0.161076145216,1.34630135479,30.933054902325004,0.071627734565,0.045376733234,0.022620861076,0.018375702642000002,0.325174903622,0.0,0.0,0.0,0.0,0.0,0.0,0.0,0.0,0.0,0.0,0.0,0.0,0.0,0.0,0.0,0.0,0.0,0.0,0.993037,74529198.12528963,21.345385,22.41265425,23.4799235,24.54719275,25.614462,26.68173125,27.7490005,28.81626975,29.883539,30.95080825,32.018077500000004,33.08534675,34.152616,35.219885250000004,36.2871545,37.35442375,38.421693000000005,39.48896225,40.5562315,41.623500750000005,42.69077
SF11C46890812282050980,22,,2019-05-18T22:00:00-0400,0.005701,0.005701,0.005726,0.042477,0.136505205781,0.161076145216,1.34630135479,30.933054902325004,0.071627734565,0.045376733234,0.022620861076,0.018375702642000002,0.325174903622,0.136505205781,0.161076145216,1.34630135479,30.933054902325004,0.071627734565,0.045376733234,0.022620861076,0.018375702642000002,0.325174903622,0.0,0.0,0.0,0.0,0.0,0.0,0.0,0.0,0.0,0.0,0.0,0.0,0.0,0.0,0.0,0.0,0.0,0.0,0.993037,74529198.12528963,21.345385,22.41265425,23.4799235,24.54719275,25.614462,26.68173125,27.7490005,28.81626975,29.883539,30.95080825,32.018077500000004,33.08534675,34.152616,35.219885250000004,36.2871545,37.35442375,38.421693000000005,39.48896225,40.5562315,41.623500750000005,42.69077
SF11C46890812282050980,23,,2019-05-18T23:00:00-0400,0.005701,0.005701,0.00528,0.039905,0.136505205781,0.161076145216,1.34630135479,30.933054902325004,0.071627734565,0.045376733234,0.022620861076,0.018375702642000002,0.325174903622,0.136505205781,0.161076145216,1.34630135479,30.933054902325004,0.071627734565,0.045376733234,0.022620861076,0.018375702642000002,0.325174903622,0.0,0.0,0.0,0.0,0.0,0.0,0.0,0.0,0.0,0.0,0.0,0.0,0.0,0.0,0.0,0.0,0.0,0.0,0.993037,74529198.12528963,21.345385,22.41265425,23.4799235,24.54719275,25.614462,26.68173125,27.7490005,28.81626975,29.883539,30.95080825,32.018077500000004,33.08534675,34.152616,35.219885250000004,36.2871545,37.35442375,38.421693000000005,39.48896225,40.5562315,41.623500750000005,42.69077
SF11C46890912282050980,0,,2019-05-18T00:00:00-0400,0.005701,0.005697,0.004403,0.000304,0.054865562382,0.064741363155,0.541119136581,12.432928152366,0.028789345134,0.018238278950999998,0.009092007513,0.0073857503159999996,0.130697605863,0.054865562382,0.064741363155,0.541119136581,12.432928152366,0.028789345134,0.018238278950999998,0.009092007513,0.0073857503159999996,0.130697605863,0.0,0.0,0.0,0.0,0.0,0.0,0.0,0.0,0.0,0.0,0.0,0.0,0.0,0.0,0.0,0.0,0.0,0.0,0.898338,19807504.071407262,10.686969,12.505674899999999,14.3243808,16.143086699999998,17.9617926,19.7804985,21.599204399999998,23.417910300000003,25.2366162,27.055322099999998,28.874028000000003,30.6927339,32.5114398,34.3301457,36.1488516,37.9675575,39.7862634,41.6049693,43.4236752,45.2423811,47.061087
SF11C46890912282050980,1,,2019-05-18T01:00:00-0400,0.005701,0.005701,0.003775,0.000544,0.054904084806,0.064786819615,0.541499069273,12.441657608678002,0.028809558822000002,0.018251084483000002,0.009098391229,0.007390936028,0.13078937177900002,0.054904084806,0.064786819615,0.541499069273,12.441657608678002,0.028809558822000002,0.018251084483000002,0.009098391229,0.007390936028,0.13078937177900002,0.0,0.0,0.0,0.0,0.0,0.0,0.0,0.0,0.0,0.0,0.0,0.0,0.0,0.0,0.0,0.0,0.0,0.0,0.898338,19807504.071407262,10.686969,12.67804055,14.6691121,16.66018365,18.6512552,20.642326750000002,22.633398300000003,24.62446985,26.6155414,28.60661295,30.5976845,32.58875605,34.5798276,36.57089915,38.5619707,40.553042250000004,42.544113800000005,44.53518535,46.5262569,48.51732845,50.5084
SF11C46890912282050980,2,,2019-05-18T02:00:00-0400,0.005701,0.005701,0.003325,0.000737,0.054904084806,0.064786819615,0.541499069273,12.441657608678002,0.028809558822000002,0.018251084483000002,0.009098391229,0.007390936028,0.13078937177900002,0.054904084806,0.064786819615,0.541499069273,12.441657608678002,0.028809558822000002,0.018251084483000002,0.009098391229,0.007390936028,0.13078937177900002,0.0,0.0,0.0,0.0,0.0,0.0,0.0,0.0,0.0,0.0,0.0,0.0,0.0,0.0,0.0,0.0,0.0,0.0,0.932225,19807504.071407262,10.686969,12.13268285,13.578396699999999,15.02411055,16.4698244,17.91553825,19.3612521,20.80696595,22.252679800000003,23.69839365,25.144107500000004,26.58982135,28.035535199999998,29.481249050000002,30.9269629,32.372676750000004,33.8183906,35.264104450000005,36.7098183,38.155532150000006,39.601246
SF11C46890912282050980,3,,2019-05-18T03:00:00-0400,0.005701,0.005701,0.003003,0.000893,0.054904084806,0.064786819615,0.541499069273,12.441657608678002,0.028809558822000002,0.018251084483000002,0.009098391229,0.007390936028,0.13078937177900002,0.054904084806,0.064786819615,0.541499069273,12.441657608678002,0.028809558822000002,0.018251084483000002,0.009098391229,0.007390936028,0.13078937177900002,0.0,0.0,0.0,0.0,0.0,0.0,0.0,0.0,0.0,0.0,0.0,0.0,0.0,0.0,0.0,0.0,0.0,0.0,0.949169,19807504.071407262,10.686969,11.81877635,12.9505837,14.08239105,15.2141984,16.34600575,17.4778131,18.60962045,19.7414278,20.87323515,22.005042500000002,23.13684985,24.2686572,25.400464550000002,26.5322719,27.66407925,28.795886600000003,29.92769395,31.0595013,32.19130865,33.323116
SF11C46890912282050980,4,,2019-05-18T04:00:00-0400,0.005701,0.005701,0.002771,0.001023,0.054904084806,0.064786819615,0.541499069273,12.441657608678002,0.028809558822000002,0.018251084483000002,0.009098391229,0.007390936028,0.13078937177900002,0.054904084806,0.064786819615,0.541499069273,12.441657608678002,0.028809558822000002,0.018251084483000002,0.009098391229,0.007390936028,0.13078937177900002,0.0,0.0,0.0,0.0,0.0,0.0,0.0,0.0,0.0,0.0,0.0,0.0,0.0,0.0,0.0,0.0,0.0,0.0,0.959335,19807504.071407262,10.686969,11.6099898,12.533010599999999,13.4560314,14.3790522,15.302073,16.2250938,17.1481146,18.0711354,18.9941562,19.917177000000002,20.8401978,21.763218600000002,22.686239399999998,23.6092602,24.532281,25.4553018,26.3783226,27.3013434,28.224364200000004,29.147385
SF11C46890912282050980,5,,2019-05-18T05:00:00-0400,0.005701,0.005701,0.002606,0.001133,0.054904084806,0.064786819615,0.541499069273,12.441657608678002,0.028809558822000002,0.018251084483000002,0.009098391229,0.007390936028,0.13078937177900002,0.054904084806,0.064786819615,0.541499069273,12.441657608678002,0.028809558822000002,0.018251084483000002,0.009098391229,0.007390936028,0.13078937177900002,0.0,0.0,0.0,0.0,0.0,0.0,0.0,0.0,0.0,0.0,0.0,0.0,0.0,0.0,0.0,0.0,0.0,0.0,0.966113,19807504.071407262,10.686969,11.4589745,12.230979999999999,13.0029855,13.774991,14.546996499999999,15.319002,16.0910075,16.863013,17.635018499999997,18.407024,19.1790295,19.951034999999997,20.723040499999996,21.495046,22.267051499999997,23.039057,23.8110625,24.583067999999997,25.355073499999996,26.127078999999995
SF11C46890912282050980,6,,2019-05-18T06:00:00-0400,0.005701,0.005701,0.002487,0.001226,0.054904084806,0.064786819615,0.541499069273,12.441657608678002,0.028809558822000002,0.018251084483000002,0.009098391229,0.007390936028,0.13078937177900002,0.054904084806,0.064786819615,0.541499069273,12.441657608678002,0.028809558822000002,0.018251084483000002,0.009098391229,0.007390936028,0.13078937177900002,0.0,0.0,0.0,0.0,0.0,0.0,0.0,0.0,0.0,0.0,0.0,0.0,0.0,0.0,0.0,0.0,0.0,0.0,0.970954,19807504.071407262,10.686969,11.3435685,12.000167999999999,12.656767499999999,13.313367,13.9699665,14.626566,15.283165499999999,15.939765,16.5963645,17.252964,17.909563499999997,18.566163,19.2227625,19.879362,20.5359615,21.192560999999998,21.8491605,22.505760000000002,23.1623595,23.818959
SF11C46890912282050980,7,,2019-05-18T07:00:00-0400,0.005701,0.005701,0.002402,0.001308,0.054904084806,0.064786819615,0.541499069273,12.441657608678002,0.028809558822000002,0.018251084483000002,0.009098391229,0.007390936028,0.13078937177900002,0.054904084806,0.064786819615,0.541499069273,12.441657608678002,0.028809558822000002,0.018251084483000002,0.009098391229,0.007390936028,0.13078937177900002,0.0,0.0,0.0,0.0,0.0,0.0,0.0,0.0,0.0,0.0,0.0,0.0,0.0,0.0,0.0,0.0,0.0,0.0,0.974584,19807504.071407262,10.686969,11.25187345,11.8167779,12.38168235,12.946586799999999,13.511491249999999,14.076395699999999,14.64130015,15.2062046,15.77110905,16.3360135,16.90091795,17.4658224,18.03072685,18.5956313,19.16053575,19.7254402,20.29034465,20.8552491,21.420153550000002,21.985058000000002
SF11C46890912282050980,8,,2019-05-18T08:00:00-0400,0.005701,0.005701,0.002187,0.001368,0.054904084806,0.064786819615,0.541499069273,12.441657608678002,0.028809558822000002,0.018251084483000002,0.009098391229,0.007390936028,0.13078937177900002,0.054904084806,0.064786819615,0.541499069273,12.441657608678002,0.028809558822000002,0.018251084483000002,0.009098391229,0.007390936028,0.13078937177900002,0.0,0.0,0.0,0.0,0.0,0.0,0.0,0.0,0.0,0.0,0.0,0.0,0.0,0.0,0.0,0.0,0.0,0.0,0.977408,19807504.071407262,10.686969,11.17687085,11.6667727,12.15667455,12.646576399999999,13.13647825,13.626380099999999,14.11628195,14.6061838,15.09608565,15.585987499999998,16.075889349999997,16.5657912,17.05569305,17.545594899999998,18.03549675,18.5253986,19.015300449999998,19.5052023,19.99510415,20.485006
SF11C46890912282050980,9,,2019-05-18T09:00:00-0400,0.005701,0.005701,0.002871,0.001472,0.054904084806,0.064786819615,0.541499069273,12.441657608678002,0.028809558822000002,0.018251084483000002,0.009098391229,0.007390936028,0.13078937177900002,0.054904084806,0.064786819615,0.541499069273,12.441657608678002,0.028809558822000002,0.018251084483000002,0.009098391229,0.007390936028,0.13078937177900002,0.0,0.0,0.0,0.0,0.0,0.0,0.0,0.0,0.0,0.0,0.0,0.0,0.0,0.0,0.0,0.0,0.0,0.0,0.979668,19807504.071407262,10.686969,11.114125699999999,11.5412824,11.9684391,12.395595799999999,12.8227525,13.2499092,13.677065899999999,14.1042226,14.5313793,14.958535999999999,15.3856927,15.8128494,16.2400061,16.6671628,17.094319499999997,17.5214762,17.9486329,18.375789599999997,18.802946300000002,19.230103
SF11C46890912282050980,10,,2019-05-18T10:00:00-0400,0.020004,0.019994,0.012417,0.002229,0.19255433636400002,0.22721411531000002,1.899093560962,43.634187375532,0.10103811946800001,0.06400845170200001,0.031909004426000004,0.025920781432,0.45869193112600004,0.19255433636400002,0.22721411531000002,1.899093560962,43.634187375532,0.10103811946800001,0.06400845170200001,0.031909004426000004,0.025920781432,0.45869193112600004,0.0,0.0,0.0,0.0,0.0,0.0,0.0,0.0,0.0,0.0,0.0,0.0,0.0,0.0,0.0,0.0,0.0,0.0,0.880938,69501721.00410995,37.373547,41.39969635,45.4258457,49.45199505,53.478144400000005,57.50429375,61.5304431,65.55659245,69.58274180000001,73.60889115,77.6350405,81.66118985,85.6873392,89.71348855,93.73963789999999,97.76578725,101.7919366,105.81808595,109.8442353,113.87038465,117.896534
SF11C46890912282050980,11,,2019-05-18T11:00:00-0400,0.040008,0.039994,0.029285,0.0041,0.38516645636400004,0.45449641531,3.798757020962,87.281468935532,0.20210655946800002,0.128036111702,0.063827584426,0.051849341432,0.9175215111260001,0.38516645636400004,0.45449641531,3.798757020962,87.281468935532,0.20210655946800002,0.128036111702,0.063827584426,0.051849341432,0.9175215111260001,0.0,0.0,0.0,0.0,0.0,0.0,0.0,0.0,0.0,0.0,0.0,0.0,0.0,0.0,0.0,0.0,0.0,0.0,0.67521,139003442.0082199,74.397899,86.99447669999999,99.59105439999999,112.1876321,124.7842098,137.3807875,149.9773652,162.57394290000002,175.1705206,187.7670983,200.363676,212.9602537,225.55683140000002,238.1534091,250.74998680000002,263.3465645,275.9431422,288.5397199,301.13629760000003,313.73287530000005,326.329453
SF11C46890912282050980,12,,2019-05-18T12:00:00-0400,0.070014,0.069994,0.058436,0.007857,0.6740846363640001,0.79541986531,6.648252210961999,152.752391275532,0.35370921946800005,0.224077601702,0.111705454426,0.090742181432,1.605765881126,0.6740846363640001,0.79541986531,6.648252210961999,152.752391275532,0.35370921946800005,0.224077601702,0.111705454426,0.090742181432,1.605765881126,0.0,0.0,0.0,0.0,0.0,0.0,0.0,0.0,0.0,0.0,0.0,0.0,0.0,0.0,0.0,0.0,0.0,0.0,0.644382,243256023.51438484,129.286815,146.92674935,164.5666837,182.20661804999997,199.8465524,217.48648674999998,235.1264211,252.76635545,270.40628979999997,288.04622415,305.68615850000003,323.32609285,340.9660272,358.60596154999996,376.2458959,393.88583025,411.5257646,429.16569895,446.8056333,464.44556765,482.085502
SF11C46890912282050980,13,,2019-05-18T13:00:00-0400,0.10002,0.1,0.092637,0.01372,0.9630606,1.1364115000000001,9.4983173,218.23640780000002,0.5053422000000001,0.3201383,0.1595929,0.1296428,2.2941479,0.9630606,1.1364115000000001,9.4983173,218.23640780000002,0.5053422000000001,0.3201383,0.1595929,0.1296428,2.2941479,0.0,0.0,0.0,0.0,0.0,0.0,0.0,0.0,0.0,0.0,0.0,0.0,0.0,0.0,0.0,0.0,0.0,0.0,0.668988,347508605.0205497,183.408257,202.8383629,222.2684688,241.6985747,261.1286806,280.5587865,299.98889239999994,319.4189983,338.84910419999994,358.2792101,377.70931599999994,397.1394219,416.56952779999995,435.99963369999995,455.42973959999995,474.85984549999995,494.28995139999995,513.7200573,533.1501632,552.5802690999999,572.010375
SF11C46890912282050980,14,,2019-05-18T14:00:00-0400,0.130026,0.130006,0.130595,0.021801,1.252036563636,1.47740313469,12.348382389038001,283.720424324468,0.6569751805320001,0.416198998298,0.207480345574,0.168543418568,2.9825299188740004,1.252036563636,1.47740313469,12.348382389038001,283.720424324468,0.6569751805320001,0.416198998298,0.207480345574,0.168543418568,2.9825299188740004,0.0,0.0,0.0,0.0,0.0,0.0,0.0,0.0,0.0,0.0,0.0,0.0,0.0,0.0,0.0,0.0,0.0,0.0,0.703836,451761186.5267147,236.772957,256.25022144999997,275.7274859,295.20475035,314.6820148,334.15927925,353.6365437,373.11380814999995,392.59107259999996,412.06833704999997,431.5456015,451.02286595,470.5001304,489.97739485,509.4546593,528.93192375,548.4091882,567.88645265,587.3637171,606.84098155,626.318246
SF11C46890912282050980,15,,2019-05-18T15:00:00-0400,0.160032,0.160012,0.1708,0.032104,1.5410125272719999,1.8183947693799998,15.198447478075998,349.204440848936,0.808608161064,0.5122596965959999,0.25536779114799996,0.20744403713599996,3.670911937748,1.5410125272719999,1.8183947693799998,15.198447478075998,349.204440848936,0.808608161064,0.5122596965959999,0.25536779114799996,0.20744403713599996,3.670911937748,0.0,0.0,0.0,0.0,0.0,0.0,0.0,0.0,0.0,0.0,0.0,0.0,0.0,0.0,0.0,0.0,0.0,0.0,0.736568,556013768.0328796,289.391497,307.9863067,326.58111640000004,345.1759261,363.7707358,382.3655455,400.9603552,419.5551649,438.1499746,456.7447843,475.33959400000003,493.9344037,512.5292134,531.1240230999999,549.7188328,568.3136425,586.9084522,605.5032619,624.0980715999999,642.6928813,661.287691
SF11C46890912282050980,16,,2019-05-18T16:00:00-0400,0.170034,0.170027,0.189309,0.042975,1.6374630463620001,1.932206381105,16.149703955671,371.060817090106,0.8592181823940002,0.544321547341,0.271351020083,0.220427763556,3.9006708499330003,1.6374630463620001,1.932206381105,16.149703955671,371.060817090106,0.8592181823940002,0.544321547341,0.271351020083,0.220427763556,3.9006708499330003,0.0,0.0,0.0,0.0,0.0,0.0,0.0,0.0,0.0,0.0,0.0,0.0,0.0,0.0,0.0,0.0,0.0,0.0,0.757432,590764628.5349345,306.767004,324.06327335,341.3595427,358.65581205,375.9520814,393.24835075,410.5446201,427.84088945,445.1371588,462.43342815,479.72969750000004,497.02596685000003,514.3222362,531.61850555,548.9147749,566.21104425,583.5073136000001,600.80358295,618.0998523000001,635.39612165,652.692391
SF11C46890912282050980,17,,2019-05-18T17:00:00-0400,0.120024,0.120058,0.137003,0.049477,1.156231295148,1.36435291867,11.403489784033999,262.010266476524,0.606703738476,0.384351640214,0.191604043882,0.155646552824,2.754308085782,1.156231295148,1.36435291867,11.403489784033999,262.010266476524,0.606703738476,0.384351640214,0.191604043882,0.155646552824,2.754308085782,0.0,0.0,0.0,0.0,0.0,0.0,0.0,0.0,0.0,0.0,0.0,0.0,0.0,0.0,0.0,0.0,0.0,0.0,0.828775,417010326.0246597,219.06815,229.6050127,240.1418754,250.6787381,261.2156008,271.7524635,282.2893262,292.82618890000003,303.3630516,313.8999143,324.436777,334.97363970000004,345.5105024,356.0473651,366.5842278,377.12109050000004,387.6579532,398.1948159,408.7316786,419.26854130000004,429.805404
SF11C46890912282050980,18,,2019-05-18T18:00:00-0400,0.070014,0.070048,0.08058,0.051627,0.674604689088,0.79603352752,6.653381302303999,152.870238935744,0.353982104256,0.22425047638399997,0.11179163459199999,0.09081218854399999,1.607004720992,0.674604689088,0.79603352752,6.653381302303999,152.870238935744,0.353982104256,0.22425047638399997,0.11179163459199999,0.09081218854399999,1.607004720992,0.0,0.0,0.0,0.0,0.0,0.0,0.0,0.0,0.0,0.0,0.0,0.0,0.0,0.0,0.0,0.0,0.0,0.0,0.900119,243256023.51438484,129.286815,134.07875024999998,138.87068549999998,143.66262075,148.454556,153.24649125,158.03842649999999,162.83036174999998,167.622297,172.41423225,177.2061675,181.99810275,186.79003799999998,191.58197324999998,196.37390849999997,201.16584375,205.957779,210.74971424999998,215.5416495,220.33358475,225.12552
SF11C46890912282050980,19,,2019-05-18T19:00:00-0400,0.040008,0.040028,0.045668,0.051215,0.385493896968,0.45488279522,3.801986448844,87.355669314184,0.20227837581600003,0.128144958724,0.063881846012,0.051893419983999996,0.918301521412,0.385493896968,0.45488279522,3.801986448844,87.355669314184,0.20227837581600003,0.128144958724,0.063881846012,0.051893419983999996,0.918301521412,0.0,0.0,0.0,0.0,0.0,0.0,0.0,0.0,0.0,0.0,0.0,0.0,0.0,0.0,0.0,0.0,0.0,0.0,0.942925,139003442.0082199,74.397899,76.4291289,78.4603588,80.4915887,82.5228186,84.5540485,86.58527839999999,88.61650829999999,90.64773819999999,92.67896809999999,94.71019799999999,96.7414279,98.7726578,100.8038877,102.8351176,104.8663475,106.8975774,108.9288073,110.9600372,112.9912671,115.022497
SF11C46890912282050980,20,,2019-05-18T20:00:00-0400,0.005701,0.005724,0.006347,0.048113,0.055125588744000004,0.06504819426,0.5436836822519999,12.491851982472,0.028925787528000003,0.018324716292,0.009135097596,0.0074207538719999995,0.131317025796,0.055125588744000004,0.06504819426,0.5436836822519999,12.491851982472,0.028925787528000003,0.018324716292,0.009135097596,0.0074207538719999995,0.131317025796,0.0,0.0,0.0,0.0,0.0,0.0,0.0,0.0,0.0,0.0,0.0,0.0,0.0,0.0,0.0,0.0,0.0,0.0,0.993022,19807504.071407262,10.686969,11.221317449999999,11.7556659,12.29001435,12.8243628,13.358711249999999,13.893059699999998,14.42740815,14.9617566,15.496105049999999,16.0304535,16.56480195,17.0991504,17.63349885,18.1678473,18.70219575,19.236544199999997,19.77089265,20.305241099999996,20.83958955,21.373938
SF11C46890912282050980,21,,2019-05-18T21:00:00-0400,0.005701,0.005701,0.006085,0.045207,0.054904084806,0.064786819615,0.541499069273,12.441657608678002,0.028809558822000002,0.018251084483000002,0.009098391229,0.007390936028,0.13078937177900002,0.054904084806,0.064786819615,0.541499069273,12.441657608678002,0.028809558822000002,0.018251084483000002,0.009098391229,0.007390936028,0.13078937177900002,0.0,0.0,0.0,0.0,0.0,0.0,0.0,0.0,0.0,0.0,0.0,0.0,0.0,0.0,0.0,0.0,0.0,0.0,0.998259,19807504.071407262,10.686969,11.221317449999999,11.7556659,12.29001435,12.8243628,13.358711249999999,13.893059699999998,14.42740815,14.9617566,15.496105049999999,16.0304535,16.56480195,17.0991504,17.63349885,18.1678473,18.70219575,19.236544199999997,19.77089265,20.305241099999996,20.83958955,21.373938
SF11C46890912282050980,22,,2019-05-18T22:00:00-0400,0.005701,0.005701,0.005726,0.042477,0.054904084806,0.064786819615,0.541499069273,12.441657608678002,0.028809558822000002,0.018251084483000002,0.009098391229,0.007390936028,0.13078937177900002,0.054904084806,0.064786819615,0.541499069273,12.441657608678002,0.028809558822000002,0.018251084483000002,0.009098391229,0.007390936028,0.13078937177900002,0.0,0.0,0.0,0.0,0.0,0.0,0.0,0.0,0.0,0.0,0.0,0.0,0.0,0.0,0.0,0.0,0.0,0.0,0.998259,19807504.071407262,10.686969,11.221317449999999,11.7556659,12.29001435,12.8243628,13.358711249999999,13.893059699999998,14.42740815,14.9617566,15.496105049999999,16.0304535,16.56480195,17.0991504,17.63349885,18.1678473,18.70219575,19.236544199999997,19.77089265,20.305241099999996,20.83958955,21.373938
SF11C46890912282050980,23,,2019-05-18T23:00:00-0400,0.005701,0.005701,0.00528,0.039905,0.054904084806,0.064786819615,0.541499069273,12.441657608678002,0.028809558822000002,0.018251084483000002,0.009098391229,0.007390936028,0.13078937177900002,0.054904084806,0.064786819615,0.541499069273,12.441657608678002,0.028809558822000002,0.018251084483000002,0.009098391229,0.007390936028,0.13078937177900002,0.0,0.0,0.0,0.0,0.0,0.0,0.0,0.0,0.0,0.0,0.0,0.0,0.0,0.0,0.0,0.0,0.0,0.0,0.998259,19807504.071407262,10.686969,11.221317449999999,11.7556659,12.29001435,12.8243628,13.358711249999999,13.893059699999998,14.42740815,14.9617566,15.496105049999999,16.0304535,16.56480195,17.0991504,17.63349885,18.1678473,18.70219575,19.236544199999997,19.77089265,20.305241099999996,20.83958955,21.373938
SF11C46891012282050980,0,,2019-05-18T00:00:00-0500,0.005701,0.005697,0.004403,0.000304,0.036343806407999994,0.042885694296,0.35844580007099996,8.235766478187,0.019070513802,0.012081320261999998,0.006022686096000001,0.004892435478,0.08657614111499999,0.036343806407999994,0.042885694296,0.35844580007099996,8.235766478187,0.019070513802,0.012081320261999998,0.006022686096000001,0.004892435478,0.08657614111499999,0.0,0.0,0.0,0.0,0.0,0.0,0.0,0.0,0.0,0.0,0.0,0.0,0.0,0.0,0.0,0.0,0.0,0.0,0.938149,12074834.534842888,6.505373,7.54413605,8.582899099999999,9.621662149999999,10.660425199999999,11.699188249999999,12.737951299999999,13.776714349999999,14.815477399999999,15.854240449999999,16.8930035,17.93176655,18.9705296,20.00929265,21.0480557,22.08681875,23.1255818,24.16434485,25.2031079,26.24187095,27.280634
SF11C46891012282050980,1,,2019-05-18T01:00:00-0500,0.005701,0.005701,0.003775,0.000544,0.036369324264,0.042915805368,0.358697473443,8.241549006871,0.019083903666,0.012089802846,0.006026914768000001,0.004895870574,0.086636928295,0.036369324264,0.042915805368,0.358697473443,8.241549006871,0.019083903666,0.012089802846,0.006026914768000001,0.004895870574,0.086636928295,0.0,0.0,0.0,0.0,0.0,0.0,0.0,0.0,0.0,0.0,0.0,0.0,0.0,0.0,0.0,0.0,0.0,0.0,0.938149,12074834.534842888,6.505373,7.64405395,8.7827349,9.921415849999999,11.0600968,12.198777749999998,13.3374587,14.47613965,15.614820599999998,16.75350155,17.892182499999997,19.03086345,20.1695444,21.308225349999997,22.4469063,23.585587249999996,24.724268199999997,25.86294915,27.001630099999996,28.140311049999998,29.278991999999995
SF11C46891012282050980,2,,2019-05-18T02:00:00-0500,0.005701,0.005701,0.003325,0.000737,0.036369324264,0.042915805368,0.358697473443,8.241549006871,0.019083903666,0.012089802846,0.006026914768000001,0.004895870574,0.086636928295,0.036369324264,0.042915805368,0.358697473443,8.241549006871,0.019083903666,0.012089802846,0.006026914768000001,0.004895870574,0.086636928295,0.0,0.0,0.0,0.0,0.0,0.0,0.0,0.0,0.0,0.0,0.0,0.0,0.0,0.0,0.0,0.0,0.0,0.0,0.958766,12074834.534842888,6.505373,7.32791795,8.150462899999999,8.973007849999998,9.7955528,10.61809775,11.440642699999998,12.263187649999999,13.0857326,13.90827755,14.730822499999999,15.55336745,16.375912399999997,17.198457349999998,18.0210023,18.84354725,19.666092199999998,20.48863715,21.3111821,22.133727049999997,22.956272
SF11C46891012282050980,3,,2019-05-18T03:00:00-0500,0.005701,0.005701,0.003003,0.000893,0.036369324264,0.042915805368,0.358697473443,8.241549006871,0.019083903666,0.012089802846,0.006026914768000001,0.004895870574,0.086636928295,0.036369324264,0.042915805368,0.358697473443,8.241549006871,0.019083903666,0.012089802846,0.006026914768000001,0.004895870574,0.086636928295,0.0,0.0,0.0,0.0,0.0,0.0,0.0,0.0,0.0,0.0,0.0,0.0,0.0,0.0,0.0,0.0,0.0,0.0,0.969074,12074834.534842888,6.505373,7.1459509,7.786528799999999,8.4271067,9.0676846,9.7082625,10.3488404,10.9894183,11.6299962,12.270574100000001,12.911152000000001,13.5517299,14.1923078,14.832885699999999,15.473463599999999,16.1140415,16.7546194,17.3951973,18.0357752,18.6763531,19.316931
SF11C46891012282050980,4,,2019-05-18T04:00:00-0500,0.005701,0.005701,0.002771,0.001023,0.036369324264,0.042915805368,0.358697473443,8.241549006871,0.019083903666,0.012089802846,0.006026914768000001,0.004895870574,0.086636928295,0.036369324264,0.042915805368,0.358697473443,8.241549006871,0.019083903666,0.012089802846,0.006026914768000001,0.004895870574,0.086636928295,0.0,0.0,0.0,0.0,0.0,0.0,0.0,0.0,0.0,0.0,0.0,0.0,0.0,0.0,0.0,0.0,0.0,0.0,0.975259,12074834.534842888,6.505373,7.0249203,7.544467599999999,8.0640149,8.5835622,9.103109499999999,9.6226568,10.142204099999999,10.6617514,11.1812987,11.700845999999999,12.220393299999998,12.739940599999999,13.2594879,13.7790352,14.298582499999998,14.818129799999998,15.337677099999997,15.8572244,16.3767717,16.896319
SF11C46891012282050980,5,,2019-05-18T05:00:00-0500,0.005701,0.005701,0.002606,0.001133,0.036369324264,0.042915805368,0.358697473443,8.241549006871,0.019083903666,0.012089802846,0.006026914768000001,0.004895870574,0.086636928295,0.036369324264,0.042915805368,0.358697473443,8.241549006871,0.019083903666,0.012089802846,0.006026914768000001,0.004895870574,0.086636928295,0.0,0.0,0.0,0.0,0.0,0.0,0.0,0.0,0.0,0.0,0.0,0.0,0.0,0.0,0.0,0.0,0.0,0.0,0.979383,12074834.534842888,6.505373,6.9373789,7.3693848,7.8013907,8.233396599999999,8.665402499999999,9.097408399999999,9.5294143,9.9614202,10.3934261,10.825432,11.2574379,11.6894438,12.1214497,12.5534556,12.9854615,13.4174674,13.8494733,14.2814792,14.7134851,15.145491
SF11C46891012282050980,6,,2019-05-18T06:00:00-0500,0.005701,0.005701,0.002487,0.001226,0.036369324264,0.042915805368,0.358697473443,8.241549006871,0.019083903666,0.012089802846,0.006026914768000001,0.004895870574,0.086636928295,0.036369324264,0.042915805368,0.358697473443,8.241549006871,0.019083903666,0.012089802846,0.006026914768000001,0.004895870574,0.086636928295,0.0,0.0,0.0,0.0,0.0,0.0,0.0,0.0,0.0,0.0,0.0,0.0,0.0,0.0,0.0,0.0,0.0,0.0,0.982328,12074834.534842888,6.505373,6.870479749999999,7.2355865,7.60069325,7.9658,8.33090675,8.6960135,9.06112025,9.426227,9.79133375,10.1564405,10.521547250000001,10.886654,11.251760749999999,11.616867500000001,11.98197425,12.347081,12.71218775,13.0772945,13.44240125,13.807508
SF11C46891012282050980,7,,2019-05-18T07:00:00-0500,0.005701,0.005701,0.002402,0.001308,0.036369324264,0.042915805368,0.358697473443,8.241549006871,0.019083903666,0.012089802846,0.006026914768000001,0.004895870574,0.086636928295,0.036369324264,0.042915805368,0.358697473443,8.241549006871,0.019083903666,0.012089802846,0.006026914768000001,0.004895870574,0.086636928295,0.0,0.0,0.0,0.0,0.0,0.0,0.0,0.0,0.0,0.0,0.0,0.0,0.0,0.0,0.0,0.0,0.0,0.0,0.984537,12074834.534842888,6.505373,6.8173254,7.1292778,7.4412302,7.7531826,8.065135,8.3770874,8.6890398,9.0009922,9.3129446,9.624897,9.9368494,10.2488018,10.560754200000002,10.8727066,11.184659,11.4966114,11.808563800000002,12.1205162,12.4324686,12.744421
SF11C46891012282050980,8,,2019-05-18T08:00:00-0500,0.005701,0.005701,0.002187,0.001368,0.036369324264,0.042915805368,0.358697473443,8.241549006871,0.019083903666,0.012089802846,0.006026914768000001,0.004895870574,0.086636928295,0.036369324264,0.042915805368,0.358697473443,8.241549006871,0.019083903666,0.012089802846,0.006026914768000001,0.004895870574,0.086636928295,0.0,0.0,0.0,0.0,0.0,0.0,0.0,0.0,0.0,0.0,0.0,0.0,0.0,0.0,0.0,0.0,0.0,0.0,0.986255,12074834.534842888,6.505373,6.7738475,7.0423219999999995,7.3107964999999995,7.579270999999999,7.847745499999999,8.11622,8.3846945,8.653169,8.9216435,9.190118,9.4585925,9.727067,9.9955415,10.264016,10.5324905,10.800965,11.0694395,11.337914,11.6063885,11.874863
SF11C46891012282050980,9,,2019-05-18T09:00:00-0500,0.005701,0.005701,0.002871,0.001472,0.036369324264,0.042915805368,0.358697473443,8.241549006871,0.019083903666,0.012089802846,0.006026914768000001,0.004895870574,0.086636928295,0.036369324264,0.042915805368,0.358697473443,8.241549006871,0.019083903666,0.012089802846,0.006026914768000001,0.004895870574,0.086636928295,0.0,0.0,0.0,0.0,0.0,0.0,0.0,0.0,0.0,0.0,0.0,0.0,0.0,0.0,0.0,0.0,0.0,0.0,0.98763,12074834.534842888,6.505373,6.73747505,6.9695770999999995,7.2016791499999995,7.433781199999999,7.665883249999999,7.8979853,8.13008735,8.3621894,8.59429145,8.8263935,9.05849555,9.2905976,9.52269965,9.7548017,9.98690375,10.2190058,10.45110785,10.6832099,10.91531195,11.147414
SF11C46891012282050980,10,,2019-05-18T10:00:00-0500,0.020004,0.019993,0.012417,0.002229,0.12754462375199999,0.150502665624,1.257926431599,28.902523994803,0.066925887738,0.042398075477999994,0.021135959824000003,0.017169468582,0.303829522435,0.12754462375199999,0.150502665624,1.257926431599,28.902523994803,0.066925887738,0.042398075477999994,0.021135959824000003,0.017169468582,0.303829522435,0.0,0.0,0.0,0.0,0.0,0.0,0.0,0.0,0.0,0.0,0.0,0.0,0.0,0.0,0.0,0.0,0.0,0.0,0.927563,42368880.904226825,22.7799,25.057948550000003,27.3359971,29.61404565,31.892094200000003,34.170142750000004,36.448191300000005,38.72623985,41.00428840000001,43.28233695,45.56038550000001,47.838434050000004,50.116482600000005,52.394531150000006,54.6725797,56.95062825000001,59.2286768,61.50672535000001,63.784773900000005,66.06282245000001,68.340871
SF11C46891012282050980,11,,2019-05-18T11:00:00-0500,0.040008,0.039992,0.029285,0.0041,0.255127524288,0.301050497856,2.516230373256,57.813721782632,0.133871860272,0.08480887483199999,0.042278262656,0.034344089808,0.60775022564,0.255127524288,0.301050497856,2.516230373256,57.813721782632,0.133871860272,0.08480887483199999,0.042278262656,0.034344089808,0.60775022564,0.0,0.0,0.0,0.0,0.0,0.0,0.0,0.0,0.0,0.0,0.0,0.0,0.0,0.0,0.0,0.0,0.0,0.0,0.777405,84737761.80845365,45.430069,53.317290500000006,61.204512,69.0917335,76.978955,84.8661765,92.753398,100.6406195,108.527841,116.4150625,124.302284,132.1895055,140.076727,147.96394850000001,155.85117,163.7383915,171.625613,179.5128345,187.400056,195.2872775,203.174499
SF11C46891012282050980,12,,2019-05-18T12:00:00-0500,0.070014,0.06999,0.058436,0.007857,0.4464986853599999,0.5268684823199999,4.4036548265699995,101.17979564829,0.23428914533999998,0.14842401353999998,0.07399118832,0.06010559226,1.06362368205,0.4464986853599999,0.5268684823199999,4.4036548265699995,101.17979564829,0.23428914533999998,0.14842401353999998,0.07399118832,0.06010559226,1.06362368205,0.0,0.0,0.0,0.0,0.0,0.0,0.0,0.0,0.0,0.0,0.0,0.0,0.0,0.0,0.0,0.0,0.0,0.0,0.644382,148291083.16479388,79.163692,94.03148525,108.8992785,123.76707175,138.634865,153.50265825,168.3704515,183.23824474999998,198.106038,212.97383125,227.8416245,242.70941775,257.57721100000003,272.44500425,287.3127975,302.18059074999996,317.048384,331.91617725000003,346.7839705,361.65176375,376.51955699999996
SF11C46891012282050980,13,,2019-05-18T13:00:00-0500,0.10002,0.099996,0.092637,0.01372,0.637920882144,0.752746688928,6.291582626628,144.557434571316,0.334733210136,0.21205611741599997,0.10571257132800001,0.08587396490400001,1.51961871282,0.637920882144,0.752746688928,6.291582626628,144.557434571316,0.334733210136,0.21205611741599997,0.10571257132800001,0.08587396490400001,1.51961871282,0.0,0.0,0.0,0.0,0.0,0.0,0.0,0.0,0.0,0.0,0.0,0.0,0.0,0.0,0.0,0.0,0.0,0.0,0.668988,211844404.5211341,112.609557,129.31695365,146.02435029999998,162.73174695,179.4391436,196.14654025,212.8539369,229.56133355,246.2687302,262.97612685,279.6835235,296.39092015,313.0983168,329.80571345,346.5131101,363.22050675,379.9279034,396.63530005,413.3426967,430.05009335,446.75748999999996
SF11C46891012282050980,14,,2019-05-18T14:00:00-0500,0.130026,0.130002,0.130595,0.021801,0.829343078928,0.9786248955360001,8.179510426686,187.935073494342,0.435177274932,0.275688221292,0.13743395433600003,0.11164233754800001,1.97561374359,0.829343078928,0.9786248955360001,8.179510426686,187.935073494342,0.435177274932,0.275688221292,0.13743395433600003,0.11164233754800001,1.97561374359,0.0,0.0,0.0,0.0,0.0,0.0,0.0,0.0,0.0,0.0,0.0,0.0,0.0,0.0,0.0,0.0,0.0,0.0,0.703836,275397725.87747437,145.770119,162.94042795,180.1107369,197.28104585,214.4513548,231.62166374999998,248.79197269999997,265.96228165,283.13259059999996,300.30289955,317.47320849999994,334.64351745,351.8138264,368.98413535,386.1544443,403.32475324999996,420.4950622,437.66537114999994,454.8356801,472.0059890499999,489.176298
SF11C46891012282050980,15,,2019-05-18T15:00:00-0500,0.160032,0.160008,0.1708,0.032104,1.020765275712,1.204503102144,10.067438226744,231.312712417368,0.535621339728,0.339320325168,0.16915533734400004,0.13741071019200002,2.4316087743600003,1.020765275712,1.204503102144,10.067438226744,231.312712417368,0.535621339728,0.339320325168,0.16915533734400004,0.13741071019200002,2.4316087743600003,0.0,0.0,0.0,0.0,0.0,0.0,0.0,0.0,0.0,0.0,0.0,0.0,0.0,0.0,0.0,0.0,0.0,0.0,0.736568,338951047.2338146,178.647812,195.53994325,212.4320745,229.32420574999998,246.216337,263.10846825,280.0005995,296.89273075,313.784862,330.67699325,347.56912450000004,364.46125575,381.353387,398.24551825000003,415.1376495,432.02978075,448.921912,465.81404325,482.70617450000003,499.59830575,516.490437
SF11C46891012282050980,16,,2019-05-18T16:00:00-0500,0.170034,0.170026,0.189309,0.042975,1.084674746064,1.2799162819680001,10.697754186918,245.795055506446,0.569156254116,0.360564956796,0.17974604636800004,0.146013908124,2.5838502666700003,1.084674746064,1.2799162819680001,10.697754186918,245.795055506446,0.569156254116,0.360564956796,0.17974604636800004,0.146013908124,2.5838502666700003,0.0,0.0,0.0,0.0,0.0,0.0,0.0,0.0,0.0,0.0,0.0,0.0,0.0,0.0,0.0,0.0,0.0,0.0,0.783801,360135487.685928,189.544601,203.8558579,218.1671148,232.4783717,246.78962860000001,261.1008855,275.4121424,289.7233993,304.0346562,318.34591309999996,332.65717,346.9684269,361.2796838,375.59094070000003,389.9021976,404.2134545,418.5247114,432.8359683,447.1472252,461.4584821,475.769739
SF11C46891012282050980,17,,2019-05-18T17:00:00-0500,0.120024,0.120063,0.137003,0.049477,0.7659375862319999,0.903806409384,7.5541650156090006,173.566935346773,0.40190681035799997,0.25461112069799996,0.12692676158400001,0.103106982762,1.824572798085,0.7659375862319999,0.903806409384,7.5541650156090006,173.566935346773,0.40190681035799997,0.25461112069799996,0.12692676158400001,0.103106982762,1.824572798085,0.0,0.0,0.0,0.0,0.0,0.0,0.0,0.0,0.0,0.0,0.0,0.0,0.0,0.0,0.0,0.0,0.0,0.0,0.868512,254213285.42536095,134.748148,142.3366883,149.9252286,157.5137689,165.10230919999998,172.69084949999998,180.2793898,187.8679301,195.4564704,203.04501069999998,210.633551,218.2220913,225.8106316,233.3991719,240.9877122,248.5762525,256.1647928,263.75333309999996,271.3418734,278.93041370000003,286.518954
SF11C46891012282050980,18,,2019-05-18T18:00:00-0500,0.070014,0.070053,0.08058,0.051627,0.446900591592,0.527342731704,4.407618682179001,101.270870475063,0.23450003569800001,0.14855761423799999,0.07405778990400001,0.060159695022000005,1.064581080135,0.446900591592,0.527342731704,4.407618682179001,101.270870475063,0.23450003569800001,0.14855761423799999,0.07405778990400001,0.060159695022000005,1.064581080135,0.0,0.0,0.0,0.0,0.0,0.0,0.0,0.0,0.0,0.0,0.0,0.0,0.0,0.0,0.0,0.0,0.0,0.0,0.929029,148291083.16479388,79.163692,82.36779305,85.5718941,88.77599515,91.98009619999999,95.18419725,98.3882983,101.59239935,104.7965004,108.00060144999999,111.2047025,114.40880354999999,117.6129046,120.81700565,124.02110669999999,127.22520775,130.4293088,133.63340985,136.83751089999998,140.04161195,143.245713
SF11C46891012282050980,19,,2019-05-18T19:00:00-0500,0.040008,0.040032,0.045668,0.051215,0.25538270284799997,0.30135160857599996,2.518747106976,57.871547069471994,0.13400575891199998,0.08489370067199999,0.042320549376,0.034378440768,0.6083580974399999,0.25538270284799997,0.30135160857599996,2.518747106976,57.871547069471994,0.13400575891199998,0.08489370067199999,0.042320549376,0.034378440768,0.6083580974399999,0.0,0.0,0.0,0.0,0.0,0.0,0.0,0.0,0.0,0.0,0.0,0.0,0.0,0.0,0.0,0.0,0.0,0.0,0.961105,84737761.80845365,45.430069,46.727381400000006,48.0246938,49.322006200000004,50.6193186,51.916631,53.213943400000005,54.5112558,55.8085682,57.1058806,58.403193,59.7005054,60.9978178,62.2951302,63.5924426,64.88975500000001,66.1870674,67.4843798,68.7816922,70.0790046,71.376317
SF11C46891012282050980,20,,2019-05-18T20:00:00-0500,0.005701,0.005728,0.006347,0.048113,0.036541569791999996,0.043119055104,0.360396268704,8.280581075488,0.019174285247999998,0.012147060287999998,0.006055458304,0.004919057472,0.08704724175999999,0.036541569791999996,0.043119055104,0.360396268704,8.280581075488,0.019174285247999998,0.012147060287999998,0.006055458304,0.004919057472,0.08704724175999999,0.0,0.0,0.0,0.0,0.0,0.0,0.0,0.0,0.0,0.0,0.0,0.0,0.0,0.0,0.0,0.0,0.0,0.0,0.997124,12074834.534842888,6.505373,6.83064165,7.1559102999999995,7.481178949999999,7.806447599999999,8.13171625,8.4569849,8.78225355,9.1075222,9.43279085,9.7580595,10.08332815,10.4085968,10.73386545,11.0591341,11.38440275,11.7096714,12.03494005,12.3602087,12.68547735,13.010746
SF11C46891012282050980,21,,2019-05-18T21:00:00-0500,0.005701,0.005701,0.006085,0.045207,0.036369324264,0.042915805368,0.358697473443,8.241549006871,0.019083903666,0.012089802846,0.006026914768000001,0.004895870574,0.086636928295,0.036369324264,0.042915805368,0.358697473443,8.241549006871,0.019083903666,0.012089802846,0.006026914768000001,0.004895870574,0.086636928295,0.0,0.0,0.0,0.0,0.0,0.0,0.0,0.0,0.0,0.0,0.0,0.0,0.0,0.0,0.0,0.0,0.0,0.0,0.999287,12074834.534842888,6.505373,6.83064165,7.1559102999999995,7.481178949999999,7.806447599999999,8.13171625,8.4569849,8.78225355,9.1075222,9.43279085,9.7580595,10.08332815,10.4085968,10.73386545,11.0591341,11.38440275,11.7096714,12.03494005,12.3602087,12.68547735,13.010746
SF11C46891012282050980,22,,2019-05-18T22:00:00-0500,0.005701,0.005701,0.005726,0.042477,0.036369324264,0.042915805368,0.358697473443,8.241549006871,0.019083903666,0.012089802846,0.006026914768000001,0.004895870574,0.086636928295,0.036369324264,0.042915805368,0.358697473443,8.241549006871,0.019083903666,0.012089802846,0.006026914768000001,0.004895870574,0.086636928295,0.0,0.0,0.0,0.0,0.0,0.0,0.0,0.0,0.0,0.0,0.0,0.0,0.0,0.0,0.0,0.0,0.0,0.0,0.999291,12074834.534842888,6.505373,6.83064165,7.1559102999999995,7.481178949999999,7.806447599999999,8.13171625,8.4569849,8.78225355,9.1075222,9.43279085,9.7580595,10.08332815,10.4085968,10.73386545,11.0591341,11.38440275,11.7096714,12.03494005,12.3602087,12.68547735,13.010746
SF11C46891012282050980,23,,2019-05-18T23:00:00-0500,0.005701,0.005701,0.00528,0.039905,0.036369324264,0.042915805368,0.358697473443,8.241549006871,0.019083903666,0.012089802846,0.006026914768000001,0.004895870574,0.086636928295,0.036369324264,0.042915805368,0.358697473443,8.241549006871,0.019083903666,0.012089802846,0.006026914768000001,0.004895870574,0.086636928295,0.0,0.0,0.0,0.0,0.0,0.0,0.0,0.0,0.0,0.0,0.0,0.0,0.0,0.0,0.0,0.0,0.0,0.0,0.999295,12074834.534842888,6.505373,6.83064165,7.1559102999999995,7.481178949999999,7.806447599999999,8.13171625,8.4569849,8.78225355,9.1075222,9.43279085,9.7580595,10.08332815,10.4085968,10.73386545,11.0591341,11.38440275,11.7096714,12.03494005,12.3602087,12.68547735,13.010746
SF11C46891112282050980,0,,2019-05-18T00:00:00-0600,0.005701,0.005701,0.004756,0.000329,0.004238260224,0.00500114524,0.041800404718000006,0.960419626316,0.0022239201930000004,0.0014088710270000002,0.000702340396,0.000570533276,0.010096134641000001,0.004238260224,0.00500114524,0.041800404718000006,0.960419626316,0.0022239201930000004,0.0014088710270000002,0.000702340396,0.000570533276,0.010096134641000001,0.0,0.0,0.0,0.0,0.0,0.0,0.0,0.0,0.0,0.0,0.0,0.0,0.0,0.0,0.0,0.0,0.0,0.0,0.968241,1304236.6020085441,3.341703,3.4264973999999997,3.5112918,3.5960862,3.6808806,3.765675,3.8504693999999997,3.9352638,4.0200582,4.1048526,4.189647,4.2744414,4.3592358,4.4440302,4.5288246,4.613619,4.6984134,4.7832078,4.8680022,4.9527966,5.037591
SF11C46891112282050980,1,,2019-05-18T01:00:00-0600,0.005701,0.005701,0.003952,0.000579,0.004238260224,0.00500114524,0.041800404718000006,0.960419626316,0.0022239201930000004,0.0014088710270000002,0.000702340396,0.000570533276,0.010096134641000001,0.004238260224,0.00500114524,0.041800404718000006,0.960419626316,0.0022239201930000004,0.0014088710270000002,0.000702340396,0.000570533276,0.010096134641000001,0.0,0.0,0.0,0.0,0.0,0.0,0.0,0.0,0.0,0.0,0.0,0.0,0.0,0.0,0.0,0.0,0.0,0.0,0.968241,1304236.6020085441,3.341703,3.4448342,3.5479654,3.6510966,3.7542278,3.8573589999999998,3.9604901999999997,4.0636214,4.1667526,4.2698838,4.3730150000000005,4.4761462000000005,4.5792774000000005,4.6824086000000005,4.7855398000000005,4.888671,4.9918022,5.0949334,5.1980646,5.3011958,5.404327
SF11C46891112282050980,2,,2019-05-18T02:00:00-0600,0.005701,0.005701,0.0034,0.000774,0.004238260224,0.00500114524,0.041800404718000006,0.960419626316,0.0022239201930000004,0.0014088710270000002,0.000702340396,0.000570533276,0.010096134641000001,0.004238260224,0.00500114524,0.041800404718000006,0.960419626316,0.0022239201930000004,0.0014088710270000002,0.000702340396,0.000570533276,0.010096134641000001,0.0,0.0,0.0,0.0,0.0,0.0,0.0,0.0,0.0,0.0,0.0,0.0,0.0,0.0,0.0,0.0,0.0,0.0,0.978827,1304236.6020085441,3.341703,3.3864817,3.4312603999999998,3.4760391,3.5208177999999997,3.5655965,3.6103752,3.6551538999999997,3.6999326,3.7447112999999996,3.78949,3.8342687,3.8790473999999997,3.9238261,3.9686047999999996,4.0133835,4.0581622,4.1029409,4.147719599999999,4.1924983,4.237277
SF11C46891112282050980,3,,2019-05-18T03:00:00-0600,0.005701,0.005701,0.00302,0.00093,0.004238260224,0.00500114524,0.041800404718000006,0.960419626316,0.0022239201930000004,0.0014088710270000002,0.000702340396,0.000570533276,0.010096134641000001,0.004238260224,0.00500114524,0.041800404718000006,0.960419626316,0.0022239201930000004,0.0014088710270000002,0.000702340396,0.000570533276,0.010096134641000001,0.0,0.0,0.0,0.0,0.0,0.0,0.0,0.0,0.0,0.0,0.0,0.0,0.0,0.0,0.0,0.0,0.0,0.0,0.98412,1304236.6020085441,3.341703,3.35289415,3.3640852999999997,3.37527645,3.3864676,3.3976587499999997,3.4088499,3.42004105,3.4312322,3.44242335,3.4536145,3.46480565,3.4759968,3.48718795,3.4983791,3.5095702500000003,3.5207614,3.53195255,3.5431437000000003,3.55433485,3.565526
SF11C46891112282050980,4,,2019-05-18T04:00:00-0600,0.005701,0.005701,0.002759,0.001056,0.004238260224,0.00500114524,0.041800404718000006,0.960419626316,0.0022239201930000004,0.0014088710270000002,0.000702340396,0.000570533276,0.010096134641000001,0.004238260224,0.00500114524,0.041800404718000006,0.960419626316,0.0022239201930000004,0.0014088710270000002,0.000702340396,0.000570533276,0.010096134641000001,0.0,0.0,0.0,0.0,0.0,0.0,0.0,0.0,0.0,0.0,0.0,0.0,0.0,0.0,0.0,0.0,0.0,0.0,0.987296,1304236.6020085441,3.341703,3.50878815,3.6758732999999997,3.84295845,4.0100435999999995,4.17712875,4.3442139,4.51129905,4.6783842,4.84546935,5.0125545,5.1796396499999995,5.3467248,5.51380995,5.6808951,5.847980249999999,6.015065399999999,6.182150549999999,6.3492356999999995,6.51632085,6.683406
SF11C46891112282050980,5,,2019-05-18T05:00:00-0600,0.005701,0.005701,0.00258,0.001162,0.004238260224,0.00500114524,0.041800404718000006,0.960419626316,0.0022239201930000004,0.0014088710270000002,0.000702340396,0.000570533276,0.010096134641000001,0.004238260224,0.00500114524,0.041800404718000006,0.960419626316,0.0022239201930000004,0.0014088710270000002,0.000702340396,0.000570533276,0.010096134641000001,0.0,0.0,0.0,0.0,0.0,0.0,0.0,0.0,0.0,0.0,0.0,0.0,0.0,0.0,0.0,0.0,0.0,0.0,0.989414,1304236.6020085441,3.341703,3.50878815,3.6758732999999997,3.84295845,4.0100435999999995,4.17712875,4.3442139,4.51129905,4.6783842,4.84546935,5.0125545,5.1796396499999995,5.3467248,5.51380995,5.6808951,5.847980249999999,6.015065399999999,6.182150549999999,6.3492356999999995,6.51632085,6.683406
SF11C46891112282050980,6,,2019-05-18T06:00:00-0600,0.005701,0.005701,0.002457,0.001251,0.004238260224,0.00500114524,0.041800404718000006,0.960419626316,0.0022239201930000004,0.0014088710270000002,0.000702340396,0.000570533276,0.010096134641000001,0.004238260224,0.00500114524,0.041800404718000006,0.960419626316,0.0022239201930000004,0.0014088710270000002,0.000702340396,0.000570533276,0.010096134641000001,0.0,0.0,0.0,0.0,0.0,0.0,0.0,0.0,0.0,0.0,0.0,0.0,0.0,0.0,0.0,0.0,0.0,0.0,0.990926,1304236.6020085441,3.341703,3.50878815,3.6758732999999997,3.84295845,4.0100435999999995,4.17712875,4.3442139,4.51129905,4.6783842,4.84546935,5.0125545,5.1796396499999995,5.3467248,5.51380995,5.6808951,5.847980249999999,6.015065399999999,6.182150549999999,6.3492356999999995,6.51632085,6.683406
SF11C46891112282050980,7,,2019-05-18T07:00:00-0600,0.005701,0.005701,0.002372,0.001329,0.004238260224,0.00500114524,0.041800404718000006,0.960419626316,0.0022239201930000004,0.0014088710270000002,0.000702340396,0.000570533276,0.010096134641000001,0.004238260224,0.00500114524,0.041800404718000006,0.960419626316,0.0022239201930000004,0.0014088710270000002,0.000702340396,0.000570533276,0.010096134641000001,0.0,0.0,0.0,0.0,0.0,0.0,0.0,0.0,0.0,0.0,0.0,0.0,0.0,0.0,0.0,0.0,0.0,0.0,0.99206,1304236.6020085441,3.341703,3.50878815,3.6758732999999997,3.84295845,4.0100435999999995,4.17712875,4.3442139,4.51129905,4.6783842,4.84546935,5.0125545,5.1796396499999995,5.3467248,5.51380995,5.6808951,5.847980249999999,6.015065399999999,6.182150549999999,6.3492356999999995,6.51632085,6.683406
SF11C46891112282050980,8,,2019-05-18T08:00:00-0600,0.005701,0.005701,0.002186,0.001388,0.004238260224,0.00500114524,0.041800404718000006,0.960419626316,0.0022239201930000004,0.0014088710270000002,0.000702340396,0.000570533276,0.010096134641000001,0.004238260224,0.00500114524,0.041800404718000006,0.960419626316,0.0022239201930000004,0.0014088710270000002,0.000702340396,0.000570533276,0.010096134641000001,0.0,0.0,0.0,0.0,0.0,0.0,0.0,0.0,0.0,0.0,0.0,0.0,0.0,0.0,0.0,0.0,0.0,0.0,0.992942,1304236.6020085441,3.341703,3.50878815,3.6758732999999997,3.84295845,4.0100435999999995,4.17712875,4.3442139,4.51129905,4.6783842,4.84546935,5.0125545,5.1796396499999995,5.3467248,5.51380995,5.6808951,5.847980249999999,6.015065399999999,6.182150549999999,6.3492356999999995,6.51632085,6.683406
SF11C46891112282050980,9,,2019-05-18T09:00:00-0600,0.005701,0.005701,0.00287,0.00149,0.004238260224,0.00500114524,0.041800404718000006,0.960419626316,0.0022239201930000004,0.0014088710270000002,0.000702340396,0.000570533276,0.010096134641000001,0.004238260224,0.00500114524,0.041800404718000006,0.960419626316,0.0022239201930000004,0.0014088710270000002,0.000702340396,0.000570533276,0.010096134641000001,0.0,0.0,0.0,0.0,0.0,0.0,0.0,0.0,0.0,0.0,0.0,0.0,0.0,0.0,0.0,0.0,0.0,0.0,0.993648,1304236.6020085441,3.341703,3.50878815,3.6758732999999997,3.84295845,4.0100435999999995,4.17712875,4.3442139,4.51129905,4.6783842,4.84546935,5.0125545,5.1796396499999995,5.3467248,5.51380995,5.6808951,5.847980249999999,6.015065399999999,6.182150549999999,6.3492356999999995,6.51632085,6.683406
SF11C46891112282050980,10,,2019-05-18T10:00:00-0600,0.020004,0.020004,0.012411,0.002246,0.014871453696,0.01754830896,0.14667168847200002,3.369976180464,0.007803420372000001,0.0049435285080000006,0.002464412784,0.002001920304,0.035425903764000004,0.014871453696,0.01754830896,0.14667168847200002,3.369976180464,0.007803420372000001,0.0049435285080000006,0.002464412784,0.002001920304,0.035425903764000004,0.0,0.0,0.0,0.0,0.0,0.0,0.0,0.0,0.0,0.0,0.0,0.0,0.0,0.0,0.0,0.0,0.0,0.0,0.962805,4576381.158845627,11.713278,11.758541450000001,11.803804900000001,11.849068350000001,11.8943318,11.93959525,11.9848587,12.03012215,12.0753856,12.12064905,12.165912500000001,12.21117595,12.2564394,12.30170285,12.3469663,12.39222975,12.4374932,12.482756649999999,12.528020099999999,12.57328355,12.618547
SF11C46891112282050980,11,,2019-05-18T11:00:00-0600,0.040008,0.040007,0.029269,0.004114,0.029742163967999998,0.03509574068,0.293336044826,6.739783895812,0.015606450651000001,0.009886809889,0.004928702372,0.004003740532,0.07085003658700001,0.029742163967999998,0.03509574068,0.293336044826,6.739783895812,0.015606450651000001,0.009886809889,0.004928702372,0.004003740532,0.07085003658700001,0.0,0.0,0.0,0.0,0.0,0.0,0.0,0.0,0.0,0.0,0.0,0.0,0.0,0.0,0.0,0.0,0.0,0.0,0.885702,9152762.317691253,23.392255,24.09816545,24.804075899999997,25.50998635,26.2158968,26.92180725,27.627717699999998,28.33362815,29.0395386,29.745449049999998,30.4513595,31.15726995,31.863180399999997,32.569090849999995,33.2750013,33.98091175,34.686822199999995,35.39273265,36.0986431,36.804553549999994,37.510464
SF11C46891112282050980,12,,2019-05-18T12:00:00-0600,0.070014,0.070013,0.058404,0.007868,0.052049344512,0.06141820412000001,0.5133435775340001,11.794748166508,0.027311581209000003,0.017302102651000004,0.008625321548000001,0.007006620988,0.12398889223300001,0.052049344512,0.06141820412000001,0.5133435775340001,11.794748166508,0.027311581209000003,0.017302102651000004,0.008625321548000001,0.007006620988,0.12398889223300001,0.0,0.0,0.0,0.0,0.0,0.0,0.0,0.0,0.0,0.0,0.0,0.0,0.0,0.0,0.0,0.0,0.0,0.0,0.770564,16017334.055959694,40.846628,42.790148300000006,44.7336686,46.677188900000004,48.6207092,50.5642295,52.5077498,54.4512701,56.394790400000005,58.3383107,60.281831,62.2253513,64.1688716,66.1123919,68.0559122,69.9994325,71.9429528,73.8864731,75.8299934,77.7735137,79.717034
SF11C46891112282050980,13,,2019-05-18T13:00:00-0600,0.10002,0.100019,0.092587,0.013726,0.07435652505599999,0.08774066756,0.7333511102420001,16.849712437203998,0.039016711767,0.024717395413000002,0.012321940723999999,0.010009501443999999,0.177127747879,0.07435652505599999,0.08774066756,0.7333511102420001,16.849712437203998,0.039016711767,0.024717395413000002,0.012321940723999999,0.010009501443999999,0.177127747879,0.0,0.0,0.0,0.0,0.0,0.0,0.0,0.0,0.0,0.0,0.0,0.0,0.0,0.0,0.0,0.0,0.0,0.0,0.669951,22881905.794228133,58.224389,61.4538075,64.683226,67.9126445,71.14206300000001,74.3714815,77.6009,80.8303185,84.059737,87.2891555,90.518574,93.74799250000001,96.977411,100.2068295,103.436248,106.6656665,109.895085,113.1245035,116.35392200000001,119.58334049999999,122.812759
SF11C46891112282050980,14,,2019-05-18T14:00:00-0600,0.130026,0.130025,0.130525,0.021803,0.0966637056,0.114063131,0.9533586429500001,21.9046767079,0.050721842325,0.032132688175,0.0160185599,0.0130123819,0.230266603525,0.0966637056,0.114063131,0.9533586429500001,21.9046767079,0.050721842325,0.032132688175,0.0160185599,0.0130123819,0.230266603525,0.0,0.0,0.0,0.0,0.0,0.0,0.0,0.0,0.0,0.0,0.0,0.0,0.0,0.0,0.0,0.0,0.0,0.0,0.703836,29746477.53249657,75.525874,78.4848163,81.4437586,84.4027009,87.3616432,90.3205855,93.27952780000001,96.2384701,99.1974124,102.15635470000001,105.115297,108.0742393,111.0331816,113.99212390000001,116.95106620000001,119.9100085,122.86895080000001,125.82789310000001,128.7868354,131.74577770000002,134.70472
SF11C46891112282050980,15,,2019-05-18T15:00:00-0600,0.160032,0.160031,0.170708,0.032099,0.118970886144,0.14038559444,1.173366175658,26.959640978596,0.062426972883000004,0.039547980937,0.019715179076,0.016015262356,0.283405459171,0.118970886144,0.14038559444,1.173366175658,26.959640978596,0.062426972883000004,0.039547980937,0.019715179076,0.016015262356,0.283405459171,0.0,0.0,0.0,0.0,0.0,0.0,0.0,0.0,0.0,0.0,0.0,0.0,0.0,0.0,0.0,0.0,0.0,0.0,0.736568,36611049.270765014,92.751419,95.2250179,97.6986168,100.1722157,102.6458146,105.11941350000001,107.59301239999999,110.0666113,112.5402102,115.0138091,117.487408,119.9610069,122.4346058,124.9082047,127.38180360000001,129.8554025,132.3290014,134.8026003,137.2761992,139.74979810000002,142.223397
SF11C46891112282050980,16,,2019-05-18T16:00:00-0600,0.170034,0.170034,0.189207,0.042963,0.12640735641599998,0.14916062616,1.246709352012,28.644797533943997,0.066329073162,0.042019992318,0.020947508663999997,0.017016322583999998,0.301120181994,0.12640735641599998,0.14916062616,1.246709352012,28.644797533943997,0.066329073162,0.042019992318,0.020947508663999997,0.017016322583999998,0.301120181994,0.0,0.0,0.0,0.0,0.0,0.0,0.0,0.0,0.0,0.0,0.0,0.0,0.0,0.0,0.0,0.0,0.0,0.0,0.783801,38899239.85018782,98.476449,100.10276365,101.7290783,103.35539295000001,104.98170760000001,106.60802225,108.2343369,109.86065155,111.48696620000001,113.11328085000001,114.73959550000001,116.36591015,117.9922248,119.61853945000001,121.24485410000001,122.87116875000001,124.49748340000001,126.12379805,127.75011270000002,129.37642735,131.002742
SF11C46891112282050980,17,,2019-05-18T17:00:00-0600,0.120024,0.120026,0.13693,0.049461,0.08923020902399999,0.10529160824,0.880044795068,20.220194013016,0.046821302418,0.029661665302,0.014786723096,0.012011721975999999,0.212558964466,0.08923020902399999,0.10529160824,0.880044795068,20.220194013016,0.046821302418,0.029661665302,0.014786723096,0.012011721975999999,0.212558964466,0.0,0.0,0.0,0.0,0.0,0.0,0.0,0.0,0.0,0.0,0.0,0.0,0.0,0.0,0.0,0.0,0.0,0.0,0.868512,27458286.953073762,69.767166,70.2226029,70.67803980000001,71.1334767,71.5889136,72.04435050000001,72.4997874,72.9552243,73.4106612,73.8660981,74.32153500000001,74.7769719,75.2324088,75.68784570000001,76.1432826,76.5987195,77.05415640000001,77.5095933,77.9650302,78.42046710000001,78.875904
SF11C46891112282050980,18,,2019-05-18T18:00:00-0600,0.070014,0.070016,0.080537,0.05161,0.05205157478399999,0.06142083584,0.513365573888,11.795253561855999,0.027312751488,0.017302844032,0.008625691135999999,0.007006921215999999,0.12399420505599999,0.05205157478399999,0.06142083584,0.513365573888,11.795253561855999,0.027312751488,0.017302844032,0.008625691135999999,0.007006921215999999,0.12399420505599999,0.0,0.0,0.0,0.0,0.0,0.0,0.0,0.0,0.0,0.0,0.0,0.0,0.0,0.0,0.0,0.0,0.0,0.0,0.929029,16017334.055959694,40.846628,42.888959400000005,44.9312908,46.9736222,49.0159536,51.058285000000005,53.10061640000001,55.1429478,57.185279200000004,59.227610600000006,61.269942,63.3122734,65.3546048,67.3969362,69.43926760000001,71.481599,73.52393040000001,75.5662618,77.6085932,79.6509246,81.693256
SF11C46891112282050980,19,,2019-05-18T19:00:00-0600,0.040008,0.040009,0.045643,0.051197,0.029743650816,0.035097495160000006,0.29335070906200006,6.740120826044,0.015607230837000002,0.009887304143000002,0.004928948764,0.004003940684,0.070853578469,0.029743650816,0.035097495160000006,0.29335070906200006,6.740120826044,0.015607230837000002,0.009887304143000002,0.004928948764,0.004003940684,0.070853578469,0.0,0.0,0.0,0.0,0.0,0.0,0.0,0.0,0.0,0.0,0.0,0.0,0.0,0.0,0.0,0.0,0.0,0.0,0.974906,9152762.317691253,23.392255,24.561867749999998,25.7314805,26.90109325,28.070705999999998,29.24031875,30.4099315,31.579544249999998,32.749157,33.918769749999996,35.088382499999994,36.25799525,37.427608,38.59722075,39.7668335,40.93644625,42.106059,43.27567175,44.4452845,45.61489725,46.78451
SF11C46891112282050980,20,,2019-05-18T20:00:00-0600,0.005701,0.005702,0.006344,0.048096,0.004239003648,0.00500202248,0.041807736835999997,0.9605880914319999,0.002224310286,0.001409118154,0.000702463592,0.000570633352,0.010097905582,0.004239003648,0.00500202248,0.041807736835999997,0.9605880914319999,0.002224310286,0.001409118154,0.000702463592,0.000570633352,0.010097905582,0.0,0.0,0.0,0.0,0.0,0.0,0.0,0.0,0.0,0.0,0.0,0.0,0.0,0.0,0.0,0.0,0.0,0.0,0.998523,1304236.6020085441,3.341703,3.50878815,3.6758732999999997,3.84295845,4.0100435999999995,4.17712875,4.3442139,4.51129905,4.6783842,4.84546935,5.0125545,5.1796396499999995,5.3467248,5.51380995,5.6808951,5.847980249999999,6.015065399999999,6.182150549999999,6.3492356999999995,6.51632085,6.683406
SF11C46891112282050980,21,,2019-05-18T21:00:00-0600,0.005701,0.005701,0.006081,0.04519,0.004238260224,0.00500114524,0.041800404718000006,0.960419626316,0.0022239201930000004,0.0014088710270000002,0.000702340396,0.000570533276,0.010096134641000001,0.004238260224,0.00500114524,0.041800404718000006,0.960419626316,0.0022239201930000004,0.0014088710270000002,0.000702340396,0.000570533276,0.010096134641000001,0.0,0.0,0.0,0.0,0.0,0.0,0.0,0.0,0.0,0.0,0.0,0.0,0.0,0.0,0.0,0.0,0.0,0.0,0.999634,1304236.6020085441,3.341703,3.50878815,3.6758732999999997,3.84295845,4.0100435999999995,4.17712875,4.3442139,4.51129905,4.6783842,4.84546935,5.0125545,5.1796396499999995,5.3467248,5.51380995,5.6808951,5.847980249999999,6.015065399999999,6.182150549999999,6.3492356999999995,6.51632085,6.683406
SF11C46891112282050980,22,,2019-05-18T22:00:00-0600,0.005701,0.005701,0.005723,0.042461,0.004238260224,0.00500114524,0.041800404718000006,0.960419626316,0.0022239201930000004,0.0014088710270000002,0.000702340396,0.000570533276,0.010096134641000001,0.004238260224,0.00500114524,0.041800404718000006,0.960419626316,0.0022239201930000004,0.0014088710270000002,0.000702340396,0.000570533276,0.010096134641000001,0.0,0.0,0.0,0.0,0.0,0.0,0.0,0.0,0.0,0.0,0.0,0.0,0.0,0.0,0.0,0.0,0.0,0.0,0.999636,1304236.6020085441,3.341703,3.50878815,3.6758732999999997,3.84295845,4.0100435999999995,4.17712875,4.3442139,4.51129905,4.6783842,4.84546935,5.0125545,5.1796396499999995,5.3467248,5.51380995,5.6808951,5.847980249999999,6.015065399999999,6.182150549999999,6.3492356999999995,6.51632085,6.683406
SF11C46891112282050980,23,,2019-05-18T23:00:00-0600,0.005701,0.005701,0.005277,0.03989,0.004238260224,0.00500114524,0.041800404718000006,0.960419626316,0.0022239201930000004,0.0014088710270000002,0.000702340396,0.000570533276,0.010096134641000001,0.004238260224,0.00500114524,0.041800404718000006,0.960419626316,0.0022239201930000004,0.0014088710270000002,0.000702340396,0.000570533276,0.010096134641000001,0.0,0.0,0.0,0.0,0.0,0.0,0.0,0.0,0.0,0.0,0.0,0.0,0.0,0.0,0.0,0.0,0.0,0.0,0.999638,1304236.6020085441,3.341703,3.50878815,3.6758732999999997,3.84295845,4.0100435999999995,4.17712875,4.3442139,4.51129905,4.6783842,4.84546935,5.0125545,5.1796396499999995,5.3467248,5.51380995,5.6808951,5.847980249999999,6.015065399999999,6.182150549999999,6.3492356999999995,6.51632085,6.683406
SF11C46891212282050980,0,,2019-05-18T00:00:00-0400,0.005701,0.005701,0.004404,0.000304,0.001033802237,0.001219882877,0.010196004759000002,0.234266763323,0.000542461552,0.00034365628000000004,0.00017131505,0.000139167111,0.0024626609700000002,0.001033802237,0.001219882877,0.010196004759000002,0.234266763323,0.000542461552,0.00034365628000000004,0.00017131505,0.000139167111,0.0024626609700000002,0.0,0.0,0.0,0.0,0.0,0.0,0.0,0.0,0.0,0.0,0.0,0.0,0.0,0.0,0.0,0.0,0.0,0.0,0.979901,272710.4195800385,2.115098,2.2208529,2.3266078,2.4323627,2.5381176,2.6438725,2.7496274000000005,2.8553823000000005,2.9611372000000005,3.0668921000000005,3.1726470000000004,3.2784019000000004,3.3841568000000004,3.4899117000000004,3.5956666000000004,3.7014215000000004,3.8071764000000003,3.9129313000000003,4.0186862,4.1244411,4.230196
SF11C46891212282050980,1,,2019-05-18T01:00:00-0400,0.005701,0.005701,0.003775,0.000544,0.001033802237,0.001219882877,0.010196004759000002,0.234266763323,0.000542461552,0.00034365628000000004,0.00017131505,0.000139167111,0.0024626609700000002,0.001033802237,0.001219882877,0.010196004759000002,0.234266763323,0.000542461552,0.00034365628000000004,0.00017131505,0.000139167111,0.0024626609700000002,0.0,0.0,0.0,0.0,0.0,0.0,0.0,0.0,0.0,0.0,0.0,0.0,0.0,0.0,0.0,0.0,0.0,0.0,0.979901,272710.4195800385,2.115098,2.2208529,2.3266078,2.4323627,2.5381176,2.6438725,2.7496274000000005,2.8553823000000005,2.9611372000000005,3.0668921000000005,3.1726470000000004,3.2784019000000004,3.3841568000000004,3.4899117000000004,3.5956666000000004,3.7014215000000004,3.8071764000000003,3.9129313000000003,4.0186862,4.1244411,4.230196
SF11C46891212282050980,2,,2019-05-18T02:00:00-0400,0.005701,0.005701,0.003325,0.000737,0.001033802237,0.001219882877,0.010196004759000002,0.234266763323,0.000542461552,0.00034365628000000004,0.00017131505,0.000139167111,0.0024626609700000002,0.001033802237,0.001219882877,0.010196004759000002,0.234266763323,0.000542461552,0.00034365628000000004,0.00017131505,0.000139167111,0.0024626609700000002,0.0,0.0,0.0,0.0,0.0,0.0,0.0,0.0,0.0,0.0,0.0,0.0,0.0,0.0,0.0,0.0,0.0,0.0,0.986601,272710.4195800385,2.115098,2.2208529,2.3266078,2.4323627,2.5381176,2.6438725,2.7496274000000005,2.8553823000000005,2.9611372000000005,3.0668921000000005,3.1726470000000004,3.2784019000000004,3.3841568000000004,3.4899117000000004,3.5956666000000004,3.7014215000000004,3.8071764000000003,3.9129313000000003,4.0186862,4.1244411,4.230196
SF11C46891212282050980,3,,2019-05-18T03:00:00-0400,0.005701,0.005701,0.003003,0.000893,0.001033802237,0.001219882877,0.010196004759000002,0.234266763323,0.000542461552,0.00034365628000000004,0.00017131505,0.000139167111,0.0024626609700000002,0.001033802237,0.001219882877,0.010196004759000002,0.234266763323,0.000542461552,0.00034365628000000004,0.00017131505,0.000139167111,0.0024626609700000002,0.0,0.0,0.0,0.0,0.0,0.0,0.0,0.0,0.0,0.0,0.0,0.0,0.0,0.0,0.0,0.0,0.0,0.0,0.989951,272710.4195800385,2.115098,2.2208529,2.3266078,2.4323627,2.5381176,2.6438725,2.7496274000000005,2.8553823000000005,2.9611372000000005,3.0668921000000005,3.1726470000000004,3.2784019000000004,3.3841568000000004,3.4899117000000004,3.5956666000000004,3.7014215000000004,3.8071764000000003,3.9129313000000003,4.0186862,4.1244411,4.230196
SF11C46891212282050980,4,,2019-05-18T04:00:00-0400,0.005701,0.005701,0.002771,0.001023,0.001033802237,0.001219882877,0.010196004759000002,0.234266763323,0.000542461552,0.00034365628000000004,0.00017131505,0.000139167111,0.0024626609700000002,0.001033802237,0.001219882877,0.010196004759000002,0.234266763323,0.000542461552,0.00034365628000000004,0.00017131505,0.000139167111,0.0024626609700000002,0.0,0.0,0.0,0.0,0.0,0.0,0.0,0.0,0.0,0.0,0.0,0.0,0.0,0.0,0.0,0.0,0.0,0.0,0.991961,272710.4195800385,2.115098,2.2208529,2.3266078,2.4323627,2.5381176,2.6438725,2.7496274000000005,2.8553823000000005,2.9611372000000005,3.0668921000000005,3.1726470000000004,3.2784019000000004,3.3841568000000004,3.4899117000000004,3.5956666000000004,3.7014215000000004,3.8071764000000003,3.9129313000000003,4.0186862,4.1244411,4.230196
SF11C46891212282050980,5,,2019-05-18T05:00:00-0400,0.005701,0.005701,0.002606,0.001133,0.001033802237,0.001219882877,0.010196004759000002,0.234266763323,0.000542461552,0.00034365628000000004,0.00017131505,0.000139167111,0.0024626609700000002,0.001033802237,0.001219882877,0.010196004759000002,0.234266763323,0.000542461552,0.00034365628000000004,0.00017131505,0.000139167111,0.0024626609700000002,0.0,0.0,0.0,0.0,0.0,0.0,0.0,0.0,0.0,0.0,0.0,0.0,0.0,0.0,0.0,0.0,0.0,0.0,0.9933,272710.4195800385,2.115098,2.2208529,2.3266078,2.4323627,2.5381176,2.6438725,2.7496274000000005,2.8553823000000005,2.9611372000000005,3.0668921000000005,3.1726470000000004,3.2784019000000004,3.3841568000000004,3.4899117000000004,3.5956666000000004,3.7014215000000004,3.8071764000000003,3.9129313000000003,4.0186862,4.1244411,4.230196
SF11C46891212282050980,6,,2019-05-18T06:00:00-0400,0.005701,0.005701,0.002487,0.001226,0.001033802237,0.001219882877,0.010196004759000002,0.234266763323,0.000542461552,0.00034365628000000004,0.00017131505,0.000139167111,0.0024626609700000002,0.001033802237,0.001219882877,0.010196004759000002,0.234266763323,0.000542461552,0.00034365628000000004,0.00017131505,0.000139167111,0.0024626609700000002,0.0,0.0,0.0,0.0,0.0,0.0,0.0,0.0,0.0,0.0,0.0,0.0,0.0,0.0,0.0,0.0,0.0,0.0,0.994258,272710.4195800385,2.115098,2.2208529,2.3266078,2.4323627,2.5381176,2.6438725,2.7496274000000005,2.8553823000000005,2.9611372000000005,3.0668921000000005,3.1726470000000004,3.2784019000000004,3.3841568000000004,3.4899117000000004,3.5956666000000004,3.7014215000000004,3.8071764000000003,3.9129313000000003,4.0186862,4.1244411,4.230196
SF11C46891212282050980,7,,2019-05-18T07:00:00-0400,0.005701,0.005701,0.002402,0.001308,0.001033802237,0.001219882877,0.010196004759000002,0.234266763323,0.000542461552,0.00034365628000000004,0.00017131505,0.000139167111,0.0024626609700000002,0.001033802237,0.001219882877,0.010196004759000002,0.234266763323,0.000542461552,0.00034365628000000004,0.00017131505,0.000139167111,0.0024626609700000002,0.0,0.0,0.0,0.0,0.0,0.0,0.0,0.0,0.0,0.0,0.0,0.0,0.0,0.0,0.0,0.0,0.0,0.0,0.994975,272710.4195800385,2.115098,2.2208529,2.3266078,2.4323627,2.5381176,2.6438725,2.7496274000000005,2.8553823000000005,2.9611372000000005,3.0668921000000005,3.1726470000000004,3.2784019000000004,3.3841568000000004,3.4899117000000004,3.5956666000000004,3.7014215000000004,3.8071764000000003,3.9129313000000003,4.0186862,4.1244411,4.230196
SF11C46891212282050980,8,,2019-05-18T08:00:00-0400,0.005701,0.005701,0.002187,0.001368,0.001033802237,0.001219882877,0.010196004759000002,0.234266763323,0.000542461552,0.00034365628000000004,0.00017131505,0.000139167111,0.0024626609700000002,0.001033802237,0.001219882877,0.010196004759000002,0.234266763323,0.000542461552,0.00034365628000000004,0.00017131505,0.000139167111,0.0024626609700000002,0.0,0.0,0.0,0.0,0.0,0.0,0.0,0.0,0.0,0.0,0.0,0.0,0.0,0.0,0.0,0.0,0.0,0.0,0.995534,272710.4195800385,2.115098,2.2208529,2.3266078,2.4323627,2.5381176,2.6438725,2.7496274000000005,2.8553823000000005,2.9611372000000005,3.0668921000000005,3.1726470000000004,3.2784019000000004,3.3841568000000004,3.4899117000000004,3.5956666000000004,3.7014215000000004,3.8071764000000003,3.9129313000000003,4.0186862,4.1244411,4.230196
SF11C46891212282050980,9,,2019-05-18T09:00:00-0400,0.005701,0.005701,0.002871,0.001472,0.001033802237,0.001219882877,0.010196004759000002,0.234266763323,0.000542461552,0.00034365628000000004,0.00017131505,0.000139167111,0.0024626609700000002,0.001033802237,0.001219882877,0.010196004759000002,0.234266763323,0.000542461552,0.00034365628000000004,0.00017131505,0.000139167111,0.0024626609700000002,0.0,0.0,0.0,0.0,0.0,0.0,0.0,0.0,0.0,0.0,0.0,0.0,0.0,0.0,0.0,0.0,0.0,0.0,0.99598,272710.4195800385,2.115098,2.2208529,2.3266078,2.4323627,2.5381176,2.6438725,2.7496274000000005,2.8553823000000005,2.9611372000000005,3.0668921000000005,3.1726470000000004,3.2784019000000004,3.3841568000000004,3.4899117000000004,3.5956666000000004,3.7014215000000004,3.8071764000000003,3.9129313000000003,4.0186862,4.1244411,4.230196
SF11C46891212282050980,10,,2019-05-18T10:00:00-0400,0.020004,0.020004,0.012417,0.002229,0.003627465348,0.004280395908,0.035776333836,0.822008828892,0.001903420608,0.00120584112,0.0006011202000000001,0.000488317644,0.00864112788,0.003627465348,0.004280395908,0.035776333836,0.822008828892,0.001903420608,0.00120584112,0.0006011202000000001,0.000488317644,0.00864112788,0.0,0.0,0.0,0.0,0.0,0.0,0.0,0.0,0.0,0.0,0.0,0.0,0.0,0.0,0.0,0.0,0.0,0.0,0.976461,956902.163353638,7.416657,7.78748985,8.1583227,8.52915555,8.8999884,9.27082125,9.6416541,10.01248695,10.383319799999999,10.75415265,11.1249855,11.49581835,11.8666512,12.237484049999999,12.608316899999998,12.97914975,13.3499826,13.72081545,14.0916483,14.462481149999999,14.833314
SF11C46891212282050980,11,,2019-05-18T11:00:00-0400,0.040008,0.040008,0.029285,0.0041,0.007254930696,0.008560791816,0.071552667672,1.644017657784,0.003806841216,0.00241168224,0.0012022404000000002,0.000976635288,0.01728225576,0.007254930696,0.008560791816,0.071552667672,1.644017657784,0.003806841216,0.00241168224,0.0012022404000000002,0.000976635288,0.01728225576,0.0,0.0,0.0,0.0,0.0,0.0,0.0,0.0,0.0,0.0,0.0,0.0,0.0,0.0,0.0,0.0,0.0,0.0,0.927667,1913804.326707276,14.819563,15.56054115,16.3015193,17.04249745,17.7834756,18.52445375,19.2654319,20.00641005,20.7473882,21.48836635,22.2293445,22.97032265,23.7113008,24.45227895,25.1932571,25.93423525,26.6752134,27.41619155,28.1571697,28.89814785,29.639126
SF11C46891212282050980,12,,2019-05-18T12:00:00-0400,0.070014,0.070014,0.058436,0.007857,0.012696128718,0.014981385678000001,0.125217168426,2.877030901122,0.006661972128000001,0.004220443920000001,0.0021039207000000002,0.0017091117540000002,0.030243947580000003,0.012696128718,0.014981385678000001,0.125217168426,2.877030901122,0.006661972128000001,0.004220443920000001,0.0021039207000000002,0.0017091117540000002,0.030243947580000003,0.0,0.0,0.0,0.0,0.0,0.0,0.0,0.0,0.0,0.0,0.0,0.0,0.0,0.0,0.0,0.0,0.0,0.0,0.854803,3349157.571737733,25.898193,25.90241235,25.9066317,25.910851049999998,25.915070399999998,25.919289749999997,25.9235091,25.92772845,25.9319478,25.93616715,25.9403865,25.94460585,25.948825199999998,25.953044549999998,25.957263899999997,25.96148325,25.9657026,25.96992195,25.9741413,25.97836065,25.98258
SF11C46891212282050980,13,,2019-05-18T13:00:00-0400,0.10002,0.10002,0.092637,0.01372,0.01813732674,0.02140197954,0.17888166918,4.11004414446,0.00951710304,0.0060292055999999995,0.003005601,0.0024415882199999997,0.0432056394,0.01813732674,0.02140197954,0.17888166918,4.11004414446,0.00951710304,0.0060292055999999995,0.003005601,0.0024415882199999997,0.0432056394,0.0,0.0,0.0,0.0,0.0,0.0,0.0,0.0,0.0,0.0,0.0,0.0,0.0,0.0,0.0,0.0,0.0,0.0,0.791131,4784510.81676819,36.946024,37.100167150000004,37.2543103,37.40845345,37.5625966,37.71673975,37.8708829,38.02502605,38.1791692,38.33331235,38.487455499999996,38.64159865,38.7957418,38.94988495,39.1040281,39.25817125,39.4123144,39.566457549999996,39.7206007,39.874743849999994,40.028887
SF11C46891212282050980,14,,2019-05-18T14:00:00-0400,0.130026,0.130026,0.130595,0.021801,0.023578524762,0.027822573402,0.232546169934,5.343057387798,0.012372233952,0.00783796728,0.0039072813,0.0031740646859999997,0.056167331220000005,0.023578524762,0.027822573402,0.232546169934,5.343057387798,0.012372233952,0.00783796728,0.0039072813,0.0031740646859999997,0.056167331220000005,0.0,0.0,0.0,0.0,0.0,0.0,0.0,0.0,0.0,0.0,0.0,0.0,0.0,0.0,0.0,0.0,0.0,0.0,0.747163,6219864.061798647,47.963143,48.192166900000004,48.421190800000005,48.6502147,48.8792386,49.1082625,49.3372864,49.566310300000005,49.7953342,50.0243581,50.253382,50.4824059,50.711429800000005,50.9404537,51.1694776,51.3985015,51.6275254,51.856549300000005,52.0855732,52.3145971,52.543621
SF11C46891212282050980,15,,2019-05-18T15:00:00-0400,0.160032,0.160032,0.1708,0.032104,0.029019722784,0.034243167264,0.286210670688,6.576070631136,0.015227364864,0.00964672896,0.004808961600000001,0.003906541152,0.06912902304,0.029019722784,0.034243167264,0.286210670688,6.576070631136,0.015227364864,0.00964672896,0.004808961600000001,0.003906541152,0.06912902304,0.0,0.0,0.0,0.0,0.0,0.0,0.0,0.0,0.0,0.0,0.0,0.0,0.0,0.0,0.0,0.0,0.0,0.0,0.736568,7655217.306829104,58.949635,59.0521015,59.154568,59.2570345,59.359501,59.4619675,59.564434,59.6669005,59.769367,59.8718335,59.9743,60.0767665,60.179232999999996,60.2816995,60.384166,60.4866325,60.589099,60.691565499999996,60.794032,60.8964985,60.998965
SF11C46891212282050980,16,,2019-05-18T16:00:00-0400,0.170034,0.170034,0.189309,0.042975,0.030833455457999998,0.036383365218,0.304098837606,6.987075045581999,0.016179075168,0.01024964952,0.0051095216999999995,0.0041506999739999995,0.07344958698,0.030833455457999998,0.036383365218,0.304098837606,6.987075045581999,0.016179075168,0.01024964952,0.0051095216999999995,0.0041506999739999995,0.07344958698,0.0,0.0,0.0,0.0,0.0,0.0,0.0,0.0,0.0,0.0,0.0,0.0,0.0,0.0,0.0,0.0,0.0,0.0,0.783801,8133668.388505923,62.605008,65.73525839999999,68.8655088,71.9957592,75.1260096,78.25626,81.38651039999999,84.5167608,87.6470112,90.7772616,93.907512,97.03776239999999,100.1680128,103.29826320000001,106.4285136,109.558764,112.68901439999999,115.8192648,118.94951520000001,122.0797656,125.210016
SF11C46891212282050980,17,,2019-05-18T17:00:00-0400,0.120024,0.120024,0.137003,0.049477,0.021764792088,0.025682375448000002,0.21465800301600002,4.9320529733519995,0.011420523648000001,0.007235046720000001,0.0036067212000000003,0.002929905864,0.051846767280000004,0.021764792088,0.025682375448000002,0.21465800301600002,4.9320529733519995,0.011420523648000001,0.007235046720000001,0.0036067212000000003,0.002929905864,0.051846767280000004,0.0,0.0,0.0,0.0,0.0,0.0,0.0,0.0,0.0,0.0,0.0,0.0,0.0,0.0,0.0,0.0,0.0,0.0,0.868512,5741412.980121829,44.294177,46.50888585,48.7235947,50.93830355,53.153012399999994,55.36772125,57.582430099999996,59.79713895,62.0118478,64.22655664999999,66.4412655,68.65597435,70.8706832,73.08539205,75.30010089999999,77.51480975,79.7295186,81.94422745,84.1589363,86.37364515,88.58835400000001
SF11C46891212282050980,18,,2019-05-18T18:00:00-0400,0.070014,0.070014,0.08058,0.051627,0.012696128718,0.014981385678000001,0.125217168426,2.877030901122,0.006661972128000001,0.004220443920000001,0.0021039207000000002,0.0017091117540000002,0.030243947580000003,0.012696128718,0.014981385678000001,0.125217168426,2.877030901122,0.006661972128000001,0.004220443920000001,0.0021039207000000002,0.0017091117540000002,0.030243947580000003,0.0,0.0,0.0,0.0,0.0,0.0,0.0,0.0,0.0,0.0,0.0,0.0,0.0,0.0,0.0,0.0,0.0,0.0,0.949948,3349157.571737733,25.898193,27.19310265,28.488012299999998,29.78292195,31.0778316,32.37274125,33.6676509,34.96256055,36.2574702,37.552379849999994,38.8472895,40.142199149999996,41.4371088,42.73201845,44.0269281,45.32183775,46.616747399999994,47.91165705,49.206566699999996,50.50147635,51.796386
SF11C46891212282050980,19,,2019-05-18T19:00:00-0400,0.040008,0.040008,0.045668,0.051215,0.007254930696,0.008560791816,0.071552667672,1.644017657784,0.003806841216,0.00241168224,0.0012022404000000002,0.000976635288,0.01728225576,0.007254930696,0.008560791816,0.071552667672,1.644017657784,0.003806841216,0.00241168224,0.0012022404000000002,0.000976635288,0.01728225576,0.0,0.0,0.0,0.0,0.0,0.0,0.0,0.0,0.0,0.0,0.0,0.0,0.0,0.0,0.0,0.0,0.0,0.0,0.98412,1913804.326707276,14.819563,15.56054115,16.3015193,17.04249745,17.7834756,18.52445375,19.2654319,20.00641005,20.7473882,21.48836635,22.2293445,22.97032265,23.7113008,24.45227895,25.1932571,25.93423525,26.6752134,27.41619155,28.1571697,28.89814785,29.639126
SF11C46891212282050980,20,,2019-05-18T20:00:00-0400,0.005701,0.005701,0.006347,0.048113,0.001033802237,0.001219882877,0.010196004759000002,0.234266763323,0.000542461552,0.00034365628000000004,0.00017131505,0.000139167111,0.0024626609700000002,0.001033802237,0.001219882877,0.010196004759000002,0.234266763323,0.000542461552,0.00034365628000000004,0.00017131505,0.000139167111,0.0024626609700000002,0.0,0.0,0.0,0.0,0.0,0.0,0.0,0.0,0.0,0.0,0.0,0.0,0.0,0.0,0.0,0.0,0.0,0.0,0.999065,272710.4195800385,2.115098,2.2208529,2.3266078,2.4323627,2.5381176,2.6438725,2.7496274000000005,2.8553823000000005,2.9611372000000005,3.0668921000000005,3.1726470000000004,3.2784019000000004,3.3841568000000004,3.4899117000000004,3.5956666000000004,3.7014215000000004,3.8071764000000003,3.9129313000000003,4.0186862,4.1244411,4.230196
SF11C46891212282050980,21,,2019-05-18T21:00:00-0400,0.005701,0.005701,0.006085,0.045207,0.001033802237,0.001219882877,0.010196004759000002,0.234266763323,0.000542461552,0.00034365628000000004,0.00017131505,0.000139167111,0.0024626609700000002,0.001033802237,0.001219882877,0.010196004759000002,0.234266763323,0.000542461552,0.00034365628000000004,0.00017131505,0.000139167111,0.0024626609700000002,0.0,0.0,0.0,0.0,0.0,0.0,0.0,0.0,0.0,0.0,0.0,0.0,0.0,0.0,0.0,0.0,0.0,0.0,0.999768,272710.4195800385,2.115098,2.2208529,2.3266078,2.4323627,2.5381176,2.6438725,2.7496274000000005,2.8553823000000005,2.9611372000000005,3.0668921000000005,3.1726470000000004,3.2784019000000004,3.3841568000000004,3.4899117000000004,3.5956666000000004,3.7014215000000004,3.8071764000000003,3.9129313000000003,4.0186862,4.1244411,4.230196
SF11C46891212282050980,22,,2019-05-18T22:00:00-0400,0.005701,0.005701,0.005726,0.042477,0.001033802237,0.001219882877,0.010196004759000002,0.234266763323,0.000542461552,0.00034365628000000004,0.00017131505,0.000139167111,0.0024626609700000002,0.001033802237,0.001219882877,0.010196004759000002,0.234266763323,0.000542461552,0.00034365628000000004,0.00017131505,0.000139167111,0.0024626609700000002,0.0,0.0,0.0,0.0,0.0,0.0,0.0,0.0,0.0,0.0,0.0,0.0,0.0,0.0,0.0,0.0,0.0,0.0,0.99977,272710.4195800385,2.115098,2.2208529,2.3266078,2.4323627,2.5381176,2.6438725,2.7496274000000005,2.8553823000000005,2.9611372000000005,3.0668921000000005,3.1726470000000004,3.2784019000000004,3.3841568000000004,3.4899117000000004,3.5956666000000004,3.7014215000000004,3.8071764000000003,3.9129313000000003,4.0186862,4.1244411,4.230196
SF11C46891212282050980,23,,2019-05-18T23:00:00-0400,0.005701,0.005701,0.00528,0.039905,0.001033802237,0.001219882877,0.010196004759000002,0.234266763323,0.000542461552,0.00034365628000000004,0.00017131505,0.000139167111,0.0024626609700000002,0.001033802237,0.001219882877,0.010196004759000002,0.234266763323,0.000542461552,0.00034365628000000004,0.00017131505,0.000139167111,0.0024626609700000002,0.0,0.0,0.0,0.0,0.0,0.0,0.0,0.0,0.0,0.0,0.0,0.0,0.0,0.0,0.0,0.0,0.0,0.0,0.999771,272710.4195800385,2.115098,2.2208529,2.3266078,2.4323627,2.5381176,2.6438725,2.7496274000000005,2.8553823000000005,2.9611372000000005,3.0668921000000005,3.1726470000000004,3.2784019000000004,3.3841568000000004,3.4899117000000004,3.5956666000000004,3.7014215000000004,3.8071764000000003,3.9129313000000003,4.0186862,4.1244411,4.230196
SF11C46891312282050980,0,,2019-05-18T00:00:00-0400,0.005701,0.005701,0.004756,0.000329,0.007614175786,0.008984730392000002,0.075095869503,1.725426964988,0.0039953520160000006,0.002531084372,0.001261779526,0.0010249827900000001,0.018138056457000003,0.007614175786,0.008984730392000002,0.075095869503,1.725426964988,0.0039953520160000006,0.002531084372,0.001261779526,0.0010249827900000001,0.018138056457000003,0.0,0.0,0.0,0.0,0.0,0.0,0.0,0.0,0.0,0.0,0.0,0.0,0.0,0.0,0.0,0.0,0.0,0.0,0.94555,2510830.1337820627,5.727527,5.9358389,6.1441508,6.3524627,6.5607746,6.7690865,6.9773984,7.1857103,7.3940222,7.6023341,7.810646,8.0189579,8.2272698,8.4355817,8.6438936,8.8522055,9.0605174,9.2688293,9.4771412,9.6854531,9.893765
SF11C46891312282050980,1,,2019-05-18T01:00:00-0400,0.005701,0.005701,0.003952,0.000579,0.007614175786,0.008984730392000002,0.075095869503,1.725426964988,0.0039953520160000006,0.002531084372,0.001261779526,0.0010249827900000001,0.018138056457000003,0.007614175786,0.008984730392000002,0.075095869503,1.725426964988,0.0039953520160000006,0.002531084372,0.001261779526,0.0010249827900000001,0.018138056457000003,0.0,0.0,0.0,0.0,0.0,0.0,0.0,0.0,0.0,0.0,0.0,0.0,0.0,0.0,0.0,0.0,0.0,0.0,0.94555,2510830.1337820627,5.727527,5.971852200000001,6.2161774,6.4605026,6.7048278,6.949153000000001,7.1934782,7.4378034,7.6821286,7.926453800000001,8.170779,8.4151042,8.6594294,8.903754600000001,9.148079800000001,9.392405,9.6367302,9.881055400000001,10.1253806,10.3697058,10.614031
SF11C46891312282050980,2,,2019-05-18T02:00:00-0400,0.005701,0.005701,0.0034,0.000774,0.007614175786,0.008984730392000002,0.075095869503,1.725426964988,0.0039953520160000006,0.002531084372,0.001261779526,0.0010249827900000001,0.018138056457000003,0.007614175786,0.008984730392000002,0.075095869503,1.725426964988,0.0039953520160000006,0.002531084372,0.001261779526,0.0010249827900000001,0.018138056457000003,0.0,0.0,0.0,0.0,0.0,0.0,0.0,0.0,0.0,0.0,0.0,0.0,0.0,0.0,0.0,0.0,0.0,0.0,0.9637,2510830.1337820627,5.727527,5.8572486,5.9869702,6.1166918,6.2464134,6.376135,6.5058565999999995,6.6355782,6.7652998,6.8950214,7.024743,7.1544646,7.2841862,7.4139078,7.5436293999999995,7.673351,7.8030726,7.9327942,8.0625158,8.1922374,8.321959
SF11C46891312282050980,3,,2019-05-18T03:00:00-0400,0.005701,0.005701,0.00302,0.00093,0.007614175786,0.008984730392000002,0.075095869503,1.725426964988,0.0039953520160000006,0.002531084372,0.001261779526,0.0010249827900000001,0.018138056457000003,0.007614175786,0.008984730392000002,0.075095869503,1.725426964988,0.0039953520160000006,0.002531084372,0.001261779526,0.0010249827900000001,0.018138056457000003,0.0,0.0,0.0,0.0,0.0,0.0,0.0,0.0,0.0,0.0,0.0,0.0,0.0,0.0,0.0,0.0,0.0,0.0,0.972775,2510830.1337820627,5.727527,5.7912831,5.8550392,5.9187953,5.9825514,6.0463075,6.1100636,6.1738197,6.2375758,6.3013319,6.365088,6.4288441,6.4926002,6.5563563,6.6201124,6.6838685,6.7476246,6.8113807,6.8751368,6.9388929,7.002649
SF11C46891312282050980,4,,2019-05-18T04:00:00-0400,0.005701,0.005701,0.002759,0.001056,0.007614175786,0.008984730392000002,0.075095869503,1.725426964988,0.0039953520160000006,0.002531084372,0.001261779526,0.0010249827900000001,0.018138056457000003,0.007614175786,0.008984730392000002,0.075095869503,1.725426964988,0.0039953520160000006,0.002531084372,0.001261779526,0.0010249827900000001,0.018138056457000003,0.0,0.0,0.0,0.0,0.0,0.0,0.0,0.0,0.0,0.0,0.0,0.0,0.0,0.0,0.0,0.0,0.0,0.0,0.97822,2510830.1337820627,5.727527,5.74740785,5.7672887,5.78716955,5.8070504000000005,5.82693125,5.8468121,5.86669295,5.8865738,5.90645465,5.9263355,5.94621635,5.9660972,5.98597805,6.0058589,6.02573975,6.0456205999999995,6.065501449999999,6.0853823,6.10526315,6.125144
SF11C46891312282050980,5,,2019-05-18T05:00:00-0400,0.005701,0.005701,0.00258,0.001162,0.007614175786,0.008984730392000002,0.075095869503,1.725426964988,0.0039953520160000006,0.002531084372,0.001261779526,0.0010249827900000001,0.018138056457000003,0.007614175786,0.008984730392000002,0.075095869503,1.725426964988,0.0039953520160000006,0.002531084372,0.001261779526,0.0010249827900000001,0.018138056457000003,0.0,0.0,0.0,0.0,0.0,0.0,0.0,0.0,0.0,0.0,0.0,0.0,0.0,0.0,0.0,0.0,0.0,0.0,0.98185,2510830.1337820627,5.727527,6.0139033500000005,6.3002797,6.58665605,6.8730324000000005,7.159408750000001,7.4457851,7.73216145,8.0185378,8.30491415,8.5912905,8.87766685,9.1640432,9.45041955,9.7367959,10.02317225,10.3095486,10.59592495,10.8823013,11.16867765,11.455054
SF11C46891312282050980,6,,2019-05-18T06:00:00-0400,0.005701,0.005701,0.002457,0.001251,0.007614175786,0.008984730392000002,0.075095869503,1.725426964988,0.0039953520160000006,0.002531084372,0.001261779526,0.0010249827900000001,0.018138056457000003,0.007614175786,0.008984730392000002,0.075095869503,1.725426964988,0.0039953520160000006,0.002531084372,0.001261779526,0.0010249827900000001,0.018138056457000003,0.0,0.0,0.0,0.0,0.0,0.0,0.0,0.0,0.0,0.0,0.0,0.0,0.0,0.0,0.0,0.0,0.0,0.0,0.984443,2510830.1337820627,5.727527,6.0139033500000005,6.3002797,6.58665605,6.8730324000000005,7.159408750000001,7.4457851,7.73216145,8.0185378,8.30491415,8.5912905,8.87766685,9.1640432,9.45041955,9.7367959,10.02317225,10.3095486,10.59592495,10.8823013,11.16867765,11.455054
SF11C46891312282050980,7,,2019-05-18T07:00:00-0400,0.005701,0.005701,0.002372,0.001329,0.007614175786,0.008984730392000002,0.075095869503,1.725426964988,0.0039953520160000006,0.002531084372,0.001261779526,0.0010249827900000001,0.018138056457000003,0.007614175786,0.008984730392000002,0.075095869503,1.725426964988,0.0039953520160000006,0.002531084372,0.001261779526,0.0010249827900000001,0.018138056457000003,0.0,0.0,0.0,0.0,0.0,0.0,0.0,0.0,0.0,0.0,0.0,0.0,0.0,0.0,0.0,0.0,0.0,0.0,0.986387,2510830.1337820627,5.727527,6.0139033500000005,6.3002797,6.58665605,6.8730324000000005,7.159408750000001,7.4457851,7.73216145,8.0185378,8.30491415,8.5912905,8.87766685,9.1640432,9.45041955,9.7367959,10.02317225,10.3095486,10.59592495,10.8823013,11.16867765,11.455054
SF11C46891312282050980,8,,2019-05-18T08:00:00-0400,0.005701,0.005701,0.002186,0.001388,0.007614175786,0.008984730392000002,0.075095869503,1.725426964988,0.0039953520160000006,0.002531084372,0.001261779526,0.0010249827900000001,0.018138056457000003,0.007614175786,0.008984730392000002,0.075095869503,1.725426964988,0.0039953520160000006,0.002531084372,0.001261779526,0.0010249827900000001,0.018138056457000003,0.0,0.0,0.0,0.0,0.0,0.0,0.0,0.0,0.0,0.0,0.0,0.0,0.0,0.0,0.0,0.0,0.0,0.0,0.9879,2510830.1337820627,5.727527,6.0139033500000005,6.3002797,6.58665605,6.8730324000000005,7.159408750000001,7.4457851,7.73216145,8.0185378,8.30491415,8.5912905,8.87766685,9.1640432,9.45041955,9.7367959,10.02317225,10.3095486,10.59592495,10.8823013,11.16867765,11.455054
SF11C46891312282050980,9,,2019-05-18T09:00:00-0400,0.005701,0.005701,0.00287,0.00149,0.007614175786,0.008984730392000002,0.075095869503,1.725426964988,0.0039953520160000006,0.002531084372,0.001261779526,0.0010249827900000001,0.018138056457000003,0.007614175786,0.008984730392000002,0.075095869503,1.725426964988,0.0039953520160000006,0.002531084372,0.001261779526,0.0010249827900000001,0.018138056457000003,0.0,0.0,0.0,0.0,0.0,0.0,0.0,0.0,0.0,0.0,0.0,0.0,0.0,0.0,0.0,0.0,0.0,0.0,0.98911,2510830.1337820627,5.727527,6.0139033500000005,6.3002797,6.58665605,6.8730324000000005,7.159408750000001,7.4457851,7.73216145,8.0185378,8.30491415,8.5912905,8.87766685,9.1640432,9.45041955,9.7367959,10.02317225,10.3095486,10.59592495,10.8823013,11.16867765,11.455054
SF11C46891312282050980,10,,2019-05-18T10:00:00-0400,0.020004,0.020003,0.012411,0.002246,0.026715726757999998,0.031524567976,0.26348757720899996,6.053975720164,0.014018422447999999,0.008880771915999999,0.004427183978,0.0035963393700000003,0.06364068467100001,0.026715726757999998,0.031524567976,0.26348757720899996,6.053975720164,0.014018422447999999,0.008880771915999999,0.004427183978,0.0035963393700000003,0.06364068467100001,0.0,0.0,0.0,0.0,0.0,0.0,0.0,0.0,0.0,0.0,0.0,0.0,0.0,0.0,0.0,0.0,0.0,0.0,0.93623,8810146.640269494,20.061006,20.29705195,20.533097899999998,20.76914385,21.0051898,21.24123575,21.4772817,21.71332765,21.9493736,22.18541955,22.4214655,22.65751145,22.8935574,23.12960335,23.3656493,23.60169525,23.8377412,24.07378715,24.309833100000002,24.54587905,24.781925
SF11C46891312282050980,11,,2019-05-18T11:00:00-0400,0.040008,0.040007,0.029269,0.004114,0.053432789102,0.063050711944,0.5269883268209999,12.108254093716,0.028037545712,0.017761987804,0.008854589282,0.00719285853,0.127284550899,0.053432789102,0.063050711944,0.5269883268209999,12.108254093716,0.028037545712,0.017761987804,0.008854589282,0.00719285853,0.127284550899,0.0,0.0,0.0,0.0,0.0,0.0,0.0,0.0,0.0,0.0,0.0,0.0,0.0,0.0,0.0,0.0,0.0,0.0,0.80404,17620293.280538987,40.021401,41.70383495,43.3862689,45.068702849999994,46.7511368,48.43357075,50.1160047,51.798438649999994,53.4808726,55.16330655,56.8457405,58.528174449999995,60.2106084,61.89304235,63.5754763,65.25791025,66.9403442,68.62277815,70.3052121,71.98764605,73.67008
SF11C46891312282050980,12,,2019-05-18T12:00:00-0400,0.070014,0.070013,0.058404,0.007868,0.093508382618,0.11033992789600001,0.922239451239,21.189671654044,0.04906623060800001,0.031083811636000002,0.015495697238000001,0.012587637270000002,0.22275035024100004,0.093508382618,0.11033992789600001,0.922239451239,21.189671654044,0.04906623060800001,0.031083811636000002,0.015495697238000001,0.012587637270000002,0.22275035024100004,0.0,0.0,0.0,0.0,0.0,0.0,0.0,0.0,0.0,0.0,0.0,0.0,0.0,0.0,0.0,0.0,0.0,0.0,0.644382,30835513.24094323,69.774452,73.65417364999999,77.5338953,81.41361695,85.2933386,89.17306024999999,93.0527819,96.93250355,100.8122252,104.69194685,108.5716685,112.45139015000001,116.3311118,120.21083345,124.0905551,127.97027675000001,131.8499984,135.72972005,139.6094417,143.48916335,147.368885
SF11C46891312282050980,13,,2019-05-18T13:00:00-0400,0.10002,0.100019,0.092587,0.013726,0.133583976134,0.157629143848,1.317490575657,30.271089214372,0.070094915504,0.044405635468,0.022136805194,0.01798241601,0.318216149583,0.133583976134,0.157629143848,1.317490575657,30.271089214372,0.070094915504,0.044405635468,0.022136805194,0.01798241601,0.318216149583,0.0,0.0,0.0,0.0,0.0,0.0,0.0,0.0,0.0,0.0,0.0,0.0,0.0,0.0,0.0,0.0,0.0,0.0,0.668988,44050733.20134746,99.303954,103.08123165,106.85850930000001,110.63578695000001,114.4130646,118.19034225,121.9676199,125.74489755,129.5221752,133.29945285,137.0767305,140.85400815,144.6312858,148.40856345,152.1858411,155.96311874999998,159.7403964,163.51767404999998,167.2949517,171.07222935,174.849507
SF11C46891312282050980,14,,2019-05-18T14:00:00-0400,0.130026,0.130025,0.130525,0.021803,0.17365956964999998,0.2049183598,1.7127417000749998,39.352506774700004,0.0911236004,0.0577274593,0.02877791315,0.02337719475,0.41368194892500004,0.17365956964999998,0.2049183598,1.7127417000749998,39.352506774700004,0.0911236004,0.0577274593,0.02877791315,0.02337719475,0.41368194892500004,0.0,0.0,0.0,0.0,0.0,0.0,0.0,0.0,0.0,0.0,0.0,0.0,0.0,0.0,0.0,0.0,0.0,0.0,0.703836,57265953.16175171,128.611589,131.7532621,134.89493520000002,138.0366083,141.1782814,144.3199545,147.4616276,150.6033007,153.7449738,156.88664690000002,160.02832,163.1699931,166.3116662,169.4533393,172.5950124,175.73668550000002,178.8783586,182.0200317,185.1617048,188.30337790000002,191.445051
SF11C46891312282050980,15,,2019-05-18T15:00:00-0400,0.160032,0.160031,0.170708,0.032099,0.213735163166,0.25220757575200003,2.107992824493,48.433924335028,0.112152285296,0.071049283132,0.035419021106,0.02877197349,0.509147748267,0.213735163166,0.25220757575200003,2.107992824493,48.433924335028,0.112152285296,0.071049283132,0.035419021106,0.02877197349,0.509147748267,0.0,0.0,0.0,0.0,0.0,0.0,0.0,0.0,0.0,0.0,0.0,0.0,0.0,0.0,0.0,0.0,0.0,0.0,0.736568,70481173.12215595,157.699023,159.92060915000002,162.1421953,164.36378145,166.5853676,168.80695375,171.0285399,173.25012605,175.4717122,177.69329835,179.9148845,182.13647065,184.35805679999999,186.57964295,188.8012291,191.02281525,193.2444014,195.46598755,197.6875737,199.90915984999998,202.130746
SF11C46891312282050980,16,,2019-05-18T16:00:00-0400,0.170034,0.170034,0.189207,0.042963,0.22709502992399996,0.267972223728,2.2397563717019997,51.461366175192,0.119162547744,0.075490335048,0.037632945083999995,0.03057041286,0.540972862938,0.22709502992399996,0.267972223728,2.2397563717019997,51.461366175192,0.119162547744,0.075490335048,0.037632945083999995,0.03057041286,0.540972862938,0.0,0.0,0.0,0.0,0.0,0.0,0.0,0.0,0.0,0.0,0.0,0.0,0.0,0.0,0.0,0.0,0.0,0.0,0.783801,74886246.4422907,167.346186,168.288063,169.22994,170.171817,171.11369399999998,172.055571,172.997448,173.939325,174.881202,175.823079,176.76495599999998,177.706833,178.64871,179.590587,180.532464,181.474341,182.41621800000001,183.358095,184.299972,185.241849,186.183726
SF11C46891312282050980,17,,2019-05-18T17:00:00-0400,0.120024,0.120026,0.13693,0.049461,0.16030504523599998,0.189160015792,1.5810308424779997,36.326275548088,0.084116141216,0.053288183271999995,0.026564874476,0.02157947454,0.381869560482,0.16030504523599998,0.189160015792,1.5810308424779997,36.326275548088,0.084116141216,0.053288183271999995,0.026564874476,0.02157947454,0.381869560482,0.0,0.0,0.0,0.0,0.0,0.0,0.0,0.0,0.0,0.0,0.0,0.0,0.0,0.0,0.0,0.0,0.0,0.0,0.868512,52860879.841616966,118.866926,124.81027230000001,130.7536186,136.6969649,142.6403112,148.58365750000002,154.5270038,160.47035010000002,166.4136964,172.35704270000002,178.300389,184.24373530000003,190.1870816,196.1304279,202.0737742,208.0171205,213.9604668,219.9038131,225.8471594,231.7905057,237.733852
SF11C46891312282050980,18,,2019-05-18T18:00:00-0400,0.070014,0.070016,0.080537,0.05161,0.09351238937599998,0.110344655872,0.9222789684479998,21.190579614207998,0.049068333055999995,0.031085143551999997,0.015496361216,0.012588176639999999,0.222759894912,0.09351238937599998,0.110344655872,0.9222789684479998,21.190579614207998,0.049068333055999995,0.031085143551999997,0.015496361216,0.012588176639999999,0.222759894912,0.0,0.0,0.0,0.0,0.0,0.0,0.0,0.0,0.0,0.0,0.0,0.0,0.0,0.0,0.0,0.0,0.0,0.0,0.929029,30835513.24094323,69.774452,73.2631746,76.7518972,80.24061979999999,83.7293424,87.218065,90.7067876,94.1955102,97.68423279999999,101.17295539999999,104.661678,108.1504006,111.6391232,115.12784579999999,118.6165684,122.105291,125.5940136,129.0827362,132.5714588,136.06018139999998,139.548904
SF11C46891312282050980,19,,2019-05-18T19:00:00-0400,0.040008,0.040009,0.045643,0.051197,0.053435460274,0.06305386392800001,0.527014671627,12.108859400492001,0.028038947344,0.017762875748,0.008855031934,0.007193218110000001,0.12729091401300002,0.053435460274,0.06305386392800001,0.527014671627,12.108859400492001,0.028038947344,0.017762875748,0.008855031934,0.007193218110000001,0.12729091401300002,0.0,0.0,0.0,0.0,0.0,0.0,0.0,0.0,0.0,0.0,0.0,0.0,0.0,0.0,0.0,0.0,0.0,0.0,0.961105,17620293.280538987,40.021401,42.02247105,44.023541099999996,46.02461115,48.025681199999994,50.02675125,52.0278213,54.028891349999995,56.0299614,58.03103145,60.032101499999996,62.03317155,64.0342416,66.03531165,68.03638169999999,70.03745175,72.0385218,74.03959185,76.0406619,78.04173195,80.042802
SF11C46891312282050980,20,,2019-05-18T20:00:00-0400,0.005701,0.005702,0.006344,0.048096,0.0076155113719999995,0.008986306384,0.07510904190599998,1.7257296183759998,0.003996052832,0.002531528344,0.001262000852,0.0010251625799999999,0.018141238014,0.0076155113719999995,0.008986306384,0.07510904190599998,1.7257296183759998,0.003996052832,0.002531528344,0.001262000852,0.0010251625799999999,0.018141238014,0.0,0.0,0.0,0.0,0.0,0.0,0.0,0.0,0.0,0.0,0.0,0.0,0.0,0.0,0.0,0.0,0.0,0.0,0.997468,2510830.1337820627,5.727527,6.0139033500000005,6.3002797,6.58665605,6.8730324000000005,7.159408750000001,7.4457851,7.73216145,8.0185378,8.30491415,8.5912905,8.87766685,9.1640432,9.45041955,9.7367959,10.02317225,10.3095486,10.59592495,10.8823013,11.16867765,11.455054
SF11C46891312282050980,21,,2019-05-18T21:00:00-0400,0.005701,0.005701,0.006081,0.04519,0.007614175786,0.008984730392000002,0.075095869503,1.725426964988,0.0039953520160000006,0.002531084372,0.001261779526,0.0010249827900000001,0.018138056457000003,0.007614175786,0.008984730392000002,0.075095869503,1.725426964988,0.0039953520160000006,0.002531084372,0.001261779526,0.0010249827900000001,0.018138056457000003,0.0,0.0,0.0,0.0,0.0,0.0,0.0,0.0,0.0,0.0,0.0,0.0,0.0,0.0,0.0,0.0,0.0,0.0,0.999372,2510830.1337820627,5.727527,6.0139033500000005,6.3002797,6.58665605,6.8730324000000005,7.159408750000001,7.4457851,7.73216145,8.0185378,8.30491415,8.5912905,8.87766685,9.1640432,9.45041955,9.7367959,10.02317225,10.3095486,10.59592495,10.8823013,11.16867765,11.455054
SF11C46891312282050980,22,,2019-05-18T22:00:00-0400,0.005701,0.005701,0.005723,0.042461,0.007614175786,0.008984730392000002,0.075095869503,1.725426964988,0.0039953520160000006,0.002531084372,0.001261779526,0.0010249827900000001,0.018138056457000003,0.007614175786,0.008984730392000002,0.075095869503,1.725426964988,0.0039953520160000006,0.002531084372,0.001261779526,0.0010249827900000001,0.018138056457000003,0.0,0.0,0.0,0.0,0.0,0.0,0.0,0.0,0.0,0.0,0.0,0.0,0.0,0.0,0.0,0.0,0.0,0.0,0.999376,2510830.1337820627,5.727527,6.0139033500000005,6.3002797,6.58665605,6.8730324000000005,7.159408750000001,7.4457851,7.73216145,8.0185378,8.30491415,8.5912905,8.87766685,9.1640432,9.45041955,9.7367959,10.02317225,10.3095486,10.59592495,10.8823013,11.16867765,11.455054
SF11C46891312282050980,23,,2019-05-18T23:00:00-0400,0.005701,0.005701,0.005277,0.03989,0.007614175786,0.008984730392000002,0.075095869503,1.725426964988,0.0039953520160000006,0.002531084372,0.001261779526,0.0010249827900000001,0.018138056457000003,0.007614175786,0.008984730392000002,0.075095869503,1.725426964988,0.0039953520160000006,0.002531084372,0.001261779526,0.0010249827900000001,0.018138056457000003,0.0,0.0,0.0,0.0,0.0,0.0,0.0,0.0,0.0,0.0,0.0,0.0,0.0,0.0,0.0,0.0,0.0,0.0,0.999379,2510830.1337820627,5.727527,6.0139033500000005,6.3002797,6.58665605,6.8730324000000005,7.159408750000001,7.4457851,7.73216145,8.0185378,8.30491415,8.5912905,8.87766685,9.1640432,9.45041955,9.7367959,10.02317225,10.3095486,10.59592495,10.8823013,11.16867765,11.455054
SF11C46891412282050980,0,,2019-05-18T00:00:00-0700,0.005701,0.005701,0.004756,0.000329,0.0,0.0,0.0,0.0,0.0,0.0,0.0,0.0,0.0,0.0,0.0,0.0,0.0,0.0,0.0,0.0,0.0,0.0,0.0,0.0,0.0,0.0,0.0,0.0,0.0,0.0,0.0,0.0,0.0,0.0,0.0,0.0,0.0,0.0,0.0,0.0,0.886181,,0.0,0.0,0.0,0.0,0.0,0.0,0.0,0.0,0.0,0.0,0.0,0.0,0.0,0.0,0.0,0.0,0.0,0.0,0.0,0.0,0.0
SF11C46891412282050980,1,,2019-05-18T01:00:00-0700,0.005701,0.005701,0.003952,0.000579,0.0,0.0,0.0,0.0,0.0,0.0,0.0,0.0,0.0,0.0,0.0,0.0,0.0,0.0,0.0,0.0,0.0,0.0,0.0,0.0,0.0,0.0,0.0,0.0,0.0,0.0,0.0,0.0,0.0,0.0,0.0,0.0,0.0,0.0,0.0,0.0,0.886181,,0.0,0.0,0.0,0.0,0.0,0.0,0.0,0.0,0.0,0.0,0.0,0.0,0.0,0.0,0.0,0.0,0.0,0.0,0.0,0.0,0.0
SF11C46891412282050980,2,,2019-05-18T02:00:00-0700,0.005701,0.005701,0.0034,0.000774,0.0,0.0,0.0,0.0,0.0,0.0,0.0,0.0,0.0,0.0,0.0,0.0,0.0,0.0,0.0,0.0,0.0,0.0,0.0,0.0,0.0,0.0,0.0,0.0,0.0,0.0,0.0,0.0,0.0,0.0,0.0,0.0,0.0,0.0,0.0,0.0,0.92412,,0.0,0.0,0.0,0.0,0.0,0.0,0.0,0.0,0.0,0.0,0.0,0.0,0.0,0.0,0.0,0.0,0.0,0.0,0.0,0.0,0.0
SF11C46891412282050980,3,,2019-05-18T03:00:00-0700,0.005701,0.005701,0.00302,0.00093,0.0,0.0,0.0,0.0,0.0,0.0,0.0,0.0,0.0,0.0,0.0,0.0,0.0,0.0,0.0,0.0,0.0,0.0,0.0,0.0,0.0,0.0,0.0,0.0,0.0,0.0,0.0,0.0,0.0,0.0,0.0,0.0,0.0,0.0,0.0,0.0,0.94309,,0.0,0.0,0.0,0.0,0.0,0.0,0.0,0.0,0.0,0.0,0.0,0.0,0.0,0.0,0.0,0.0,0.0,0.0,0.0,0.0,0.0
SF11C46891412282050980,4,,2019-05-18T04:00:00-0700,0.005701,0.005701,0.002759,0.001056,0.0,0.0,0.0,0.0,0.0,0.0,0.0,0.0,0.0,0.0,0.0,0.0,0.0,0.0,0.0,0.0,0.0,0.0,0.0,0.0,0.0,0.0,0.0,0.0,0.0,0.0,0.0,0.0,0.0,0.0,0.0,0.0,0.0,0.0,0.0,0.0,0.954472,,0.0,0.0,0.0,0.0,0.0,0.0,0.0,0.0,0.0,0.0,0.0,0.0,0.0,0.0,0.0,0.0,0.0,0.0,0.0,0.0,0.0
SF11C46891412282050980,5,,2019-05-18T05:00:00-0700,0.005701,0.005701,0.00258,0.001162,0.0,0.0,0.0,0.0,0.0,0.0,0.0,0.0,0.0,0.0,0.0,0.0,0.0,0.0,0.0,0.0,0.0,0.0,0.0,0.0,0.0,0.0,0.0,0.0,0.0,0.0,0.0,0.0,0.0,0.0,0.0,0.0,0.0,0.0,0.0,0.0,0.96206,,0.0,0.0,0.0,0.0,0.0,0.0,0.0,0.0,0.0,0.0,0.0,0.0,0.0,0.0,0.0,0.0,0.0,0.0,0.0,0.0,0.0
SF11C46891412282050980,6,,2019-05-18T06:00:00-0700,0.005701,0.005701,0.002457,0.001251,0.0,0.0,0.0,0.0,0.0,0.0,0.0,0.0,0.0,0.0,0.0,0.0,0.0,0.0,0.0,0.0,0.0,0.0,0.0,0.0,0.0,0.0,0.0,0.0,0.0,0.0,0.0,0.0,0.0,0.0,0.0,0.0,0.0,0.0,0.0,0.0,0.96748,,0.0,0.0,0.0,0.0,0.0,0.0,0.0,0.0,0.0,0.0,0.0,0.0,0.0,0.0,0.0,0.0,0.0,0.0,0.0,0.0,0.0
SF11C46891412282050980,7,,2019-05-18T07:00:00-0700,0.005701,0.005701,0.002372,0.001329,0.0,0.0,0.0,0.0,0.0,0.0,0.0,0.0,0.0,0.0,0.0,0.0,0.0,0.0,0.0,0.0,0.0,0.0,0.0,0.0,0.0,0.0,0.0,0.0,0.0,0.0,0.0,0.0,0.0,0.0,0.0,0.0,0.0,0.0,0.0,0.0,0.971545,,0.0,0.0,0.0,0.0,0.0,0.0,0.0,0.0,0.0,0.0,0.0,0.0,0.0,0.0,0.0,0.0,0.0,0.0,0.0,0.0,0.0
SF11C46891412282050980,8,,2019-05-18T08:00:00-0700,0.005701,0.005701,0.002186,0.001388,0.0,0.0,0.0,0.0,0.0,0.0,0.0,0.0,0.0,0.0,0.0,0.0,0.0,0.0,0.0,0.0,0.0,0.0,0.0,0.0,0.0,0.0,0.0,0.0,0.0,0.0,0.0,0.0,0.0,0.0,0.0,0.0,0.0,0.0,0.0,0.0,0.974707,,0.0,0.0,0.0,0.0,0.0,0.0,0.0,0.0,0.0,0.0,0.0,0.0,0.0,0.0,0.0,0.0,0.0,0.0,0.0,0.0,0.0
SF11C46891412282050980,9,,2019-05-18T09:00:00-0700,0.005701,0.005701,0.00287,0.00149,0.0,0.0,0.0,0.0,0.0,0.0,0.0,0.0,0.0,0.0,0.0,0.0,0.0,0.0,0.0,0.0,0.0,0.0,0.0,0.0,0.0,0.0,0.0,0.0,0.0,0.0,0.0,0.0,0.0,0.0,0.0,0.0,0.0,0.0,0.0,0.0,0.977236,,0.0,0.0,0.0,0.0,0.0,0.0,0.0,0.0,0.0,0.0,0.0,0.0,0.0,0.0,0.0,0.0,0.0,0.0,0.0,0.0,0.0
SF11C46891412282050980,10,,2019-05-18T10:00:00-0700,0.020004,0.020004,0.012411,0.002246,0.0,0.0,0.0,0.0,0.0,0.0,0.0,0.0,0.0,0.0,0.0,0.0,0.0,0.0,0.0,0.0,0.0,0.0,0.0,0.0,0.0,0.0,0.0,0.0,0.0,0.0,0.0,0.0,0.0,0.0,0.0,0.0,0.0,0.0,0.0,0.0,0.8667,,0.0,0.0,0.0,0.0,0.0,0.0,0.0,0.0,0.0,0.0,0.0,0.0,0.0,0.0,0.0,0.0,0.0,0.0,0.0,0.0,0.0
SF11C46891412282050980,11,,2019-05-18T11:00:00-0700,0.040008,0.040008,0.029269,0.004114,0.0,0.0,0.0,0.0,0.0,0.0,0.0,0.0,0.0,0.0,0.0,0.0,0.0,0.0,0.0,0.0,0.0,0.0,0.0,0.0,0.0,0.0,0.0,0.0,0.0,0.0,0.0,0.0,0.0,0.0,0.0,0.0,0.0,0.0,0.0,0.0,0.67521,,0.0,0.0,0.0,0.0,0.0,0.0,0.0,0.0,0.0,0.0,0.0,0.0,0.0,0.0,0.0,0.0,0.0,0.0,0.0,0.0,0.0
SF11C46891412282050980,12,,2019-05-18T12:00:00-0700,0.070014,0.070014,0.058404,0.007868,0.0,0.0,0.0,0.0,0.0,0.0,0.0,0.0,0.0,0.0,0.0,0.0,0.0,0.0,0.0,0.0,0.0,0.0,0.0,0.0,0.0,0.0,0.0,0.0,0.0,0.0,0.0,0.0,0.0,0.0,0.0,0.0,0.0,0.0,0.0,0.0,0.644382,,0.0,0.0,0.0,0.0,0.0,0.0,0.0,0.0,0.0,0.0,0.0,0.0,0.0,0.0,0.0,0.0,0.0,0.0,0.0,0.0,0.0
SF11C46891412282050980,13,,2019-05-18T13:00:00-0700,0.10002,0.10002,0.092587,0.013726,0.0,0.0,0.0,0.0,0.0,0.0,0.0,0.0,0.0,0.0,0.0,0.0,0.0,0.0,0.0,0.0,0.0,0.0,0.0,0.0,0.0,0.0,0.0,0.0,0.0,0.0,0.0,0.0,0.0,0.0,0.0,0.0,0.0,0.0,0.0,0.0,0.668988,,0.0,0.0,0.0,0.0,0.0,0.0,0.0,0.0,0.0,0.0,0.0,0.0,0.0,0.0,0.0,0.0,0.0,0.0,0.0,0.0,0.0
SF11C46891412282050980,14,,2019-05-18T14:00:00-0700,0.130026,0.130026,0.130525,0.021803,0.0,0.0,0.0,0.0,0.0,0.0,0.0,0.0,0.0,0.0,0.0,0.0,0.0,0.0,0.0,0.0,0.0,0.0,0.0,0.0,0.0,0.0,0.0,0.0,0.0,0.0,0.0,0.0,0.0,0.0,0.0,0.0,0.0,0.0,0.0,0.0,0.703836,,0.0,0.0,0.0,0.0,0.0,0.0,0.0,0.0,0.0,0.0,0.0,0.0,0.0,0.0,0.0,0.0,0.0,0.0,0.0,0.0,0.0
SF11C46891412282050980,15,,2019-05-18T15:00:00-0700,0.160032,0.160032,0.170708,0.032099,0.0,0.0,0.0,0.0,0.0,0.0,0.0,0.0,0.0,0.0,0.0,0.0,0.0,0.0,0.0,0.0,0.0,0.0,0.0,0.0,0.0,0.0,0.0,0.0,0.0,0.0,0.0,0.0,0.0,0.0,0.0,0.0,0.0,0.0,0.0,0.0,0.736568,,0.0,0.0,0.0,0.0,0.0,0.0,0.0,0.0,0.0,0.0,0.0,0.0,0.0,0.0,0.0,0.0,0.0,0.0,0.0,0.0,0.0
SF11C46891412282050980,16,,2019-05-18T16:00:00-0700,0.170034,0.170034,0.189207,0.042963,0.0,0.0,0.0,0.0,0.0,0.0,0.0,0.0,0.0,0.0,0.0,0.0,0.0,0.0,0.0,0.0,0.0,0.0,0.0,0.0,0.0,0.0,0.0,0.0,0.0,0.0,0.0,0.0,0.0,0.0,0.0,0.0,0.0,0.0,0.0,0.0,0.728425,,0.0,0.0,0.0,0.0,0.0,0.0,0.0,0.0,0.0,0.0,0.0,0.0,0.0,0.0,0.0,0.0,0.0,0.0,0.0,0.0,0.0
SF11C46891412282050980,17,,2019-05-18T17:00:00-0700,0.120024,0.120024,0.13693,0.049461,0.0,0.0,0.0,0.0,0.0,0.0,0.0,0.0,0.0,0.0,0.0,0.0,0.0,0.0,0.0,0.0,0.0,0.0,0.0,0.0,0.0,0.0,0.0,0.0,0.0,0.0,0.0,0.0,0.0,0.0,0.0,0.0,0.0,0.0,0.0,0.0,0.8083,,0.0,0.0,0.0,0.0,0.0,0.0,0.0,0.0,0.0,0.0,0.0,0.0,0.0,0.0,0.0,0.0,0.0,0.0,0.0,0.0,0.0
SF11C46891412282050980,18,,2019-05-18T18:00:00-0700,0.070014,0.070014,0.080537,0.05161,0.0,0.0,0.0,0.0,0.0,0.0,0.0,0.0,0.0,0.0,0.0,0.0,0.0,0.0,0.0,0.0,0.0,0.0,0.0,0.0,0.0,0.0,0.0,0.0,0.0,0.0,0.0,0.0,0.0,0.0,0.0,0.0,0.0,0.0,0.0,0.0,0.888175,,0.0,0.0,0.0,0.0,0.0,0.0,0.0,0.0,0.0,0.0,0.0,0.0,0.0,0.0,0.0,0.0,0.0,0.0,0.0,0.0,0.0
SF11C46891412282050980,19,,2019-05-18T19:00:00-0700,0.040008,0.040008,0.045643,0.051197,0.0,0.0,0.0,0.0,0.0,0.0,0.0,0.0,0.0,0.0,0.0,0.0,0.0,0.0,0.0,0.0,0.0,0.0,0.0,0.0,0.0,0.0,0.0,0.0,0.0,0.0,0.0,0.0,0.0,0.0,0.0,0.0,0.0,0.0,0.0,0.0,0.9361,,0.0,0.0,0.0,0.0,0.0,0.0,0.0,0.0,0.0,0.0,0.0,0.0,0.0,0.0,0.0,0.0,0.0,0.0,0.0,0.0,0.0
SF11C46891412282050980,20,,2019-05-18T20:00:00-0700,0.005701,0.005701,0.006344,0.048096,0.0,0.0,0.0,0.0,0.0,0.0,0.0,0.0,0.0,0.0,0.0,0.0,0.0,0.0,0.0,0.0,0.0,0.0,0.0,0.0,0.0,0.0,0.0,0.0,0.0,0.0,0.0,0.0,0.0,0.0,0.0,0.0,0.0,0.0,0.0,0.0,0.991253,,0.0,0.0,0.0,0.0,0.0,0.0,0.0,0.0,0.0,0.0,0.0,0.0,0.0,0.0,0.0,0.0,0.0,0.0,0.0,0.0,0.0
SF11C46891412282050980,21,,2019-05-18T21:00:00-0700,0.005701,0.005701,0.006081,0.04519,0.0,0.0,0.0,0.0,0.0,0.0,0.0,0.0,0.0,0.0,0.0,0.0,0.0,0.0,0.0,0.0,0.0,0.0,0.0,0.0,0.0,0.0,0.0,0.0,0.0,0.0,0.0,0.0,0.0,0.0,0.0,0.0,0.0,0.0,0.0,0.0,0.997818,,0.0,0.0,0.0,0.0,0.0,0.0,0.0,0.0,0.0,0.0,0.0,0.0,0.0,0.0,0.0,0.0,0.0,0.0,0.0,0.0,0.0
SF11C46891412282050980,22,,2019-05-18T22:00:00-0700,0.005701,0.005701,0.005723,0.042461,0.0,0.0,0.0,0.0,0.0,0.0,0.0,0.0,0.0,0.0,0.0,0.0,0.0,0.0,0.0,0.0,0.0,0.0,0.0,0.0,0.0,0.0,0.0,0.0,0.0,0.0,0.0,0.0,0.0,0.0,0.0,0.0,0.0,0.0,0.0,0.0,0.997818,,0.0,0.0,0.0,0.0,0.0,0.0,0.0,0.0,0.0,0.0,0.0,0.0,0.0,0.0,0.0,0.0,0.0,0.0,0.0,0.0,0.0
SF11C46891412282050980,23,,2019-05-18T23:00:00-0700,0.005701,0.005701,0.005277,0.03989,0.0,0.0,0.0,0.0,0.0,0.0,0.0,0.0,0.0,0.0,0.0,0.0,0.0,0.0,0.0,0.0,0.0,0.0,0.0,0.0,0.0,0.0,0.0,0.0,0.0,0.0,0.0,0.0,0.0,0.0,0.0,0.0,0.0,0.0,0.0,0.0,0.997818,,0.0,0.0,0.0,0.0,0.0,0.0,0.0,0.0,0.0,0.0,0.0,0.0,0.0,0.0,0.0,0.0,0.0,0.0,0.0,0.0,0.0
SF11C46891512282050980,0,,2019-05-18T00:00:00-0700,0.005701,0.005701,0.004756,0.000329,0.0,0.0,0.0,0.0,0.0,0.0,0.0,0.0,0.0,0.0,0.0,0.0,0.0,0.0,0.0,0.0,0.0,0.0,0.0,0.0,0.0,0.0,0.0,0.0,0.0,0.0,0.0,0.0,0.0,0.0,0.0,0.0,0.0,0.0,0.0,0.0,0.96206,,0.0,0.0,0.0,0.0,0.0,0.0,0.0,0.0,0.0,0.0,0.0,0.0,0.0,0.0,0.0,0.0,0.0,0.0,0.0,0.0,0.0
SF11C46891512282050980,1,,2019-05-18T01:00:00-0700,0.005701,0.005701,0.003952,0.000579,0.0,0.0,0.0,0.0,0.0,0.0,0.0,0.0,0.0,0.0,0.0,0.0,0.0,0.0,0.0,0.0,0.0,0.0,0.0,0.0,0.0,0.0,0.0,0.0,0.0,0.0,0.0,0.0,0.0,0.0,0.0,0.0,0.0,0.0,0.0,0.0,0.96206,,0.0,0.0,0.0,0.0,0.0,0.0,0.0,0.0,0.0,0.0,0.0,0.0,0.0,0.0,0.0,0.0,0.0,0.0,0.0,0.0,0.0
SF11C46891512282050980,2,,2019-05-18T02:00:00-0700,0.005701,0.005701,0.0034,0.000774,0.0,0.0,0.0,0.0,0.0,0.0,0.0,0.0,0.0,0.0,0.0,0.0,0.0,0.0,0.0,0.0,0.0,0.0,0.0,0.0,0.0,0.0,0.0,0.0,0.0,0.0,0.0,0.0,0.0,0.0,0.0,0.0,0.0,0.0,0.0,0.0,0.974707,,0.0,0.0,0.0,0.0,0.0,0.0,0.0,0.0,0.0,0.0,0.0,0.0,0.0,0.0,0.0,0.0,0.0,0.0,0.0,0.0,0.0
SF11C46891512282050980,3,,2019-05-18T03:00:00-0700,0.005701,0.005701,0.00302,0.00093,0.0,0.0,0.0,0.0,0.0,0.0,0.0,0.0,0.0,0.0,0.0,0.0,0.0,0.0,0.0,0.0,0.0,0.0,0.0,0.0,0.0,0.0,0.0,0.0,0.0,0.0,0.0,0.0,0.0,0.0,0.0,0.0,0.0,0.0,0.0,0.0,0.98103,,0.0,0.0,0.0,0.0,0.0,0.0,0.0,0.0,0.0,0.0,0.0,0.0,0.0,0.0,0.0,0.0,0.0,0.0,0.0,0.0,0.0
SF11C46891512282050980,4,,2019-05-18T04:00:00-0700,0.005701,0.005701,0.002759,0.001056,0.0,0.0,0.0,0.0,0.0,0.0,0.0,0.0,0.0,0.0,0.0,0.0,0.0,0.0,0.0,0.0,0.0,0.0,0.0,0.0,0.0,0.0,0.0,0.0,0.0,0.0,0.0,0.0,0.0,0.0,0.0,0.0,0.0,0.0,0.0,0.0,0.984824,,0.0,0.0,0.0,0.0,0.0,0.0,0.0,0.0,0.0,0.0,0.0,0.0,0.0,0.0,0.0,0.0,0.0,0.0,0.0,0.0,0.0
SF11C46891512282050980,5,,2019-05-18T05:00:00-0700,0.005701,0.005701,0.00258,0.001162,0.0,0.0,0.0,0.0,0.0,0.0,0.0,0.0,0.0,0.0,0.0,0.0,0.0,0.0,0.0,0.0,0.0,0.0,0.0,0.0,0.0,0.0,0.0,0.0,0.0,0.0,0.0,0.0,0.0,0.0,0.0,0.0,0.0,0.0,0.0,0.0,0.987353,,0.0,0.0,0.0,0.0,0.0,0.0,0.0,0.0,0.0,0.0,0.0,0.0,0.0,0.0,0.0,0.0,0.0,0.0,0.0,0.0,0.0
SF11C46891512282050980,6,,2019-05-18T06:00:00-0700,0.005701,0.005701,0.002457,0.001251,0.0,0.0,0.0,0.0,0.0,0.0,0.0,0.0,0.0,0.0,0.0,0.0,0.0,0.0,0.0,0.0,0.0,0.0,0.0,0.0,0.0,0.0,0.0,0.0,0.0,0.0,0.0,0.0,0.0,0.0,0.0,0.0,0.0,0.0,0.0,0.0,0.98916,,0.0,0.0,0.0,0.0,0.0,0.0,0.0,0.0,0.0,0.0,0.0,0.0,0.0,0.0,0.0,0.0,0.0,0.0,0.0,0.0,0.0
SF11C46891512282050980,7,,2019-05-18T07:00:00-0700,0.005701,0.005701,0.002372,0.001329,0.0,0.0,0.0,0.0,0.0,0.0,0.0,0.0,0.0,0.0,0.0,0.0,0.0,0.0,0.0,0.0,0.0,0.0,0.0,0.0,0.0,0.0,0.0,0.0,0.0,0.0,0.0,0.0,0.0,0.0,0.0,0.0,0.0,0.0,0.0,0.0,0.990515,,0.0,0.0,0.0,0.0,0.0,0.0,0.0,0.0,0.0,0.0,0.0,0.0,0.0,0.0,0.0,0.0,0.0,0.0,0.0,0.0,0.0
SF11C46891512282050980,8,,2019-05-18T08:00:00-0700,0.005701,0.005701,0.002186,0.001388,0.0,0.0,0.0,0.0,0.0,0.0,0.0,0.0,0.0,0.0,0.0,0.0,0.0,0.0,0.0,0.0,0.0,0.0,0.0,0.0,0.0,0.0,0.0,0.0,0.0,0.0,0.0,0.0,0.0,0.0,0.0,0.0,0.0,0.0,0.0,0.0,0.991569,,0.0,0.0,0.0,0.0,0.0,0.0,0.0,0.0,0.0,0.0,0.0,0.0,0.0,0.0,0.0,0.0,0.0,0.0,0.0,0.0,0.0
SF11C46891512282050980,9,,2019-05-18T09:00:00-0700,0.005701,0.005701,0.00287,0.00149,0.0,0.0,0.0,0.0,0.0,0.0,0.0,0.0,0.0,0.0,0.0,0.0,0.0,0.0,0.0,0.0,0.0,0.0,0.0,0.0,0.0,0.0,0.0,0.0,0.0,0.0,0.0,0.0,0.0,0.0,0.0,0.0,0.0,0.0,0.0,0.0,0.992412,,0.0,0.0,0.0,0.0,0.0,0.0,0.0,0.0,0.0,0.0,0.0,0.0,0.0,0.0,0.0,0.0,0.0,0.0,0.0,0.0,0.0
SF11C46891512282050980,10,,2019-05-18T10:00:00-0700,0.020004,0.020004,0.012411,0.002246,0.0,0.0,0.0,0.0,0.0,0.0,0.0,0.0,0.0,0.0,0.0,0.0,0.0,0.0,0.0,0.0,0.0,0.0,0.0,0.0,0.0,0.0,0.0,0.0,0.0,0.0,0.0,0.0,0.0,0.0,0.0,0.0,0.0,0.0,0.0,0.0,0.955567,,0.0,0.0,0.0,0.0,0.0,0.0,0.0,0.0,0.0,0.0,0.0,0.0,0.0,0.0,0.0,0.0,0.0,0.0,0.0,0.0,0.0
SF11C46891512282050980,11,,2019-05-18T11:00:00-0700,0.040008,0.040008,0.029269,0.004114,0.0,0.0,0.0,0.0,0.0,0.0,0.0,0.0,0.0,0.0,0.0,0.0,0.0,0.0,0.0,0.0,0.0,0.0,0.0,0.0,0.0,0.0,0.0,0.0,0.0,0.0,0.0,0.0,0.0,0.0,0.0,0.0,0.0,0.0,0.0,0.0,0.86346,,0.0,0.0,0.0,0.0,0.0,0.0,0.0,0.0,0.0,0.0,0.0,0.0,0.0,0.0,0.0,0.0,0.0,0.0,0.0,0.0,0.0
SF11C46891512282050980,12,,2019-05-18T12:00:00-0700,0.070014,0.070014,0.058404,0.007868,0.0,0.0,0.0,0.0,0.0,0.0,0.0,0.0,0.0,0.0,0.0,0.0,0.0,0.0,0.0,0.0,0.0,0.0,0.0,0.0,0.0,0.0,0.0,0.0,0.0,0.0,0.0,0.0,0.0,0.0,0.0,0.0,0.0,0.0,0.0,0.0,0.725917,,0.0,0.0,0.0,0.0,0.0,0.0,0.0,0.0,0.0,0.0,0.0,0.0,0.0,0.0,0.0,0.0,0.0,0.0,0.0,0.0,0.0
SF11C46891512282050980,13,,2019-05-18T13:00:00-0700,0.10002,0.10002,0.092587,0.013726,0.0,0.0,0.0,0.0,0.0,0.0,0.0,0.0,0.0,0.0,0.0,0.0,0.0,0.0,0.0,0.0,0.0,0.0,0.0,0.0,0.0,0.0,0.0,0.0,0.0,0.0,0.0,0.0,0.0,0.0,0.0,0.0,0.0,0.0,0.0,0.0,0.668988,,0.0,0.0,0.0,0.0,0.0,0.0,0.0,0.0,0.0,0.0,0.0,0.0,0.0,0.0,0.0,0.0,0.0,0.0,0.0,0.0,0.0
SF11C46891512282050980,14,,2019-05-18T14:00:00-0700,0.130026,0.130026,0.130525,0.021803,0.0,0.0,0.0,0.0,0.0,0.0,0.0,0.0,0.0,0.0,0.0,0.0,0.0,0.0,0.0,0.0,0.0,0.0,0.0,0.0,0.0,0.0,0.0,0.0,0.0,0.0,0.0,0.0,0.0,0.0,0.0,0.0,0.0,0.0,0.0,0.0,0.703836,,0.0,0.0,0.0,0.0,0.0,0.0,0.0,0.0,0.0,0.0,0.0,0.0,0.0,0.0,0.0,0.0,0.0,0.0,0.0,0.0,0.0
SF11C46891512282050980,15,,2019-05-18T15:00:00-0700,0.160032,0.160032,0.170708,0.032099,0.0,0.0,0.0,0.0,0.0,0.0,0.0,0.0,0.0,0.0,0.0,0.0,0.0,0.0,0.0,0.0,0.0,0.0,0.0,0.0,0.0,0.0,0.0,0.0,0.0,0.0,0.0,0.0,0.0,0.0,0.0,0.0,0.0,0.0,0.0,0.0,0.736568,,0.0,0.0,0.0,0.0,0.0,0.0,0.0,0.0,0.0,0.0,0.0,0.0,0.0,0.0,0.0,0.0,0.0,0.0,0.0,0.0,0.0
SF11C46891512282050980,16,,2019-05-18T16:00:00-0700,0.170034,0.170034,0.189207,0.042963,0.0,0.0,0.0,0.0,0.0,0.0,0.0,0.0,0.0,0.0,0.0,0.0,0.0,0.0,0.0,0.0,0.0,0.0,0.0,0.0,0.0,0.0,0.0,0.0,0.0,0.0,0.0,0.0,0.0,0.0,0.0,0.0,0.0,0.0,0.0,0.0,0.783801,,0.0,0.0,0.0,0.0,0.0,0.0,0.0,0.0,0.0,0.0,0.0,0.0,0.0,0.0,0.0,0.0,0.0,0.0,0.0,0.0,0.0
SF11C46891512282050980,17,,2019-05-18T17:00:00-0700,0.120024,0.120024,0.13693,0.049461,0.0,0.0,0.0,0.0,0.0,0.0,0.0,0.0,0.0,0.0,0.0,0.0,0.0,0.0,0.0,0.0,0.0,0.0,0.0,0.0,0.0,0.0,0.0,0.0,0.0,0.0,0.0,0.0,0.0,0.0,0.0,0.0,0.0,0.0,0.0,0.0,0.868512,,0.0,0.0,0.0,0.0,0.0,0.0,0.0,0.0,0.0,0.0,0.0,0.0,0.0,0.0,0.0,0.0,0.0,0.0,0.0,0.0,0.0
SF11C46891512282050980,18,,2019-05-18T18:00:00-0700,0.070014,0.070014,0.080537,0.05161,0.0,0.0,0.0,0.0,0.0,0.0,0.0,0.0,0.0,0.0,0.0,0.0,0.0,0.0,0.0,0.0,0.0,0.0,0.0,0.0,0.0,0.0,0.0,0.0,0.0,0.0,0.0,0.0,0.0,0.0,0.0,0.0,0.0,0.0,0.0,0.0,0.929029,,0.0,0.0,0.0,0.0,0.0,0.0,0.0,0.0,0.0,0.0,0.0,0.0,0.0,0.0,0.0,0.0,0.0,0.0,0.0,0.0,0.0
SF11C46891512282050980,19,,2019-05-18T19:00:00-0700,0.040008,0.040008,0.045643,0.051197,0.0,0.0,0.0,0.0,0.0,0.0,0.0,0.0,0.0,0.0,0.0,0.0,0.0,0.0,0.0,0.0,0.0,0.0,0.0,0.0,0.0,0.0,0.0,0.0,0.0,0.0,0.0,0.0,0.0,0.0,0.0,0.0,0.0,0.0,0.0,0.0,0.970023,,0.0,0.0,0.0,0.0,0.0,0.0,0.0,0.0,0.0,0.0,0.0,0.0,0.0,0.0,0.0,0.0,0.0,0.0,0.0,0.0,0.0
SF11C46891512282050980,20,,2019-05-18T20:00:00-0700,0.005701,0.005701,0.006344,0.048096,0.0,0.0,0.0,0.0,0.0,0.0,0.0,0.0,0.0,0.0,0.0,0.0,0.0,0.0,0.0,0.0,0.0,0.0,0.0,0.0,0.0,0.0,0.0,0.0,0.0,0.0,0.0,0.0,0.0,0.0,0.0,0.0,0.0,0.0,0.0,0.0,0.998236,,0.0,0.0,0.0,0.0,0.0,0.0,0.0,0.0,0.0,0.0,0.0,0.0,0.0,0.0,0.0,0.0,0.0,0.0,0.0,0.0,0.0
SF11C46891512282050980,21,,2019-05-18T21:00:00-0700,0.005701,0.005701,0.006081,0.04519,0.0,0.0,0.0,0.0,0.0,0.0,0.0,0.0,0.0,0.0,0.0,0.0,0.0,0.0,0.0,0.0,0.0,0.0,0.0,0.0,0.0,0.0,0.0,0.0,0.0,0.0,0.0,0.0,0.0,0.0,0.0,0.0,0.0,0.0,0.0,0.0,0.999562,,0.0,0.0,0.0,0.0,0.0,0.0,0.0,0.0,0.0,0.0,0.0,0.0,0.0,0.0,0.0,0.0,0.0,0.0,0.0,0.0,0.0
SF11C46891512282050980,22,,2019-05-18T22:00:00-0700,0.005701,0.005701,0.005723,0.042461,0.0,0.0,0.0,0.0,0.0,0.0,0.0,0.0,0.0,0.0,0.0,0.0,0.0,0.0,0.0,0.0,0.0,0.0,0.0,0.0,0.0,0.0,0.0,0.0,0.0,0.0,0.0,0.0,0.0,0.0,0.0,0.0,0.0,0.0,0.0,0.0,0.999565,,0.0,0.0,0.0,0.0,0.0,0.0,0.0,0.0,0.0,0.0,0.0,0.0,0.0,0.0,0.0,0.0,0.0,0.0,0.0,0.0,0.0
SF11C46891512282050980,23,,2019-05-18T23:00:00-0700,0.005701,0.005701,0.005277,0.03989,0.0,0.0,0.0,0.0,0.0,0.0,0.0,0.0,0.0,0.0,0.0,0.0,0.0,0.0,0.0,0.0,0.0,0.0,0.0,0.0,0.0,0.0,0.0,0.0,0.0,0.0,0.0,0.0,0.0,0.0,0.0,0.0,0.0,0.0,0.0,0.0,0.999567,,0.0,0.0,0.0,0.0,0.0,0.0,0.0,0.0,0.0,0.0,0.0,0.0,0.0,0.0,0.0,0.0,0.0,0.0,0.0,0.0,0.0
SF11C46891612282050980,0,,2019-05-18T00:00:00-0700,0.005701,0.005701,0.004756,0.000329,0.0,0.0,0.0,0.0,0.0,0.0,0.0,0.0,0.0,0.0,0.0,0.0,0.0,0.0,0.0,0.0,0.0,0.0,0.0,0.0,0.0,0.0,0.0,0.0,0.0,0.0,0.0,0.0,0.0,0.0,0.0,0.0,0.0,0.0,0.0,0.0,0.848241,,0.0,0.0,0.0,0.0,0.0,0.0,0.0,0.0,0.0,0.0,0.0,0.0,0.0,0.0,0.0,0.0,0.0,0.0,0.0,0.0,0.0
SF11C46891612282050980,1,,2019-05-18T01:00:00-0700,0.005701,0.005701,0.003952,0.000579,0.0,0.0,0.0,0.0,0.0,0.0,0.0,0.0,0.0,0.0,0.0,0.0,0.0,0.0,0.0,0.0,0.0,0.0,0.0,0.0,0.0,0.0,0.0,0.0,0.0,0.0,0.0,0.0,0.0,0.0,0.0,0.0,0.0,0.0,0.0,0.0,0.848241,,0.0,0.0,0.0,0.0,0.0,0.0,0.0,0.0,0.0,0.0,0.0,0.0,0.0,0.0,0.0,0.0,0.0,0.0,0.0,0.0,0.0
SF11C46891612282050980,2,,2019-05-18T02:00:00-0700,0.005701,0.005701,0.0034,0.000774,0.0,0.0,0.0,0.0,0.0,0.0,0.0,0.0,0.0,0.0,0.0,0.0,0.0,0.0,0.0,0.0,0.0,0.0,0.0,0.0,0.0,0.0,0.0,0.0,0.0,0.0,0.0,0.0,0.0,0.0,0.0,0.0,0.0,0.0,0.0,0.0,0.898827,,0.0,0.0,0.0,0.0,0.0,0.0,0.0,0.0,0.0,0.0,0.0,0.0,0.0,0.0,0.0,0.0,0.0,0.0,0.0,0.0,0.0
SF11C46891612282050980,3,,2019-05-18T03:00:00-0700,0.005701,0.005701,0.00302,0.00093,0.0,0.0,0.0,0.0,0.0,0.0,0.0,0.0,0.0,0.0,0.0,0.0,0.0,0.0,0.0,0.0,0.0,0.0,0.0,0.0,0.0,0.0,0.0,0.0,0.0,0.0,0.0,0.0,0.0,0.0,0.0,0.0,0.0,0.0,0.0,0.0,0.92412,,0.0,0.0,0.0,0.0,0.0,0.0,0.0,0.0,0.0,0.0,0.0,0.0,0.0,0.0,0.0,0.0,0.0,0.0,0.0,0.0,0.0
SF11C46891612282050980,4,,2019-05-18T04:00:00-0700,0.005701,0.005701,0.002759,0.001056,0.0,0.0,0.0,0.0,0.0,0.0,0.0,0.0,0.0,0.0,0.0,0.0,0.0,0.0,0.0,0.0,0.0,0.0,0.0,0.0,0.0,0.0,0.0,0.0,0.0,0.0,0.0,0.0,0.0,0.0,0.0,0.0,0.0,0.0,0.0,0.0,0.939296,,0.0,0.0,0.0,0.0,0.0,0.0,0.0,0.0,0.0,0.0,0.0,0.0,0.0,0.0,0.0,0.0,0.0,0.0,0.0,0.0,0.0
SF11C46891612282050980,5,,2019-05-18T05:00:00-0700,0.005701,0.005701,0.00258,0.001162,0.0,0.0,0.0,0.0,0.0,0.0,0.0,0.0,0.0,0.0,0.0,0.0,0.0,0.0,0.0,0.0,0.0,0.0,0.0,0.0,0.0,0.0,0.0,0.0,0.0,0.0,0.0,0.0,0.0,0.0,0.0,0.0,0.0,0.0,0.0,0.0,0.949414,,0.0,0.0,0.0,0.0,0.0,0.0,0.0,0.0,0.0,0.0,0.0,0.0,0.0,0.0,0.0,0.0,0.0,0.0,0.0,0.0,0.0
SF11C46891612282050980,6,,2019-05-18T06:00:00-0700,0.005701,0.005701,0.002457,0.001251,0.0,0.0,0.0,0.0,0.0,0.0,0.0,0.0,0.0,0.0,0.0,0.0,0.0,0.0,0.0,0.0,0.0,0.0,0.0,0.0,0.0,0.0,0.0,0.0,0.0,0.0,0.0,0.0,0.0,0.0,0.0,0.0,0.0,0.0,0.0,0.0,0.95664,,0.0,0.0,0.0,0.0,0.0,0.0,0.0,0.0,0.0,0.0,0.0,0.0,0.0,0.0,0.0,0.0,0.0,0.0,0.0,0.0,0.0
SF11C46891612282050980,7,,2019-05-18T07:00:00-0700,0.005701,0.005701,0.002372,0.001329,0.0,0.0,0.0,0.0,0.0,0.0,0.0,0.0,0.0,0.0,0.0,0.0,0.0,0.0,0.0,0.0,0.0,0.0,0.0,0.0,0.0,0.0,0.0,0.0,0.0,0.0,0.0,0.0,0.0,0.0,0.0,0.0,0.0,0.0,0.0,0.0,0.96206,,0.0,0.0,0.0,0.0,0.0,0.0,0.0,0.0,0.0,0.0,0.0,0.0,0.0,0.0,0.0,0.0,0.0,0.0,0.0,0.0,0.0
SF11C46891612282050980,8,,2019-05-18T08:00:00-0700,0.005701,0.005701,0.002186,0.001388,0.0,0.0,0.0,0.0,0.0,0.0,0.0,0.0,0.0,0.0,0.0,0.0,0.0,0.0,0.0,0.0,0.0,0.0,0.0,0.0,0.0,0.0,0.0,0.0,0.0,0.0,0.0,0.0,0.0,0.0,0.0,0.0,0.0,0.0,0.0,0.0,0.966276,,0.0,0.0,0.0,0.0,0.0,0.0,0.0,0.0,0.0,0.0,0.0,0.0,0.0,0.0,0.0,0.0,0.0,0.0,0.0,0.0,0.0
SF11C46891612282050980,9,,2019-05-18T09:00:00-0700,0.005701,0.005701,0.00287,0.00149,0.0,0.0,0.0,0.0,0.0,0.0,0.0,0.0,0.0,0.0,0.0,0.0,0.0,0.0,0.0,0.0,0.0,0.0,0.0,0.0,0.0,0.0,0.0,0.0,0.0,0.0,0.0,0.0,0.0,0.0,0.0,0.0,0.0,0.0,0.0,0.0,0.969648,,0.0,0.0,0.0,0.0,0.0,0.0,0.0,0.0,0.0,0.0,0.0,0.0,0.0,0.0,0.0,0.0,0.0,0.0,0.0,0.0,0.0
SF11C46891612282050980,10,,2019-05-18T10:00:00-0700,0.020004,0.020004,0.012411,0.002246,0.0,0.0,0.0,0.0,0.0,0.0,0.0,0.0,0.0,0.0,0.0,0.0,0.0,0.0,0.0,0.0,0.0,0.0,0.0,0.0,0.0,0.0,0.0,0.0,0.0,0.0,0.0,0.0,0.0,0.0,0.0,0.0,0.0,0.0,0.0,0.0,0.822267,,0.0,0.0,0.0,0.0,0.0,0.0,0.0,0.0,0.0,0.0,0.0,0.0,0.0,0.0,0.0,0.0,0.0,0.0,0.0,0.0,0.0
SF11C46891612282050980,11,,2019-05-18T11:00:00-0700,0.040008,0.040008,0.029269,0.004114,0.0,0.0,0.0,0.0,0.0,0.0,0.0,0.0,0.0,0.0,0.0,0.0,0.0,0.0,0.0,0.0,0.0,0.0,0.0,0.0,0.0,0.0,0.0,0.0,0.0,0.0,0.0,0.0,0.0,0.0,0.0,0.0,0.0,0.0,0.0,0.0,0.67521,,0.0,0.0,0.0,0.0,0.0,0.0,0.0,0.0,0.0,0.0,0.0,0.0,0.0,0.0,0.0,0.0,0.0,0.0,0.0,0.0,0.0
SF11C46891612282050980,12,,2019-05-18T12:00:00-0700,0.070014,0.070014,0.058404,0.007868,0.0,0.0,0.0,0.0,0.0,0.0,0.0,0.0,0.0,0.0,0.0,0.0,0.0,0.0,0.0,0.0,0.0,0.0,0.0,0.0,0.0,0.0,0.0,0.0,0.0,0.0,0.0,0.0,0.0,0.0,0.0,0.0,0.0,0.0,0.0,0.0,0.644382,,0.0,0.0,0.0,0.0,0.0,0.0,0.0,0.0,0.0,0.0,0.0,0.0,0.0,0.0,0.0,0.0,0.0,0.0,0.0,0.0,0.0
SF11C46891612282050980,13,,2019-05-18T13:00:00-0700,0.10002,0.10002,0.092587,0.013726,0.0,0.0,0.0,0.0,0.0,0.0,0.0,0.0,0.0,0.0,0.0,0.0,0.0,0.0,0.0,0.0,0.0,0.0,0.0,0.0,0.0,0.0,0.0,0.0,0.0,0.0,0.0,0.0,0.0,0.0,0.0,0.0,0.0,0.0,0.0,0.0,0.668988,,0.0,0.0,0.0,0.0,0.0,0.0,0.0,0.0,0.0,0.0,0.0,0.0,0.0,0.0,0.0,0.0,0.0,0.0,0.0,0.0,0.0
SF11C46891612282050980,14,,2019-05-18T14:00:00-0700,0.130026,0.130026,0.130525,0.021803,0.0,0.0,0.0,0.0,0.0,0.0,0.0,0.0,0.0,0.0,0.0,0.0,0.0,0.0,0.0,0.0,0.0,0.0,0.0,0.0,0.0,0.0,0.0,0.0,0.0,0.0,0.0,0.0,0.0,0.0,0.0,0.0,0.0,0.0,0.0,0.0,0.703836,,0.0,0.0,0.0,0.0,0.0,0.0,0.0,0.0,0.0,0.0,0.0,0.0,0.0,0.0,0.0,0.0,0.0,0.0,0.0,0.0,0.0
SF11C46891612282050980,15,,2019-05-18T15:00:00-0700,0.160032,0.160032,0.170708,0.032099,0.0,0.0,0.0,0.0,0.0,0.0,0.0,0.0,0.0,0.0,0.0,0.0,0.0,0.0,0.0,0.0,0.0,0.0,0.0,0.0,0.0,0.0,0.0,0.0,0.0,0.0,0.0,0.0,0.0,0.0,0.0,0.0,0.0,0.0,0.0,0.0,0.659199,,0.0,0.0,0.0,0.0,0.0,0.0,0.0,0.0,0.0,0.0,0.0,0.0,0.0,0.0,0.0,0.0,0.0,0.0,0.0,0.0,0.0
SF11C46891612282050980,16,,2019-05-18T16:00:00-0700,0.170034,0.170034,0.189207,0.042963,0.0,0.0,0.0,0.0,0.0,0.0,0.0,0.0,0.0,0.0,0.0,0.0,0.0,0.0,0.0,0.0,0.0,0.0,0.0,0.0,0.0,0.0,0.0,0.0,0.0,0.0,0.0,0.0,0.0,0.0,0.0,0.0,0.0,0.0,0.0,0.0,0.637899,,0.0,0.0,0.0,0.0,0.0,0.0,0.0,0.0,0.0,0.0,0.0,0.0,0.0,0.0,0.0,0.0,0.0,0.0,0.0,0.0,0.0
SF11C46891612282050980,17,,2019-05-18T17:00:00-0700,0.120024,0.120024,0.13693,0.049461,0.0,0.0,0.0,0.0,0.0,0.0,0.0,0.0,0.0,0.0,0.0,0.0,0.0,0.0,0.0,0.0,0.0,0.0,0.0,0.0,0.0,0.0,0.0,0.0,0.0,0.0,0.0,0.0,0.0,0.0,0.0,0.0,0.0,0.0,0.0,0.0,0.7444,,0.0,0.0,0.0,0.0,0.0,0.0,0.0,0.0,0.0,0.0,0.0,0.0,0.0,0.0,0.0,0.0,0.0,0.0,0.0,0.0,0.0
SF11C46891612282050980,18,,2019-05-18T18:00:00-0700,0.070014,0.070014,0.080537,0.05161,0.0,0.0,0.0,0.0,0.0,0.0,0.0,0.0,0.0,0.0,0.0,0.0,0.0,0.0,0.0,0.0,0.0,0.0,0.0,0.0,0.0,0.0,0.0,0.0,0.0,0.0,0.0,0.0,0.0,0.0,0.0,0.0,0.0,0.0,0.0,0.0,0.8509,,0.0,0.0,0.0,0.0,0.0,0.0,0.0,0.0,0.0,0.0,0.0,0.0,0.0,0.0,0.0,0.0,0.0,0.0,0.0,0.0,0.0
SF11C46891612282050980,19,,2019-05-18T19:00:00-0700,0.040008,0.040008,0.045643,0.051197,0.0,0.0,0.0,0.0,0.0,0.0,0.0,0.0,0.0,0.0,0.0,0.0,0.0,0.0,0.0,0.0,0.0,0.0,0.0,0.0,0.0,0.0,0.0,0.0,0.0,0.0,0.0,0.0,0.0,0.0,0.0,0.0,0.0,0.0,0.0,0.0,0.9148,,0.0,0.0,0.0,0.0,0.0,0.0,0.0,0.0,0.0,0.0,0.0,0.0,0.0,0.0,0.0,0.0,0.0,0.0,0.0,0.0,0.0
SF11C46891612282050980,20,,2019-05-18T20:00:00-0700,0.005701,0.005701,0.006344,0.048096,0.0,0.0,0.0,0.0,0.0,0.0,0.0,0.0,0.0,0.0,0.0,0.0,0.0,0.0,0.0,0.0,0.0,0.0,0.0,0.0,0.0,0.0,0.0,0.0,0.0,0.0,0.0,0.0,0.0,0.0,0.0,0.0,0.0,0.0,0.0,0.0,0.987859,,0.0,0.0,0.0,0.0,0.0,0.0,0.0,0.0,0.0,0.0,0.0,0.0,0.0,0.0,0.0,0.0,0.0,0.0,0.0,0.0,0.0
SF11C46891612282050980,21,,2019-05-18T21:00:00-0700,0.005701,0.005701,0.006081,0.04519,0.0,0.0,0.0,0.0,0.0,0.0,0.0,0.0,0.0,0.0,0.0,0.0,0.0,0.0,0.0,0.0,0.0,0.0,0.0,0.0,0.0,0.0,0.0,0.0,0.0,0.0,0.0,0.0,0.0,0.0,0.0,0.0,0.0,0.0,0.0,0.0,0.996121,,0.0,0.0,0.0,0.0,0.0,0.0,0.0,0.0,0.0,0.0,0.0,0.0,0.0,0.0,0.0,0.0,0.0,0.0,0.0,0.0,0.0
SF11C46891612282050980,22,,2019-05-18T22:00:00-0700,0.005701,0.005701,0.005723,0.042461,0.0,0.0,0.0,0.0,0.0,0.0,0.0,0.0,0.0,0.0,0.0,0.0,0.0,0.0,0.0,0.0,0.0,0.0,0.0,0.0,0.0,0.0,0.0,0.0,0.0,0.0,0.0,0.0,0.0,0.0,0.0,0.0,0.0,0.0,0.0,0.0,0.996121,,0.0,0.0,0.0,0.0,0.0,0.0,0.0,0.0,0.0,0.0,0.0,0.0,0.0,0.0,0.0,0.0,0.0,0.0,0.0,0.0,0.0
SF11C46891612282050980,23,,2019-05-18T23:00:00-0700,0.005701,0.005701,0.005277,0.03989,0.0,0.0,0.0,0.0,0.0,0.0,0.0,0.0,0.0,0.0,0.0,0.0,0.0,0.0,0.0,0.0,0.0,0.0,0.0,0.0,0.0,0.0,0.0,0.0,0.0,0.0,0.0,0.0,0.0,0.0,0.0,0.0,0.0,0.0,0.0,0.0,0.996121,,0.0,0.0,0.0,0.0,0.0,0.0,0.0,0.0,0.0,0.0,0.0,0.0,0.0,0.0,0.0,0.0,0.0,0.0,0.0,0.0,0.0
SF11C46891712282050980,0,,2019-05-18T00:00:00-0500,0.005701,0.005701,0.004756,0.000329,0.002832644468,0.0033425191040000004,0.027937328626000003,0.641897048564,0.001486359019,0.0009416227680000001,0.000469408938,0.00038131708600000003,0.00674776061,0.002832644468,0.0033425191040000004,0.027937328626000003,0.641897048564,0.001486359019,0.0009416227680000001,0.000469408938,0.00038131708600000003,0.00674776061,0.0,0.0,0.0,0.0,0.0,0.0,0.0,0.0,0.0,0.0,0.0,0.0,0.0,0.0,0.0,0.0,0.0,0.0,0.961061,895712.8513542301,4.096793,4.1154679,4.1341428,4.1528177,4.1714926,4.190167499999999,4.2088424,4.2275173,4.246192199999999,4.2648671,4.283542,4.3022168999999995,4.3208918,4.3395667,4.3582415999999995,4.3769165,4.3955914,4.4142662999999995,4.432941199999999,4.4516161,4.470291
SF11C46891712282050980,1,,2019-05-18T01:00:00-0500,0.005701,0.005701,0.003952,0.000579,0.002832644468,0.0033425191040000004,0.027937328626000003,0.641897048564,0.001486359019,0.0009416227680000001,0.000469408938,0.00038131708600000003,0.00674776061,0.002832644468,0.0033425191040000004,0.027937328626000003,0.641897048564,0.001486359019,0.0009416227680000001,0.000469408938,0.00038131708600000003,0.00674776061,0.0,0.0,0.0,0.0,0.0,0.0,0.0,0.0,0.0,0.0,0.0,0.0,0.0,0.0,0.0,0.0,0.0,0.0,0.961061,895712.8513542301,4.096793,4.1317398,4.1666866,4.2016333999999995,4.2365802,4.271527,4.3064738,4.3414206,4.3763673999999995,4.4113142,4.446261,4.4812078,4.5161546,4.551101399999999,4.5860482,4.620995,4.6559418,4.690888599999999,4.725835399999999,4.7607821999999995,4.795729
SF11C46891712282050980,2,,2019-05-18T02:00:00-0500,0.005701,0.005701,0.0034,0.000774,0.002832644468,0.0033425191040000004,0.027937328626000003,0.641897048564,0.001486359019,0.0009416227680000001,0.000469408938,0.00038131708600000003,0.00674776061,0.002832644468,0.0033425191040000004,0.027937328626000003,0.641897048564,0.001486359019,0.0009416227680000001,0.000469408938,0.00038131708600000003,0.00674776061,0.0,0.0,0.0,0.0,0.0,0.0,0.0,0.0,0.0,0.0,0.0,0.0,0.0,0.0,0.0,0.0,0.0,0.0,0.97404,895712.8513542301,4.096793,4.30163265,4.5064722999999995,4.71131195,4.9161516,5.120991249999999,5.3258309,5.53067055,5.7355102,5.94034985,6.1451895,6.350029149999999,6.5548687999999995,6.75970845,6.9645481,7.16938775,7.3742274,7.579067049999999,7.783906699999999,7.9887463499999996,8.193586
SF11C46891712282050980,3,,2019-05-18T03:00:00-0500,0.005701,0.005701,0.00302,0.00093,0.002832644468,0.0033425191040000004,0.027937328626000003,0.641897048564,0.001486359019,0.0009416227680000001,0.000469408938,0.00038131708600000003,0.00674776061,0.002832644468,0.0033425191040000004,0.027937328626000003,0.641897048564,0.001486359019,0.0009416227680000001,0.000469408938,0.00038131708600000003,0.00674776061,0.0,0.0,0.0,0.0,0.0,0.0,0.0,0.0,0.0,0.0,0.0,0.0,0.0,0.0,0.0,0.0,0.0,0.0,0.98053,895712.8513542301,4.096793,4.30163265,4.5064722999999995,4.71131195,4.9161516,5.120991249999999,5.3258309,5.53067055,5.7355102,5.94034985,6.1451895,6.350029149999999,6.5548687999999995,6.75970845,6.9645481,7.16938775,7.3742274,7.579067049999999,7.783906699999999,7.9887463499999996,8.193586
SF11C46891712282050980,4,,2019-05-18T04:00:00-0500,0.005701,0.005701,0.002759,0.001056,0.002832644468,0.0033425191040000004,0.027937328626000003,0.641897048564,0.001486359019,0.0009416227680000001,0.000469408938,0.00038131708600000003,0.00674776061,0.002832644468,0.0033425191040000004,0.027937328626000003,0.641897048564,0.001486359019,0.0009416227680000001,0.000469408938,0.00038131708600000003,0.00674776061,0.0,0.0,0.0,0.0,0.0,0.0,0.0,0.0,0.0,0.0,0.0,0.0,0.0,0.0,0.0,0.0,0.0,0.0,0.984424,895712.8513542301,4.096793,4.30163265,4.5064722999999995,4.71131195,4.9161516,5.120991249999999,5.3258309,5.53067055,5.7355102,5.94034985,6.1451895,6.350029149999999,6.5548687999999995,6.75970845,6.9645481,7.16938775,7.3742274,7.579067049999999,7.783906699999999,7.9887463499999996,8.193586
SF11C46891712282050980,5,,2019-05-18T05:00:00-0500,0.005701,0.005701,0.00258,0.001162,0.002832644468,0.0033425191040000004,0.027937328626000003,0.641897048564,0.001486359019,0.0009416227680000001,0.000469408938,0.00038131708600000003,0.00674776061,0.002832644468,0.0033425191040000004,0.027937328626000003,0.641897048564,0.001486359019,0.0009416227680000001,0.000469408938,0.00038131708600000003,0.00674776061,0.0,0.0,0.0,0.0,0.0,0.0,0.0,0.0,0.0,0.0,0.0,0.0,0.0,0.0,0.0,0.0,0.0,0.0,0.98702,895712.8513542301,4.096793,4.30163265,4.5064722999999995,4.71131195,4.9161516,5.120991249999999,5.3258309,5.53067055,5.7355102,5.94034985,6.1451895,6.350029149999999,6.5548687999999995,6.75970845,6.9645481,7.16938775,7.3742274,7.579067049999999,7.783906699999999,7.9887463499999996,8.193586
SF11C46891712282050980,6,,2019-05-18T06:00:00-0500,0.005701,0.005701,0.002457,0.001251,0.002832644468,0.0033425191040000004,0.027937328626000003,0.641897048564,0.001486359019,0.0009416227680000001,0.000469408938,0.00038131708600000003,0.00674776061,0.002832644468,0.0033425191040000004,0.027937328626000003,0.641897048564,0.001486359019,0.0009416227680000001,0.000469408938,0.00038131708600000003,0.00674776061,0.0,0.0,0.0,0.0,0.0,0.0,0.0,0.0,0.0,0.0,0.0,0.0,0.0,0.0,0.0,0.0,0.0,0.0,0.988874,895712.8513542301,4.096793,4.30163265,4.5064722999999995,4.71131195,4.9161516,5.120991249999999,5.3258309,5.53067055,5.7355102,5.94034985,6.1451895,6.350029149999999,6.5548687999999995,6.75970845,6.9645481,7.16938775,7.3742274,7.579067049999999,7.783906699999999,7.9887463499999996,8.193586
SF11C46891712282050980,7,,2019-05-18T07:00:00-0500,0.005701,0.005701,0.002372,0.001329,0.002832644468,0.0033425191040000004,0.027937328626000003,0.641897048564,0.001486359019,0.0009416227680000001,0.000469408938,0.00038131708600000003,0.00674776061,0.002832644468,0.0033425191040000004,0.027937328626000003,0.641897048564,0.001486359019,0.0009416227680000001,0.000469408938,0.00038131708600000003,0.00674776061,0.0,0.0,0.0,0.0,0.0,0.0,0.0,0.0,0.0,0.0,0.0,0.0,0.0,0.0,0.0,0.0,0.0,0.0,0.990265,895712.8513542301,4.096793,4.30163265,4.5064722999999995,4.71131195,4.9161516,5.120991249999999,5.3258309,5.53067055,5.7355102,5.94034985,6.1451895,6.350029149999999,6.5548687999999995,6.75970845,6.9645481,7.16938775,7.3742274,7.579067049999999,7.783906699999999,7.9887463499999996,8.193586
SF11C46891712282050980,8,,2019-05-18T08:00:00-0500,0.005701,0.005701,0.002186,0.001388,0.002832644468,0.0033425191040000004,0.027937328626000003,0.641897048564,0.001486359019,0.0009416227680000001,0.000469408938,0.00038131708600000003,0.00674776061,0.002832644468,0.0033425191040000004,0.027937328626000003,0.641897048564,0.001486359019,0.0009416227680000001,0.000469408938,0.00038131708600000003,0.00674776061,0.0,0.0,0.0,0.0,0.0,0.0,0.0,0.0,0.0,0.0,0.0,0.0,0.0,0.0,0.0,0.0,0.0,0.0,0.991347,895712.8513542301,4.096793,4.30163265,4.5064722999999995,4.71131195,4.9161516,5.120991249999999,5.3258309,5.53067055,5.7355102,5.94034985,6.1451895,6.350029149999999,6.5548687999999995,6.75970845,6.9645481,7.16938775,7.3742274,7.579067049999999,7.783906699999999,7.9887463499999996,8.193586
SF11C46891712282050980,9,,2019-05-18T09:00:00-0500,0.005701,0.005701,0.00287,0.00149,0.002832644468,0.0033425191040000004,0.027937328626000003,0.641897048564,0.001486359019,0.0009416227680000001,0.000469408938,0.00038131708600000003,0.00674776061,0.002832644468,0.0033425191040000004,0.027937328626000003,0.641897048564,0.001486359019,0.0009416227680000001,0.000469408938,0.00038131708600000003,0.00674776061,0.0,0.0,0.0,0.0,0.0,0.0,0.0,0.0,0.0,0.0,0.0,0.0,0.0,0.0,0.0,0.0,0.0,0.0,0.992212,895712.8513542301,4.096793,4.30163265,4.5064722999999995,4.71131195,4.9161516,5.120991249999999,5.3258309,5.53067055,5.7355102,5.94034985,6.1451895,6.350029149999999,6.5548687999999995,6.75970845,6.9645481,7.16938775,7.3742274,7.579067049999999,7.783906699999999,7.9887463499999996,8.193586
SF11C46891712282050980,10,,2019-05-18T10:00:00-0500,0.020004,0.020004,0.012411,0.002246,0.009939347472,0.011728425216000002,0.098028121704,2.252325655056,0.005215422876,0.0033040206720000003,0.001647089352,0.0013379875440000001,0.023676934440000002,0.009939347472,0.011728425216000002,0.098028121704,2.252325655056,0.005215422876,0.0033040206720000003,0.001647089352,0.0013379875440000001,0.023676934440000002,0.0,0.0,0.0,0.0,0.0,0.0,0.0,0.0,0.0,0.0,0.0,0.0,0.0,0.0,0.0,0.0,0.0,0.0,0.954396,3142929.2893334534,14.356606,15.074436299999999,15.7922666,16.5100969,17.2279272,17.9457575,18.6635878,19.381418099999998,20.0992484,20.8170787,21.534909,22.2527393,22.970569599999997,23.6883999,24.406230199999996,25.1240605,25.841890799999998,26.559721099999997,27.2775514,27.995381699999996,28.713212
SF11C46891712282050980,11,,2019-05-18T11:00:00-0500,0.040008,0.040008,0.029269,0.004114,0.019878694944,0.023456850432000003,0.196056243408,4.504651310112,0.010430845752,0.006608041344000001,0.003294178704,0.0026759750880000002,0.047353868880000004,0.019878694944,0.023456850432000003,0.196056243408,4.504651310112,0.010430845752,0.006608041344000001,0.003294178704,0.0026759750880000002,0.047353868880000004,0.0,0.0,0.0,0.0,0.0,0.0,0.0,0.0,0.0,0.0,0.0,0.0,0.0,0.0,0.0,0.0,0.0,0.0,0.859862,6285858.578666907,28.661685,28.892940199999998,29.124195399999998,29.355450599999998,29.586705799999997,29.817960999999997,30.0492162,30.2804714,30.5117266,30.7429818,30.974237,31.2054922,31.436747399999998,31.668002599999998,31.899257799999997,32.130513,32.3617682,32.5930234,32.8242786,33.0555338,33.286789
SF11C46891712282050980,12,,2019-05-18T12:00:00-0500,0.070014,0.070014,0.058404,0.007868,0.034787716152,0.04104948825600001,0.3430984259640001,7.883139792696,0.018253980066,0.011564072352000002,0.005764812732,0.004682956404,0.08286927054000001,0.034787716152,0.04104948825600001,0.3430984259640001,7.883139792696,0.018253980066,0.011564072352000002,0.005764812732,0.004682956404,0.08286927054000001,0.0,0.0,0.0,0.0,0.0,0.0,0.0,0.0,0.0,0.0,0.0,0.0,0.0,0.0,0.0,0.0,0.0,0.0,0.718694,11000252.512667088,50.023092,51.05895985,52.094827699999996,53.13069555,54.1665634,55.20243125,56.2382991,57.27416695,58.3100348,59.34590265,60.3817705,61.41763835,62.4535062,63.489374049999995,64.5252419,65.56110975,66.5969776,67.63284544999999,68.66871330000001,69.70458115,70.740449
SF11C46891712282050980,13,,2019-05-18T13:00:00-0500,0.10002,0.10002,0.092587,0.013726,0.04969673736,0.05864212608,0.49014060852,11.26162827528,0.02607711438,0.01652010336,0.008235446759999999,0.00668993772,0.1183846722,0.04969673736,0.05864212608,0.49014060852,11.26162827528,0.02607711438,0.01652010336,0.008235446759999999,0.00668993772,0.1183846722,0.0,0.0,0.0,0.0,0.0,0.0,0.0,0.0,0.0,0.0,0.0,0.0,0.0,0.0,0.0,0.0,0.0,0.0,0.668988,15714646.446667267,71.269598,72.53646475000001,73.8033315,75.07019825,76.337065,77.60393175,78.8707985,80.13766525,81.404532,82.67139875,83.9382655,85.20513224999999,86.471999,87.73886575,89.0057325,90.27259925,91.539466,92.80633275,94.0731995,95.34006624999999,96.606933
SF11C46891712282050980,14,,2019-05-18T14:00:00-0500,0.130026,0.130026,0.130525,0.021803,0.064605758568,0.07623476390400001,0.6371827910760001,14.640116757864,0.033900248694,0.021476134368000003,0.010706080788,0.008696919036,0.15390007386000001,0.064605758568,0.07623476390400001,0.6371827910760001,14.640116757864,0.033900248694,0.021476134368000003,0.010706080788,0.008696919036,0.15390007386000001,0.0,0.0,0.0,0.0,0.0,0.0,0.0,0.0,0.0,0.0,0.0,0.0,0.0,0.0,0.0,0.0,0.0,0.0,0.703836,20429040.380667448,92.401821,93.07053345,93.7392459,94.40795835,95.0766708,95.74538325,96.4140957,97.08280815,97.7515206,98.42023305000001,99.0889455,99.75765795000001,100.4263704,101.09508285,101.7637953,102.43250775,103.1012202,103.76993265,104.4386451,105.10735755,105.77607
SF11C46891712282050980,15,,2019-05-18T15:00:00-0500,0.160032,0.160032,0.170708,0.032099,0.079514779776,0.09382740172800001,0.784224973632,18.018605240448,0.041723383008,0.026432165376000002,0.013176714816,0.010703900352000001,0.18941547552000002,0.079514779776,0.09382740172800001,0.784224973632,18.018605240448,0.041723383008,0.026432165376000002,0.013176714816,0.010703900352000001,0.18941547552000002,0.0,0.0,0.0,0.0,0.0,0.0,0.0,0.0,0.0,0.0,0.0,0.0,0.0,0.0,0.0,0.0,0.0,0.0,0.736568,25143434.314667627,113.420377,119.09139585,124.76241470000001,130.43343355000002,136.1044524,141.77547125,147.4464901,153.11750895,158.7885278,164.45954665,170.1305655,175.80158435,181.4726032,187.14362205,192.8146409,198.48565975000002,204.15667860000002,209.82769745000002,215.4987163,221.16973515,226.840754
SF11C46891712282050980,16,,2019-05-18T16:00:00-0500,0.170034,0.170034,0.189207,0.042963,0.08448445351199999,0.099691614336,0.833239034484,19.144768067976,0.044331094445999995,0.028084175712,0.014000259491999999,0.011372894124,0.20125394274,0.08448445351199999,0.099691614336,0.833239034484,19.144768067976,0.044331094445999995,0.028084175712,0.014000259491999999,0.011372894124,0.20125394274,0.0,0.0,0.0,0.0,0.0,0.0,0.0,0.0,0.0,0.0,0.0,0.0,0.0,0.0,0.0,0.0,0.0,0.0,0.783801,26714898.959334355,120.401408,126.4214784,132.4415488,138.4616192,144.4816896,150.50176,156.5218304,162.5419008,168.56197120000002,174.5820416,180.602112,186.62218239999999,192.6422528,198.6623232,204.6823936,210.70246400000002,216.7225344,222.74260479999998,228.7626752,234.7827456,240.802816
SF11C46891712282050980,17,,2019-05-18T17:00:00-0500,0.120024,0.120024,0.13693,0.049461,0.059636084832,0.070370551296,0.5881687302240001,13.513953930336,0.031292537256,0.019824124032000002,0.009882536112,0.008027925264,0.14206160664,0.059636084832,0.070370551296,0.5881687302240001,13.513953930336,0.031292537256,0.019824124032000002,0.009882536112,0.008027925264,0.14206160664,0.0,0.0,0.0,0.0,0.0,0.0,0.0,0.0,0.0,0.0,0.0,0.0,0.0,0.0,0.0,0.0,0.0,0.0,0.868512,18857575.73600072,85.370407,89.63892735,93.9074477,98.17596805,102.4444884,106.71300875,110.9815291,115.25004945,119.5185698,123.78709015000001,128.0556105,132.32413085000002,136.5926512,140.86117155,145.1296919,149.39821225,153.6667326,157.93525295,162.20377330000002,166.47229364999998,170.740814
SF11C46891712282050980,18,,2019-05-18T18:00:00-0500,0.070014,0.070014,0.080537,0.05161,0.034787716152,0.04104948825600001,0.3430984259640001,7.883139792696,0.018253980066,0.011564072352000002,0.005764812732,0.004682956404,0.08286927054000001,0.034787716152,0.04104948825600001,0.3430984259640001,7.883139792696,0.018253980066,0.011564072352000002,0.005764812732,0.004682956404,0.08286927054000001,0.0,0.0,0.0,0.0,0.0,0.0,0.0,0.0,0.0,0.0,0.0,0.0,0.0,0.0,0.0,0.0,0.0,0.0,0.929029,11000252.512667088,50.023092,52.5242466,55.0254012,57.5265558,60.0277104,62.528864999999996,65.0300196,67.5311742,70.0323288,72.5334834,75.034638,77.5357926,80.0369472,82.53810179999999,85.0392564,87.540411,90.0415656,92.54272019999999,95.0438748,97.5450294,100.046184
SF11C46891712282050980,19,,2019-05-18T19:00:00-0500,0.040008,0.040008,0.045643,0.051197,0.019878694944,0.023456850432000003,0.196056243408,4.504651310112,0.010430845752,0.006608041344000001,0.003294178704,0.0026759750880000002,0.047353868880000004,0.019878694944,0.023456850432000003,0.196056243408,4.504651310112,0.010430845752,0.006608041344000001,0.003294178704,0.0026759750880000002,0.047353868880000004,0.0,0.0,0.0,0.0,0.0,0.0,0.0,0.0,0.0,0.0,0.0,0.0,0.0,0.0,0.0,0.0,0.0,0.0,0.969233,6285858.578666907,28.661685,30.09476925,31.5278535,32.96093775,34.394022,35.82710625,37.26019049999999,38.69327475,40.126358999999994,41.55944325,42.992527499999994,44.425611749999995,45.858695999999995,47.291780249999995,48.724864499999995,50.157948749999996,51.591032999999996,53.024117249999996,54.4572015,55.89028575,57.32337
SF11C46891712282050980,20,,2019-05-18T20:00:00-0500,0.005701,0.005701,0.006344,0.048096,0.002832644468,0.0033425191040000004,0.027937328626000003,0.641897048564,0.001486359019,0.0009416227680000001,0.000469408938,0.00038131708600000003,0.00674776061,0.002832644468,0.0033425191040000004,0.027937328626000003,0.641897048564,0.001486359019,0.0009416227680000001,0.000469408938,0.00038131708600000003,0.00674776061,0.0,0.0,0.0,0.0,0.0,0.0,0.0,0.0,0.0,0.0,0.0,0.0,0.0,0.0,0.0,0.0,0.0,0.0,0.998189,895712.8513542301,4.096793,4.30163265,4.5064722999999995,4.71131195,4.9161516,5.120991249999999,5.3258309,5.53067055,5.7355102,5.94034985,6.1451895,6.350029149999999,6.5548687999999995,6.75970845,6.9645481,7.16938775,7.3742274,7.579067049999999,7.783906699999999,7.9887463499999996,8.193586
SF11C46891712282050980,21,,2019-05-18T21:00:00-0500,0.005701,0.005701,0.006081,0.04519,0.002832644468,0.0033425191040000004,0.027937328626000003,0.641897048564,0.001486359019,0.0009416227680000001,0.000469408938,0.00038131708600000003,0.00674776061,0.002832644468,0.0033425191040000004,0.027937328626000003,0.641897048564,0.001486359019,0.0009416227680000001,0.000469408938,0.00038131708600000003,0.00674776061,0.0,0.0,0.0,0.0,0.0,0.0,0.0,0.0,0.0,0.0,0.0,0.0,0.0,0.0,0.0,0.0,0.0,0.0,0.999551,895712.8513542301,4.096793,4.30163265,4.5064722999999995,4.71131195,4.9161516,5.120991249999999,5.3258309,5.53067055,5.7355102,5.94034985,6.1451895,6.350029149999999,6.5548687999999995,6.75970845,6.9645481,7.16938775,7.3742274,7.579067049999999,7.783906699999999,7.9887463499999996,8.193586
SF11C46891712282050980,22,,2019-05-18T22:00:00-0500,0.005701,0.005701,0.005723,0.042461,0.002832644468,0.0033425191040000004,0.027937328626000003,0.641897048564,0.001486359019,0.0009416227680000001,0.000469408938,0.00038131708600000003,0.00674776061,0.002832644468,0.0033425191040000004,0.027937328626000003,0.641897048564,0.001486359019,0.0009416227680000001,0.000469408938,0.00038131708600000003,0.00674776061,0.0,0.0,0.0,0.0,0.0,0.0,0.0,0.0,0.0,0.0,0.0,0.0,0.0,0.0,0.0,0.0,0.0,0.0,0.999553,895712.8513542301,4.096793,4.30163265,4.5064722999999995,4.71131195,4.9161516,5.120991249999999,5.3258309,5.53067055,5.7355102,5.94034985,6.1451895,6.350029149999999,6.5548687999999995,6.75970845,6.9645481,7.16938775,7.3742274,7.579067049999999,7.783906699999999,7.9887463499999996,8.193586
SF11C46891712282050980,23,,2019-05-18T23:00:00-0500,0.005701,0.005701,0.005277,0.03989,0.002832644468,0.0033425191040000004,0.027937328626000003,0.641897048564,0.001486359019,0.0009416227680000001,0.000469408938,0.00038131708600000003,0.00674776061,0.002832644468,0.0033425191040000004,0.027937328626000003,0.641897048564,0.001486359019,0.0009416227680000001,0.000469408938,0.00038131708600000003,0.00674776061,0.0,0.0,0.0,0.0,0.0,0.0,0.0,0.0,0.0,0.0,0.0,0.0,0.0,0.0,0.0,0.0,0.0,0.0,0.999556,895712.8513542301,4.096793,4.30163265,4.5064722999999995,4.71131195,4.9161516,5.120991249999999,5.3258309,5.53067055,5.7355102,5.94034985,6.1451895,6.350029149999999,6.5548687999999995,6.75970845,6.9645481,7.16938775,7.3742274,7.579067049999999,7.783906699999999,7.9887463499999996,8.193586
SF11C46891812282050980,0,,2019-05-18T00:00:00-0500,0.005701,0.005701,0.004403,0.000304,0.001958299201,0.002310792031,0.019313973222,0.443764061288,0.001027565343,0.000650974386,0.000324518023,0.00026361424000000003,0.004664940167,0.001958299201,0.002310792031,0.019313973222,0.443764061288,0.001027565343,0.000650974386,0.000324518023,0.00026361424000000003,0.004664940167,0.0,0.0,0.0,0.0,0.0,0.0,0.0,0.0,0.0,0.0,0.0,0.0,0.0,0.0,0.0,0.0,0.0,0.0,0.97308,575195.3259265776,2.832693,2.83458415,2.8364753,2.83836645,2.8402575999999997,2.84214875,2.8440399,2.84593105,2.8478222,2.84971335,2.8516044999999997,2.8534956499999997,2.8553868,2.85727795,2.8591691,2.86106025,2.8629514,2.8648425499999997,2.8667336999999997,2.86862485,2.870516
SF11C46891812282050980,1,,2019-05-18T01:00:00-0500,0.005701,0.005701,0.003775,0.000544,0.001958299201,0.002310792031,0.019313973222,0.443764061288,0.001027565343,0.000650974386,0.000324518023,0.00026361424000000003,0.004664940167,0.001958299201,0.002310792031,0.019313973222,0.443764061288,0.001027565343,0.000650974386,0.000324518023,0.00026361424000000003,0.004664940167,0.0,0.0,0.0,0.0,0.0,0.0,0.0,0.0,0.0,0.0,0.0,0.0,0.0,0.0,0.0,0.0,0.0,0.0,0.97308,575195.3259265776,2.832693,2.8450328,2.8573725999999997,2.8697124,2.8820522,2.894392,2.9067318,2.9190716,2.9314114,2.9437512,2.956091,2.9684308,2.9807706,2.9931104,3.0054502000000003,3.01779,3.0301298,3.0424696,3.0548094,3.0671492000000002,3.079489
SF11C46891812282050980,2,,2019-05-18T02:00:00-0500,0.005701,0.005701,0.003325,0.000737,0.001958299201,0.002310792031,0.019313973222,0.443764061288,0.001027565343,0.000650974386,0.000324518023,0.00026361424000000003,0.004664940167,0.001958299201,0.002310792031,0.019313973222,0.443764061288,0.001027565343,0.000650974386,0.000324518023,0.00026361424000000003,0.004664940167,0.0,0.0,0.0,0.0,0.0,0.0,0.0,0.0,0.0,0.0,0.0,0.0,0.0,0.0,0.0,0.0,0.0,0.0,0.982053,575195.3259265776,2.832693,2.9743276499999998,3.1159623,3.25759695,3.3992316,3.5408662499999997,3.6825009,3.82413555,3.9657701999999997,4.10740485,4.2490395,4.39067415,4.5323088,4.6739434499999994,4.8155781,4.95721275,5.0988474,5.24048205,5.3821167,5.5237513499999995,5.665386
SF11C46891812282050980,3,,2019-05-18T03:00:00-0500,0.005701,0.005701,0.003003,0.000893,0.001958299201,0.002310792031,0.019313973222,0.443764061288,0.001027565343,0.000650974386,0.000324518023,0.00026361424000000003,0.004664940167,0.001958299201,0.002310792031,0.019313973222,0.443764061288,0.001027565343,0.000650974386,0.000324518023,0.00026361424000000003,0.004664940167,0.0,0.0,0.0,0.0,0.0,0.0,0.0,0.0,0.0,0.0,0.0,0.0,0.0,0.0,0.0,0.0,0.0,0.0,0.98654,575195.3259265776,2.832693,2.9743276499999998,3.1159623,3.25759695,3.3992316,3.5408662499999997,3.6825009,3.82413555,3.9657701999999997,4.10740485,4.2490395,4.39067415,4.5323088,4.6739434499999994,4.8155781,4.95721275,5.0988474,5.24048205,5.3821167,5.5237513499999995,5.665386
SF11C46891812282050980,4,,2019-05-18T04:00:00-0500,0.005701,0.005701,0.002771,0.001023,0.001958299201,0.002310792031,0.019313973222,0.443764061288,0.001027565343,0.000650974386,0.000324518023,0.00026361424000000003,0.004664940167,0.001958299201,0.002310792031,0.019313973222,0.443764061288,0.001027565343,0.000650974386,0.000324518023,0.00026361424000000003,0.004664940167,0.0,0.0,0.0,0.0,0.0,0.0,0.0,0.0,0.0,0.0,0.0,0.0,0.0,0.0,0.0,0.0,0.0,0.0,0.989232,575195.3259265776,2.832693,2.9743276499999998,3.1159623,3.25759695,3.3992316,3.5408662499999997,3.6825009,3.82413555,3.9657701999999997,4.10740485,4.2490395,4.39067415,4.5323088,4.6739434499999994,4.8155781,4.95721275,5.0988474,5.24048205,5.3821167,5.5237513499999995,5.665386
SF11C46891812282050980,5,,2019-05-18T05:00:00-0500,0.005701,0.005701,0.002606,0.001133,0.001958299201,0.002310792031,0.019313973222,0.443764061288,0.001027565343,0.000650974386,0.000324518023,0.00026361424000000003,0.004664940167,0.001958299201,0.002310792031,0.019313973222,0.443764061288,0.001027565343,0.000650974386,0.000324518023,0.00026361424000000003,0.004664940167,0.0,0.0,0.0,0.0,0.0,0.0,0.0,0.0,0.0,0.0,0.0,0.0,0.0,0.0,0.0,0.0,0.0,0.0,0.991027,575195.3259265776,2.832693,2.9743276499999998,3.1159623,3.25759695,3.3992316,3.5408662499999997,3.6825009,3.82413555,3.9657701999999997,4.10740485,4.2490395,4.39067415,4.5323088,4.6739434499999994,4.8155781,4.95721275,5.0988474,5.24048205,5.3821167,5.5237513499999995,5.665386
SF11C46891812282050980,6,,2019-05-18T06:00:00-0500,0.005701,0.005701,0.002487,0.001226,0.001958299201,0.002310792031,0.019313973222,0.443764061288,0.001027565343,0.000650974386,0.000324518023,0.00026361424000000003,0.004664940167,0.001958299201,0.002310792031,0.019313973222,0.443764061288,0.001027565343,0.000650974386,0.000324518023,0.00026361424000000003,0.004664940167,0.0,0.0,0.0,0.0,0.0,0.0,0.0,0.0,0.0,0.0,0.0,0.0,0.0,0.0,0.0,0.0,0.0,0.0,0.992309,575195.3259265776,2.832693,2.9743276499999998,3.1159623,3.25759695,3.3992316,3.5408662499999997,3.6825009,3.82413555,3.9657701999999997,4.10740485,4.2490395,4.39067415,4.5323088,4.6739434499999994,4.8155781,4.95721275,5.0988474,5.24048205,5.3821167,5.5237513499999995,5.665386
SF11C46891812282050980,7,,2019-05-18T07:00:00-0500,0.005701,0.005701,0.002402,0.001308,0.001958299201,0.002310792031,0.019313973222,0.443764061288,0.001027565343,0.000650974386,0.000324518023,0.00026361424000000003,0.004664940167,0.001958299201,0.002310792031,0.019313973222,0.443764061288,0.001027565343,0.000650974386,0.000324518023,0.00026361424000000003,0.004664940167,0.0,0.0,0.0,0.0,0.0,0.0,0.0,0.0,0.0,0.0,0.0,0.0,0.0,0.0,0.0,0.0,0.0,0.0,0.99327,575195.3259265776,2.832693,2.9743276499999998,3.1159623,3.25759695,3.3992316,3.5408662499999997,3.6825009,3.82413555,3.9657701999999997,4.10740485,4.2490395,4.39067415,4.5323088,4.6739434499999994,4.8155781,4.95721275,5.0988474,5.24048205,5.3821167,5.5237513499999995,5.665386
SF11C46891812282050980,8,,2019-05-18T08:00:00-0500,0.005701,0.005701,0.002187,0.001368,0.001958299201,0.002310792031,0.019313973222,0.443764061288,0.001027565343,0.000650974386,0.000324518023,0.00026361424000000003,0.004664940167,0.001958299201,0.002310792031,0.019313973222,0.443764061288,0.001027565343,0.000650974386,0.000324518023,0.00026361424000000003,0.004664940167,0.0,0.0,0.0,0.0,0.0,0.0,0.0,0.0,0.0,0.0,0.0,0.0,0.0,0.0,0.0,0.0,0.0,0.0,0.994018,575195.3259265776,2.832693,2.9743276499999998,3.1159623,3.25759695,3.3992316,3.5408662499999997,3.6825009,3.82413555,3.9657701999999997,4.10740485,4.2490395,4.39067415,4.5323088,4.6739434499999994,4.8155781,4.95721275,5.0988474,5.24048205,5.3821167,5.5237513499999995,5.665386
SF11C46891812282050980,9,,2019-05-18T09:00:00-0500,0.005701,0.005701,0.002871,0.001472,0.001958299201,0.002310792031,0.019313973222,0.443764061288,0.001027565343,0.000650974386,0.000324518023,0.00026361424000000003,0.004664940167,0.001958299201,0.002310792031,0.019313973222,0.443764061288,0.001027565343,0.000650974386,0.000324518023,0.00026361424000000003,0.004664940167,0.0,0.0,0.0,0.0,0.0,0.0,0.0,0.0,0.0,0.0,0.0,0.0,0.0,0.0,0.0,0.0,0.0,0.0,0.994616,575195.3259265776,2.832693,2.9743276499999998,3.1159623,3.25759695,3.3992316,3.5408662499999997,3.6825009,3.82413555,3.9657701999999997,4.10740485,4.2490395,4.39067415,4.5323088,4.6739434499999994,4.8155781,4.95721275,5.0988474,5.24048205,5.3821167,5.5237513499999995,5.665386
SF11C46891812282050980,10,,2019-05-18T10:00:00-0500,0.020004,0.020004,0.012417,0.002229,0.006871394004,0.008108241324,0.067769991288,1.557105118752,0.0036055809719999997,0.0022841767440000002,0.001138687692,0.0009249849600000001,0.016368613068,0.006871394004,0.008108241324,0.067769991288,1.557105118752,0.0036055809719999997,0.0022841767440000002,0.001138687692,0.0009249849600000001,0.016368613068,0.0,0.0,0.0,0.0,0.0,0.0,0.0,0.0,0.0,0.0,0.0,0.0,0.0,0.0,0.0,0.0,0.0,0.0,0.968472,2018278.775624497,9.93069,10.4272245,10.923759,11.4202935,11.916828,12.4133625,12.909897,13.4064315,13.902966,14.3995005,14.896035000000001,15.3925695,15.889104,16.3856385,16.882173,17.3787075,17.875242,18.3717765,18.868311,19.3648455,19.86138
SF11C46891812282050980,11,,2019-05-18T11:00:00-0500,0.040008,0.040008,0.029285,0.0041,0.013742788008,0.016216482648,0.135539982576,3.114210237504,0.0072111619439999995,0.0045683534880000005,0.002277375384,0.0018499699200000001,0.032737226136,0.013742788008,0.016216482648,0.135539982576,3.114210237504,0.0072111619439999995,0.0045683534880000005,0.002277375384,0.0018499699200000001,0.032737226136,0.0,0.0,0.0,0.0,0.0,0.0,0.0,0.0,0.0,0.0,0.0,0.0,0.0,0.0,0.0,0.0,0.0,0.0,0.903118,4036557.551248994,19.836725,19.91361385,19.9905027,20.06739155,20.1442804,20.221169250000003,20.298058100000002,20.374946950000002,20.4518358,20.52872465,20.6056135,20.68250235,20.7593912,20.83628005,20.9131689,20.99005775,21.0669466,21.14383545,21.2207243,21.29761315,21.374502
SF11C46891812282050980,12,,2019-05-18T12:00:00-0500,0.070014,0.070014,0.058436,0.007857,0.024049879014000002,0.028378844634000002,0.237194969508,5.449867915632,0.012619533402,0.007994618604000001,0.003985406922,0.0032374473600000004,0.057290145738,0.024049879014000002,0.028378844634000002,0.237194969508,5.449867915632,0.012619533402,0.007994618604000001,0.003985406922,0.0032374473600000004,0.057290145738,0.0,0.0,0.0,0.0,0.0,0.0,0.0,0.0,0.0,0.0,0.0,0.0,0.0,0.0,0.0,0.0,0.0,0.0,0.805524,7063975.71468574,34.649684,35.188434,35.727184,36.265934,36.804684,37.343434,37.882184,38.420934,38.959684,39.498434,40.037183999999996,40.575934000000004,41.114684,41.653434,42.192184,42.730934,43.269684,43.808434,44.347184,44.885934,45.424684
SF11C46891812282050980,13,,2019-05-18T13:00:00-0500,0.10002,0.10002,0.092637,0.01372,0.03435697002,0.04054120662,0.33884995644,7.785525593759999,0.01802790486,0.011420883719999999,0.00569343846,0.0046249248,0.08184306533999999,0.03435697002,0.04054120662,0.33884995644,7.785525593759999,0.01802790486,0.011420883719999999,0.00569343846,0.0046249248,0.08184306533999999,0.0,0.0,0.0,0.0,0.0,0.0,0.0,0.0,0.0,0.0,0.0,0.0,0.0,0.0,0.0,0.0,0.0,0.0,0.720242,10091393.878122484,49.407514,50.43621255,51.4649111,52.493609649999996,53.5223082,54.55100675,55.5797053,56.60840385,57.6371024,58.665800950000005,59.694499500000006,60.72319805,61.7518966,62.78059515,63.809293700000005,64.83799225,65.8666908,66.89538935,67.9240879,68.95278645,69.981485
SF11C46891812282050980,14,,2019-05-18T14:00:00-0500,0.130026,0.130026,0.130595,0.021801,0.044664061026,0.052703568606,0.44050494337199997,10.121183271888,0.023436276318,0.014847148836,0.007401469998,0.006012402240000001,0.106395984942,0.044664061026,0.052703568606,0.44050494337199997,10.121183271888,0.023436276318,0.014847148836,0.007401469998,0.006012402240000001,0.106395984942,0.0,0.0,0.0,0.0,0.0,0.0,0.0,0.0,0.0,0.0,0.0,0.0,0.0,0.0,0.0,0.0,0.0,0.0,0.703836,13118812.04155923,64.11042,65.14298225,66.1755445,67.20810675,68.240669,69.27323125000001,70.30579350000001,71.33835575,72.370918,73.40348025,74.4360425,75.46860475,76.501167,77.53372925,78.56629149999999,79.59885374999999,80.631416,81.66397824999999,82.6965405,83.72910275,84.761665
SF11C46891812282050980,15,,2019-05-18T15:00:00-0500,0.160032,0.160032,0.1708,0.032104,0.054971152032,0.064865930592,0.542159930304,12.456840950016,0.028844647775999998,0.018273413952000002,0.009109501536,0.007399879680000001,0.130948904544,0.054971152032,0.064865930592,0.542159930304,12.456840950016,0.028844647775999998,0.018273413952000002,0.009109501536,0.007399879680000001,0.130948904544,0.0,0.0,0.0,0.0,0.0,0.0,0.0,0.0,0.0,0.0,0.0,0.0,0.0,0.0,0.0,0.0,0.0,0.0,0.736568,16146230.204995977,78.758606,79.29530785,79.8320097,80.36871155,80.9054134,81.44211525,81.9788171,82.51551895,83.0522208,83.58892265,84.1256245,84.66232635,85.1990282,85.73573005,86.2724319,86.80913375,87.3458356,87.88253745,88.4192393,88.95594115,89.492643
SF11C46891812282050980,16,,2019-05-18T16:00:00-0500,0.170034,0.170034,0.189309,0.042975,0.058406849033999994,0.068920051254,0.5760449259479999,13.235393509391999,0.030647438261999997,0.019415502323999998,0.009678845382,0.00786237216,0.13913321107799997,0.058406849033999994,0.068920051254,0.5760449259479999,13.235393509391999,0.030647438261999997,0.019415502323999998,0.009678845382,0.00786237216,0.13913321107799997,0.0,0.0,0.0,0.0,0.0,0.0,0.0,0.0,0.0,0.0,0.0,0.0,0.0,0.0,0.0,0.0,0.0,0.0,0.783801,17155369.592808224,83.62921,87.8106705,91.992131,96.1735915,100.355052,104.5365125,108.717973,112.8994335,117.080894,121.2623545,125.443815,129.6252755,133.806736,137.98819650000002,142.169657,146.3511175,150.532578,154.71403850000002,158.895499,163.0769595,167.25842
SF11C46891812282050980,17,,2019-05-18T17:00:00-0500,0.120024,0.120024,0.137003,0.049477,0.041228364024,0.048649447944,0.40661994772800003,9.342630712512,0.021633485832,0.013705060464,0.006832126152,0.005549909760000001,0.098211678408,0.041228364024,0.048649447944,0.40661994772800003,9.342630712512,0.021633485832,0.013705060464,0.006832126152,0.005549909760000001,0.098211678408,0.0,0.0,0.0,0.0,0.0,0.0,0.0,0.0,0.0,0.0,0.0,0.0,0.0,0.0,0.0,0.0,0.0,0.0,0.868512,12109672.653746981,59.215542,62.1763191,65.1370962,68.0978733,71.0586504,74.0194275,76.98020460000001,79.9409817,82.9017588,85.8625359,88.823313,91.7840901,94.7448672,97.7056443,100.66642139999999,103.62719849999999,106.5879756,109.5487527,112.5095298,115.4703069,118.431084
SF11C46891812282050980,18,,2019-05-18T18:00:00-0500,0.070014,0.070014,0.08058,0.051627,0.024049879014000002,0.028378844634000002,0.237194969508,5.449867915632,0.012619533402,0.007994618604000001,0.003985406922,0.0032374473600000004,0.057290145738,0.024049879014000002,0.028378844634000002,0.237194969508,5.449867915632,0.012619533402,0.007994618604000001,0.003985406922,0.0032374473600000004,0.057290145738,0.0,0.0,0.0,0.0,0.0,0.0,0.0,0.0,0.0,0.0,0.0,0.0,0.0,0.0,0.0,0.0,0.0,0.0,0.932961,7063975.71468574,34.649684,36.3821682,38.1146524,39.8471366,41.5796208,43.312105,45.044589200000004,46.7770734,48.5095576,50.2420418,51.974526,53.7070102,55.4394944,57.1719786,58.904462800000005,60.636947,62.3694312,64.1019154,65.8343996,67.5668838,69.299368
SF11C46891812282050980,19,,2019-05-18T19:00:00-0500,0.040008,0.040008,0.045668,0.051215,0.013742788008,0.016216482648,0.135539982576,3.114210237504,0.0072111619439999995,0.0045683534880000005,0.002277375384,0.0018499699200000001,0.032737226136,0.013742788008,0.016216482648,0.135539982576,3.114210237504,0.0072111619439999995,0.0045683534880000005,0.002277375384,0.0018499699200000001,0.032737226136,0.0,0.0,0.0,0.0,0.0,0.0,0.0,0.0,0.0,0.0,0.0,0.0,0.0,0.0,0.0,0.0,0.0,0.0,0.97873,4036557.551248994,19.836725,20.82856125,21.820397500000002,22.81223375,23.804070000000003,24.79590625,25.7877425,26.779578750000002,27.771415,28.763251250000003,29.755087500000002,30.74692375,31.738760000000003,32.730596250000005,33.722432500000004,34.71426875,35.706105,36.69794125,37.689777500000005,38.681613750000004,39.67345
SF11C46891812282050980,20,,2019-05-18T20:00:00-0500,0.005701,0.005701,0.006347,0.048113,0.001958299201,0.002310792031,0.019313973222,0.443764061288,0.001027565343,0.000650974386,0.000324518023,0.00026361424000000003,0.004664940167,0.001958299201,0.002310792031,0.019313973222,0.443764061288,0.001027565343,0.000650974386,0.000324518023,0.00026361424000000003,0.004664940167,0.0,0.0,0.0,0.0,0.0,0.0,0.0,0.0,0.0,0.0,0.0,0.0,0.0,0.0,0.0,0.0,0.0,0.0,0.998748,575195.3259265776,2.832693,2.9743276499999998,3.1159623,3.25759695,3.3992316,3.5408662499999997,3.6825009,3.82413555,3.9657701999999997,4.10740485,4.2490395,4.39067415,4.5323088,4.6739434499999994,4.8155781,4.95721275,5.0988474,5.24048205,5.3821167,5.5237513499999995,5.665386
SF11C46891812282050980,21,,2019-05-18T21:00:00-0500,0.005701,0.005701,0.006085,0.045207,0.001958299201,0.002310792031,0.019313973222,0.443764061288,0.001027565343,0.000650974386,0.000324518023,0.00026361424000000003,0.004664940167,0.001958299201,0.002310792031,0.019313973222,0.443764061288,0.001027565343,0.000650974386,0.000324518023,0.00026361424000000003,0.004664940167,0.0,0.0,0.0,0.0,0.0,0.0,0.0,0.0,0.0,0.0,0.0,0.0,0.0,0.0,0.0,0.0,0.0,0.0,0.99969,575195.3259265776,2.832693,2.9743276499999998,3.1159623,3.25759695,3.3992316,3.5408662499999997,3.6825009,3.82413555,3.9657701999999997,4.10740485,4.2490395,4.39067415,4.5323088,4.6739434499999994,4.8155781,4.95721275,5.0988474,5.24048205,5.3821167,5.5237513499999995,5.665386
SF11C46891812282050980,22,,2019-05-18T22:00:00-0500,0.005701,0.005701,0.005726,0.042477,0.001958299201,0.002310792031,0.019313973222,0.443764061288,0.001027565343,0.000650974386,0.000324518023,0.00026361424000000003,0.004664940167,0.001958299201,0.002310792031,0.019313973222,0.443764061288,0.001027565343,0.000650974386,0.000324518023,0.00026361424000000003,0.004664940167,0.0,0.0,0.0,0.0,0.0,0.0,0.0,0.0,0.0,0.0,0.0,0.0,0.0,0.0,0.0,0.0,0.0,0.0,0.999691,575195.3259265776,2.832693,2.9743276499999998,3.1159623,3.25759695,3.3992316,3.5408662499999997,3.6825009,3.82413555,3.9657701999999997,4.10740485,4.2490395,4.39067415,4.5323088,4.6739434499999994,4.8155781,4.95721275,5.0988474,5.24048205,5.3821167,5.5237513499999995,5.665386
SF11C46891812282050980,23,,2019-05-18T23:00:00-0500,0.005701,0.005701,0.00528,0.039905,0.001958299201,0.002310792031,0.019313973222,0.443764061288,0.001027565343,0.000650974386,0.000324518023,0.00026361424000000003,0.004664940167,0.001958299201,0.002310792031,0.019313973222,0.443764061288,0.001027565343,0.000650974386,0.000324518023,0.00026361424000000003,0.004664940167,0.0,0.0,0.0,0.0,0.0,0.0,0.0,0.0,0.0,0.0,0.0,0.0,0.0,0.0,0.0,0.0,0.0,0.0,0.999693,575195.3259265776,2.832693,2.9743276499999998,3.1159623,3.25759695,3.3992316,3.5408662499999997,3.6825009,3.82413555,3.9657701999999997,4.10740485,4.2490395,4.39067415,4.5323088,4.6739434499999994,4.8155781,4.95721275,5.0988474,5.24048205,5.3821167,5.5237513499999995,5.665386
SF11C46891912282050980,0,,2019-05-18T00:00:00-0500,0.005701,0.005701,0.004403,0.000304,2.4981782e-05,2.947417e-05,0.00024636301400000004,0.0056604829930000005,1.3106599e-05,8.306357e-06,4.138926e-06,3.3635900000000004e-06,5.9507038e-05,2.4981782e-05,2.947417e-05,0.00024636301400000004,0.0056604829930000005,1.3106599e-05,8.306357e-06,4.138926e-06,3.3635900000000004e-06,5.9507038e-05,0.0,0.0,0.0,0.0,0.0,0.0,0.0,0.0,0.0,0.0,0.0,0.0,0.0,0.0,0.0,0.0,0.0,0.0,0.999269,257.8065009694389,0.076917,0.08076285,0.0846087,0.08845454999999999,0.0923004,0.09614625,0.0999921,0.10383795,0.1076838,0.11152965000000001,0.11537549999999999,0.11922135,0.1230672,0.12691305,0.1307589,0.13460475,0.1384506,0.14229645000000002,0.1461423,0.14998815,0.153834
SF11C46891912282050980,1,,2019-05-18T01:00:00-0500,0.005702,0.005702,0.003776,0.000544,2.4986163999999996e-05,2.947934e-05,0.000246406228,0.005661475886,1.3108897999999999e-05,8.307813999999999e-06,4.139652e-06,3.3641799999999998e-06,5.9517475999999995e-05,2.4986163999999996e-05,2.947934e-05,0.000246406228,0.005661475886,1.3108897999999999e-05,8.307813999999999e-06,4.139652e-06,3.3641799999999998e-06,5.9517475999999995e-05,0.0,0.0,0.0,0.0,0.0,0.0,0.0,0.0,0.0,0.0,0.0,0.0,0.0,0.0,0.0,0.0,0.0,0.0,0.999269,257.8517222465779,0.07693,0.0807765,0.084623,0.0884695,0.092316,0.0961625,0.100009,0.1038555,0.10770199999999999,0.1115485,0.115395,0.1192415,0.123088,0.1269345,0.130781,0.1346275,0.13847399999999999,0.14232050000000002,0.146167,0.1500135,0.15386
SF11C46891912282050980,2,,2019-05-18T02:00:00-0500,0.005701,0.005701,0.003325,0.000737,2.4981782e-05,2.947417e-05,0.00024636301400000004,0.0056604829930000005,1.3106599e-05,8.306357e-06,4.138926e-06,3.3635900000000004e-06,5.9507038e-05,2.4981782e-05,2.947417e-05,0.00024636301400000004,0.0056604829930000005,1.3106599e-05,8.306357e-06,4.138926e-06,3.3635900000000004e-06,5.9507038e-05,0.0,0.0,0.0,0.0,0.0,0.0,0.0,0.0,0.0,0.0,0.0,0.0,0.0,0.0,0.0,0.0,0.0,0.0,0.999513,257.8065009694389,0.076917,0.08076285,0.0846087,0.08845454999999999,0.0923004,0.09614625,0.0999921,0.10383795,0.1076838,0.11152965000000001,0.11537549999999999,0.11922135,0.1230672,0.12691305,0.1307589,0.13460475,0.1384506,0.14229645000000002,0.1461423,0.14998815,0.153834
SF11C46891912282050980,3,,2019-05-18T03:00:00-0500,0.005702,0.005702,0.003003,0.000893,2.4986163999999996e-05,2.947934e-05,0.000246406228,0.005661475886,1.3108897999999999e-05,8.307813999999999e-06,4.139652e-06,3.3641799999999998e-06,5.9517475999999995e-05,2.4986163999999996e-05,2.947934e-05,0.000246406228,0.005661475886,1.3108897999999999e-05,8.307813999999999e-06,4.139652e-06,3.3641799999999998e-06,5.9517475999999995e-05,0.0,0.0,0.0,0.0,0.0,0.0,0.0,0.0,0.0,0.0,0.0,0.0,0.0,0.0,0.0,0.0,0.0,0.0,0.999635,257.8517222465779,0.07693,0.0807765,0.084623,0.0884695,0.092316,0.0961625,0.100009,0.1038555,0.10770199999999999,0.1115485,0.115395,0.1192415,0.123088,0.1269345,0.130781,0.1346275,0.13847399999999999,0.14232050000000002,0.146167,0.1500135,0.15386
SF11C46891912282050980,4,,2019-05-18T04:00:00-0500,0.005701,0.005701,0.002771,0.001023,2.4981782e-05,2.947417e-05,0.00024636301400000004,0.0056604829930000005,1.3106599e-05,8.306357e-06,4.138926e-06,3.3635900000000004e-06,5.9507038e-05,2.4981782e-05,2.947417e-05,0.00024636301400000004,0.0056604829930000005,1.3106599e-05,8.306357e-06,4.138926e-06,3.3635900000000004e-06,5.9507038e-05,0.0,0.0,0.0,0.0,0.0,0.0,0.0,0.0,0.0,0.0,0.0,0.0,0.0,0.0,0.0,0.0,0.0,0.0,0.999708,257.8065009694389,0.076917,0.08076285,0.0846087,0.08845454999999999,0.0923004,0.09614625,0.0999921,0.10383795,0.1076838,0.11152965000000001,0.11537549999999999,0.11922135,0.1230672,0.12691305,0.1307589,0.13460475,0.1384506,0.14229645000000002,0.1461423,0.14998815,0.153834
SF11C46891912282050980,5,,2019-05-18T05:00:00-0500,0.005701,0.005701,0.002606,0.001133,2.4981782e-05,2.947417e-05,0.00024636301400000004,0.0056604829930000005,1.3106599e-05,8.306357e-06,4.138926e-06,3.3635900000000004e-06,5.9507038e-05,2.4981782e-05,2.947417e-05,0.00024636301400000004,0.0056604829930000005,1.3106599e-05,8.306357e-06,4.138926e-06,3.3635900000000004e-06,5.9507038e-05,0.0,0.0,0.0,0.0,0.0,0.0,0.0,0.0,0.0,0.0,0.0,0.0,0.0,0.0,0.0,0.0,0.0,0.0,0.999756,257.8065009694389,0.076917,0.08076285,0.0846087,0.08845454999999999,0.0923004,0.09614625,0.0999921,0.10383795,0.1076838,0.11152965000000001,0.11537549999999999,0.11922135,0.1230672,0.12691305,0.1307589,0.13460475,0.1384506,0.14229645000000002,0.1461423,0.14998815,0.153834
SF11C46891912282050980,6,,2019-05-18T06:00:00-0500,0.005702,0.005702,0.002487,0.001226,2.4986163999999996e-05,2.947934e-05,0.000246406228,0.005661475886,1.3108897999999999e-05,8.307813999999999e-06,4.139652e-06,3.3641799999999998e-06,5.9517475999999995e-05,2.4986163999999996e-05,2.947934e-05,0.000246406228,0.005661475886,1.3108897999999999e-05,8.307813999999999e-06,4.139652e-06,3.3641799999999998e-06,5.9517475999999995e-05,0.0,0.0,0.0,0.0,0.0,0.0,0.0,0.0,0.0,0.0,0.0,0.0,0.0,0.0,0.0,0.0,0.0,0.0,0.999791,257.8517222465779,0.07693,0.0807765,0.084623,0.0884695,0.092316,0.0961625,0.100009,0.1038555,0.10770199999999999,0.1115485,0.115395,0.1192415,0.123088,0.1269345,0.130781,0.1346275,0.13847399999999999,0.14232050000000002,0.146167,0.1500135,0.15386
SF11C46891912282050980,7,,2019-05-18T07:00:00-0500,0.005701,0.005701,0.002402,0.001308,2.4981782e-05,2.947417e-05,0.00024636301400000004,0.0056604829930000005,1.3106599e-05,8.306357e-06,4.138926e-06,3.3635900000000004e-06,5.9507038e-05,2.4981782e-05,2.947417e-05,0.00024636301400000004,0.0056604829930000005,1.3106599e-05,8.306357e-06,4.138926e-06,3.3635900000000004e-06,5.9507038e-05,0.0,0.0,0.0,0.0,0.0,0.0,0.0,0.0,0.0,0.0,0.0,0.0,0.0,0.0,0.0,0.0,0.0,0.0,0.999817,257.8065009694389,0.076917,0.08076285,0.0846087,0.08845454999999999,0.0923004,0.09614625,0.0999921,0.10383795,0.1076838,0.11152965000000001,0.11537549999999999,0.11922135,0.1230672,0.12691305,0.1307589,0.13460475,0.1384506,0.14229645000000002,0.1461423,0.14998815,0.153834
SF11C46891912282050980,8,,2019-05-18T08:00:00-0500,0.005702,0.005702,0.002187,0.001368,2.4986163999999996e-05,2.947934e-05,0.000246406228,0.005661475886,1.3108897999999999e-05,8.307813999999999e-06,4.139652e-06,3.3641799999999998e-06,5.9517475999999995e-05,2.4986163999999996e-05,2.947934e-05,0.000246406228,0.005661475886,1.3108897999999999e-05,8.307813999999999e-06,4.139652e-06,3.3641799999999998e-06,5.9517475999999995e-05,0.0,0.0,0.0,0.0,0.0,0.0,0.0,0.0,0.0,0.0,0.0,0.0,0.0,0.0,0.0,0.0,0.0,0.0,0.999838,257.8517222465779,0.07693,0.0807765,0.084623,0.0884695,0.092316,0.0961625,0.100009,0.1038555,0.10770199999999999,0.1115485,0.115395,0.1192415,0.123088,0.1269345,0.130781,0.1346275,0.13847399999999999,0.14232050000000002,0.146167,0.1500135,0.15386
SF11C46891912282050980,9,,2019-05-18T09:00:00-0500,0.005701,0.005701,0.002871,0.001472,2.4981782e-05,2.947417e-05,0.00024636301400000004,0.0056604829930000005,1.3106599e-05,8.306357e-06,4.138926e-06,3.3635900000000004e-06,5.9507038e-05,2.4981782e-05,2.947417e-05,0.00024636301400000004,0.0056604829930000005,1.3106599e-05,8.306357e-06,4.138926e-06,3.3635900000000004e-06,5.9507038e-05,0.0,0.0,0.0,0.0,0.0,0.0,0.0,0.0,0.0,0.0,0.0,0.0,0.0,0.0,0.0,0.0,0.0,0.0,0.999854,257.8065009694389,0.076917,0.08076285,0.0846087,0.08845454999999999,0.0923004,0.09614625,0.0999921,0.10383795,0.1076838,0.11152965000000001,0.11537549999999999,0.11922135,0.1230672,0.12691305,0.1307589,0.13460475,0.1384506,0.14229645000000002,0.1461423,0.14998815,0.153834
SF11C46891912282050980,10,,2019-05-18T10:00:00-0500,0.020004,0.020004,0.012417,0.002229,8.7657528e-05,0.00010342068,0.0008644528560000001,0.019861831572000003,4.5989196e-05,2.9145828e-05,1.4522904e-05,1.1802360000000001e-05,0.000208801752,8.7657528e-05,0.00010342068,0.0008644528560000001,0.019861831572000003,4.5989196e-05,2.9145828e-05,1.4522904e-05,1.1802360000000001e-05,0.000208801752,0.0,0.0,0.0,0.0,0.0,0.0,0.0,0.0,0.0,0.0,0.0,0.0,0.0,0.0,0.0,0.0,0.0,0.0,0.999144,904.6064278885557,0.269884,0.2833782,0.29687240000000004,0.31036660000000005,0.3238608,0.337355,0.3508492,0.36434340000000004,0.3778376,0.3913318,0.404826,0.41832020000000003,0.43181440000000004,0.44530860000000005,0.45880280000000007,0.472297,0.48579120000000003,0.49928540000000005,0.5127796,0.5262738,0.539768
SF11C46891912282050980,11,,2019-05-18T11:00:00-0500,0.040008,0.040008,0.029285,0.0041,0.000175315056,0.00020684136,0.0017289057120000002,0.039723663144000006,9.1978392e-05,5.8291656e-05,2.9045808e-05,2.3604720000000003e-05,0.000417603504,0.000175315056,0.00020684136,0.0017289057120000002,0.039723663144000006,9.1978392e-05,5.8291656e-05,2.9045808e-05,2.3604720000000003e-05,0.000417603504,0.0,0.0,0.0,0.0,0.0,0.0,0.0,0.0,0.0,0.0,0.0,0.0,0.0,0.0,0.0,0.0,0.0,0.0,0.99737,1809.2128557771114,0.53975,0.5667374999999999,0.593725,0.6207125,0.6476999999999999,0.6746874999999999,0.7016749999999999,0.7286625,0.7556499999999999,0.7826374999999999,0.8096249999999999,0.8366125,0.8635999999999999,0.8905874999999999,0.9175749999999999,0.9445625,0.9715499999999999,0.9985374999999999,1.025525,1.0525125,1.0795
SF11C46891912282050980,12,,2019-05-18T12:00:00-0500,0.070014,0.070014,0.058436,0.007857,0.000306801348,0.00036197238000000006,0.0030255849960000004,0.06951641050200001,0.000160962186,0.000102010398,5.0830164e-05,4.130826e-05,0.000730806132,0.000306801348,0.00036197238000000006,0.0030255849960000004,0.06951641050200001,0.000160962186,0.000102010398,5.0830164e-05,4.130826e-05,0.000730806132,0.0,0.0,0.0,0.0,0.0,0.0,0.0,0.0,0.0,0.0,0.0,0.0,0.0,0.0,0.0,0.0,0.0,0.0,0.994721,3166.122497609945,0.944514,0.9917397,1.0389654,1.0861911,1.1334168,1.1806424999999998,1.2278682,1.2750939,1.3223196,1.3695453,1.4167709999999998,1.4639967,1.5112223999999999,1.5584481,1.6056738,1.6528994999999997,1.7001252,1.7473508999999998,1.7945765999999999,1.8418023,1.8890279999999997
SF11C46891912282050980,13,,2019-05-18T13:00:00-0500,0.10002,0.10002,0.092636,0.01372,0.00043828764,0.0005171034,0.00432226428,0.09930915786,0.00022994597999999997,0.00014572914,7.261452e-05,5.90118e-05,0.00104400876,0.00043828764,0.0005171034,0.00432226428,0.09930915786,0.00022994597999999997,0.00014572914,7.261452e-05,5.90118e-05,0.00104400876,0.0,0.0,0.0,0.0,0.0,0.0,0.0,0.0,0.0,0.0,0.0,0.0,0.0,0.0,0.0,0.0,0.0,0.0,0.992406,4523.032139442778,1.349238,1.4166999,1.4841617999999999,1.5516237,1.6190856,1.6865474999999999,1.7540094,1.8214712999999998,1.8889331999999999,1.9563951,2.0238569999999996,2.0913189,2.1587807999999997,2.2262427,2.2937046,2.3611664999999995,2.4286284,2.4960902999999997,2.5635521999999997,2.6310141,2.6984759999999994
SF11C46891912282050980,14,,2019-05-18T14:00:00-0500,0.130026,0.130026,0.130595,0.021801,0.0005697739319999999,0.00067223442,0.005618943564000001,0.129101905218,0.00029892977399999997,0.000189447882,9.4398876e-05,7.671534000000001e-05,0.0013572113879999998,0.0005697739319999999,0.00067223442,0.005618943564000001,0.129101905218,0.00029892977399999997,0.000189447882,9.4398876e-05,7.671534000000001e-05,0.0013572113879999998,0.0,0.0,0.0,0.0,0.0,0.0,0.0,0.0,0.0,0.0,0.0,0.0,0.0,0.0,0.0,0.0,0.0,0.0,0.990808,5879.941781275612,1.75392,1.841616,1.929312,2.0170079999999997,2.104704,2.1924,2.280096,2.3677919999999997,2.455488,2.543184,2.63088,2.7185759999999997,2.806272,2.893968,2.981664,3.0693599999999996,3.157056,3.244752,3.332448,3.4201439999999996,3.50784
SF11C46891912282050980,15,,2019-05-18T15:00:00-0500,0.160032,0.160032,0.1708,0.032104,0.000701260224,0.00082736544,0.006915622848000001,0.15889465257600002,0.000367913568,0.000233166624,0.000116183232,9.441888000000001e-05,0.001670414016,0.000701260224,0.00082736544,0.006915622848000001,0.15889465257600002,0.000367913568,0.000233166624,0.000116183232,9.441888000000001e-05,0.001670414016,0.0,0.0,0.0,0.0,0.0,0.0,0.0,0.0,0.0,0.0,0.0,0.0,0.0,0.0,0.0,0.0,0.0,0.0,0.989691,7236.8514231084455,2.158562,2.2664901,2.3744182,2.4823462999999997,2.5902743999999998,2.6982025,2.8061306,2.9140587,3.0219867999999996,3.1299148999999997,3.237843,3.3457711,3.4536992,3.5616272999999996,3.6695554,3.7774834999999998,3.8854116,3.9933397,4.1012678,4.209195899999999,4.317124
SF11C46891912282050980,16,,2019-05-18T16:00:00-0500,0.170034,0.170034,0.189309,0.042975,0.0007450889879999999,0.00087907578,0.007347849276,0.168825568362,0.00039090816599999997,0.000247739538,0.00012344468399999998,0.00010032006,0.001774814892,0.0007450889879999999,0.00087907578,0.007347849276,0.168825568362,0.00039090816599999997,0.000247739538,0.00012344468399999998,0.00010032006,0.001774814892,0.0,0.0,0.0,0.0,0.0,0.0,0.0,0.0,0.0,0.0,0.0,0.0,0.0,0.0,0.0,0.0,0.0,0.0,0.990372,7689.154637052723,2.293433,2.40810465,2.5227763,2.63744795,2.7521196,2.86679125,2.9814628999999995,3.0961345499999995,3.2108061999999995,3.3254778499999995,3.4401494999999995,3.5548211499999995,3.6694927999999996,3.7841644499999996,3.8988360999999996,4.01350775,4.1281794,4.24285105,4.3575227,4.47219435,4.586866
SF11C46891912282050980,17,,2019-05-18T17:00:00-0500,0.120024,0.120024,0.137003,0.049477,0.000525945168,0.00062052408,0.005186717136000001,0.11917098943200001,0.000275935176,0.000174874968,8.7137424e-05,7.081416e-05,0.001252810512,0.000525945168,0.00062052408,0.005186717136000001,0.11917098943200001,0.000275935176,0.000174874968,8.7137424e-05,7.081416e-05,0.001252810512,0.0,0.0,0.0,0.0,0.0,0.0,0.0,0.0,0.0,0.0,0.0,0.0,0.0,0.0,0.0,0.0,0.0,0.0,0.994854,5427.638567331334,1.619031,1.69998255,1.7809341,1.86188565,1.9428372,2.02378875,2.1047403,2.1856918500000004,2.2666434000000004,2.3475949500000004,2.4285465000000004,2.5094980500000004,2.5904496000000004,2.6714011500000003,2.7523527000000003,2.8333042500000003,2.9142558000000003,2.9952073500000003,3.0761589000000003,3.1571104500000002,3.238062
SF11C46891912282050980,18,,2019-05-18T18:00:00-0500,0.070014,0.070014,0.08058,0.051627,0.000306801348,0.00036197238000000006,0.0030255849960000004,0.06951641050200001,0.000160962186,0.000102010398,5.0830164e-05,4.130826e-05,0.000730806132,0.000306801348,0.00036197238000000006,0.0030255849960000004,0.06951641050200001,0.000160962186,0.000102010398,5.0830164e-05,4.130826e-05,0.000730806132,0.0,0.0,0.0,0.0,0.0,0.0,0.0,0.0,0.0,0.0,0.0,0.0,0.0,0.0,0.0,0.0,0.0,0.0,0.99818,3166.122497609945,0.944514,0.9917397,1.0389654,1.0861911,1.1334168,1.1806424999999998,1.2278682,1.2750939,1.3223196,1.3695453,1.4167709999999998,1.4639967,1.5112223999999999,1.5584481,1.6056738,1.6528994999999997,1.7001252,1.7473508999999998,1.7945765999999999,1.8418023,1.8890279999999997
SF11C46891912282050980,19,,2019-05-18T19:00:00-0500,0.040008,0.040008,0.045668,0.051215,0.000175315056,0.00020684136,0.0017289057120000002,0.039723663144000006,9.1978392e-05,5.8291656e-05,2.9045808e-05,2.3604720000000003e-05,0.000417603504,0.000175315056,0.00020684136,0.0017289057120000002,0.039723663144000006,9.1978392e-05,5.8291656e-05,2.9045808e-05,2.3604720000000003e-05,0.000417603504,0.0,0.0,0.0,0.0,0.0,0.0,0.0,0.0,0.0,0.0,0.0,0.0,0.0,0.0,0.0,0.0,0.0,0.0,0.999423,1809.2128557771114,0.53975,0.5667374999999999,0.593725,0.6207125,0.6476999999999999,0.6746874999999999,0.7016749999999999,0.7286625,0.7556499999999999,0.7826374999999999,0.8096249999999999,0.8366125,0.8635999999999999,0.8905874999999999,0.9175749999999999,0.9445625,0.9715499999999999,0.9985374999999999,1.025525,1.0525125,1.0795
SF11C46891912282050980,20,,2019-05-18T20:00:00-0500,0.005701,0.005701,0.006347,0.048113,2.4981782e-05,2.947417e-05,0.00024636301400000004,0.0056604829930000005,1.3106599e-05,8.306357e-06,4.138926e-06,3.3635900000000004e-06,5.9507038e-05,2.4981782e-05,2.947417e-05,0.00024636301400000004,0.0056604829930000005,1.3106599e-05,8.306357e-06,4.138926e-06,3.3635900000000004e-06,5.9507038e-05,0.0,0.0,0.0,0.0,0.0,0.0,0.0,0.0,0.0,0.0,0.0,0.0,0.0,0.0,0.0,0.0,0.0,0.0,0.999966,257.8065009694389,0.076917,0.08076285,0.0846087,0.08845454999999999,0.0923004,0.09614625,0.0999921,0.10383795,0.1076838,0.11152965000000001,0.11537549999999999,0.11922135,0.1230672,0.12691305,0.1307589,0.13460475,0.1384506,0.14229645000000002,0.1461423,0.14998815,0.153834
SF11C46891912282050980,21,,2019-05-18T21:00:00-0500,0.005702,0.005702,0.006085,0.045207,2.4986163999999996e-05,2.947934e-05,0.000246406228,0.005661475886,1.3108897999999999e-05,8.307813999999999e-06,4.139652e-06,3.3641799999999998e-06,5.9517475999999995e-05,2.4986163999999996e-05,2.947934e-05,0.000246406228,0.005661475886,1.3108897999999999e-05,8.307813999999999e-06,4.139652e-06,3.3641799999999998e-06,5.9517475999999995e-05,0.0,0.0,0.0,0.0,0.0,0.0,0.0,0.0,0.0,0.0,0.0,0.0,0.0,0.0,0.0,0.0,0.0,0.0,0.999992,257.8517222465779,0.07693,0.0807765,0.084623,0.0884695,0.092316,0.0961625,0.100009,0.1038555,0.10770199999999999,0.1115485,0.115395,0.1192415,0.123088,0.1269345,0.130781,0.1346275,0.13847399999999999,0.14232050000000002,0.146167,0.1500135,0.15386
SF11C46891912282050980,22,,2019-05-18T22:00:00-0500,0.005701,0.005701,0.005726,0.042477,2.4981782e-05,2.947417e-05,0.00024636301400000004,0.0056604829930000005,1.3106599e-05,8.306357e-06,4.138926e-06,3.3635900000000004e-06,5.9507038e-05,2.4981782e-05,2.947417e-05,0.00024636301400000004,0.0056604829930000005,1.3106599e-05,8.306357e-06,4.138926e-06,3.3635900000000004e-06,5.9507038e-05,0.0,0.0,0.0,0.0,0.0,0.0,0.0,0.0,0.0,0.0,0.0,0.0,0.0,0.0,0.0,0.0,0.0,0.0,0.999992,257.8065009694389,0.076917,0.08076285,0.0846087,0.08845454999999999,0.0923004,0.09614625,0.0999921,0.10383795,0.1076838,0.11152965000000001,0.11537549999999999,0.11922135,0.1230672,0.12691305,0.1307589,0.13460475,0.1384506,0.14229645000000002,0.1461423,0.14998815,0.153834
SF11C46891912282050980,23,,2019-05-18T23:00:00-0500,0.005702,0.005702,0.005281,0.039905,2.4986163999999996e-05,2.947934e-05,0.000246406228,0.005661475886,1.3108897999999999e-05,8.307813999999999e-06,4.139652e-06,3.3641799999999998e-06,5.9517475999999995e-05,2.4986163999999996e-05,2.947934e-05,0.000246406228,0.005661475886,1.3108897999999999e-05,8.307813999999999e-06,4.139652e-06,3.3641799999999998e-06,5.9517475999999995e-05,0.0,0.0,0.0,0.0,0.0,0.0,0.0,0.0,0.0,0.0,0.0,0.0,0.0,0.0,0.0,0.0,0.0,0.0,0.999992,257.8517222465779,0.07693,0.0807765,0.084623,0.0884695,0.092316,0.0961625,0.100009,0.1038555,0.10770199999999999,0.1115485,0.115395,0.1192415,0.123088,0.1269345,0.130781,0.1346275,0.13847399999999999,0.14232050000000002,0.146167,0.1500135,0.15386
SF11C46892012282050980,0,,2019-05-18T00:00:00-0500,0.005701,0.005701,0.004403,0.000304,0.000206877888,0.00024411682,0.002040376498,0.046880394788000004,0.000108552741,6.877116300000001e-05,3.4280113e-05,2.7849385e-05,0.000492817244,0.000206877888,0.00024411682,0.002040376498,0.046880394788000004,0.000108552741,6.877116300000001e-05,3.4280113e-05,2.7849385e-05,0.000492817244,0.0,0.0,0.0,0.0,0.0,0.0,0.0,0.0,0.0,0.0,0.0,0.0,0.0,0.0,0.0,0.0,0.0,0.0,0.993948,17683.70906125604,0.636985,0.6688342500000001,0.7006835,0.7325327500000001,0.764382,0.7962312500000001,0.8280805,0.85992975,0.8917790000000001,0.92362825,0.9554775,0.98732675,1.019176,1.0510252500000001,1.0828745,1.11472375,1.146573,1.1784222500000001,1.2102715000000002,1.2421207500000002,1.27397
SF11C46892012282050980,1,,2019-05-18T01:00:00-0500,0.005701,0.005701,0.003775,0.000544,0.000206877888,0.00024411682,0.002040376498,0.046880394788000004,0.000108552741,6.877116300000001e-05,3.4280113e-05,2.7849385e-05,0.000492817244,0.000206877888,0.00024411682,0.002040376498,0.046880394788000004,0.000108552741,6.877116300000001e-05,3.4280113e-05,2.7849385e-05,0.000492817244,0.0,0.0,0.0,0.0,0.0,0.0,0.0,0.0,0.0,0.0,0.0,0.0,0.0,0.0,0.0,0.0,0.0,0.0,0.993948,17683.70906125604,0.636985,0.6688342500000001,0.7006835,0.7325327500000001,0.764382,0.7962312500000001,0.8280805,0.85992975,0.8917790000000001,0.92362825,0.9554775,0.98732675,1.019176,1.0510252500000001,1.0828745,1.11472375,1.146573,1.1784222500000001,1.2102715000000002,1.2421207500000002,1.27397
SF11C46892012282050980,2,,2019-05-18T02:00:00-0500,0.005701,0.005701,0.003325,0.000737,0.000206877888,0.00024411682,0.002040376498,0.046880394788000004,0.000108552741,6.877116300000001e-05,3.4280113e-05,2.7849385e-05,0.000492817244,0.000206877888,0.00024411682,0.002040376498,0.046880394788000004,0.000108552741,6.877116300000001e-05,3.4280113e-05,2.7849385e-05,0.000492817244,0.0,0.0,0.0,0.0,0.0,0.0,0.0,0.0,0.0,0.0,0.0,0.0,0.0,0.0,0.0,0.0,0.0,0.0,0.995965,17683.70906125604,0.636985,0.6688342500000001,0.7006835,0.7325327500000001,0.764382,0.7962312500000001,0.8280805,0.85992975,0.8917790000000001,0.92362825,0.9554775,0.98732675,1.019176,1.0510252500000001,1.0828745,1.11472375,1.146573,1.1784222500000001,1.2102715000000002,1.2421207500000002,1.27397
SF11C46892012282050980,3,,2019-05-18T03:00:00-0500,0.005701,0.005701,0.003003,0.000893,0.000206877888,0.00024411682,0.002040376498,0.046880394788000004,0.000108552741,6.877116300000001e-05,3.4280113e-05,2.7849385e-05,0.000492817244,0.000206877888,0.00024411682,0.002040376498,0.046880394788000004,0.000108552741,6.877116300000001e-05,3.4280113e-05,2.7849385e-05,0.000492817244,0.0,0.0,0.0,0.0,0.0,0.0,0.0,0.0,0.0,0.0,0.0,0.0,0.0,0.0,0.0,0.0,0.0,0.0,0.996974,17683.70906125604,0.636985,0.6688342500000001,0.7006835,0.7325327500000001,0.764382,0.7962312500000001,0.8280805,0.85992975,0.8917790000000001,0.92362825,0.9554775,0.98732675,1.019176,1.0510252500000001,1.0828745,1.11472375,1.146573,1.1784222500000001,1.2102715000000002,1.2421207500000002,1.27397
SF11C46892012282050980,4,,2019-05-18T04:00:00-0500,0.005701,0.005701,0.002771,0.001023,0.000206877888,0.00024411682,0.002040376498,0.046880394788000004,0.000108552741,6.877116300000001e-05,3.4280113e-05,2.7849385e-05,0.000492817244,0.000206877888,0.00024411682,0.002040376498,0.046880394788000004,0.000108552741,6.877116300000001e-05,3.4280113e-05,2.7849385e-05,0.000492817244,0.0,0.0,0.0,0.0,0.0,0.0,0.0,0.0,0.0,0.0,0.0,0.0,0.0,0.0,0.0,0.0,0.0,0.0,0.997579,17683.70906125604,0.636985,0.6688342500000001,0.7006835,0.7325327500000001,0.764382,0.7962312500000001,0.8280805,0.85992975,0.8917790000000001,0.92362825,0.9554775,0.98732675,1.019176,1.0510252500000001,1.0828745,1.11472375,1.146573,1.1784222500000001,1.2102715000000002,1.2421207500000002,1.27397
SF11C46892012282050980,5,,2019-05-18T05:00:00-0500,0.005701,0.005701,0.002606,0.001133,0.000206877888,0.00024411682,0.002040376498,0.046880394788000004,0.000108552741,6.877116300000001e-05,3.4280113e-05,2.7849385e-05,0.000492817244,0.000206877888,0.00024411682,0.002040376498,0.046880394788000004,0.000108552741,6.877116300000001e-05,3.4280113e-05,2.7849385e-05,0.000492817244,0.0,0.0,0.0,0.0,0.0,0.0,0.0,0.0,0.0,0.0,0.0,0.0,0.0,0.0,0.0,0.0,0.0,0.0,0.997983,17683.70906125604,0.636985,0.6688342500000001,0.7006835,0.7325327500000001,0.764382,0.7962312500000001,0.8280805,0.85992975,0.8917790000000001,0.92362825,0.9554775,0.98732675,1.019176,1.0510252500000001,1.0828745,1.11472375,1.146573,1.1784222500000001,1.2102715000000002,1.2421207500000002,1.27397
SF11C46892012282050980,6,,2019-05-18T06:00:00-0500,0.005701,0.005701,0.002487,0.001226,0.000206877888,0.00024411682,0.002040376498,0.046880394788000004,0.000108552741,6.877116300000001e-05,3.4280113e-05,2.7849385e-05,0.000492817244,0.000206877888,0.00024411682,0.002040376498,0.046880394788000004,0.000108552741,6.877116300000001e-05,3.4280113e-05,2.7849385e-05,0.000492817244,0.0,0.0,0.0,0.0,0.0,0.0,0.0,0.0,0.0,0.0,0.0,0.0,0.0,0.0,0.0,0.0,0.0,0.0,0.998271,17683.70906125604,0.636985,0.6688342500000001,0.7006835,0.7325327500000001,0.764382,0.7962312500000001,0.8280805,0.85992975,0.8917790000000001,0.92362825,0.9554775,0.98732675,1.019176,1.0510252500000001,1.0828745,1.11472375,1.146573,1.1784222500000001,1.2102715000000002,1.2421207500000002,1.27397
SF11C46892012282050980,7,,2019-05-18T07:00:00-0500,0.005701,0.005701,0.002402,0.001308,0.000206877888,0.00024411682,0.002040376498,0.046880394788000004,0.000108552741,6.877116300000001e-05,3.4280113e-05,2.7849385e-05,0.000492817244,0.000206877888,0.00024411682,0.002040376498,0.046880394788000004,0.000108552741,6.877116300000001e-05,3.4280113e-05,2.7849385e-05,0.000492817244,0.0,0.0,0.0,0.0,0.0,0.0,0.0,0.0,0.0,0.0,0.0,0.0,0.0,0.0,0.0,0.0,0.0,0.0,0.998487,17683.70906125604,0.636985,0.6688342500000001,0.7006835,0.7325327500000001,0.764382,0.7962312500000001,0.8280805,0.85992975,0.8917790000000001,0.92362825,0.9554775,0.98732675,1.019176,1.0510252500000001,1.0828745,1.11472375,1.146573,1.1784222500000001,1.2102715000000002,1.2421207500000002,1.27397
SF11C46892012282050980,8,,2019-05-18T08:00:00-0500,0.005701,0.005701,0.002187,0.001368,0.000206877888,0.00024411682,0.002040376498,0.046880394788000004,0.000108552741,6.877116300000001e-05,3.4280113e-05,2.7849385e-05,0.000492817244,0.000206877888,0.00024411682,0.002040376498,0.046880394788000004,0.000108552741,6.877116300000001e-05,3.4280113e-05,2.7849385e-05,0.000492817244,0.0,0.0,0.0,0.0,0.0,0.0,0.0,0.0,0.0,0.0,0.0,0.0,0.0,0.0,0.0,0.0,0.0,0.0,0.998655,17683.70906125604,0.636985,0.6688342500000001,0.7006835,0.7325327500000001,0.764382,0.7962312500000001,0.8280805,0.85992975,0.8917790000000001,0.92362825,0.9554775,0.98732675,1.019176,1.0510252500000001,1.0828745,1.11472375,1.146573,1.1784222500000001,1.2102715000000002,1.2421207500000002,1.27397
SF11C46892012282050980,9,,2019-05-18T09:00:00-0500,0.005701,0.005701,0.002871,0.001472,0.000206877888,0.00024411682,0.002040376498,0.046880394788000004,0.000108552741,6.877116300000001e-05,3.4280113e-05,2.7849385e-05,0.000492817244,0.000206877888,0.00024411682,0.002040376498,0.046880394788000004,0.000108552741,6.877116300000001e-05,3.4280113e-05,2.7849385e-05,0.000492817244,0.0,0.0,0.0,0.0,0.0,0.0,0.0,0.0,0.0,0.0,0.0,0.0,0.0,0.0,0.0,0.0,0.0,0.0,0.99879,17683.70906125604,0.636985,0.6688342500000001,0.7006835,0.7325327500000001,0.764382,0.7962312500000001,0.8280805,0.85992975,0.8917790000000001,0.92362825,0.9554775,0.98732675,1.019176,1.0510252500000001,1.0828745,1.11472375,1.146573,1.1784222500000001,1.2102715000000002,1.2421207500000002,1.27397
SF11C46892012282050980,10,,2019-05-18T10:00:00-0500,0.020004,0.020004,0.012417,0.002229,0.000725905152,0.00085657128,0.007159391592,0.164496652752,0.000380896164,0.00024130825200000002,0.00012028405200000001,9.771954e-05,0.001729225776,0.000725905152,0.00085657128,0.007159391592,0.164496652752,0.000380896164,0.00024130825200000002,0.00012028405200000001,9.771954e-05,0.001729225776,0.0,0.0,0.0,0.0,0.0,0.0,0.0,0.0,0.0,0.0,0.0,0.0,0.0,0.0,0.0,0.0,0.0,0.0,0.992912,62049.62569046936,2.234644,2.3463762,2.4581084,2.5698406,2.6815727999999996,2.7933049999999997,2.9050371999999998,3.0167694,3.1285016,3.2402337999999995,3.351966,3.4636981999999996,3.5754303999999997,3.6871625999999997,3.7988948,3.910627,4.0223591999999995,4.1340914,4.2458236,4.3575558,4.469288
SF11C46892012282050980,11,,2019-05-18T11:00:00-0500,0.040008,0.040008,0.029285,0.0041,0.001451810304,0.00171314256,0.014318783184,0.328993305504,0.000761792328,0.00048261650400000005,0.00024056810400000002,0.00019543908,0.003458451552,0.001451810304,0.00171314256,0.014318783184,0.328993305504,0.000761792328,0.00048261650400000005,0.00024056810400000002,0.00019543908,0.003458451552,0.0,0.0,0.0,0.0,0.0,0.0,0.0,0.0,0.0,0.0,0.0,0.0,0.0,0.0,0.0,0.0,0.0,0.0,0.97822,124099.25138093872,4.468039,4.6914409500000005,4.9148429,5.13824485,5.3616468,5.58504875,5.8084507,6.03185265,6.255254600000001,6.47865655,6.7020585,6.92546045,7.1488624000000005,7.37226435,7.5956663,7.819068250000001,8.0424702,8.26587215,8.4892741,8.71267605,8.936078
SF11C46892012282050980,12,,2019-05-18T12:00:00-0500,0.070014,0.070014,0.058436,0.007857,0.002540668032,0.00299799948,0.025057870572000002,0.575738284632,0.001333136574,0.0008445788820000002,0.00042099418200000003,0.00034201839,0.006052290216,0.002540668032,0.00299799948,0.025057870572000002,0.575738284632,0.001333136574,0.0008445788820000002,0.00042099418200000003,0.00034201839,0.006052290216,0.0,0.0,0.0,0.0,0.0,0.0,0.0,0.0,0.0,0.0,0.0,0.0,0.0,0.0,0.0,0.0,0.0,0.0,0.95628,217173.68991664276,7.815792,8.2065816,8.5973712,8.9881608,9.3789504,9.76974,10.1605296,10.5513192,10.9421088,11.332898400000001,11.723688,12.1144776,12.5052672,12.8960568,13.2868464,13.677636,14.068425600000001,14.4592152,14.8500048,15.2407944,15.631584
SF11C46892012282050980,13,,2019-05-18T13:00:00-0500,0.10002,0.10002,0.092637,0.01372,0.00362952576,0.0042828564,0.03579695796,0.82248326376,0.0019044808199999998,0.00120654126,0.00060142026,0.0004885976999999999,0.00864612888,0.00362952576,0.0042828564,0.03579695796,0.82248326376,0.0019044808199999998,0.00120654126,0.00060142026,0.0004885976999999999,0.00864612888,0.0,0.0,0.0,0.0,0.0,0.0,0.0,0.0,0.0,0.0,0.0,0.0,0.0,0.0,0.0,0.0,0.0,0.0,0.937108,310248.1284523468,11.160741,11.71877805,12.2768151,12.83485215,13.392889199999999,13.95092625,14.5089633,15.06700035,15.6250374,16.18307445,16.741111500000002,17.299148549999998,17.8571856,18.41522265,18.9732597,19.531296750000003,20.0893338,20.64737085,21.2054079,21.76344495,22.321482000000003
SF11C46892012282050980,14,,2019-05-18T14:00:00-0500,0.130026,0.130026,0.130595,0.021801,0.004718383488,0.00556771332,0.046536045348,1.069228242888,0.002475825066,0.0015685036380000002,0.000781846338,0.00063517701,0.011239967544,0.004718383488,0.00556771332,0.046536045348,1.069228242888,0.002475825066,0.0015685036380000002,0.000781846338,0.00063517701,0.011239967544,0.0,0.0,0.0,0.0,0.0,0.0,0.0,0.0,0.0,0.0,0.0,0.0,0.0,0.0,0.0,0.0,0.0,0.0,0.923869,403322.5669880508,14.502887,15.22803135,15.9531757,16.67832005,17.4034644,18.128608749999998,18.8537531,19.57889745,20.3040418,21.02918615,21.7543305,22.47947485,23.2046192,23.929763549999997,24.654907899999998,25.38005225,26.1051966,26.83034095,27.5554853,28.28062965,29.005774
SF11C46892012282050980,15,,2019-05-18T15:00:00-0500,0.160032,0.160032,0.1708,0.032104,0.005807241216,0.00685257024,0.057275132736,1.315973222016,0.003047169312,0.0019304660160000002,0.0009622724160000001,0.00078175632,0.013833806208,0.005807241216,0.00685257024,0.057275132736,1.315973222016,0.003047169312,0.0019304660160000002,0.0009622724160000001,0.00078175632,0.013833806208,0.0,0.0,0.0,0.0,0.0,0.0,0.0,0.0,0.0,0.0,0.0,0.0,0.0,0.0,0.0,0.0,0.0,0.0,0.914618,496397.00552375487,17.842232,18.7343436,19.6264552,20.5185668,21.4106784,22.302789999999998,23.1949016,24.0870132,24.9791248,25.8712364,26.763348,27.6554596,28.5475712,29.4396828,30.3317944,31.223906,32.1160176,33.0081292,33.9002408,34.7923524,35.684464
SF11C46892012282050980,16,,2019-05-18T16:00:00-0500,0.170034,0.170034,0.189309,0.042975,0.0061701937919999995,0.007280855879999999,0.06085482853199999,1.398221548392,0.0032376173939999997,0.002051120142,0.0010224144419999999,0.0008306160899999999,0.014698419095999999,0.0061701937919999995,0.007280855879999999,0.06085482853199999,1.398221548392,0.0032376173939999997,0.002051120142,0.0010224144419999999,0.0008306160899999999,0.014698419095999999,0.0,0.0,0.0,0.0,0.0,0.0,0.0,0.0,0.0,0.0,0.0,0.0,0.0,0.0,0.0,0.0,0.0,0.0,0.920262,527421.8183689895,18.954726,19.9024623,20.850198600000002,21.7979349,22.7456712,23.6934075,24.641143800000002,25.5888801,26.5366164,27.484352700000002,28.432089,29.3798253,30.327561600000003,31.2752979,32.2230342,33.1707705,34.118506800000006,35.0662431,36.013979400000004,36.9617157,37.909452
SF11C46892012282050980,17,,2019-05-18T17:00:00-0500,0.120024,0.120024,0.137003,0.049477,0.004355430912,0.00513942768,0.042956349552,0.9869799165120001,0.002285376984,0.001447849512,0.000721704312,0.00058631724,0.010375354655999999,0.004355430912,0.00513942768,0.042956349552,0.9869799165120001,0.002285376984,0.001447849512,0.000721704312,0.00058631724,0.010375354655999999,0.0,0.0,0.0,0.0,0.0,0.0,0.0,0.0,0.0,0.0,0.0,0.0,0.0,0.0,0.0,0.0,0.0,0.0,0.957383,372297.7541428162,13.389149,14.05860645,14.7280639,15.39752135,16.0669788,16.73643625,17.4058937,18.07535115,18.7448086,19.414266050000002,20.083723499999998,20.75318095,21.4226384,22.09209585,22.7615533,23.43101075,24.1004682,24.769925649999998,25.4393831,26.10884055,26.778298
SF11C46892012282050980,18,,2019-05-18T18:00:00-0500,0.070014,0.070014,0.08058,0.051627,0.002540668032,0.00299799948,0.025057870572000002,0.575738284632,0.001333136574,0.0008445788820000002,0.00042099418200000003,0.00034201839,0.006052290216,0.002540668032,0.00299799948,0.025057870572000002,0.575738284632,0.001333136574,0.0008445788820000002,0.00042099418200000003,0.00034201839,0.006052290216,0.0,0.0,0.0,0.0,0.0,0.0,0.0,0.0,0.0,0.0,0.0,0.0,0.0,0.0,0.0,0.0,0.0,0.0,0.984929,217173.68991664276,7.815792,8.2065816,8.5973712,8.9881608,9.3789504,9.76974,10.1605296,10.5513192,10.9421088,11.332898400000001,11.723688,12.1144776,12.5052672,12.8960568,13.2868464,13.677636,14.068425600000001,14.4592152,14.8500048,15.2407944,15.631584
SF11C46892012282050980,19,,2019-05-18T19:00:00-0500,0.040008,0.040008,0.045668,0.051215,0.001451810304,0.00171314256,0.014318783184,0.328993305504,0.000761792328,0.00048261650400000005,0.00024056810400000002,0.00019543908,0.003458451552,0.001451810304,0.00171314256,0.014318783184,0.328993305504,0.000761792328,0.00048261650400000005,0.00024056810400000002,0.00019543908,0.003458451552,0.0,0.0,0.0,0.0,0.0,0.0,0.0,0.0,0.0,0.0,0.0,0.0,0.0,0.0,0.0,0.0,0.0,0.0,0.995218,124099.25138093872,4.468039,4.6914409500000005,4.9148429,5.13824485,5.3616468,5.58504875,5.8084507,6.03185265,6.255254600000001,6.47865655,6.7020585,6.92546045,7.1488624000000005,7.37226435,7.5956663,7.819068250000001,8.0424702,8.26587215,8.4892741,8.71267605,8.936078
SF11C46892012282050980,20,,2019-05-18T20:00:00-0500,0.005701,0.005701,0.006347,0.048113,0.000206877888,0.00024411682,0.002040376498,0.046880394788000004,0.000108552741,6.877116300000001e-05,3.4280113e-05,2.7849385e-05,0.000492817244,0.000206877888,0.00024411682,0.002040376498,0.046880394788000004,0.000108552741,6.877116300000001e-05,3.4280113e-05,2.7849385e-05,0.000492817244,0.0,0.0,0.0,0.0,0.0,0.0,0.0,0.0,0.0,0.0,0.0,0.0,0.0,0.0,0.0,0.0,0.0,0.0,0.999719,17683.70906125604,0.636985,0.6688342500000001,0.7006835,0.7325327500000001,0.764382,0.7962312500000001,0.8280805,0.85992975,0.8917790000000001,0.92362825,0.9554775,0.98732675,1.019176,1.0510252500000001,1.0828745,1.11472375,1.146573,1.1784222500000001,1.2102715000000002,1.2421207500000002,1.27397
SF11C46892012282050980,21,,2019-05-18T21:00:00-0500,0.005701,0.005701,0.006085,0.045207,0.000206877888,0.00024411682,0.002040376498,0.046880394788000004,0.000108552741,6.877116300000001e-05,3.4280113e-05,2.7849385e-05,0.000492817244,0.000206877888,0.00024411682,0.002040376498,0.046880394788000004,0.000108552741,6.877116300000001e-05,3.4280113e-05,2.7849385e-05,0.000492817244,0.0,0.0,0.0,0.0,0.0,0.0,0.0,0.0,0.0,0.0,0.0,0.0,0.0,0.0,0.0,0.0,0.0,0.0,0.99993,17683.70906125604,0.636985,0.6688342500000001,0.7006835,0.7325327500000001,0.764382,0.7962312500000001,0.8280805,0.85992975,0.8917790000000001,0.92362825,0.9554775,0.98732675,1.019176,1.0510252500000001,1.0828745,1.11472375,1.146573,1.1784222500000001,1.2102715000000002,1.2421207500000002,1.27397
SF11C46892012282050980,22,,2019-05-18T22:00:00-0500,0.005701,0.005701,0.005726,0.042477,0.000206877888,0.00024411682,0.002040376498,0.046880394788000004,0.000108552741,6.877116300000001e-05,3.4280113e-05,2.7849385e-05,0.000492817244,0.000206877888,0.00024411682,0.002040376498,0.046880394788000004,0.000108552741,6.877116300000001e-05,3.4280113e-05,2.7849385e-05,0.000492817244,0.0,0.0,0.0,0.0,0.0,0.0,0.0,0.0,0.0,0.0,0.0,0.0,0.0,0.0,0.0,0.0,0.0,0.0,0.999931,17683.70906125604,0.636985,0.6688342500000001,0.7006835,0.7325327500000001,0.764382,0.7962312500000001,0.8280805,0.85992975,0.8917790000000001,0.92362825,0.9554775,0.98732675,1.019176,1.0510252500000001,1.0828745,1.11472375,1.146573,1.1784222500000001,1.2102715000000002,1.2421207500000002,1.27397
SF11C46892012282050980,23,,2019-05-18T23:00:00-0500,0.005701,0.005701,0.00528,0.039905,0.000206877888,0.00024411682,0.002040376498,0.046880394788000004,0.000108552741,6.877116300000001e-05,3.4280113e-05,2.7849385e-05,0.000492817244,0.000206877888,0.00024411682,0.002040376498,0.046880394788000004,0.000108552741,6.877116300000001e-05,3.4280113e-05,2.7849385e-05,0.000492817244,0.0,0.0,0.0,0.0,0.0,0.0,0.0,0.0,0.0,0.0,0.0,0.0,0.0,0.0,0.0,0.0,0.0,0.0,0.999931,17683.70906125604,0.636985,0.6688342500000001,0.7006835,0.7325327500000001,0.764382,0.7962312500000001,0.8280805,0.85992975,0.8917790000000001,0.92362825,0.9554775,0.98732675,1.019176,1.0510252500000001,1.0828745,1.11472375,1.146573,1.1784222500000001,1.2102715000000002,1.2421207500000002,1.27397
SF11C46892112282050980,0,,2019-05-18T00:00:00-0700,0.005701,0.005701,0.004756,0.000329,0.000272114431,0.000321097423,0.002683774255,0.061663281622,0.000142787246,9.0457767e-05,4.509491e-05,3.6628925000000006e-05,0.000648215102,0.000272114431,0.000321097423,0.002683774255,0.061663281622,0.000142787246,9.0457767e-05,4.509491e-05,3.6628925000000006e-05,0.000648215102,0.0,0.0,0.0,0.0,0.0,0.0,0.0,0.0,0.0,0.0,0.0,0.0,0.0,0.0,0.0,0.0,0.0,0.0,0.996052,15174.003946371393,0.415559,0.43633695,0.4571149,0.47789285000000004,0.4986708,0.51944875,0.5402267000000001,0.56100465,0.5817826,0.60256055,0.6233385,0.6441164500000001,0.6648944,0.6856723499999999,0.7064503,0.72722825,0.7480062000000001,0.76878415,0.7895620999999999,0.81034005,0.831118
SF11C46892112282050980,1,,2019-05-18T01:00:00-0700,0.005701,0.005701,0.003952,0.000579,0.000272114431,0.000321097423,0.002683774255,0.061663281622,0.000142787246,9.0457767e-05,4.509491e-05,3.6628925000000006e-05,0.000648215102,0.000272114431,0.000321097423,0.002683774255,0.061663281622,0.000142787246,9.0457767e-05,4.509491e-05,3.6628925000000006e-05,0.000648215102,0.0,0.0,0.0,0.0,0.0,0.0,0.0,0.0,0.0,0.0,0.0,0.0,0.0,0.0,0.0,0.0,0.0,0.0,0.996052,15174.003946371393,0.415559,0.43633695,0.4571149,0.47789285000000004,0.4986708,0.51944875,0.5402267000000001,0.56100465,0.5817826,0.60256055,0.6233385,0.6441164500000001,0.6648944,0.6856723499999999,0.7064503,0.72722825,0.7480062000000001,0.76878415,0.7895620999999999,0.81034005,0.831118
SF11C46892112282050980,2,,2019-05-18T02:00:00-0700,0.005701,0.005701,0.0034,0.000774,0.000272114431,0.000321097423,0.002683774255,0.061663281622,0.000142787246,9.0457767e-05,4.509491e-05,3.6628925000000006e-05,0.000648215102,0.000272114431,0.000321097423,0.002683774255,0.061663281622,0.000142787246,9.0457767e-05,4.509491e-05,3.6628925000000006e-05,0.000648215102,0.0,0.0,0.0,0.0,0.0,0.0,0.0,0.0,0.0,0.0,0.0,0.0,0.0,0.0,0.0,0.0,0.0,0.0,0.997368,15174.003946371393,0.415559,0.43633695,0.4571149,0.47789285000000004,0.4986708,0.51944875,0.5402267000000001,0.56100465,0.5817826,0.60256055,0.6233385,0.6441164500000001,0.6648944,0.6856723499999999,0.7064503,0.72722825,0.7480062000000001,0.76878415,0.7895620999999999,0.81034005,0.831118
SF11C46892112282050980,3,,2019-05-18T03:00:00-0700,0.005701,0.005701,0.00302,0.00093,0.000272114431,0.000321097423,0.002683774255,0.061663281622,0.000142787246,9.0457767e-05,4.509491e-05,3.6628925000000006e-05,0.000648215102,0.000272114431,0.000321097423,0.002683774255,0.061663281622,0.000142787246,9.0457767e-05,4.509491e-05,3.6628925000000006e-05,0.000648215102,0.0,0.0,0.0,0.0,0.0,0.0,0.0,0.0,0.0,0.0,0.0,0.0,0.0,0.0,0.0,0.0,0.0,0.0,0.998026,15174.003946371393,0.415559,0.43633695,0.4571149,0.47789285000000004,0.4986708,0.51944875,0.5402267000000001,0.56100465,0.5817826,0.60256055,0.6233385,0.6441164500000001,0.6648944,0.6856723499999999,0.7064503,0.72722825,0.7480062000000001,0.76878415,0.7895620999999999,0.81034005,0.831118
SF11C46892112282050980,4,,2019-05-18T04:00:00-0700,0.005701,0.005701,0.002759,0.001056,0.000272114431,0.000321097423,0.002683774255,0.061663281622,0.000142787246,9.0457767e-05,4.509491e-05,3.6628925000000006e-05,0.000648215102,0.000272114431,0.000321097423,0.002683774255,0.061663281622,0.000142787246,9.0457767e-05,4.509491e-05,3.6628925000000006e-05,0.000648215102,0.0,0.0,0.0,0.0,0.0,0.0,0.0,0.0,0.0,0.0,0.0,0.0,0.0,0.0,0.0,0.0,0.0,0.0,0.998421,15174.003946371393,0.415559,0.43633695,0.4571149,0.47789285000000004,0.4986708,0.51944875,0.5402267000000001,0.56100465,0.5817826,0.60256055,0.6233385,0.6441164500000001,0.6648944,0.6856723499999999,0.7064503,0.72722825,0.7480062000000001,0.76878415,0.7895620999999999,0.81034005,0.831118
SF11C46892112282050980,5,,2019-05-18T05:00:00-0700,0.005701,0.005701,0.00258,0.001162,0.000272114431,0.000321097423,0.002683774255,0.061663281622,0.000142787246,9.0457767e-05,4.509491e-05,3.6628925000000006e-05,0.000648215102,0.000272114431,0.000321097423,0.002683774255,0.061663281622,0.000142787246,9.0457767e-05,4.509491e-05,3.6628925000000006e-05,0.000648215102,0.0,0.0,0.0,0.0,0.0,0.0,0.0,0.0,0.0,0.0,0.0,0.0,0.0,0.0,0.0,0.0,0.0,0.0,0.998684,15174.003946371393,0.415559,0.43633695,0.4571149,0.47789285000000004,0.4986708,0.51944875,0.5402267000000001,0.56100465,0.5817826,0.60256055,0.6233385,0.6441164500000001,0.6648944,0.6856723499999999,0.7064503,0.72722825,0.7480062000000001,0.76878415,0.7895620999999999,0.81034005,0.831118
SF11C46892112282050980,6,,2019-05-18T06:00:00-0700,0.005701,0.005701,0.002457,0.001251,0.000272114431,0.000321097423,0.002683774255,0.061663281622,0.000142787246,9.0457767e-05,4.509491e-05,3.6628925000000006e-05,0.000648215102,0.000272114431,0.000321097423,0.002683774255,0.061663281622,0.000142787246,9.0457767e-05,4.509491e-05,3.6628925000000006e-05,0.000648215102,0.0,0.0,0.0,0.0,0.0,0.0,0.0,0.0,0.0,0.0,0.0,0.0,0.0,0.0,0.0,0.0,0.0,0.0,0.998872,15174.003946371393,0.415559,0.43633695,0.4571149,0.47789285000000004,0.4986708,0.51944875,0.5402267000000001,0.56100465,0.5817826,0.60256055,0.6233385,0.6441164500000001,0.6648944,0.6856723499999999,0.7064503,0.72722825,0.7480062000000001,0.76878415,0.7895620999999999,0.81034005,0.831118
SF11C46892112282050980,7,,2019-05-18T07:00:00-0700,0.005701,0.005701,0.002372,0.001329,0.000272114431,0.000321097423,0.002683774255,0.061663281622,0.000142787246,9.0457767e-05,4.509491e-05,3.6628925000000006e-05,0.000648215102,0.000272114431,0.000321097423,0.002683774255,0.061663281622,0.000142787246,9.0457767e-05,4.509491e-05,3.6628925000000006e-05,0.000648215102,0.0,0.0,0.0,0.0,0.0,0.0,0.0,0.0,0.0,0.0,0.0,0.0,0.0,0.0,0.0,0.0,0.0,0.0,0.999013,15174.003946371393,0.415559,0.43633695,0.4571149,0.47789285000000004,0.4986708,0.51944875,0.5402267000000001,0.56100465,0.5817826,0.60256055,0.6233385,0.6441164500000001,0.6648944,0.6856723499999999,0.7064503,0.72722825,0.7480062000000001,0.76878415,0.7895620999999999,0.81034005,0.831118
SF11C46892112282050980,8,,2019-05-18T08:00:00-0700,0.005701,0.005701,0.002186,0.001388,0.000272114431,0.000321097423,0.002683774255,0.061663281622,0.000142787246,9.0457767e-05,4.509491e-05,3.6628925000000006e-05,0.000648215102,0.000272114431,0.000321097423,0.002683774255,0.061663281622,0.000142787246,9.0457767e-05,4.509491e-05,3.6628925000000006e-05,0.000648215102,0.0,0.0,0.0,0.0,0.0,0.0,0.0,0.0,0.0,0.0,0.0,0.0,0.0,0.0,0.0,0.0,0.0,0.0,0.999123,15174.003946371393,0.415559,0.43633695,0.4571149,0.47789285000000004,0.4986708,0.51944875,0.5402267000000001,0.56100465,0.5817826,0.60256055,0.6233385,0.6441164500000001,0.6648944,0.6856723499999999,0.7064503,0.72722825,0.7480062000000001,0.76878415,0.7895620999999999,0.81034005,0.831118
SF11C46892112282050980,9,,2019-05-18T09:00:00-0700,0.005701,0.005701,0.00287,0.00149,0.000272114431,0.000321097423,0.002683774255,0.061663281622,0.000142787246,9.0457767e-05,4.509491e-05,3.6628925000000006e-05,0.000648215102,0.000272114431,0.000321097423,0.002683774255,0.061663281622,0.000142787246,9.0457767e-05,4.509491e-05,3.6628925000000006e-05,0.000648215102,0.0,0.0,0.0,0.0,0.0,0.0,0.0,0.0,0.0,0.0,0.0,0.0,0.0,0.0,0.0,0.0,0.0,0.0,0.99921,15174.003946371393,0.415559,0.43633695,0.4571149,0.47789285000000004,0.4986708,0.51944875,0.5402267000000001,0.56100465,0.5817826,0.60256055,0.6233385,0.6441164500000001,0.6648944,0.6856723499999999,0.7064503,0.72722825,0.7480062000000001,0.76878415,0.7895620999999999,0.81034005,0.831118
SF11C46892112282050980,10,,2019-05-18T10:00:00-0700,0.020004,0.020004,0.012411,0.002246,0.000954810924,0.001126685292,0.00941698302,0.216367704888,0.000501020184,0.000317403468,0.00015823164000000001,0.00012852570000000002,0.002274494808,0.000954810924,0.001126685292,0.00941698302,0.216367704888,0.000501020184,0.000317403468,0.00015823164000000001,0.00012852570000000002,0.002274494808,0.0,0.0,0.0,0.0,0.0,0.0,0.0,0.0,0.0,0.0,0.0,0.0,0.0,0.0,0.0,0.0,0.0,0.0,0.995376,53243.42658186517,1.457948,1.5308454,1.6037428,1.6766402,1.7495376,1.822435,1.8953324,1.9682298,2.0411272,2.1140246,2.186922,2.2598194,2.3327168,2.4056142,2.4785116,2.551409,2.6243064,2.6972038,2.7701012,2.8429986,2.915896
SF11C46892112282050980,11,,2019-05-18T11:00:00-0700,0.040008,0.040008,0.029269,0.004114,0.001909621848,0.002253370584,0.01883396604,0.432735409776,0.001002040368,0.000634806936,0.00031646328000000003,0.00025705140000000003,0.004548989616,0.001909621848,0.002253370584,0.01883396604,0.432735409776,0.001002040368,0.000634806936,0.00031646328000000003,0.00025705140000000003,0.004548989616,0.0,0.0,0.0,0.0,0.0,0.0,0.0,0.0,0.0,0.0,0.0,0.0,0.0,0.0,0.0,0.0,0.0,0.0,0.985792,106486.85316373034,2.915364,3.0611322,3.2069004,3.3526686,3.4984368,3.644205,3.7899731999999995,3.9357413999999995,4.0815095999999995,4.2272777999999995,4.3730459999999995,4.5188142,4.6645824,4.8103506,4.9561188,5.101887,5.2476552,5.3934234,5.5391916,5.6849598,5.830728
SF11C46892112282050980,12,,2019-05-18T12:00:00-0700,0.070014,0.070014,0.058405,0.007868,0.0033418382340000006,0.003943398522,0.032959440570000005,0.757286967108,0.0017535706440000001,0.001110912138,0.00055381074,0.00044983995000000005,0.007960731828,0.0033418382340000006,0.003943398522,0.032959440570000005,0.757286967108,0.0017535706440000001,0.001110912138,0.00055381074,0.00044983995000000005,0.007960731828,0.0,0.0,0.0,0.0,0.0,0.0,0.0,0.0,0.0,0.0,0.0,0.0,0.0,0.0,0.0,0.0,0.0,0.0,0.971479,186351.99303652812,5.100492,5.3555166,5.6105412,5.8655658,6.1205904,6.375615,6.6306396,6.8856642,7.1406887999999995,7.3957134,7.6507380000000005,7.9057626,8.1607872,8.4158118,8.670836399999999,8.925861,9.1808856,9.435910199999999,9.6909348,9.9459594,10.200984
SF11C46892112282050980,13,,2019-05-18T13:00:00-0700,0.10002,0.10002,0.092587,0.013726,0.00477405462,0.0056334264599999994,0.0470849151,1.08183852444,0.00250510092,0.00158701734,0.0007911582,0.0006426285,0.01137247404,0.00477405462,0.0056334264599999994,0.0470849151,1.08183852444,0.00250510092,0.00158701734,0.0007911582,0.0006426285,0.01137247404,0.0,0.0,0.0,0.0,0.0,0.0,0.0,0.0,0.0,0.0,0.0,0.0,0.0,0.0,0.0,0.0,0.0,0.0,0.958972,266217.1329093258,7.284426,7.6486472999999995,8.0128686,8.3770899,8.7413112,9.105532499999999,9.4697538,9.8339751,10.1981964,10.5624177,10.926639,11.290860299999999,11.655081599999999,12.0193029,12.3835242,12.7477455,13.1119668,13.476188099999998,13.840409399999999,14.2046307,14.568852
SF11C46892112282050980,14,,2019-05-18T14:00:00-0700,0.130026,0.130026,0.130525,0.021803,0.006206271006,0.007323454398,0.06121038963,1.406390081772,0.003256631196,0.002063122542,0.00102850566,0.00083541705,0.014784216252,0.006206271006,0.007323454398,0.06121038963,1.406390081772,0.003256631196,0.002063122542,0.00102850566,0.00083541705,0.014784216252,0.0,0.0,0.0,0.0,0.0,0.0,0.0,0.0,0.0,0.0,0.0,0.0,0.0,0.0,0.0,0.0,0.0,0.0,0.950335,346082.2727821236,9.467166,9.9405243,10.4138826,10.8872409,11.360599200000001,11.8339575,12.307315800000001,12.7806741,13.2540324,13.7273907,14.200749000000002,14.674107300000001,15.1474656,15.620823900000001,16.0941822,16.5675405,17.0408988,17.514257100000002,17.987615400000003,18.4609737,18.934332
SF11C46892112282050980,15,,2019-05-18T15:00:00-0700,0.160032,0.160032,0.170708,0.032099,0.007638487392,0.009013482336,0.07533586416,1.730941639104,0.004008161472,0.002539227744,0.0012658531200000001,0.0010282056000000001,0.018195958464,0.007638487392,0.009013482336,0.07533586416,1.730941639104,0.004008161472,0.002539227744,0.0012658531200000001,0.0010282056000000001,0.018195958464,0.0,0.0,0.0,0.0,0.0,0.0,0.0,0.0,0.0,0.0,0.0,0.0,0.0,0.0,0.0,0.0,0.0,0.0,0.9443,425947.41265492135,11.648712,12.2311476,12.8135832,13.3960188,13.9784544,14.56089,15.143325599999999,15.725761199999999,16.308196799999997,16.8906324,17.473067999999998,18.055503599999998,18.637939199999998,19.2203748,19.8028104,20.385246,20.9676816,21.5501172,22.1325528,22.7149884,23.297424
SF11C46892112282050980,16,,2019-05-18T16:00:00-0700,0.170034,0.170034,0.189207,0.042963,0.008115892854,0.009576824982,0.08004435567,1.8391254915479998,0.004258671564,0.0026979294779999998,0.00134496894,0.00109246845,0.019333205867999997,0.008115892854,0.009576824982,0.08004435567,1.8391254915479998,0.004258671564,0.0026979294779999998,0.00134496894,0.00109246845,0.019333205867999997,0.0,0.0,0.0,0.0,0.0,0.0,0.0,0.0,0.0,0.0,0.0,0.0,0.0,0.0,0.0,0.0,0.0,0.0,0.947982,452569.1259458539,12.375629,12.99441045,13.6131919,14.23197335,14.8507548,15.46953625,16.0883177,16.707099149999998,17.325880599999998,17.944662049999998,18.563443499999998,19.18222495,19.8010064,20.41978785,21.0385693,21.65735075,22.2761322,22.89491365,23.5136951,24.13247655,24.751258
SF11C46892112282050980,17,,2019-05-18T17:00:00-0700,0.120024,0.120024,0.13693,0.049461,0.005728865544000001,0.006760111752,0.05650189812,1.2982062293280001,0.003006121104,0.001904420808,0.0009493898400000001,0.0007711542000000001,0.013646968848,0.005728865544000001,0.006760111752,0.05650189812,1.2982062293280001,0.003006121104,0.001904420808,0.0009493898400000001,0.0007711542000000001,0.013646968848,0.0,0.0,0.0,0.0,0.0,0.0,0.0,0.0,0.0,0.0,0.0,0.0,0.0,0.0,0.0,0.0,0.0,0.0,0.972198,319460.559491191,8.739718,9.1767039,9.6136898,10.0506757,10.4876616,10.924647499999999,11.361633399999999,11.7986193,12.2356052,12.6725911,13.109577,13.5465629,13.9835488,14.4205347,14.8575206,15.2945065,15.7314924,16.1684783,16.6054642,17.0424501,17.479436
SF11C46892112282050980,18,,2019-05-18T18:00:00-0700,0.070014,0.070014,0.080537,0.05161,0.0033418382340000006,0.003943398522,0.032959440570000005,0.757286967108,0.0017535706440000001,0.001110912138,0.00055381074,0.00044983995000000005,0.007960731828,0.0033418382340000006,0.003943398522,0.032959440570000005,0.757286967108,0.0017535706440000001,0.001110912138,0.00055381074,0.00044983995000000005,0.007960731828,0.0,0.0,0.0,0.0,0.0,0.0,0.0,0.0,0.0,0.0,0.0,0.0,0.0,0.0,0.0,0.0,0.0,0.0,0.990168,186351.99303652812,5.100492,5.3555166,5.6105412,5.8655658,6.1205904,6.375615,6.6306396,6.8856642,7.1406887999999995,7.3957134,7.6507380000000005,7.9057626,8.1607872,8.4158118,8.670836399999999,8.925861,9.1808856,9.435910199999999,9.6909348,9.9459594,10.200984
SF11C46892112282050980,19,,2019-05-18T19:00:00-0700,0.040008,0.040008,0.045643,0.051197,0.001909621848,0.002253370584,0.01883396604,0.432735409776,0.001002040368,0.000634806936,0.00031646328000000003,0.00025705140000000003,0.004548989616,0.001909621848,0.002253370584,0.01883396604,0.432735409776,0.001002040368,0.000634806936,0.00031646328000000003,0.00025705140000000003,0.004548989616,0.0,0.0,0.0,0.0,0.0,0.0,0.0,0.0,0.0,0.0,0.0,0.0,0.0,0.0,0.0,0.0,0.0,0.0,0.996881,106486.85316373034,2.915364,3.0611322,3.2069004,3.3526686,3.4984368,3.644205,3.7899731999999995,3.9357413999999995,4.0815095999999995,4.2272777999999995,4.3730459999999995,4.5188142,4.6645824,4.8103506,4.9561188,5.101887,5.2476552,5.3934234,5.5391916,5.6849598,5.830728
SF11C46892112282050980,20,,2019-05-18T20:00:00-0700,0.005701,0.005701,0.006344,0.048096,0.000272114431,0.000321097423,0.002683774255,0.061663281622,0.000142787246,9.0457767e-05,4.509491e-05,3.6628925000000006e-05,0.000648215102,0.000272114431,0.000321097423,0.002683774255,0.061663281622,0.000142787246,9.0457767e-05,4.509491e-05,3.6628925000000006e-05,0.000648215102,0.0,0.0,0.0,0.0,0.0,0.0,0.0,0.0,0.0,0.0,0.0,0.0,0.0,0.0,0.0,0.0,0.0,0.0,0.999816,15174.003946371393,0.415559,0.43633695,0.4571149,0.47789285000000004,0.4986708,0.51944875,0.5402267000000001,0.56100465,0.5817826,0.60256055,0.6233385,0.6441164500000001,0.6648944,0.6856723499999999,0.7064503,0.72722825,0.7480062000000001,0.76878415,0.7895620999999999,0.81034005,0.831118
SF11C46892112282050980,21,,2019-05-18T21:00:00-0700,0.005701,0.005701,0.006081,0.04519,0.000272114431,0.000321097423,0.002683774255,0.061663281622,0.000142787246,9.0457767e-05,4.509491e-05,3.6628925000000006e-05,0.000648215102,0.000272114431,0.000321097423,0.002683774255,0.061663281622,0.000142787246,9.0457767e-05,4.509491e-05,3.6628925000000006e-05,0.000648215102,0.0,0.0,0.0,0.0,0.0,0.0,0.0,0.0,0.0,0.0,0.0,0.0,0.0,0.0,0.0,0.0,0.0,0.0,0.999954,15174.003946371393,0.415559,0.43633695,0.4571149,0.47789285000000004,0.4986708,0.51944875,0.5402267000000001,0.56100465,0.5817826,0.60256055,0.6233385,0.6441164500000001,0.6648944,0.6856723499999999,0.7064503,0.72722825,0.7480062000000001,0.76878415,0.7895620999999999,0.81034005,0.831118
SF11C46892112282050980,22,,2019-05-18T22:00:00-0700,0.005701,0.005701,0.005723,0.042461,0.000272114431,0.000321097423,0.002683774255,0.061663281622,0.000142787246,9.0457767e-05,4.509491e-05,3.6628925000000006e-05,0.000648215102,0.000272114431,0.000321097423,0.002683774255,0.061663281622,0.000142787246,9.0457767e-05,4.509491e-05,3.6628925000000006e-05,0.000648215102,0.0,0.0,0.0,0.0,0.0,0.0,0.0,0.0,0.0,0.0,0.0,0.0,0.0,0.0,0.0,0.0,0.0,0.0,0.999955,15174.003946371393,0.415559,0.43633695,0.4571149,0.47789285000000004,0.4986708,0.51944875,0.5402267000000001,0.56100465,0.5817826,0.60256055,0.6233385,0.6441164500000001,0.6648944,0.6856723499999999,0.7064503,0.72722825,0.7480062000000001,0.76878415,0.7895620999999999,0.81034005,0.831118
SF11C46892112282050980,23,,2019-05-18T23:00:00-0700,0.005701,0.005701,0.005277,0.03989,0.000272114431,0.000321097423,0.002683774255,0.061663281622,0.000142787246,9.0457767e-05,4.509491e-05,3.6628925000000006e-05,0.000648215102,0.000272114431,0.000321097423,0.002683774255,0.061663281622,0.000142787246,9.0457767e-05,4.509491e-05,3.6628925000000006e-05,0.000648215102,0.0,0.0,0.0,0.0,0.0,0.0,0.0,0.0,0.0,0.0,0.0,0.0,0.0,0.0,0.0,0.0,0.0,0.0,0.999955,15174.003946371393,0.415559,0.43633695,0.4571149,0.47789285000000004,0.4986708,0.51944875,0.5402267000000001,0.56100465,0.5817826,0.60256055,0.6233385,0.6441164500000001,0.6648944,0.6856723499999999,0.7064503,0.72722825,0.7480062000000001,0.76878415,0.7895620999999999,0.81034005,0.831118
SF11C46892212282050980,0,,2019-05-18T00:00:00-0500,0.005701,0.005701,0.004756,0.000329,0.0027920533480000004,0.0032946193020000005,0.027536987303000002,0.6326987245060001,0.0014650600830000001,0.000928128501,0.000462681758,0.00037585552800000003,0.006651065949,0.0027920533480000004,0.0032946193020000005,0.027536987303000002,0.6326987245060001,0.0014650600830000001,0.000928128501,0.000462681758,0.00037585552800000003,0.006651065949,0.0,0.0,0.0,0.0,0.0,0.0,0.0,0.0,0.0,0.0,0.0,0.0,0.0,0.0,0.0,0.0,0.0,0.0,0.918324,951579.8111087044,8.588214,9.0176247,9.4470354,9.8764461,10.3058568,10.7352675,11.1646782,11.594088900000001,12.023499600000001,12.452910300000001,12.882321000000001,13.311731700000001,13.741142400000001,14.170553100000001,14.599963800000001,15.029374500000001,15.458785200000001,15.888195900000001,16.3176066,16.747017300000003,17.176428
SF11C46892212282050980,1,,2019-05-18T01:00:00-0500,0.005701,0.005701,0.003952,0.000579,0.0027920533480000004,0.0032946193020000005,0.027536987303000002,0.6326987245060001,0.0014650600830000001,0.000928128501,0.000462681758,0.00037585552800000003,0.006651065949,0.0027920533480000004,0.0032946193020000005,0.027536987303000002,0.6326987245060001,0.0014650600830000001,0.000928128501,0.000462681758,0.00037585552800000003,0.006651065949,0.0,0.0,0.0,0.0,0.0,0.0,0.0,0.0,0.0,0.0,0.0,0.0,0.0,0.0,0.0,0.0,0.0,0.0,0.918324,951579.8111087044,8.588214,9.0176247,9.4470354,9.8764461,10.3058568,10.7352675,11.1646782,11.594088900000001,12.023499600000001,12.452910300000001,12.882321000000001,13.311731700000001,13.741142400000001,14.170553100000001,14.599963800000001,15.029374500000001,15.458785200000001,15.888195900000001,16.3176066,16.747017300000003,17.176428
SF11C46892212282050980,2,,2019-05-18T02:00:00-0500,0.005701,0.005701,0.0034,0.000774,0.0027920533480000004,0.0032946193020000005,0.027536987303000002,0.6326987245060001,0.0014650600830000001,0.000928128501,0.000462681758,0.00037585552800000003,0.006651065949,0.0027920533480000004,0.0032946193020000005,0.027536987303000002,0.6326987245060001,0.0014650600830000001,0.000928128501,0.000462681758,0.00037585552800000003,0.006651065949,0.0,0.0,0.0,0.0,0.0,0.0,0.0,0.0,0.0,0.0,0.0,0.0,0.0,0.0,0.0,0.0,0.0,0.0,0.94555,951579.8111087044,8.588214,9.0176247,9.4470354,9.8764461,10.3058568,10.7352675,11.1646782,11.594088900000001,12.023499600000001,12.452910300000001,12.882321000000001,13.311731700000001,13.741142400000001,14.170553100000001,14.599963800000001,15.029374500000001,15.458785200000001,15.888195900000001,16.3176066,16.747017300000003,17.176428
SF11C46892212282050980,3,,2019-05-18T03:00:00-0500,0.005701,0.005701,0.00302,0.00093,0.0027920533480000004,0.0032946193020000005,0.027536987303000002,0.6326987245060001,0.0014650600830000001,0.000928128501,0.000462681758,0.00037585552800000003,0.006651065949,0.0027920533480000004,0.0032946193020000005,0.027536987303000002,0.6326987245060001,0.0014650600830000001,0.000928128501,0.000462681758,0.00037585552800000003,0.006651065949,0.0,0.0,0.0,0.0,0.0,0.0,0.0,0.0,0.0,0.0,0.0,0.0,0.0,0.0,0.0,0.0,0.0,0.0,0.959162,951579.8111087044,8.588214,9.0176247,9.4470354,9.8764461,10.3058568,10.7352675,11.1646782,11.594088900000001,12.023499600000001,12.452910300000001,12.882321000000001,13.311731700000001,13.741142400000001,14.170553100000001,14.599963800000001,15.029374500000001,15.458785200000001,15.888195900000001,16.3176066,16.747017300000003,17.176428
SF11C46892212282050980,4,,2019-05-18T04:00:00-0500,0.005701,0.005701,0.002759,0.001056,0.0027920533480000004,0.0032946193020000005,0.027536987303000002,0.6326987245060001,0.0014650600830000001,0.000928128501,0.000462681758,0.00037585552800000003,0.006651065949,0.0027920533480000004,0.0032946193020000005,0.027536987303000002,0.6326987245060001,0.0014650600830000001,0.000928128501,0.000462681758,0.00037585552800000003,0.006651065949,0.0,0.0,0.0,0.0,0.0,0.0,0.0,0.0,0.0,0.0,0.0,0.0,0.0,0.0,0.0,0.0,0.0,0.0,0.96733,951579.8111087044,8.588214,9.0176247,9.4470354,9.8764461,10.3058568,10.7352675,11.1646782,11.594088900000001,12.023499600000001,12.452910300000001,12.882321000000001,13.311731700000001,13.741142400000001,14.170553100000001,14.599963800000001,15.029374500000001,15.458785200000001,15.888195900000001,16.3176066,16.747017300000003,17.176428
SF11C46892212282050980,5,,2019-05-18T05:00:00-0500,0.005701,0.005701,0.00258,0.001162,0.0027920533480000004,0.0032946193020000005,0.027536987303000002,0.6326987245060001,0.0014650600830000001,0.000928128501,0.000462681758,0.00037585552800000003,0.006651065949,0.0027920533480000004,0.0032946193020000005,0.027536987303000002,0.6326987245060001,0.0014650600830000001,0.000928128501,0.000462681758,0.00037585552800000003,0.006651065949,0.0,0.0,0.0,0.0,0.0,0.0,0.0,0.0,0.0,0.0,0.0,0.0,0.0,0.0,0.0,0.0,0.0,0.0,0.972775,951579.8111087044,8.588214,9.0176247,9.4470354,9.8764461,10.3058568,10.7352675,11.1646782,11.594088900000001,12.023499600000001,12.452910300000001,12.882321000000001,13.311731700000001,13.741142400000001,14.170553100000001,14.599963800000001,15.029374500000001,15.458785200000001,15.888195900000001,16.3176066,16.747017300000003,17.176428
SF11C46892212282050980,6,,2019-05-18T06:00:00-0500,0.005701,0.005701,0.002457,0.001251,0.0027920533480000004,0.0032946193020000005,0.027536987303000002,0.6326987245060001,0.0014650600830000001,0.000928128501,0.000462681758,0.00037585552800000003,0.006651065949,0.0027920533480000004,0.0032946193020000005,0.027536987303000002,0.6326987245060001,0.0014650600830000001,0.000928128501,0.000462681758,0.00037585552800000003,0.006651065949,0.0,0.0,0.0,0.0,0.0,0.0,0.0,0.0,0.0,0.0,0.0,0.0,0.0,0.0,0.0,0.0,0.0,0.0,0.976664,951579.8111087044,8.588214,9.0176247,9.4470354,9.8764461,10.3058568,10.7352675,11.1646782,11.594088900000001,12.023499600000001,12.452910300000001,12.882321000000001,13.311731700000001,13.741142400000001,14.170553100000001,14.599963800000001,15.029374500000001,15.458785200000001,15.888195900000001,16.3176066,16.747017300000003,17.176428
SF11C46892212282050980,7,,2019-05-18T07:00:00-0500,0.005701,0.005701,0.002372,0.001329,0.0027920533480000004,0.0032946193020000005,0.027536987303000002,0.6326987245060001,0.0014650600830000001,0.000928128501,0.000462681758,0.00037585552800000003,0.006651065949,0.0027920533480000004,0.0032946193020000005,0.027536987303000002,0.6326987245060001,0.0014650600830000001,0.000928128501,0.000462681758,0.00037585552800000003,0.006651065949,0.0,0.0,0.0,0.0,0.0,0.0,0.0,0.0,0.0,0.0,0.0,0.0,0.0,0.0,0.0,0.0,0.0,0.0,0.979581,951579.8111087044,8.588214,9.0176247,9.4470354,9.8764461,10.3058568,10.7352675,11.1646782,11.594088900000001,12.023499600000001,12.452910300000001,12.882321000000001,13.311731700000001,13.741142400000001,14.170553100000001,14.599963800000001,15.029374500000001,15.458785200000001,15.888195900000001,16.3176066,16.747017300000003,17.176428
SF11C46892212282050980,8,,2019-05-18T08:00:00-0500,0.005701,0.005701,0.002186,0.001388,0.0027920533480000004,0.0032946193020000005,0.027536987303000002,0.6326987245060001,0.0014650600830000001,0.000928128501,0.000462681758,0.00037585552800000003,0.006651065949,0.0027920533480000004,0.0032946193020000005,0.027536987303000002,0.6326987245060001,0.0014650600830000001,0.000928128501,0.000462681758,0.00037585552800000003,0.006651065949,0.0,0.0,0.0,0.0,0.0,0.0,0.0,0.0,0.0,0.0,0.0,0.0,0.0,0.0,0.0,0.0,0.0,0.0,0.98185,951579.8111087044,8.588214,9.0176247,9.4470354,9.8764461,10.3058568,10.7352675,11.1646782,11.594088900000001,12.023499600000001,12.452910300000001,12.882321000000001,13.311731700000001,13.741142400000001,14.170553100000001,14.599963800000001,15.029374500000001,15.458785200000001,15.888195900000001,16.3176066,16.747017300000003,17.176428
SF11C46892212282050980,9,,2019-05-18T09:00:00-0500,0.005701,0.005701,0.00287,0.00149,0.0027920533480000004,0.0032946193020000005,0.027536987303000002,0.6326987245060001,0.0014650600830000001,0.000928128501,0.000462681758,0.00037585552800000003,0.006651065949,0.0027920533480000004,0.0032946193020000005,0.027536987303000002,0.6326987245060001,0.0014650600830000001,0.000928128501,0.000462681758,0.00037585552800000003,0.006651065949,0.0,0.0,0.0,0.0,0.0,0.0,0.0,0.0,0.0,0.0,0.0,0.0,0.0,0.0,0.0,0.0,0.0,0.0,0.983665,951579.8111087044,8.588214,9.0176247,9.4470354,9.8764461,10.3058568,10.7352675,11.1646782,11.594088900000001,12.023499600000001,12.452910300000001,12.882321000000001,13.311731700000001,13.741142400000001,14.170553100000001,14.599963800000001,15.029374500000001,15.458785200000001,15.888195900000001,16.3176066,16.747017300000003,17.176428
SF11C46892212282050980,10,,2019-05-18T10:00:00-0500,0.020004,0.020004,0.012411,0.002246,0.009796918992000001,0.011560351608000001,0.096623380812,2.2200500412240003,0.005140687932,0.003256671204,0.001623484632,0.001318823712,0.023337646596000003,0.009796918992000001,0.011560351608000001,0.096623380812,2.2200500412240003,0.005140687932,0.003256671204,0.001623484632,0.001318823712,0.023337646596000003,0.0,0.0,0.0,0.0,0.0,0.0,0.0,0.0,0.0,0.0,0.0,0.0,0.0,0.0,0.0,0.0,0.0,0.0,0.904345,3338958.523314949,30.053749,31.55643645,33.0591239,34.56181135,36.0644988,37.56718625,39.0698737,40.57256115,42.0752486,43.57793605,45.0806235,46.58331095,48.0859984,49.588685850000005,51.0913733,52.59406075,54.0967482,55.599435650000004,57.1021231,58.604810549999996,60.107498
SF11C46892212282050980,11,,2019-05-18T11:00:00-0500,0.040008,0.040008,0.029269,0.004114,0.019593837984000002,0.023120703216000002,0.193246761624,4.440100082448001,0.010281375864,0.006513342408,0.003246969264,0.002637647424,0.046675293192000006,0.019593837984000002,0.023120703216000002,0.193246761624,4.440100082448001,0.010281375864,0.006513342408,0.003246969264,0.002637647424,0.046675293192000006,0.0,0.0,0.0,0.0,0.0,0.0,0.0,0.0,0.0,0.0,0.0,0.0,0.0,0.0,0.0,0.0,0.0,0.0,0.706059,6677917.046629898,59.88169,62.8757745,65.869859,68.8639435,71.858028,74.8521125,77.846197,80.8402815,83.834366,86.8284505,89.822535,92.8166195,95.810704,98.8047885,101.798873,104.7929575,107.787042,110.7811265,113.775211,116.7692955,119.76338
SF11C46892212282050980,12,,2019-05-18T12:00:00-0500,0.070014,0.070014,0.058404,0.007868,0.034289216472000006,0.04046123062800001,0.33818183284200004,7.770175144284001,0.017992407762000003,0.011398349214,0.0056821962120000005,0.004615882992,0.08168176308600002,0.034289216472000006,0.04046123062800001,0.33818183284200004,7.770175144284001,0.017992407762000003,0.011398349214,0.0056821962120000005,0.004615882992,0.08168176308600002,0.0,0.0,0.0,0.0,0.0,0.0,0.0,0.0,0.0,0.0,0.0,0.0,0.0,0.0,0.0,0.0,0.0,0.0,0.644382,11686354.831602322,104.203923,109.41411915,114.6243153,119.83451145000001,125.04470760000001,130.25490375,135.4650999,140.67529605,145.8854922,151.09568835,156.3058845,161.51608065,166.7262768,171.93647295,177.1466691,182.35686525,187.5670614,192.77725755,197.9874537,203.19764985,208.407846
SF11C46892212282050980,13,,2019-05-18T13:00:00-0500,0.10002,0.10002,0.092587,0.013726,0.04898459496,0.05780175804,0.48311690406,11.10025020612,0.02570343966,0.01628335602,0.00811742316,0.00659411856,0.11668823298,0.04898459496,0.05780175804,0.48311690406,11.10025020612,0.02570343966,0.01628335602,0.00811742316,0.00659411856,0.11668823298,0.0,0.0,0.0,0.0,0.0,0.0,0.0,0.0,0.0,0.0,0.0,0.0,0.0,0.0,0.0,0.0,0.0,0.0,0.668988,16694792.616574744,148.027576,155.4289548,162.83033360000002,170.23171240000002,177.63309120000002,185.03447,192.43584880000003,199.8372276,207.2386064,214.6399852,222.04136400000002,229.44274280000002,236.84412160000002,244.24550040000003,251.6468792,259.04825800000003,266.4496368,273.85101560000004,281.2523944,288.65377320000005,296.055152
SF11C46892212282050980,14,,2019-05-18T14:00:00-0500,0.130026,0.130026,0.130525,0.021803,0.063679973448,0.07514228545200001,0.628051975278,14.430325267956,0.033414471558,0.021168362826,0.010552650108,0.008572354128,0.151694702874,0.063679973448,0.07514228545200001,0.628051975278,14.430325267956,0.033414471558,0.021168362826,0.010552650108,0.008572354128,0.151694702874,0.0,0.0,0.0,0.0,0.0,0.0,0.0,0.0,0.0,0.0,0.0,0.0,0.0,0.0,0.0,0.0,0.0,0.0,0.703836,21703230.401547167,191.358259,200.92617195,210.49408490000002,220.06199785,229.6299108,239.19782375,248.7657367,258.33364965,267.90156260000003,277.46947554999997,287.0373885,296.60530145,306.1732144,315.74112735,325.3090403,334.87695325000004,344.4448662,354.01277915000003,363.58069209999996,373.14860505,382.716518
SF11C46892212282050980,15,,2019-05-18T15:00:00-0500,0.160032,0.160032,0.170708,0.032099,0.07837535193600001,0.09248281286400001,0.772987046496,17.760400329792002,0.041125503456,0.026053369632,0.012987877056,0.010550589696,0.18670117276800002,0.07837535193600001,0.09248281286400001,0.772987046496,17.760400329792002,0.041125503456,0.026053369632,0.012987877056,0.010550589696,0.18670117276800002,0.0,0.0,0.0,0.0,0.0,0.0,0.0,0.0,0.0,0.0,0.0,0.0,0.0,0.0,0.0,0.0,0.0,0.0,0.736568,26711668.186519593,234.201516,245.9115918,257.6216676,269.3317434,281.0418192,292.751895,304.4619708,316.1720466,327.8821224,339.5921982,351.302274,363.01234980000004,374.7224256,386.4325014,398.1425772,409.85265300000003,421.5627288,433.2728046,444.9828804,456.6929562,468.403032
SF11C46892212282050980,16,,2019-05-18T16:00:00-0500,0.170034,0.170034,0.189207,0.042963,0.083273811432,0.098262988668,0.821298736902,18.870425350404,0.043695847422,0.027681705233999997,0.013799619371999998,0.011210001552,0.198369996066,0.083273811432,0.098262988668,0.821298736902,18.870425350404,0.043695847422,0.027681705233999997,0.013799619371999998,0.011210001552,0.198369996066,0.0,0.0,0.0,0.0,0.0,0.0,0.0,0.0,0.0,0.0,0.0,0.0,0.0,0.0,0.0,0.0,0.0,0.0,0.783801,28381147.448177062,248.375235,260.79399675,273.2127585,285.63152025,298.050282,310.46904375,322.8878055,335.30656725,347.725329,360.14409075000003,372.5628525,384.98161425,397.400376,409.81913775,422.2378995,434.65666125,447.075423,459.49418475,471.9129465,484.33170825,496.75047
SF11C46892212282050980,17,,2019-05-18T17:00:00-0500,0.120024,0.120024,0.13693,0.049461,0.05878151395200001,0.069362109648,0.579740284872,13.320300247344,0.030844127592000004,0.019540027224,0.009740907792,0.007912942272,0.14002587957600002,0.05878151395200001,0.069362109648,0.579740284872,13.320300247344,0.030844127592000004,0.019540027224,0.009740907792,0.007912942272,0.14002587957600002,0.0,0.0,0.0,0.0,0.0,0.0,0.0,0.0,0.0,0.0,0.0,0.0,0.0,0.0,0.0,0.0,0.0,0.0,0.862437,20033751.139889695,176.969129,185.81758545000002,194.6660419,203.51449835,212.3629548,221.21141125000003,230.0598677,238.90832415,247.7567806,256.60523705,265.4536935,274.30214995,283.1506064,291.99906285000003,300.84751930000004,309.69597575,318.5444322,327.39288865000003,336.2413451,345.08980155,353.938258
SF11C46892212282050980,18,,2019-05-18T18:00:00-0500,0.070014,0.070014,0.080537,0.05161,0.034289216472000006,0.04046123062800001,0.33818183284200004,7.770175144284001,0.017992407762000003,0.011398349214,0.0056821962120000005,0.004615882992,0.08168176308600002,0.034289216472000006,0.04046123062800001,0.33818183284200004,7.770175144284001,0.017992407762000003,0.011398349214,0.0056821962120000005,0.004615882992,0.08168176308600002,0.0,0.0,0.0,0.0,0.0,0.0,0.0,0.0,0.0,0.0,0.0,0.0,0.0,0.0,0.0,0.0,0.0,0.0,0.919755,11686354.831602322,104.203923,109.41411915,114.6243153,119.83451145000001,125.04470760000001,130.25490375,135.4650999,140.67529605,145.8854922,151.09568835,156.3058845,161.51608065,166.7262768,171.93647295,177.1466691,182.35686525,187.5670614,192.77725755,197.9874537,203.19764985,208.407846
SF11C46892212282050980,19,,2019-05-18T19:00:00-0500,0.040008,0.040008,0.045643,0.051197,0.019593837984000002,0.023120703216000002,0.193246761624,4.440100082448001,0.010281375864,0.006513342408,0.003246969264,0.002637647424,0.046675293192000006,0.019593837984000002,0.023120703216000002,0.193246761624,4.440100082448001,0.010281375864,0.006513342408,0.003246969264,0.002637647424,0.046675293192000006,0.0,0.0,0.0,0.0,0.0,0.0,0.0,0.0,0.0,0.0,0.0,0.0,0.0,0.0,0.0,0.0,0.0,0.0,0.954146,6677917.046629898,59.88169,62.8757745,65.869859,68.8639435,71.858028,74.8521125,77.846197,80.8402815,83.834366,86.8284505,89.822535,92.8166195,95.810704,98.8047885,101.798873,104.7929575,107.787042,110.7811265,113.775211,116.7692955,119.76338
SF11C46892212282050980,20,,2019-05-18T20:00:00-0500,0.005701,0.005701,0.006344,0.048096,0.0027920533480000004,0.0032946193020000005,0.027536987303000002,0.6326987245060001,0.0014650600830000001,0.000928128501,0.000462681758,0.00037585552800000003,0.006651065949,0.0027920533480000004,0.0032946193020000005,0.027536987303000002,0.6326987245060001,0.0014650600830000001,0.000928128501,0.000462681758,0.00037585552800000003,0.006651065949,0.0,0.0,0.0,0.0,0.0,0.0,0.0,0.0,0.0,0.0,0.0,0.0,0.0,0.0,0.0,0.0,0.0,0.0,0.995496,951579.8111087044,8.588214,9.0176247,9.4470354,9.8764461,10.3058568,10.7352675,11.1646782,11.594088900000001,12.023499600000001,12.452910300000001,12.882321000000001,13.311731700000001,13.741142400000001,14.170553100000001,14.599963800000001,15.029374500000001,15.458785200000001,15.888195900000001,16.3176066,16.747017300000003,17.176428
SF11C46892212282050980,21,,2019-05-18T21:00:00-0500,0.005701,0.005701,0.006081,0.04519,0.0027920533480000004,0.0032946193020000005,0.027536987303000002,0.6326987245060001,0.0014650600830000001,0.000928128501,0.000462681758,0.00037585552800000003,0.006651065949,0.0027920533480000004,0.0032946193020000005,0.027536987303000002,0.6326987245060001,0.0014650600830000001,0.000928128501,0.000462681758,0.00037585552800000003,0.006651065949,0.0,0.0,0.0,0.0,0.0,0.0,0.0,0.0,0.0,0.0,0.0,0.0,0.0,0.0,0.0,0.0,0.0,0.0,0.998876,951579.8111087044,8.588214,9.0176247,9.4470354,9.8764461,10.3058568,10.7352675,11.1646782,11.594088900000001,12.023499600000001,12.452910300000001,12.882321000000001,13.311731700000001,13.741142400000001,14.170553100000001,14.599963800000001,15.029374500000001,15.458785200000001,15.888195900000001,16.3176066,16.747017300000003,17.176428
SF11C46892212282050980,22,,2019-05-18T22:00:00-0500,0.005701,0.005701,0.005723,0.042461,0.0027920533480000004,0.0032946193020000005,0.027536987303000002,0.6326987245060001,0.0014650600830000001,0.000928128501,0.000462681758,0.00037585552800000003,0.006651065949,0.0027920533480000004,0.0032946193020000005,0.027536987303000002,0.6326987245060001,0.0014650600830000001,0.000928128501,0.000462681758,0.00037585552800000003,0.006651065949,0.0,0.0,0.0,0.0,0.0,0.0,0.0,0.0,0.0,0.0,0.0,0.0,0.0,0.0,0.0,0.0,0.0,0.0,0.998876,951579.8111087044,8.588214,9.0176247,9.4470354,9.8764461,10.3058568,10.7352675,11.1646782,11.594088900000001,12.023499600000001,12.452910300000001,12.882321000000001,13.311731700000001,13.741142400000001,14.170553100000001,14.599963800000001,15.029374500000001,15.458785200000001,15.888195900000001,16.3176066,16.747017300000003,17.176428
SF11C46892212282050980,23,,2019-05-18T23:00:00-0500,0.005701,0.005701,0.005277,0.03989,0.0027920533480000004,0.0032946193020000005,0.027536987303000002,0.6326987245060001,0.0014650600830000001,0.000928128501,0.000462681758,0.00037585552800000003,0.006651065949,0.0027920533480000004,0.0032946193020000005,0.027536987303000002,0.6326987245060001,0.0014650600830000001,0.000928128501,0.000462681758,0.00037585552800000003,0.006651065949,0.0,0.0,0.0,0.0,0.0,0.0,0.0,0.0,0.0,0.0,0.0,0.0,0.0,0.0,0.0,0.0,0.0,0.0,0.998876,951579.8111087044,8.588214,9.0176247,9.4470354,9.8764461,10.3058568,10.7352675,11.1646782,11.594088900000001,12.023499600000001,12.452910300000001,12.882321000000001,13.311731700000001,13.741142400000001,14.170553100000001,14.599963800000001,15.029374500000001,15.458785200000001,15.888195900000001,16.3176066,16.747017300000003,17.176428
SF11C46892312282050980,0,,2019-05-18T00:00:00-0500,0.005701,0.005701,0.004756,0.000329,1.9446111e-05,2.2940824e-05,0.00019176453700000003,0.004406052056,1.020479e-05,6.464934e-06,3.221065e-06,2.616759e-06,4.6314924e-05,1.9446111e-05,2.2940824e-05,0.00019176453700000003,0.004406052056,1.020479e-05,6.464934e-06,3.221065e-06,2.616759e-06,4.6314924e-05,0.0,0.0,0.0,0.0,0.0,0.0,0.0,0.0,0.0,0.0,0.0,0.0,0.0,0.0,0.0,0.0,0.0,0.0,0.999431,156.202224096306,0.059871,0.06286455,0.0658581,0.06885165,0.0718452,0.07483875000000001,0.0778323,0.08082585,0.0838194,0.08681295,0.08980650000000001,0.09280005,0.0957936,0.09878715,0.1017807,0.10477425000000001,0.1077678,0.11076135000000001,0.1137549,0.11674845,0.11974200000000002
SF11C46892312282050980,1,,2019-05-18T01:00:00-0500,0.005701,0.005701,0.003952,0.000579,1.9446111e-05,2.2940824e-05,0.00019176453700000003,0.004406052056,1.020479e-05,6.464934e-06,3.221065e-06,2.616759e-06,4.6314924e-05,1.9446111e-05,2.2940824e-05,0.00019176453700000003,0.004406052056,1.020479e-05,6.464934e-06,3.221065e-06,2.616759e-06,4.6314924e-05,0.0,0.0,0.0,0.0,0.0,0.0,0.0,0.0,0.0,0.0,0.0,0.0,0.0,0.0,0.0,0.0,0.0,0.0,0.999431,156.202224096306,0.059871,0.06286455,0.0658581,0.06885165,0.0718452,0.07483875000000001,0.0778323,0.08082585,0.0838194,0.08681295,0.08980650000000001,0.09280005,0.0957936,0.09878715,0.1017807,0.10477425000000001,0.1077678,0.11076135000000001,0.1137549,0.11674845,0.11974200000000002
SF11C46892312282050980,2,,2019-05-18T02:00:00-0500,0.005701,0.005701,0.0034,0.000774,1.9446111e-05,2.2940824e-05,0.00019176453700000003,0.004406052056,1.020479e-05,6.464934e-06,3.221065e-06,2.616759e-06,4.6314924e-05,1.9446111e-05,2.2940824e-05,0.00019176453700000003,0.004406052056,1.020479e-05,6.464934e-06,3.221065e-06,2.616759e-06,4.6314924e-05,0.0,0.0,0.0,0.0,0.0,0.0,0.0,0.0,0.0,0.0,0.0,0.0,0.0,0.0,0.0,0.0,0.0,0.0,0.999621,156.202224096306,0.059871,0.06286455,0.0658581,0.06885165,0.0718452,0.07483875000000001,0.0778323,0.08082585,0.0838194,0.08681295,0.08980650000000001,0.09280005,0.0957936,0.09878715,0.1017807,0.10477425000000001,0.1077678,0.11076135000000001,0.1137549,0.11674845,0.11974200000000002
SF11C46892312282050980,3,,2019-05-18T03:00:00-0500,0.005702,0.005702,0.003021,0.00093,1.9449521999999998e-05,2.2944848e-05,0.00019179817399999998,0.004406824912,1.0206579999999998e-05,6.466068e-06,3.2216299999999998e-06,2.6172179999999998e-06,4.6323047999999995e-05,1.9449521999999998e-05,2.2944848e-05,0.00019179817399999998,0.004406824912,1.0206579999999998e-05,6.466068e-06,3.2216299999999998e-06,2.6172179999999998e-06,4.6323047999999995e-05,0.0,0.0,0.0,0.0,0.0,0.0,0.0,0.0,0.0,0.0,0.0,0.0,0.0,0.0,0.0,0.0,0.0,0.0,0.999716,156.22962318841198,0.059882,0.0628761,0.0658702,0.0688643,0.0718584,0.0748525,0.0778466,0.0808407,0.0838348,0.0868289,0.089823,0.0928171,0.0958112,0.0988053,0.1017994,0.1047935,0.1077876,0.1107817,0.1137758,0.1167699,0.119764
SF11C46892312282050980,4,,2019-05-18T04:00:00-0500,0.005701,0.005701,0.002759,0.001056,1.9446111e-05,2.2940824e-05,0.00019176453700000003,0.004406052056,1.020479e-05,6.464934e-06,3.221065e-06,2.616759e-06,4.6314924e-05,1.9446111e-05,2.2940824e-05,0.00019176453700000003,0.004406052056,1.020479e-05,6.464934e-06,3.221065e-06,2.616759e-06,4.6314924e-05,0.0,0.0,0.0,0.0,0.0,0.0,0.0,0.0,0.0,0.0,0.0,0.0,0.0,0.0,0.0,0.0,0.0,0.0,0.999772,156.202224096306,0.059871,0.06286455,0.0658581,0.06885165,0.0718452,0.07483875000000001,0.0778323,0.08082585,0.0838194,0.08681295,0.08980650000000001,0.09280005,0.0957936,0.09878715,0.1017807,0.10477425000000001,0.1077678,0.11076135000000001,0.1137549,0.11674845,0.11974200000000002
SF11C46892312282050980,5,,2019-05-18T05:00:00-0500,0.005701,0.005701,0.00258,0.001162,1.9446111e-05,2.2940824e-05,0.00019176453700000003,0.004406052056,1.020479e-05,6.464934e-06,3.221065e-06,2.616759e-06,4.6314924e-05,1.9446111e-05,2.2940824e-05,0.00019176453700000003,0.004406052056,1.020479e-05,6.464934e-06,3.221065e-06,2.616759e-06,4.6314924e-05,0.0,0.0,0.0,0.0,0.0,0.0,0.0,0.0,0.0,0.0,0.0,0.0,0.0,0.0,0.0,0.0,0.0,0.0,0.99981,156.202224096306,0.059871,0.06286455,0.0658581,0.06885165,0.0718452,0.07483875000000001,0.0778323,0.08082585,0.0838194,0.08681295,0.08980650000000001,0.09280005,0.0957936,0.09878715,0.1017807,0.10477425000000001,0.1077678,0.11076135000000001,0.1137549,0.11674845,0.11974200000000002
SF11C46892312282050980,6,,2019-05-18T06:00:00-0500,0.005701,0.005701,0.002457,0.001251,1.9446111e-05,2.2940824e-05,0.00019176453700000003,0.004406052056,1.020479e-05,6.464934e-06,3.221065e-06,2.616759e-06,4.6314924e-05,1.9446111e-05,2.2940824e-05,0.00019176453700000003,0.004406052056,1.020479e-05,6.464934e-06,3.221065e-06,2.616759e-06,4.6314924e-05,0.0,0.0,0.0,0.0,0.0,0.0,0.0,0.0,0.0,0.0,0.0,0.0,0.0,0.0,0.0,0.0,0.0,0.0,0.999837,156.202224096306,0.059871,0.06286455,0.0658581,0.06885165,0.0718452,0.07483875000000001,0.0778323,0.08082585,0.0838194,0.08681295,0.08980650000000001,0.09280005,0.0957936,0.09878715,0.1017807,0.10477425000000001,0.1077678,0.11076135000000001,0.1137549,0.11674845,0.11974200000000002
SF11C46892312282050980,7,,2019-05-18T07:00:00-0500,0.005701,0.005701,0.002372,0.001329,1.9446111e-05,2.2940824e-05,0.00019176453700000003,0.004406052056,1.020479e-05,6.464934e-06,3.221065e-06,2.616759e-06,4.6314924e-05,1.9446111e-05,2.2940824e-05,0.00019176453700000003,0.004406052056,1.020479e-05,6.464934e-06,3.221065e-06,2.616759e-06,4.6314924e-05,0.0,0.0,0.0,0.0,0.0,0.0,0.0,0.0,0.0,0.0,0.0,0.0,0.0,0.0,0.0,0.0,0.0,0.0,0.999858,156.202224096306,0.059871,0.06286455,0.0658581,0.06885165,0.0718452,0.07483875000000001,0.0778323,0.08082585,0.0838194,0.08681295,0.08980650000000001,0.09280005,0.0957936,0.09878715,0.1017807,0.10477425000000001,0.1077678,0.11076135000000001,0.1137549,0.11674845,0.11974200000000002
SF11C46892312282050980,8,,2019-05-18T08:00:00-0500,0.005701,0.005701,0.002186,0.001388,1.9446111e-05,2.2940824e-05,0.00019176453700000003,0.004406052056,1.020479e-05,6.464934e-06,3.221065e-06,2.616759e-06,4.6314924e-05,1.9446111e-05,2.2940824e-05,0.00019176453700000003,0.004406052056,1.020479e-05,6.464934e-06,3.221065e-06,2.616759e-06,4.6314924e-05,0.0,0.0,0.0,0.0,0.0,0.0,0.0,0.0,0.0,0.0,0.0,0.0,0.0,0.0,0.0,0.0,0.0,0.0,0.999874,156.202224096306,0.059871,0.06286455,0.0658581,0.06885165,0.0718452,0.07483875000000001,0.0778323,0.08082585,0.0838194,0.08681295,0.08980650000000001,0.09280005,0.0957936,0.09878715,0.1017807,0.10477425000000001,0.1077678,0.11076135000000001,0.1137549,0.11674845,0.11974200000000002
SF11C46892312282050980,9,,2019-05-18T09:00:00-0500,0.005701,0.005701,0.00287,0.00149,1.9446111e-05,2.2940824e-05,0.00019176453700000003,0.004406052056,1.020479e-05,6.464934e-06,3.221065e-06,2.616759e-06,4.6314924e-05,1.9446111e-05,2.2940824e-05,0.00019176453700000003,0.004406052056,1.020479e-05,6.464934e-06,3.221065e-06,2.616759e-06,4.6314924e-05,0.0,0.0,0.0,0.0,0.0,0.0,0.0,0.0,0.0,0.0,0.0,0.0,0.0,0.0,0.0,0.0,0.0,0.0,0.999886,156.202224096306,0.059871,0.06286455,0.0658581,0.06885165,0.0718452,0.07483875000000001,0.0778323,0.08082585,0.0838194,0.08681295,0.08980650000000001,0.09280005,0.0957936,0.09878715,0.1017807,0.10477425000000001,0.1077678,0.11076135000000001,0.1137549,0.11674845,0.11974200000000002
SF11C46892312282050980,10,,2019-05-18T10:00:00-0500,0.020004,0.020004,0.012411,0.002246,6.8233644e-05,8.0496096e-05,0.000672874548,0.015460211424,3.580716e-05,2.2684536e-05,1.1302259999999999e-05,9.181836000000001e-06,0.000162512496,6.8233644e-05,8.0496096e-05,0.000672874548,0.015460211424,3.580716e-05,2.2684536e-05,1.1302259999999999e-05,9.181836000000001e-06,0.000162512496,0.0,0.0,0.0,0.0,0.0,0.0,0.0,0.0,0.0,0.0,0.0,0.0,0.0,0.0,0.0,0.0,0.0,0.0,0.999334,548.091438488424,0.210076,0.22057980000000002,0.2310836,0.2415874,0.2520912,0.262595,0.27309880000000003,0.28360260000000004,0.2941064,0.30461020000000005,0.315114,0.3256178,0.3361216,0.34662540000000003,0.35712920000000004,0.367633,0.37813680000000005,0.3886406,0.39914440000000007,0.4096482,0.420152
SF11C46892312282050980,11,,2019-05-18T11:00:00-0500,0.040008,0.040008,0.029269,0.004114,0.000136467288,0.000160992192,0.001345749096,0.030920422848,7.161432e-05,4.5369072e-05,2.2604519999999998e-05,1.8363672000000002e-05,0.000325024992,0.000136467288,0.000160992192,0.001345749096,0.030920422848,7.161432e-05,4.5369072e-05,2.2604519999999998e-05,1.8363672000000002e-05,0.000325024992,0.0,0.0,0.0,0.0,0.0,0.0,0.0,0.0,0.0,0.0,0.0,0.0,0.0,0.0,0.0,0.0,0.0,0.0,0.997953,1096.182876976848,0.420141,0.44114805,0.4621551,0.48316214999999996,0.5041692,0.52517625,0.5461833,0.56719035,0.5881974,0.60920445,0.6302114999999999,0.65121855,0.6722256,0.69323265,0.7142397,0.73524675,0.7562538,0.77726085,0.7982678999999999,0.81927495,0.840282
SF11C46892312282050980,12,,2019-05-18T12:00:00-0500,0.070014,0.070014,0.058405,0.007868,0.00023881775400000002,0.000281736336,0.002355060918,0.054110739984000004,0.00012532506,7.9395876e-05,3.9557910000000004e-05,3.2136426000000004e-05,0.000568793736,0.00023881775400000002,0.000281736336,0.002355060918,0.054110739984000004,0.00012532506,7.9395876e-05,3.9557910000000004e-05,3.2136426000000004e-05,0.000568793736,0.0,0.0,0.0,0.0,0.0,0.0,0.0,0.0,0.0,0.0,0.0,0.0,0.0,0.0,0.0,0.0,0.0,0.0,0.995891,1918.3200347094842,0.735218,0.7719789,0.8087398,0.8455007,0.8822616000000001,0.9190225000000001,0.9557834000000001,0.9925443,1.0293052,1.0660661,1.102827,1.1395879,1.1763488,1.2131097,1.2498706,1.2866315,1.3233924,1.3601533,1.3969141999999999,1.4336750999999999,1.4704359999999999
SF11C46892312282050980,13,,2019-05-18T13:00:00-0500,0.10002,0.10002,0.092587,0.013726,0.00034116821999999997,0.00040248047999999996,0.00336437274,0.07730105712,0.0001790358,0.00011342268,5.6511299999999995e-05,4.5909179999999996e-05,0.0008125624799999999,0.00034116821999999997,0.00040248047999999996,0.00336437274,0.07730105712,0.0001790358,0.00011342268,5.6511299999999995e-05,4.5909179999999996e-05,0.0008125624799999999,0.0,0.0,0.0,0.0,0.0,0.0,0.0,0.0,0.0,0.0,0.0,0.0,0.0,0.0,0.0,0.0,0.0,0.0,0.994089,2740.45719244212,1.05027,1.1027835000000001,1.155297,1.2078105000000001,1.260324,1.3128375,1.365351,1.4178645,1.4703780000000002,1.5228915,1.575405,1.6279185,1.6804320000000001,1.7329455,1.7854590000000001,1.8379725000000002,1.890486,1.9429995,1.995513,2.0480265,2.10054
SF11C46892312282050980,14,,2019-05-18T14:00:00-0500,0.130026,0.130026,0.130525,0.021803,0.00044351868600000003,0.000523224624,0.0043736845620000004,0.10049137425600001,0.00023274654,0.000147449484,7.346469e-05,5.9681934e-05,0.001056331224,0.00044351868600000003,0.000523224624,0.0043736845620000004,0.10049137425600001,0.00023274654,0.000147449484,7.346469e-05,5.9681934e-05,0.001056331224,0.0,0.0,0.0,0.0,0.0,0.0,0.0,0.0,0.0,0.0,0.0,0.0,0.0,0.0,0.0,0.0,0.0,0.0,0.992845,3562.594350174756,1.365297,1.43356185,1.5018267,1.57009155,1.6383564,1.70662125,1.7748861,1.84315095,1.9114157999999999,1.9796806500000002,2.0479455,2.1162103500000002,2.1844752,2.25274005,2.3210049,2.38926975,2.4575346,2.52579945,2.5940643000000003,2.6623291499999997,2.730594
SF11C46892312282050980,15,,2019-05-18T15:00:00-0500,0.160031,0.160031,0.170707,0.032099,0.000545865741,0.000643964744,0.005382962747,0.12368091853600001,0.00028645549,0.00018147515400000001,9.0417515e-05,7.3454229e-05,0.0013000918439999998,0.000545865741,0.000643964744,0.005382962747,0.12368091853600001,0.00028645549,0.00018147515400000001,9.0417515e-05,7.3454229e-05,0.0013000918439999998,0.0,0.0,0.0,0.0,0.0,0.0,0.0,0.0,0.0,0.0,0.0,0.0,0.0,0.0,0.0,0.0,0.0,0.0,0.991975,4384.704108815286,1.680289,1.7643034499999999,1.8483178999999998,1.9323323499999998,2.0163468,2.1003612499999997,2.1843757,2.26839015,2.3524046,2.4364190499999996,2.5204334999999998,2.60444795,2.6884623999999997,2.77247685,2.8564913,2.94050575,3.0245201999999995,3.1085346499999997,3.1925491,3.2765635499999997,3.3605779999999994
SF11C46892312282050980,16,,2019-05-18T16:00:00-0500,0.170034,0.170034,0.189208,0.042963,0.000579985974,0.000684216816,0.0057194336579999994,0.131411797104,0.00030436085999999997,0.00019281855599999998,9.606920999999999e-05,7.8045606e-05,0.0013813562159999998,0.000579985974,0.000684216816,0.0057194336579999994,0.131411797104,0.00030436085999999997,0.00019281855599999998,9.606920999999999e-05,7.8045606e-05,0.0013813562159999998,0.0,0.0,0.0,0.0,0.0,0.0,0.0,0.0,0.0,0.0,0.0,0.0,0.0,0.0,0.0,0.0,0.0,0.0,0.992506,4658.777227151604,1.785295,1.87455975,1.9638245,2.05308925,2.142354,2.23161875,2.3208835,2.41014825,2.499413,2.58867775,2.6779425000000003,2.7672072500000002,2.856472,2.94573675,3.0350015,3.1242662500000002,3.213531,3.30279575,3.3920605000000004,3.4813252500000003,3.57059
SF11C46892312282050980,17,,2019-05-18T17:00:00-0500,0.120024,0.120024,0.13693,0.049461,0.000409401864,0.000482976576,0.0040372472880000005,0.092761268544,0.00021484296000000001,0.000136107216,6.781356e-05,5.5091016e-05,0.0009750749759999999,0.000409401864,0.000482976576,0.0040372472880000005,0.092761268544,0.00021484296000000001,0.000136107216,6.781356e-05,5.5091016e-05,0.0009750749759999999,0.0,0.0,0.0,0.0,0.0,0.0,0.0,0.0,0.0,0.0,0.0,0.0,0.0,0.0,0.0,0.0,0.0,0.0,0.995995,3288.5486309305443,1.260291,1.3233055500000002,1.3863201,1.44933465,1.5123492,1.5753637500000002,1.6383783,1.70139285,1.7644074,1.8274219500000002,1.8904365,1.95345105,2.0164656,2.07948015,2.1424947000000003,2.20550925,2.2685238,2.33153835,2.3945529,2.45756745,2.520582
SF11C46892312282050980,18,,2019-05-18T18:00:00-0500,0.070013,0.070013,0.080536,0.05161,0.00023881434300000002,0.00028173231200000003,0.002355027281,0.054109967128,0.00012532327,7.939474200000001e-05,3.9557345e-05,3.2135967e-05,0.000568785612,0.00023881434300000002,0.00028173231200000003,0.002355027281,0.054109967128,0.00012532327,7.939474200000001e-05,3.9557345e-05,3.2135967e-05,0.000568785612,0.0,0.0,0.0,0.0,0.0,0.0,0.0,0.0,0.0,0.0,0.0,0.0,0.0,0.0,0.0,0.0,0.0,0.0,0.998584,1918.2926356173782,0.735207,0.77196735,0.8087277,0.84548805,0.8822484,0.91900875,0.9557691000000001,0.9925294500000001,1.0292898000000001,1.0660501500000001,1.1028105000000001,1.1395708500000001,1.1763312000000001,1.2130915500000001,1.2498519000000001,1.2866122500000001,1.3233726000000001,1.3601329500000001,1.3968933000000001,1.4336536500000001,1.470414
SF11C46892312282050980,19,,2019-05-18T19:00:00-0500,0.040008,0.040008,0.045643,0.051197,0.000136467288,0.000160992192,0.001345749096,0.030920422848,7.161432e-05,4.5369072e-05,2.2604519999999998e-05,1.8363672000000002e-05,0.000325024992,0.000136467288,0.000160992192,0.001345749096,0.030920422848,7.161432e-05,4.5369072e-05,2.2604519999999998e-05,1.8363672000000002e-05,0.000325024992,0.0,0.0,0.0,0.0,0.0,0.0,0.0,0.0,0.0,0.0,0.0,0.0,0.0,0.0,0.0,0.0,0.0,0.0,0.999551,1096.182876976848,0.420141,0.44114805,0.4621551,0.48316214999999996,0.5041692,0.52517625,0.5461833,0.56719035,0.5881974,0.60920445,0.6302114999999999,0.65121855,0.6722256,0.69323265,0.7142397,0.73524675,0.7562538,0.77726085,0.7982678999999999,0.81927495,0.840282
SF11C46892312282050980,20,,2019-05-18T20:00:00-0500,0.005701,0.005701,0.006344,0.048095,1.9446111e-05,2.2940824e-05,0.00019176453700000003,0.004406052056,1.020479e-05,6.464934e-06,3.221065e-06,2.616759e-06,4.6314924e-05,1.9446111e-05,2.2940824e-05,0.00019176453700000003,0.004406052056,1.020479e-05,6.464934e-06,3.221065e-06,2.616759e-06,4.6314924e-05,0.0,0.0,0.0,0.0,0.0,0.0,0.0,0.0,0.0,0.0,0.0,0.0,0.0,0.0,0.0,0.0,0.0,0.0,0.999974,156.202224096306,0.059871,0.06286455,0.0658581,0.06885165,0.0718452,0.07483875000000001,0.0778323,0.08082585,0.0838194,0.08681295,0.08980650000000001,0.09280005,0.0957936,0.09878715,0.1017807,0.10477425000000001,0.1077678,0.11076135000000001,0.1137549,0.11674845,0.11974200000000002
SF11C46892312282050980,21,,2019-05-18T21:00:00-0500,0.005702,0.005702,0.006082,0.04519,1.9449521999999998e-05,2.2944848e-05,0.00019179817399999998,0.004406824912,1.0206579999999998e-05,6.466068e-06,3.2216299999999998e-06,2.6172179999999998e-06,4.6323047999999995e-05,1.9449521999999998e-05,2.2944848e-05,0.00019179817399999998,0.004406824912,1.0206579999999998e-05,6.466068e-06,3.2216299999999998e-06,2.6172179999999998e-06,4.6323047999999995e-05,0.0,0.0,0.0,0.0,0.0,0.0,0.0,0.0,0.0,0.0,0.0,0.0,0.0,0.0,0.0,0.0,0.0,0.0,0.999993,156.22962318841198,0.059882,0.0628761,0.0658702,0.0688643,0.0718584,0.0748525,0.0778466,0.0808407,0.0838348,0.0868289,0.089823,0.0928171,0.0958112,0.0988053,0.1017994,0.1047935,0.1077876,0.1107817,0.1137758,0.1167699,0.119764
SF11C46892312282050980,22,,2019-05-18T22:00:00-0500,0.005701,0.005701,0.005723,0.042461,1.9446111e-05,2.2940824e-05,0.00019176453700000003,0.004406052056,1.020479e-05,6.464934e-06,3.221065e-06,2.616759e-06,4.6314924e-05,1.9446111e-05,2.2940824e-05,0.00019176453700000003,0.004406052056,1.020479e-05,6.464934e-06,3.221065e-06,2.616759e-06,4.6314924e-05,0.0,0.0,0.0,0.0,0.0,0.0,0.0,0.0,0.0,0.0,0.0,0.0,0.0,0.0,0.0,0.0,0.0,0.0,0.999993,156.202224096306,0.059871,0.06286455,0.0658581,0.06885165,0.0718452,0.07483875000000001,0.0778323,0.08082585,0.0838194,0.08681295,0.08980650000000001,0.09280005,0.0957936,0.09878715,0.1017807,0.10477425000000001,0.1077678,0.11076135000000001,0.1137549,0.11674845,0.11974200000000002
SF11C46892312282050980,23,,2019-05-18T23:00:00-0500,0.005701,0.005701,0.005277,0.03989,1.9446111e-05,2.2940824e-05,0.00019176453700000003,0.004406052056,1.020479e-05,6.464934e-06,3.221065e-06,2.616759e-06,4.6314924e-05,1.9446111e-05,2.2940824e-05,0.00019176453700000003,0.004406052056,1.020479e-05,6.464934e-06,3.221065e-06,2.616759e-06,4.6314924e-05,0.0,0.0,0.0,0.0,0.0,0.0,0.0,0.0,0.0,0.0,0.0,0.0,0.0,0.0,0.0,0.0,0.0,0.0,0.999994,156.202224096306,0.059871,0.06286455,0.0658581,0.06885165,0.0718452,0.07483875000000001,0.0778323,0.08082585,0.0838194,0.08681295,0.08980650000000001,0.09280005,0.0957936,0.09878715,0.1017807,0.10477425000000001,0.1077678,0.11076135000000001,0.1137549,0.11674845,0.11974200000000002
SF11C46892412282050980,0,,2019-05-18T00:00:00-0500,0.005701,0.005701,0.004404,0.000304,0.000145255779,0.000171400565,0.001432598589,0.032915800989,7.621666900000001e-05,4.8287470000000006e-05,2.4069622e-05,1.955443e-05,0.000346016494,0.000145255779,0.000171400565,0.001432598589,0.032915800989,7.621666900000001e-05,4.8287470000000006e-05,2.4069622e-05,1.955443e-05,0.000346016494,0.0,0.0,0.0,0.0,0.0,0.0,0.0,0.0,0.0,0.0,0.0,0.0,0.0,0.0,0.0,0.0,0.0,0.0,0.995751,8717.655530307282,0.447252,0.4696146,0.4919772,0.5143398,0.5367024,0.5590649999999999,0.5814276,0.6037901999999999,0.6261528,0.6485154,0.670878,0.6932406,0.7156032,0.7379658,0.7603283999999999,0.782691,0.8050535999999999,0.8274162,0.8497788,0.8721414,0.894504
SF11C46892412282050980,1,,2019-05-18T01:00:00-0500,0.005701,0.005701,0.003775,0.000544,0.000145255779,0.000171400565,0.001432598589,0.032915800989,7.621666900000001e-05,4.8287470000000006e-05,2.4069622e-05,1.955443e-05,0.000346016494,0.000145255779,0.000171400565,0.001432598589,0.032915800989,7.621666900000001e-05,4.8287470000000006e-05,2.4069622e-05,1.955443e-05,0.000346016494,0.0,0.0,0.0,0.0,0.0,0.0,0.0,0.0,0.0,0.0,0.0,0.0,0.0,0.0,0.0,0.0,0.0,0.0,0.995751,8717.655530307282,0.447252,0.4696146,0.4919772,0.5143398,0.5367024,0.5590649999999999,0.5814276,0.6037901999999999,0.6261528,0.6485154,0.670878,0.6932406,0.7156032,0.7379658,0.7603283999999999,0.782691,0.8050535999999999,0.8274162,0.8497788,0.8721414,0.894504
SF11C46892412282050980,2,,2019-05-18T02:00:00-0500,0.005701,0.005701,0.003325,0.000737,0.000145255779,0.000171400565,0.001432598589,0.032915800989,7.621666900000001e-05,4.8287470000000006e-05,2.4069622e-05,1.955443e-05,0.000346016494,0.000145255779,0.000171400565,0.001432598589,0.032915800989,7.621666900000001e-05,4.8287470000000006e-05,2.4069622e-05,1.955443e-05,0.000346016494,0.0,0.0,0.0,0.0,0.0,0.0,0.0,0.0,0.0,0.0,0.0,0.0,0.0,0.0,0.0,0.0,0.0,0.0,0.997167,8717.655530307282,0.447252,0.4696146,0.4919772,0.5143398,0.5367024,0.5590649999999999,0.5814276,0.6037901999999999,0.6261528,0.6485154,0.670878,0.6932406,0.7156032,0.7379658,0.7603283999999999,0.782691,0.8050535999999999,0.8274162,0.8497788,0.8721414,0.894504
SF11C46892412282050980,3,,2019-05-18T03:00:00-0500,0.005701,0.005701,0.003003,0.000893,0.000145255779,0.000171400565,0.001432598589,0.032915800989,7.621666900000001e-05,4.8287470000000006e-05,2.4069622e-05,1.955443e-05,0.000346016494,0.000145255779,0.000171400565,0.001432598589,0.032915800989,7.621666900000001e-05,4.8287470000000006e-05,2.4069622e-05,1.955443e-05,0.000346016494,0.0,0.0,0.0,0.0,0.0,0.0,0.0,0.0,0.0,0.0,0.0,0.0,0.0,0.0,0.0,0.0,0.0,0.0,0.997875,8717.655530307282,0.447252,0.4696146,0.4919772,0.5143398,0.5367024,0.5590649999999999,0.5814276,0.6037901999999999,0.6261528,0.6485154,0.670878,0.6932406,0.7156032,0.7379658,0.7603283999999999,0.782691,0.8050535999999999,0.8274162,0.8497788,0.8721414,0.894504
SF11C46892412282050980,4,,2019-05-18T04:00:00-0500,0.005701,0.005701,0.002771,0.001023,0.000145255779,0.000171400565,0.001432598589,0.032915800989,7.621666900000001e-05,4.8287470000000006e-05,2.4069622e-05,1.955443e-05,0.000346016494,0.000145255779,0.000171400565,0.001432598589,0.032915800989,7.621666900000001e-05,4.8287470000000006e-05,2.4069622e-05,1.955443e-05,0.000346016494,0.0,0.0,0.0,0.0,0.0,0.0,0.0,0.0,0.0,0.0,0.0,0.0,0.0,0.0,0.0,0.0,0.0,0.0,0.9983,8717.655530307282,0.447252,0.4696146,0.4919772,0.5143398,0.5367024,0.5590649999999999,0.5814276,0.6037901999999999,0.6261528,0.6485154,0.670878,0.6932406,0.7156032,0.7379658,0.7603283999999999,0.782691,0.8050535999999999,0.8274162,0.8497788,0.8721414,0.894504
SF11C46892412282050980,5,,2019-05-18T05:00:00-0500,0.005701,0.005701,0.002606,0.001133,0.000145255779,0.000171400565,0.001432598589,0.032915800989,7.621666900000001e-05,4.8287470000000006e-05,2.4069622e-05,1.955443e-05,0.000346016494,0.000145255779,0.000171400565,0.001432598589,0.032915800989,7.621666900000001e-05,4.8287470000000006e-05,2.4069622e-05,1.955443e-05,0.000346016494,0.0,0.0,0.0,0.0,0.0,0.0,0.0,0.0,0.0,0.0,0.0,0.0,0.0,0.0,0.0,0.0,0.0,0.0,0.998584,8717.655530307282,0.447252,0.4696146,0.4919772,0.5143398,0.5367024,0.5590649999999999,0.5814276,0.6037901999999999,0.6261528,0.6485154,0.670878,0.6932406,0.7156032,0.7379658,0.7603283999999999,0.782691,0.8050535999999999,0.8274162,0.8497788,0.8721414,0.894504
SF11C46892412282050980,6,,2019-05-18T06:00:00-0500,0.005701,0.005701,0.002487,0.001226,0.000145255779,0.000171400565,0.001432598589,0.032915800989,7.621666900000001e-05,4.8287470000000006e-05,2.4069622e-05,1.955443e-05,0.000346016494,0.000145255779,0.000171400565,0.001432598589,0.032915800989,7.621666900000001e-05,4.8287470000000006e-05,2.4069622e-05,1.955443e-05,0.000346016494,0.0,0.0,0.0,0.0,0.0,0.0,0.0,0.0,0.0,0.0,0.0,0.0,0.0,0.0,0.0,0.0,0.0,0.0,0.998786,8717.655530307282,0.447252,0.4696146,0.4919772,0.5143398,0.5367024,0.5590649999999999,0.5814276,0.6037901999999999,0.6261528,0.6485154,0.670878,0.6932406,0.7156032,0.7379658,0.7603283999999999,0.782691,0.8050535999999999,0.8274162,0.8497788,0.8721414,0.894504
SF11C46892412282050980,7,,2019-05-18T07:00:00-0500,0.005701,0.005701,0.002402,0.001308,0.000145255779,0.000171400565,0.001432598589,0.032915800989,7.621666900000001e-05,4.8287470000000006e-05,2.4069622e-05,1.955443e-05,0.000346016494,0.000145255779,0.000171400565,0.001432598589,0.032915800989,7.621666900000001e-05,4.8287470000000006e-05,2.4069622e-05,1.955443e-05,0.000346016494,0.0,0.0,0.0,0.0,0.0,0.0,0.0,0.0,0.0,0.0,0.0,0.0,0.0,0.0,0.0,0.0,0.0,0.0,0.998938,8717.655530307282,0.447252,0.4696146,0.4919772,0.5143398,0.5367024,0.5590649999999999,0.5814276,0.6037901999999999,0.6261528,0.6485154,0.670878,0.6932406,0.7156032,0.7379658,0.7603283999999999,0.782691,0.8050535999999999,0.8274162,0.8497788,0.8721414,0.894504
SF11C46892412282050980,8,,2019-05-18T08:00:00-0500,0.005701,0.005701,0.002187,0.001368,0.000145255779,0.000171400565,0.001432598589,0.032915800989,7.621666900000001e-05,4.8287470000000006e-05,2.4069622e-05,1.955443e-05,0.000346016494,0.000145255779,0.000171400565,0.001432598589,0.032915800989,7.621666900000001e-05,4.8287470000000006e-05,2.4069622e-05,1.955443e-05,0.000346016494,0.0,0.0,0.0,0.0,0.0,0.0,0.0,0.0,0.0,0.0,0.0,0.0,0.0,0.0,0.0,0.0,0.0,0.0,0.999056,8717.655530307282,0.447252,0.4696146,0.4919772,0.5143398,0.5367024,0.5590649999999999,0.5814276,0.6037901999999999,0.6261528,0.6485154,0.670878,0.6932406,0.7156032,0.7379658,0.7603283999999999,0.782691,0.8050535999999999,0.8274162,0.8497788,0.8721414,0.894504
SF11C46892412282050980,9,,2019-05-18T09:00:00-0500,0.005701,0.005701,0.002871,0.001472,0.000145255779,0.000171400565,0.001432598589,0.032915800989,7.621666900000001e-05,4.8287470000000006e-05,2.4069622e-05,1.955443e-05,0.000346016494,0.000145255779,0.000171400565,0.001432598589,0.032915800989,7.621666900000001e-05,4.8287470000000006e-05,2.4069622e-05,1.955443e-05,0.000346016494,0.0,0.0,0.0,0.0,0.0,0.0,0.0,0.0,0.0,0.0,0.0,0.0,0.0,0.0,0.0,0.0,0.0,0.0,0.99915,8717.655530307282,0.447252,0.4696146,0.4919772,0.5143398,0.5367024,0.5590649999999999,0.5814276,0.6037901999999999,0.6261528,0.6485154,0.670878,0.6932406,0.7156032,0.7379658,0.7603283999999999,0.782691,0.8050535999999999,0.8274162,0.8497788,0.8721414,0.894504
SF11C46892412282050980,10,,2019-05-18T10:00:00-0500,0.020004,0.020004,0.012417,0.002229,0.000509681916,0.00060142026,0.005026785156,0.11549687475600001,0.000267433476,0.00016943388,8.445688800000001e-05,6.861372e-05,0.001214122776,0.000509681916,0.00060142026,0.005026785156,0.11549687475600001,0.000267433476,0.00016943388,8.445688800000001e-05,6.861372e-05,0.001214122776,0.0,0.0,0.0,0.0,0.0,0.0,0.0,0.0,0.0,0.0,0.0,0.0,0.0,0.0,0.0,0.0,0.0,0.0,0.995024,30589.016177559526,1.569125,1.64758125,1.7260375000000001,1.8044937500000002,1.8829500000000001,1.96140625,2.0398625,2.1183187500000003,2.196775,2.27523125,2.3536875000000004,2.4321437500000003,2.5106,2.58905625,2.6675125,2.7459687500000003,2.824425,2.90288125,2.9813375000000004,3.0597937500000003,3.13825
SF11C46892412282050980,11,,2019-05-18T11:00:00-0500,0.040008,0.040008,0.029285,0.0041,0.001019363832,0.00120284052,0.010053570312,0.23099374951200002,0.000534866952,0.00033886776,0.00016891377600000002,0.00013722744,0.002428245552,0.001019363832,0.00120284052,0.010053570312,0.23099374951200002,0.000534866952,0.00033886776,0.00016891377600000002,0.00013722744,0.002428245552,0.0,0.0,0.0,0.0,0.0,0.0,0.0,0.0,0.0,0.0,0.0,0.0,0.0,0.0,0.0,0.0,0.0,0.0,0.984708,61178.03235511905,3.137635,3.29451675,3.4513985,3.60828025,3.765162,3.92204375,4.0789254999999995,4.23580725,4.392689,4.54957075,4.706452499999999,4.863334249999999,5.020216,5.17709775,5.3339795,5.49086125,5.647743,5.80462475,5.9615065,6.11838825,6.275269999999999
SF11C46892412282050980,12,,2019-05-18T12:00:00-0500,0.070014,0.070014,0.058436,0.007857,0.0017838867060000004,0.00210497091,0.017593748046000002,0.40423906164600004,0.0009360171660000001,0.00059301858,0.000295599108,0.00024014802,0.0042494297160000005,0.0017838867060000004,0.00210497091,0.017593748046000002,0.40423906164600004,0.0009360171660000001,0.00059301858,0.000295599108,0.00024014802,0.0042494297160000005,0.0,0.0,0.0,0.0,0.0,0.0,0.0,0.0,0.0,0.0,0.0,0.0,0.0,0.0,0.0,0.0,0.0,0.0,0.969304,107061.55662145834,5.489246,5.763708299999999,6.0381706,6.3126329,6.587095199999999,6.8615575,7.1360198,7.410482099999999,7.684944399999999,7.9594067,8.233868999999999,8.5083313,8.7827936,9.0572559,9.3317182,9.6061805,9.8806428,10.1551051,10.4295674,10.7040297,10.978492
SF11C46892412282050980,13,,2019-05-18T13:00:00-0500,0.10002,0.10002,0.092637,0.01372,0.00254840958,0.0030071013,0.025133925779999997,0.57748437378,0.00133716738,0.0008471694,0.00042228444,0.00034306859999999996,0.00607061388,0.00254840958,0.0030071013,0.025133925779999997,0.57748437378,0.00133716738,0.0008471694,0.00042228444,0.00034306859999999996,0.00607061388,0.0,0.0,0.0,0.0,0.0,0.0,0.0,0.0,0.0,0.0,0.0,0.0,0.0,0.0,0.0,0.0,0.0,0.0,0.955842,152945.0808877976,7.839473,8.23144665,8.6234203,9.01539395,9.4073676,9.79934125,10.1913149,10.583288549999999,10.9752622,11.36723585,11.7592095,12.15118315,12.5431568,12.935130449999999,13.3271041,13.71907775,14.111051400000001,14.50302505,14.8949987,15.28697235,15.678946
SF11C46892412282050980,14,,2019-05-18T14:00:00-0500,0.130026,0.130026,0.130595,0.021801,0.003312932454,0.00390923169,0.032674103514,0.750729685914,0.001738317594,0.00110132022,0.000548969772,0.00044598918,0.007891798044,0.003312932454,0.00390923169,0.032674103514,0.750729685914,0.001738317594,0.00110132022,0.000548969772,0.00044598918,0.007891798044,0.0,0.0,0.0,0.0,0.0,0.0,0.0,0.0,0.0,0.0,0.0,0.0,0.0,0.0,0.0,0.0,0.0,0.0,0.946547,198828.6051541369,10.188317,10.69773285,11.2071487,11.71656455,12.2259804,12.735396249999999,13.2448121,13.75422795,14.2636438,14.77305965,15.2824755,15.79189135,16.3013072,16.81072305,17.3201389,17.82955475,18.3389706,18.84838645,19.3578023,19.86721815,20.376634
SF11C46892412282050980,15,,2019-05-18T15:00:00-0500,0.160032,0.160032,0.1708,0.032104,0.004077455328,0.00481136208,0.040214281248,0.9239749980480001,0.002139467808,0.00135547104,0.0006756551040000001,0.00054890976,0.009712982208,0.004077455328,0.00481136208,0.040214281248,0.9239749980480001,0.002139467808,0.00135547104,0.0006756551040000001,0.00054890976,0.009712982208,0.0,0.0,0.0,0.0,0.0,0.0,0.0,0.0,0.0,0.0,0.0,0.0,0.0,0.0,0.0,0.0,0.0,0.0,0.940051,244712.1294204762,12.53578,13.162569000000001,13.789358,14.416147,15.042936000000001,15.669725000000001,16.296514000000002,16.923303,17.550092,18.176881,18.80367,19.430459,20.057248,20.684037000000004,21.310826,21.937615,22.564404000000003,23.191193000000002,23.817982,24.444771000000003,25.07156
SF11C46892412282050980,16,,2019-05-18T16:00:00-0500,0.170034,0.170034,0.189309,0.042975,0.004332296286,0.00511207221,0.042727673826,0.9817234354259999,0.002273184546,0.0014401879799999999,0.000717883548,0.0005832166199999999,0.010320043595999999,0.004332296286,0.00511207221,0.042727673826,0.9817234354259999,0.002273184546,0.0014401879799999999,0.000717883548,0.0005832166199999999,0.010320043595999999,0.0,0.0,0.0,0.0,0.0,0.0,0.0,0.0,0.0,0.0,0.0,0.0,0.0,0.0,0.0,0.0,0.0,0.0,0.944014,260006.63750925593,13.31796,13.983858,14.649756,15.315653999999999,15.981551999999999,16.64745,17.313347999999998,17.979246,18.645144,19.311042,19.97694,20.642837999999998,21.308736,21.974634000000002,22.640532,23.30643,23.972327999999997,24.638226,25.304124,25.970022,26.63592
SF11C46892412282050980,17,,2019-05-18T17:00:00-0500,0.120024,0.120024,0.137003,0.049477,0.0030580914960000004,0.0036085215600000003,0.030160710936,0.6929812485360001,0.0016046008560000001,0.00101660328,0.000506741328,0.00041168232,0.007284736656,0.0030580914960000004,0.0036085215600000003,0.030160710936,0.6929812485360001,0.0016046008560000001,0.00101660328,0.000506741328,0.00041168232,0.007284736656,0.0,0.0,0.0,0.0,0.0,0.0,0.0,0.0,0.0,0.0,0.0,0.0,0.0,0.0,0.0,0.0,0.0,0.0,0.970078,183534.09706535714,9.405523,9.87579915,10.3460753,10.81635145,11.286627600000001,11.756903750000001,12.2271799,12.69745605,13.1677322,13.63800835,14.1082845,14.57856065,15.0488368,15.51911295,15.9893891,16.45966525,16.9299414,17.40021755,17.8704937,18.34076985,18.811046
SF11C46892412282050980,18,,2019-05-18T18:00:00-0500,0.070014,0.070014,0.08058,0.051627,0.0017838867060000004,0.00210497091,0.017593748046000002,0.40423906164600004,0.0009360171660000001,0.00059301858,0.000295599108,0.00024014802,0.0042494297160000005,0.0017838867060000004,0.00210497091,0.017593748046000002,0.40423906164600004,0.0009360171660000001,0.00059301858,0.000295599108,0.00024014802,0.0042494297160000005,0.0,0.0,0.0,0.0,0.0,0.0,0.0,0.0,0.0,0.0,0.0,0.0,0.0,0.0,0.0,0.0,0.0,0.0,0.989418,107061.55662145834,5.489246,5.763708299999999,6.0381706,6.3126329,6.587095199999999,6.8615575,7.1360198,7.410482099999999,7.684944399999999,7.9594067,8.233868999999999,8.5083313,8.7827936,9.0572559,9.3317182,9.6061805,9.8806428,10.1551051,10.4295674,10.7040297,10.978492
SF11C46892412282050980,19,,2019-05-18T19:00:00-0500,0.040008,0.040008,0.045668,0.051215,0.001019363832,0.00120284052,0.010053570312,0.23099374951200002,0.000534866952,0.00033886776,0.00016891377600000002,0.00013722744,0.002428245552,0.001019363832,0.00120284052,0.010053570312,0.23099374951200002,0.000534866952,0.00033886776,0.00016891377600000002,0.00013722744,0.002428245552,0.0,0.0,0.0,0.0,0.0,0.0,0.0,0.0,0.0,0.0,0.0,0.0,0.0,0.0,0.0,0.0,0.0,0.0,0.996643,61178.03235511905,3.137635,3.29451675,3.4513985,3.60828025,3.765162,3.92204375,4.0789254999999995,4.23580725,4.392689,4.54957075,4.706452499999999,4.863334249999999,5.020216,5.17709775,5.3339795,5.49086125,5.647743,5.80462475,5.9615065,6.11838825,6.275269999999999
SF11C46892412282050980,20,,2019-05-18T20:00:00-0500,0.005701,0.005701,0.006347,0.048113,0.000145255779,0.000171400565,0.001432598589,0.032915800989,7.621666900000001e-05,4.8287470000000006e-05,2.4069622e-05,1.955443e-05,0.000346016494,0.000145255779,0.000171400565,0.001432598589,0.032915800989,7.621666900000001e-05,4.8287470000000006e-05,2.4069622e-05,1.955443e-05,0.000346016494,0.0,0.0,0.0,0.0,0.0,0.0,0.0,0.0,0.0,0.0,0.0,0.0,0.0,0.0,0.0,0.0,0.0,0.0,0.999802,8717.655530307282,0.447252,0.4696146,0.4919772,0.5143398,0.5367024,0.5590649999999999,0.5814276,0.6037901999999999,0.6261528,0.6485154,0.670878,0.6932406,0.7156032,0.7379658,0.7603283999999999,0.782691,0.8050535999999999,0.8274162,0.8497788,0.8721414,0.894504
SF11C46892412282050980,21,,2019-05-18T21:00:00-0500,0.005701,0.005701,0.006085,0.045207,0.000145255779,0.000171400565,0.001432598589,0.032915800989,7.621666900000001e-05,4.8287470000000006e-05,2.4069622e-05,1.955443e-05,0.000346016494,0.000145255779,0.000171400565,0.001432598589,0.032915800989,7.621666900000001e-05,4.8287470000000006e-05,2.4069622e-05,1.955443e-05,0.000346016494,0.0,0.0,0.0,0.0,0.0,0.0,0.0,0.0,0.0,0.0,0.0,0.0,0.0,0.0,0.0,0.0,0.0,0.0,0.999951,8717.655530307282,0.447252,0.4696146,0.4919772,0.5143398,0.5367024,0.5590649999999999,0.5814276,0.6037901999999999,0.6261528,0.6485154,0.670878,0.6932406,0.7156032,0.7379658,0.7603283999999999,0.782691,0.8050535999999999,0.8274162,0.8497788,0.8721414,0.894504
SF11C46892412282050980,22,,2019-05-18T22:00:00-0500,0.005701,0.005701,0.005726,0.042477,0.000145255779,0.000171400565,0.001432598589,0.032915800989,7.621666900000001e-05,4.8287470000000006e-05,2.4069622e-05,1.955443e-05,0.000346016494,0.000145255779,0.000171400565,0.001432598589,0.032915800989,7.621666900000001e-05,4.8287470000000006e-05,2.4069622e-05,1.955443e-05,0.000346016494,0.0,0.0,0.0,0.0,0.0,0.0,0.0,0.0,0.0,0.0,0.0,0.0,0.0,0.0,0.0,0.0,0.0,0.0,0.999951,8717.655530307282,0.447252,0.4696146,0.4919772,0.5143398,0.5367024,0.5590649999999999,0.5814276,0.6037901999999999,0.6261528,0.6485154,0.670878,0.6932406,0.7156032,0.7379658,0.7603283999999999,0.782691,0.8050535999999999,0.8274162,0.8497788,0.8721414,0.894504
SF11C46892412282050980,23,,2019-05-18T23:00:00-0500,0.005701,0.005701,0.00528,0.039905,0.000145255779,0.000171400565,0.001432598589,0.032915800989,7.621666900000001e-05,4.8287470000000006e-05,2.4069622e-05,1.955443e-05,0.000346016494,0.000145255779,0.000171400565,0.001432598589,0.032915800989,7.621666900000001e-05,4.8287470000000006e-05,2.4069622e-05,1.955443e-05,0.000346016494,0.0,0.0,0.0,0.0,0.0,0.0,0.0,0.0,0.0,0.0,0.0,0.0,0.0,0.0,0.0,0.0,0.0,0.0,0.999952,8717.655530307282,0.447252,0.4696146,0.4919772,0.5143398,0.5367024,0.5590649999999999,0.5814276,0.6037901999999999,0.6261528,0.6485154,0.670878,0.6932406,0.7156032,0.7379658,0.7603283999999999,0.782691,0.8050535999999999,0.8274162,0.8497788,0.8721414,0.894504
SF11C46892512282050980,0,,2019-05-18T00:00:00-0700,0.005701,0.005701,0.004403,0.000304,0.0045393414360000005,0.005356420158,0.044769856083,1.0286466516700001,0.002381906305,0.0015089577830000001,0.0007522355480000001,0.000611067386,0.010813354647000001,0.0045393414360000005,0.005356420158,0.044769856083,1.0286466516700001,0.002381906305,0.0015089577830000001,0.0007522355480000001,0.000611067386,0.010813354647000001,0.0,0.0,0.0,0.0,0.0,0.0,0.0,0.0,0.0,0.0,0.0,0.0,0.0,0.0,0.0,0.0,0.0,0.0,0.96206,1430118.858847642,3.991666,4.0841003,4.1765346,4.2689689,4.3614032,4.4538375,4.5462717999999995,4.6387061,4.7311404,4.8235747,4.916009,5.0084433,5.1008776000000005,5.1933119,5.2857462,5.3781805,5.4706148,5.563049100000001,5.6554834,5.7479177,5.840352
SF11C46892512282050980,1,,2019-05-18T01:00:00-0700,0.005701,0.005701,0.003775,0.000544,0.0045393414360000005,0.005356420158,0.044769856083,1.0286466516700001,0.002381906305,0.0015089577830000001,0.0007522355480000001,0.000611067386,0.010813354647000001,0.0045393414360000005,0.005356420158,0.044769856083,1.0286466516700001,0.002381906305,0.0015089577830000001,0.0007522355480000001,0.000611067386,0.010813354647000001,0.0,0.0,0.0,0.0,0.0,0.0,0.0,0.0,0.0,0.0,0.0,0.0,0.0,0.0,0.0,0.0,0.0,0.0,0.96206,1430118.858847642,3.991666,4.10535915,4.2190522999999995,4.33274545,4.4464386,4.56013175,4.6738249,4.78751805,4.9012112,5.01490435,5.1285975,5.24229065,5.3559838,5.46967695,5.5833701,5.697063249999999,5.8107564,5.92444955,6.0381427,6.151835849999999,6.265529
SF11C46892512282050980,2,,2019-05-18T02:00:00-0700,0.005701,0.005701,0.003325,0.000737,0.0045393414360000005,0.005356420158,0.044769856083,1.0286466516700001,0.002381906305,0.0015089577830000001,0.0007522355480000001,0.000611067386,0.010813354647000001,0.0045393414360000005,0.005356420158,0.044769856083,1.0286466516700001,0.002381906305,0.0015089577830000001,0.0007522355480000001,0.000611067386,0.010813354647000001,0.0,0.0,0.0,0.0,0.0,0.0,0.0,0.0,0.0,0.0,0.0,0.0,0.0,0.0,0.0,0.0,0.0,0.0,0.974707,1430118.858847642,3.991666,4.03770795,4.0837499,4.12979185,4.1758338,4.22187575,4.2679177,4.31395965,4.3600016,4.40604355,4.4520855,4.49812745,4.5441694,4.590211350000001,4.6362533,4.68229525,4.7283372,4.774379150000001,4.8204211,4.86646305,4.912505
SF11C46892512282050980,3,,2019-05-18T03:00:00-0700,0.005701,0.005701,0.003003,0.000893,0.0045393414360000005,0.005356420158,0.044769856083,1.0286466516700001,0.002381906305,0.0015089577830000001,0.0007522355480000001,0.000611067386,0.010813354647000001,0.0045393414360000005,0.005356420158,0.044769856083,1.0286466516700001,0.002381906305,0.0015089577830000001,0.0007522355480000001,0.000611067386,0.010813354647000001,0.0,0.0,0.0,0.0,0.0,0.0,0.0,0.0,0.0,0.0,0.0,0.0,0.0,0.0,0.0,0.0,0.0,0.0,0.98103,1430118.858847642,3.991666,3.9987681,4.0058702,4.0129723,4.0200744,4.0271765,4.0342786,4.0413807,4.0484828,4.0555849,4.062687,4.0697891,4.0768912,4.0839933,4.0910954,4.0981975,4.1052996,4.1124017,4.1195038,4.1266059,4.133708
SF11C46892512282050980,4,,2019-05-18T04:00:00-0700,0.005701,0.005701,0.002771,0.001023,0.0045393414360000005,0.005356420158,0.044769856083,1.0286466516700001,0.002381906305,0.0015089577830000001,0.0007522355480000001,0.000611067386,0.010813354647000001,0.0045393414360000005,0.005356420158,0.044769856083,1.0286466516700001,0.002381906305,0.0015089577830000001,0.0007522355480000001,0.000611067386,0.010813354647000001,0.0,0.0,0.0,0.0,0.0,0.0,0.0,0.0,0.0,0.0,0.0,0.0,0.0,0.0,0.0,0.0,0.0,0.0,0.984824,1430118.858847642,3.991666,4.1912493,4.3908325999999995,4.5904159,4.7899992,4.9895825,5.1891658,5.3887491,5.5883324,5.7879157,5.987499,6.1870823,6.3866656,6.586248899999999,6.7858322,6.9854155,7.1849988,7.384582099999999,7.5841654,7.7837487,7.983332
SF11C46892512282050980,5,,2019-05-18T05:00:00-0700,0.005701,0.005701,0.002606,0.001133,0.0045393414360000005,0.005356420158,0.044769856083,1.0286466516700001,0.002381906305,0.0015089577830000001,0.0007522355480000001,0.000611067386,0.010813354647000001,0.0045393414360000005,0.005356420158,0.044769856083,1.0286466516700001,0.002381906305,0.0015089577830000001,0.0007522355480000001,0.000611067386,0.010813354647000001,0.0,0.0,0.0,0.0,0.0,0.0,0.0,0.0,0.0,0.0,0.0,0.0,0.0,0.0,0.0,0.0,0.0,0.0,0.987353,1430118.858847642,3.991666,4.1912493,4.3908325999999995,4.5904159,4.7899992,4.9895825,5.1891658,5.3887491,5.5883324,5.7879157,5.987499,6.1870823,6.3866656,6.586248899999999,6.7858322,6.9854155,7.1849988,7.384582099999999,7.5841654,7.7837487,7.983332
SF11C46892512282050980,6,,2019-05-18T06:00:00-0700,0.005701,0.005701,0.002487,0.001226,0.0045393414360000005,0.005356420158,0.044769856083,1.0286466516700001,0.002381906305,0.0015089577830000001,0.0007522355480000001,0.000611067386,0.010813354647000001,0.0045393414360000005,0.005356420158,0.044769856083,1.0286466516700001,0.002381906305,0.0015089577830000001,0.0007522355480000001,0.000611067386,0.010813354647000001,0.0,0.0,0.0,0.0,0.0,0.0,0.0,0.0,0.0,0.0,0.0,0.0,0.0,0.0,0.0,0.0,0.0,0.0,0.98916,1430118.858847642,3.991666,4.1912493,4.3908325999999995,4.5904159,4.7899992,4.9895825,5.1891658,5.3887491,5.5883324,5.7879157,5.987499,6.1870823,6.3866656,6.586248899999999,6.7858322,6.9854155,7.1849988,7.384582099999999,7.5841654,7.7837487,7.983332
SF11C46892512282050980,7,,2019-05-18T07:00:00-0700,0.005701,0.005701,0.002402,0.001308,0.0045393414360000005,0.005356420158,0.044769856083,1.0286466516700001,0.002381906305,0.0015089577830000001,0.0007522355480000001,0.000611067386,0.010813354647000001,0.0045393414360000005,0.005356420158,0.044769856083,1.0286466516700001,0.002381906305,0.0015089577830000001,0.0007522355480000001,0.000611067386,0.010813354647000001,0.0,0.0,0.0,0.0,0.0,0.0,0.0,0.0,0.0,0.0,0.0,0.0,0.0,0.0,0.0,0.0,0.0,0.0,0.990515,1430118.858847642,3.991666,4.1912493,4.3908325999999995,4.5904159,4.7899992,4.9895825,5.1891658,5.3887491,5.5883324,5.7879157,5.987499,6.1870823,6.3866656,6.586248899999999,6.7858322,6.9854155,7.1849988,7.384582099999999,7.5841654,7.7837487,7.983332
SF11C46892512282050980,8,,2019-05-18T08:00:00-0700,0.005701,0.005701,0.002187,0.001368,0.0045393414360000005,0.005356420158,0.044769856083,1.0286466516700001,0.002381906305,0.0015089577830000001,0.0007522355480000001,0.000611067386,0.010813354647000001,0.0045393414360000005,0.005356420158,0.044769856083,1.0286466516700001,0.002381906305,0.0015089577830000001,0.0007522355480000001,0.000611067386,0.010813354647000001,0.0,0.0,0.0,0.0,0.0,0.0,0.0,0.0,0.0,0.0,0.0,0.0,0.0,0.0,0.0,0.0,0.0,0.0,0.991569,1430118.858847642,3.991666,4.1912493,4.3908325999999995,4.5904159,4.7899992,4.9895825,5.1891658,5.3887491,5.5883324,5.7879157,5.987499,6.1870823,6.3866656,6.586248899999999,6.7858322,6.9854155,7.1849988,7.384582099999999,7.5841654,7.7837487,7.983332
SF11C46892512282050980,9,,2019-05-18T09:00:00-0700,0.005701,0.005701,0.002871,0.001472,0.0045393414360000005,0.005356420158,0.044769856083,1.0286466516700001,0.002381906305,0.0015089577830000001,0.0007522355480000001,0.000611067386,0.010813354647000001,0.0045393414360000005,0.005356420158,0.044769856083,1.0286466516700001,0.002381906305,0.0015089577830000001,0.0007522355480000001,0.000611067386,0.010813354647000001,0.0,0.0,0.0,0.0,0.0,0.0,0.0,0.0,0.0,0.0,0.0,0.0,0.0,0.0,0.0,0.0,0.0,0.0,0.992412,1430118.858847642,3.991666,4.1912493,4.3908325999999995,4.5904159,4.7899992,4.9895825,5.1891658,5.3887491,5.5883324,5.7879157,5.987499,6.1870823,6.3866656,6.586248899999999,6.7858322,6.9854155,7.1849988,7.384582099999999,7.5841654,7.7837487,7.983332
SF11C46892512282050980,10,,2019-05-18T10:00:00-0700,0.020004,0.020004,0.012417,0.002229,0.015927904944000003,0.018794918232,0.157091071932,3.60937513068,0.00835777122,0.005294718732,0.002639487792,0.0021441487440000003,0.037942526988,0.015927904944000003,0.018794918232,0.157091071932,3.60937513068,0.00835777122,0.005294718732,0.002639487792,0.0021441487440000003,0.037942526988,0.0,0.0,0.0,0.0,0.0,0.0,0.0,0.0,0.0,0.0,0.0,0.0,0.0,0.0,0.0,0.0,0.0,0.0,0.955567,5018084.134781308,13.988665,14.020700049999999,14.0527351,14.084770149999999,14.1168052,14.14884025,14.180875299999999,14.21291035,14.244945399999999,14.27698045,14.3090155,14.341050549999999,14.3730856,14.405120649999999,14.4371557,14.46919075,14.501225799999999,14.53326085,14.565295899999999,14.59733095,14.629366
SF11C46892512282050980,11,,2019-05-18T11:00:00-0700,0.040008,0.040008,0.029285,0.0041,0.031855809888000006,0.037589836464,0.314182143864,7.21875026136,0.01671554244,0.010589437464,0.005278975584,0.004288297488000001,0.075885053976,0.031855809888000006,0.037589836464,0.314182143864,7.21875026136,0.01671554244,0.010589437464,0.005278975584,0.004288297488000001,0.075885053976,0.0,0.0,0.0,0.0,0.0,0.0,0.0,0.0,0.0,0.0,0.0,0.0,0.0,0.0,0.0,0.0,0.0,0.0,0.86346,10036168.269562615,27.92841,28.7064178,29.484425599999998,30.2624334,31.0404412,31.818449,32.5964568,33.374464599999996,34.1524724,34.9304802,35.708488,36.4864958,37.2645036,38.042511399999995,38.8205192,39.598527,40.3765348,41.1545426,41.9325504,42.710558199999994,43.488566
SF11C46892512282050980,12,,2019-05-18T12:00:00-0700,0.070014,0.070013,0.058436,0.007857,0.05574687106800001,0.065781274254,0.549810898779,12.63263252471,0.029251781465,0.018531250879,0.009238075324000002,0.007504413418000001,0.132796947711,0.05574687106800001,0.065781274254,0.549810898779,12.63263252471,0.029251781465,0.018531250879,0.009238075324000002,0.007504413418000001,0.132796947711,0.0,0.0,0.0,0.0,0.0,0.0,0.0,0.0,0.0,0.0,0.0,0.0,0.0,0.0,0.0,0.0,0.0,0.0,0.725917,17563294.471734576,48.746675,50.9303551,53.114035200000004,55.2977153,57.481395400000004,59.6650755,61.848755600000004,64.03243570000001,66.2161158,68.3997959,70.583476,72.7671561,74.9508362,77.1345163,79.3181964,81.50187650000001,83.6855566,85.86923669999999,88.05291679999999,90.2365969,92.420277
SF11C46892512282050980,13,,2019-05-18T13:00:00-0700,0.10002,0.100019,0.092637,0.01372,0.079638728484,0.093973651602,0.785447506677,18.04669522073,0.041788438294999994,0.026473328977,0.013197307012,0.010720636534000001,0.189710738193,0.079638728484,0.093973651602,0.785447506677,18.04669522073,0.041788438294999994,0.026473328977,0.013197307012,0.010720636534000001,0.189710738193,0.0,0.0,0.0,0.0,0.0,0.0,0.0,0.0,0.0,0.0,0.0,0.0,0.0,0.0,0.0,0.0,0.0,0.0,0.668988,25090420.673906535,69.455828,72.39300955,75.3301911,78.26737265,81.20455419999999,84.14173575,87.0789173,90.01609884999999,92.9532804,95.89046194999999,98.8276435,101.76482504999998,104.70200659999999,107.63918815,110.57636969999999,113.51355124999999,116.4507328,119.38791434999999,122.32509589999998,125.26227745,128.199459
SF11C46892512282050980,14,,2019-05-18T14:00:00-0700,0.130026,0.130025,0.130595,0.021801,0.10353058590000001,0.12216602895,1.021084114575,23.46075791675,0.054325095125,0.034415407075,0.0171565387,0.013936859650000001,0.246624528675,0.10353058590000001,0.12216602895,1.021084114575,23.46075791675,0.054325095125,0.034415407075,0.0171565387,0.013936859650000001,0.246624528675,0.0,0.0,0.0,0.0,0.0,0.0,0.0,0.0,0.0,0.0,0.0,0.0,0.0,0.0,0.0,0.0,0.0,0.0,0.703836,32617546.876078498,90.056441,92.57198360000001,95.0875262,97.6030688,100.1186114,102.634154,105.1496966,107.6652392,110.1807818,112.6963244,115.211867,117.72740959999999,120.24295219999999,122.7584948,125.2740374,127.78958,130.3051226,132.82066519999998,135.33620779999998,137.8517504,140.367293
SF11C46892512282050980,15,,2019-05-18T15:00:00-0700,0.160032,0.160031,0.1708,0.032104,0.127422443316,0.150358406298,1.2567207224730002,28.87482061277,0.066861751955,0.042357485173000003,0.021115770388000003,0.017153082766,0.303538319157,0.127422443316,0.150358406298,1.2567207224730002,28.87482061277,0.066861751955,0.042357485173000003,0.021115770388000003,0.017153082766,0.303538319157,0.0,0.0,0.0,0.0,0.0,0.0,0.0,0.0,0.0,0.0,0.0,0.0,0.0,0.0,0.0,0.0,0.0,0.0,0.736568,40144673.07825046,110.549083,112.4317305,114.31437799999999,116.1970255,118.079673,119.9623205,121.844968,123.7276155,125.610263,127.4929105,129.375558,131.2582055,133.140853,135.0235005,136.906148,138.7887955,140.671443,142.5540905,144.436738,146.3193855,148.202033
SF11C46892512282050980,16,,2019-05-18T16:00:00-0700,0.170034,0.170034,0.189309,0.042975,0.135387192024,0.15975680497199998,1.335274111422,30.679688610779998,0.07104105537,0.045005109221999996,0.022435646232,0.018225264324,0.32251147939799996,0.135387192024,0.15975680497199998,1.335274111422,30.679688610779998,0.07104105537,0.045005109221999996,0.022435646232,0.018225264324,0.32251147939799996,0.0,0.0,0.0,0.0,0.0,0.0,0.0,0.0,0.0,0.0,0.0,0.0,0.0,0.0,0.0,0.0,0.0,0.0,0.783801,42653715.14564111,117.356068,118.31374939999999,119.27143079999999,120.22911219999999,121.18679359999999,122.144475,123.1021564,124.0598378,125.0175192,125.9752006,126.93288199999999,127.89056339999999,128.8482448,129.8059262,130.7636076,131.72128899999998,132.6789704,133.63665179999998,134.5943332,135.5520146,136.509696
SF11C46892512282050980,17,,2019-05-18T17:00:00-0700,0.120024,0.120025,0.137003,0.049477,0.09556822590000001,0.11277044895,0.942554284575,21.65643121675,0.050147045125,0.031768577075,0.015837058700000003,0.012864999650000002,0.227657058675,0.09556822590000001,0.11277044895,0.942554284575,21.65643121675,0.050147045125,0.031768577075,0.015837058700000003,0.012864999650000002,0.227657058675,0.0,0.0,0.0,0.0,0.0,0.0,0.0,0.0,0.0,0.0,0.0,0.0,0.0,0.0,0.0,0.0,0.0,0.0,0.868512,30108504.808687843,83.201595,87.36167474999999,91.5217545,95.68183425,99.841914,104.00199375,108.16207349999999,112.32215324999999,116.482233,120.64231275,124.8023925,128.96247225,133.12255199999998,137.28263175,141.44271149999997,145.60279125,149.762871,153.92295074999998,158.0830305,162.24311024999997,166.40319
SF11C46892512282050980,18,,2019-05-18T18:00:00-0700,0.070014,0.070015,0.08058,0.051627,0.05574846354,0.06578315337,0.549826604745,12.632993390049998,0.029252617074999997,0.018531780244999997,0.009238339219999999,0.007504627789999999,0.132800741205,0.05574846354,0.06578315337,0.549826604745,12.632993390049998,0.029252617074999997,0.018531780244999997,0.009238339219999999,0.007504627789999999,0.132800741205,0.0,0.0,0.0,0.0,0.0,0.0,0.0,0.0,0.0,0.0,0.0,0.0,0.0,0.0,0.0,0.0,0.0,0.0,0.929029,17563294.471734576,48.746675,51.184008750000004,53.621342500000004,56.058676250000005,58.496010000000005,60.933343750000006,63.3706775,65.80801125,68.245345,70.68267875000001,73.1200125,75.55734625000001,77.99468,80.43201375000001,82.8693475,85.30668125,87.744015,90.18134875000001,92.6186825,95.05601625,97.49335
SF11C46892512282050980,19,,2019-05-18T19:00:00-0700,0.040008,0.040009,0.045668,0.051215,0.03185660612400001,0.037590776022000005,0.314189996847,7.218930694030001,0.016715960245,0.010589702147,0.005279107532,0.004288404674000001,0.075886950723,0.03185660612400001,0.037590776022000005,0.314189996847,7.218930694030001,0.016715960245,0.010589702147,0.005279107532,0.004288404674000001,0.075886950723,0.0,0.0,0.0,0.0,0.0,0.0,0.0,0.0,0.0,0.0,0.0,0.0,0.0,0.0,0.0,0.0,0.0,0.0,0.970023,10036168.269562615,27.92841,29.3248305,30.721251,32.1176715,33.514092,34.910512499999996,36.306933,37.7033535,39.099774,40.4961945,41.892615,43.2890355,44.685456,46.0818765,47.478297,48.8747175,50.271138,51.6675585,53.063979,54.4603995,55.85682
SF11C46892512282050980,20,,2019-05-18T20:00:00-0700,0.005701,0.005702,0.006347,0.048113,0.004540137672,0.005357359716,0.044777709065999996,1.02882708434,0.00238232411,0.0015092224659999998,0.000752367496,0.000611174572,0.010815251393999999,0.004540137672,0.005357359716,0.044777709065999996,1.02882708434,0.00238232411,0.0015092224659999998,0.000752367496,0.000611174572,0.010815251393999999,0.0,0.0,0.0,0.0,0.0,0.0,0.0,0.0,0.0,0.0,0.0,0.0,0.0,0.0,0.0,0.0,0.0,0.0,0.998236,1430118.858847642,3.991666,4.1912493,4.3908325999999995,4.5904159,4.7899992,4.9895825,5.1891658,5.3887491,5.5883324,5.7879157,5.987499,6.1870823,6.3866656,6.586248899999999,6.7858322,6.9854155,7.1849988,7.384582099999999,7.5841654,7.7837487,7.983332
SF11C46892512282050980,21,,2019-05-18T21:00:00-0700,0.005701,0.005701,0.006085,0.045207,0.0045393414360000005,0.005356420158,0.044769856083,1.0286466516700001,0.002381906305,0.0015089577830000001,0.0007522355480000001,0.000611067386,0.010813354647000001,0.0045393414360000005,0.005356420158,0.044769856083,1.0286466516700001,0.002381906305,0.0015089577830000001,0.0007522355480000001,0.000611067386,0.010813354647000001,0.0,0.0,0.0,0.0,0.0,0.0,0.0,0.0,0.0,0.0,0.0,0.0,0.0,0.0,0.0,0.0,0.0,0.0,0.999562,1430118.858847642,3.991666,4.1912493,4.3908325999999995,4.5904159,4.7899992,4.9895825,5.1891658,5.3887491,5.5883324,5.7879157,5.987499,6.1870823,6.3866656,6.586248899999999,6.7858322,6.9854155,7.1849988,7.384582099999999,7.5841654,7.7837487,7.983332
SF11C46892512282050980,22,,2019-05-18T22:00:00-0700,0.005701,0.005701,0.005726,0.042477,0.0045393414360000005,0.005356420158,0.044769856083,1.0286466516700001,0.002381906305,0.0015089577830000001,0.0007522355480000001,0.000611067386,0.010813354647000001,0.0045393414360000005,0.005356420158,0.044769856083,1.0286466516700001,0.002381906305,0.0015089577830000001,0.0007522355480000001,0.000611067386,0.010813354647000001,0.0,0.0,0.0,0.0,0.0,0.0,0.0,0.0,0.0,0.0,0.0,0.0,0.0,0.0,0.0,0.0,0.0,0.0,0.999565,1430118.858847642,3.991666,4.1912493,4.3908325999999995,4.5904159,4.7899992,4.9895825,5.1891658,5.3887491,5.5883324,5.7879157,5.987499,6.1870823,6.3866656,6.586248899999999,6.7858322,6.9854155,7.1849988,7.384582099999999,7.5841654,7.7837487,7.983332
SF11C46892512282050980,23,,2019-05-18T23:00:00-0700,0.005701,0.005701,0.00528,0.039905,0.0045393414360000005,0.005356420158,0.044769856083,1.0286466516700001,0.002381906305,0.0015089577830000001,0.0007522355480000001,0.000611067386,0.010813354647000001,0.0045393414360000005,0.005356420158,0.044769856083,1.0286466516700001,0.002381906305,0.0015089577830000001,0.0007522355480000001,0.000611067386,0.010813354647000001,0.0,0.0,0.0,0.0,0.0,0.0,0.0,0.0,0.0,0.0,0.0,0.0,0.0,0.0,0.0,0.0,0.0,0.0,0.999567,1430118.858847642,3.991666,4.1912493,4.3908325999999995,4.5904159,4.7899992,4.9895825,5.1891658,5.3887491,5.5883324,5.7879157,5.987499,6.1870823,6.3866656,6.586248899999999,6.7858322,6.9854155,7.1849988,7.384582099999999,7.5841654,7.7837487,7.983332
SF11C46892612282050980,0,,2019-05-18T00:00:00-0700,0.005701,0.005701,0.004403,0.000304,0.0045393414360000005,0.005356420158,0.044769856083,1.0286466516700001,0.002381906305,0.0015089577830000001,0.0007522355480000001,0.000611067386,0.010813354647000001,0.0045393414360000005,0.005356420158,0.044769856083,1.0286466516700001,0.002381906305,0.0015089577830000001,0.0007522355480000001,0.000611067386,0.010813354647000001,0.0,0.0,0.0,0.0,0.0,0.0,0.0,0.0,0.0,0.0,0.0,0.0,0.0,0.0,0.0,0.0,0.0,0.0,0.96206,1430118.858847642,3.991666,4.0841003,4.1765346,4.2689689,4.3614032,4.4538375,4.5462717999999995,4.6387061,4.7311404,4.8235747,4.916009,5.0084433,5.1008776000000005,5.1933119,5.2857462,5.3781805,5.4706148,5.563049100000001,5.6554834,5.7479177,5.840352
SF11C46892612282050980,1,,2019-05-18T01:00:00-0700,0.005701,0.005701,0.003775,0.000544,0.0045393414360000005,0.005356420158,0.044769856083,1.0286466516700001,0.002381906305,0.0015089577830000001,0.0007522355480000001,0.000611067386,0.010813354647000001,0.0045393414360000005,0.005356420158,0.044769856083,1.0286466516700001,0.002381906305,0.0015089577830000001,0.0007522355480000001,0.000611067386,0.010813354647000001,0.0,0.0,0.0,0.0,0.0,0.0,0.0,0.0,0.0,0.0,0.0,0.0,0.0,0.0,0.0,0.0,0.0,0.0,0.96206,1430118.858847642,3.991666,4.10535915,4.2190522999999995,4.33274545,4.4464386,4.56013175,4.6738249,4.78751805,4.9012112,5.01490435,5.1285975,5.24229065,5.3559838,5.46967695,5.5833701,5.697063249999999,5.8107564,5.92444955,6.0381427,6.151835849999999,6.265529
SF11C46892612282050980,2,,2019-05-18T02:00:00-0700,0.005701,0.005701,0.003325,0.000737,0.0045393414360000005,0.005356420158,0.044769856083,1.0286466516700001,0.002381906305,0.0015089577830000001,0.0007522355480000001,0.000611067386,0.010813354647000001,0.0045393414360000005,0.005356420158,0.044769856083,1.0286466516700001,0.002381906305,0.0015089577830000001,0.0007522355480000001,0.000611067386,0.010813354647000001,0.0,0.0,0.0,0.0,0.0,0.0,0.0,0.0,0.0,0.0,0.0,0.0,0.0,0.0,0.0,0.0,0.0,0.0,0.974707,1430118.858847642,3.991666,4.03770795,4.0837499,4.12979185,4.1758338,4.22187575,4.2679177,4.31395965,4.3600016,4.40604355,4.4520855,4.49812745,4.5441694,4.590211350000001,4.6362533,4.68229525,4.7283372,4.774379150000001,4.8204211,4.86646305,4.912505
SF11C46892612282050980,3,,2019-05-18T03:00:00-0700,0.005701,0.005701,0.003003,0.000893,0.0045393414360000005,0.005356420158,0.044769856083,1.0286466516700001,0.002381906305,0.0015089577830000001,0.0007522355480000001,0.000611067386,0.010813354647000001,0.0045393414360000005,0.005356420158,0.044769856083,1.0286466516700001,0.002381906305,0.0015089577830000001,0.0007522355480000001,0.000611067386,0.010813354647000001,0.0,0.0,0.0,0.0,0.0,0.0,0.0,0.0,0.0,0.0,0.0,0.0,0.0,0.0,0.0,0.0,0.0,0.0,0.98103,1430118.858847642,3.991666,3.9987681,4.0058702,4.0129723,4.0200744,4.0271765,4.0342786,4.0413807,4.0484828,4.0555849,4.062687,4.0697891,4.0768912,4.0839933,4.0910954,4.0981975,4.1052996,4.1124017,4.1195038,4.1266059,4.133708
SF11C46892612282050980,4,,2019-05-18T04:00:00-0700,0.005701,0.005701,0.002771,0.001023,0.0045393414360000005,0.005356420158,0.044769856083,1.0286466516700001,0.002381906305,0.0015089577830000001,0.0007522355480000001,0.000611067386,0.010813354647000001,0.0045393414360000005,0.005356420158,0.044769856083,1.0286466516700001,0.002381906305,0.0015089577830000001,0.0007522355480000001,0.000611067386,0.010813354647000001,0.0,0.0,0.0,0.0,0.0,0.0,0.0,0.0,0.0,0.0,0.0,0.0,0.0,0.0,0.0,0.0,0.0,0.0,0.984824,1430118.858847642,3.991666,4.1912493,4.3908325999999995,4.5904159,4.7899992,4.9895825,5.1891658,5.3887491,5.5883324,5.7879157,5.987499,6.1870823,6.3866656,6.586248899999999,6.7858322,6.9854155,7.1849988,7.384582099999999,7.5841654,7.7837487,7.983332
SF11C46892612282050980,5,,2019-05-18T05:00:00-0700,0.005701,0.005701,0.002606,0.001133,0.0045393414360000005,0.005356420158,0.044769856083,1.0286466516700001,0.002381906305,0.0015089577830000001,0.0007522355480000001,0.000611067386,0.010813354647000001,0.0045393414360000005,0.005356420158,0.044769856083,1.0286466516700001,0.002381906305,0.0015089577830000001,0.0007522355480000001,0.000611067386,0.010813354647000001,0.0,0.0,0.0,0.0,0.0,0.0,0.0,0.0,0.0,0.0,0.0,0.0,0.0,0.0,0.0,0.0,0.0,0.0,0.987353,1430118.858847642,3.991666,4.1912493,4.3908325999999995,4.5904159,4.7899992,4.9895825,5.1891658,5.3887491,5.5883324,5.7879157,5.987499,6.1870823,6.3866656,6.586248899999999,6.7858322,6.9854155,7.1849988,7.384582099999999,7.5841654,7.7837487,7.983332
SF11C46892612282050980,6,,2019-05-18T06:00:00-0700,0.005701,0.005701,0.002487,0.001226,0.0045393414360000005,0.005356420158,0.044769856083,1.0286466516700001,0.002381906305,0.0015089577830000001,0.0007522355480000001,0.000611067386,0.010813354647000001,0.0045393414360000005,0.005356420158,0.044769856083,1.0286466516700001,0.002381906305,0.0015089577830000001,0.0007522355480000001,0.000611067386,0.010813354647000001,0.0,0.0,0.0,0.0,0.0,0.0,0.0,0.0,0.0,0.0,0.0,0.0,0.0,0.0,0.0,0.0,0.0,0.0,0.98916,1430118.858847642,3.991666,4.1912493,4.3908325999999995,4.5904159,4.7899992,4.9895825,5.1891658,5.3887491,5.5883324,5.7879157,5.987499,6.1870823,6.3866656,6.586248899999999,6.7858322,6.9854155,7.1849988,7.384582099999999,7.5841654,7.7837487,7.983332
SF11C46892612282050980,7,,2019-05-18T07:00:00-0700,0.005701,0.005701,0.002402,0.001308,0.0045393414360000005,0.005356420158,0.044769856083,1.0286466516700001,0.002381906305,0.0015089577830000001,0.0007522355480000001,0.000611067386,0.010813354647000001,0.0045393414360000005,0.005356420158,0.044769856083,1.0286466516700001,0.002381906305,0.0015089577830000001,0.0007522355480000001,0.000611067386,0.010813354647000001,0.0,0.0,0.0,0.0,0.0,0.0,0.0,0.0,0.0,0.0,0.0,0.0,0.0,0.0,0.0,0.0,0.0,0.0,0.990515,1430118.858847642,3.991666,4.1912493,4.3908325999999995,4.5904159,4.7899992,4.9895825,5.1891658,5.3887491,5.5883324,5.7879157,5.987499,6.1870823,6.3866656,6.586248899999999,6.7858322,6.9854155,7.1849988,7.384582099999999,7.5841654,7.7837487,7.983332
SF11C46892612282050980,8,,2019-05-18T08:00:00-0700,0.005701,0.005701,0.002187,0.001368,0.0045393414360000005,0.005356420158,0.044769856083,1.0286466516700001,0.002381906305,0.0015089577830000001,0.0007522355480000001,0.000611067386,0.010813354647000001,0.0045393414360000005,0.005356420158,0.044769856083,1.0286466516700001,0.002381906305,0.0015089577830000001,0.0007522355480000001,0.000611067386,0.010813354647000001,0.0,0.0,0.0,0.0,0.0,0.0,0.0,0.0,0.0,0.0,0.0,0.0,0.0,0.0,0.0,0.0,0.0,0.0,0.991569,1430118.858847642,3.991666,4.1912493,4.3908325999999995,4.5904159,4.7899992,4.9895825,5.1891658,5.3887491,5.5883324,5.7879157,5.987499,6.1870823,6.3866656,6.586248899999999,6.7858322,6.9854155,7.1849988,7.384582099999999,7.5841654,7.7837487,7.983332
SF11C46892612282050980,9,,2019-05-18T09:00:00-0700,0.005701,0.005701,0.002871,0.001472,0.0045393414360000005,0.005356420158,0.044769856083,1.0286466516700001,0.002381906305,0.0015089577830000001,0.0007522355480000001,0.000611067386,0.010813354647000001,0.0045393414360000005,0.005356420158,0.044769856083,1.0286466516700001,0.002381906305,0.0015089577830000001,0.0007522355480000001,0.000611067386,0.010813354647000001,0.0,0.0,0.0,0.0,0.0,0.0,0.0,0.0,0.0,0.0,0.0,0.0,0.0,0.0,0.0,0.0,0.0,0.0,0.992412,1430118.858847642,3.991666,4.1912493,4.3908325999999995,4.5904159,4.7899992,4.9895825,5.1891658,5.3887491,5.5883324,5.7879157,5.987499,6.1870823,6.3866656,6.586248899999999,6.7858322,6.9854155,7.1849988,7.384582099999999,7.5841654,7.7837487,7.983332
SF11C46892612282050980,10,,2019-05-18T10:00:00-0700,0.020004,0.020004,0.012417,0.002229,0.015927904944000003,0.018794918232,0.157091071932,3.60937513068,0.00835777122,0.005294718732,0.002639487792,0.0021441487440000003,0.037942526988,0.015927904944000003,0.018794918232,0.157091071932,3.60937513068,0.00835777122,0.005294718732,0.002639487792,0.0021441487440000003,0.037942526988,0.0,0.0,0.0,0.0,0.0,0.0,0.0,0.0,0.0,0.0,0.0,0.0,0.0,0.0,0.0,0.0,0.0,0.0,0.955567,5018084.134781308,13.988665,14.020700049999999,14.0527351,14.084770149999999,14.1168052,14.14884025,14.180875299999999,14.21291035,14.244945399999999,14.27698045,14.3090155,14.341050549999999,14.3730856,14.405120649999999,14.4371557,14.46919075,14.501225799999999,14.53326085,14.565295899999999,14.59733095,14.629366
SF11C46892612282050980,11,,2019-05-18T11:00:00-0700,0.040008,0.040008,0.029285,0.0041,0.031855809888000006,0.037589836464,0.314182143864,7.21875026136,0.01671554244,0.010589437464,0.005278975584,0.004288297488000001,0.075885053976,0.031855809888000006,0.037589836464,0.314182143864,7.21875026136,0.01671554244,0.010589437464,0.005278975584,0.004288297488000001,0.075885053976,0.0,0.0,0.0,0.0,0.0,0.0,0.0,0.0,0.0,0.0,0.0,0.0,0.0,0.0,0.0,0.0,0.0,0.0,0.86346,10036168.269562615,27.92841,28.7064178,29.484425599999998,30.2624334,31.0404412,31.818449,32.5964568,33.374464599999996,34.1524724,34.9304802,35.708488,36.4864958,37.2645036,38.042511399999995,38.8205192,39.598527,40.3765348,41.1545426,41.9325504,42.710558199999994,43.488566
SF11C46892612282050980,12,,2019-05-18T12:00:00-0700,0.070014,0.070013,0.058436,0.007857,0.05574687106800001,0.065781274254,0.549810898779,12.63263252471,0.029251781465,0.018531250879,0.009238075324000002,0.007504413418000001,0.132796947711,0.05574687106800001,0.065781274254,0.549810898779,12.63263252471,0.029251781465,0.018531250879,0.009238075324000002,0.007504413418000001,0.132796947711,0.0,0.0,0.0,0.0,0.0,0.0,0.0,0.0,0.0,0.0,0.0,0.0,0.0,0.0,0.0,0.0,0.0,0.0,0.725917,17563294.471734576,48.746675,50.9303551,53.114035200000004,55.2977153,57.481395400000004,59.6650755,61.848755600000004,64.03243570000001,66.2161158,68.3997959,70.583476,72.7671561,74.9508362,77.1345163,79.3181964,81.50187650000001,83.6855566,85.86923669999999,88.05291679999999,90.2365969,92.420277
SF11C46892612282050980,13,,2019-05-18T13:00:00-0700,0.10002,0.100019,0.092637,0.01372,0.079638728484,0.093973651602,0.785447506677,18.04669522073,0.041788438294999994,0.026473328977,0.013197307012,0.010720636534000001,0.189710738193,0.079638728484,0.093973651602,0.785447506677,18.04669522073,0.041788438294999994,0.026473328977,0.013197307012,0.010720636534000001,0.189710738193,0.0,0.0,0.0,0.0,0.0,0.0,0.0,0.0,0.0,0.0,0.0,0.0,0.0,0.0,0.0,0.0,0.0,0.0,0.668988,25090420.673906535,69.455828,72.39300955,75.3301911,78.26737265,81.20455419999999,84.14173575,87.0789173,90.01609884999999,92.9532804,95.89046194999999,98.8276435,101.76482504999998,104.70200659999999,107.63918815,110.57636969999999,113.51355124999999,116.4507328,119.38791434999999,122.32509589999998,125.26227745,128.199459
SF11C46892612282050980,14,,2019-05-18T14:00:00-0700,0.130026,0.130025,0.130595,0.021801,0.10353058590000001,0.12216602895,1.021084114575,23.46075791675,0.054325095125,0.034415407075,0.0171565387,0.013936859650000001,0.246624528675,0.10353058590000001,0.12216602895,1.021084114575,23.46075791675,0.054325095125,0.034415407075,0.0171565387,0.013936859650000001,0.246624528675,0.0,0.0,0.0,0.0,0.0,0.0,0.0,0.0,0.0,0.0,0.0,0.0,0.0,0.0,0.0,0.0,0.0,0.0,0.703836,32617546.876078498,90.056441,92.57198360000001,95.0875262,97.6030688,100.1186114,102.634154,105.1496966,107.6652392,110.1807818,112.6963244,115.211867,117.72740959999999,120.24295219999999,122.7584948,125.2740374,127.78958,130.3051226,132.82066519999998,135.33620779999998,137.8517504,140.367293
SF11C46892612282050980,15,,2019-05-18T15:00:00-0700,0.160032,0.160031,0.1708,0.032104,0.127422443316,0.150358406298,1.2567207224730002,28.87482061277,0.066861751955,0.042357485173000003,0.021115770388000003,0.017153082766,0.303538319157,0.127422443316,0.150358406298,1.2567207224730002,28.87482061277,0.066861751955,0.042357485173000003,0.021115770388000003,0.017153082766,0.303538319157,0.0,0.0,0.0,0.0,0.0,0.0,0.0,0.0,0.0,0.0,0.0,0.0,0.0,0.0,0.0,0.0,0.0,0.0,0.736568,40144673.07825046,110.549083,112.4317305,114.31437799999999,116.1970255,118.079673,119.9623205,121.844968,123.7276155,125.610263,127.4929105,129.375558,131.2582055,133.140853,135.0235005,136.906148,138.7887955,140.671443,142.5540905,144.436738,146.3193855,148.202033
SF11C46892612282050980,16,,2019-05-18T16:00:00-0700,0.170034,0.170034,0.189309,0.042975,0.135387192024,0.15975680497199998,1.335274111422,30.679688610779998,0.07104105537,0.045005109221999996,0.022435646232,0.018225264324,0.32251147939799996,0.135387192024,0.15975680497199998,1.335274111422,30.679688610779998,0.07104105537,0.045005109221999996,0.022435646232,0.018225264324,0.32251147939799996,0.0,0.0,0.0,0.0,0.0,0.0,0.0,0.0,0.0,0.0,0.0,0.0,0.0,0.0,0.0,0.0,0.0,0.0,0.783801,42653715.14564111,117.356068,118.31374939999999,119.27143079999999,120.22911219999999,121.18679359999999,122.144475,123.1021564,124.0598378,125.0175192,125.9752006,126.93288199999999,127.89056339999999,128.8482448,129.8059262,130.7636076,131.72128899999998,132.6789704,133.63665179999998,134.5943332,135.5520146,136.509696
SF11C46892612282050980,17,,2019-05-18T17:00:00-0700,0.120024,0.120025,0.137003,0.049477,0.09556822590000001,0.11277044895,0.942554284575,21.65643121675,0.050147045125,0.031768577075,0.015837058700000003,0.012864999650000002,0.227657058675,0.09556822590000001,0.11277044895,0.942554284575,21.65643121675,0.050147045125,0.031768577075,0.015837058700000003,0.012864999650000002,0.227657058675,0.0,0.0,0.0,0.0,0.0,0.0,0.0,0.0,0.0,0.0,0.0,0.0,0.0,0.0,0.0,0.0,0.0,0.0,0.868512,30108504.808687843,83.201595,87.36167474999999,91.5217545,95.68183425,99.841914,104.00199375,108.16207349999999,112.32215324999999,116.482233,120.64231275,124.8023925,128.96247225,133.12255199999998,137.28263175,141.44271149999997,145.60279125,149.762871,153.92295074999998,158.0830305,162.24311024999997,166.40319
SF11C46892612282050980,18,,2019-05-18T18:00:00-0700,0.070014,0.070015,0.08058,0.051627,0.05574846354,0.06578315337,0.549826604745,12.632993390049998,0.029252617074999997,0.018531780244999997,0.009238339219999999,0.007504627789999999,0.132800741205,0.05574846354,0.06578315337,0.549826604745,12.632993390049998,0.029252617074999997,0.018531780244999997,0.009238339219999999,0.007504627789999999,0.132800741205,0.0,0.0,0.0,0.0,0.0,0.0,0.0,0.0,0.0,0.0,0.0,0.0,0.0,0.0,0.0,0.0,0.0,0.0,0.929029,17563294.471734576,48.746675,51.184008750000004,53.621342500000004,56.058676250000005,58.496010000000005,60.933343750000006,63.3706775,65.80801125,68.245345,70.68267875000001,73.1200125,75.55734625000001,77.99468,80.43201375000001,82.8693475,85.30668125,87.744015,90.18134875000001,92.6186825,95.05601625,97.49335
SF11C46892612282050980,19,,2019-05-18T19:00:00-0700,0.040008,0.040009,0.045668,0.051215,0.03185660612400001,0.037590776022000005,0.314189996847,7.218930694030001,0.016715960245,0.010589702147,0.005279107532,0.004288404674000001,0.075886950723,0.03185660612400001,0.037590776022000005,0.314189996847,7.218930694030001,0.016715960245,0.010589702147,0.005279107532,0.004288404674000001,0.075886950723,0.0,0.0,0.0,0.0,0.0,0.0,0.0,0.0,0.0,0.0,0.0,0.0,0.0,0.0,0.0,0.0,0.0,0.0,0.970023,10036168.269562615,27.92841,29.3248305,30.721251,32.1176715,33.514092,34.910512499999996,36.306933,37.7033535,39.099774,40.4961945,41.892615,43.2890355,44.685456,46.0818765,47.478297,48.8747175,50.271138,51.6675585,53.063979,54.4603995,55.85682
SF11C46892612282050980,20,,2019-05-18T20:00:00-0700,0.005701,0.005702,0.006347,0.048113,0.004540137672,0.005357359716,0.044777709065999996,1.02882708434,0.00238232411,0.0015092224659999998,0.000752367496,0.000611174572,0.010815251393999999,0.004540137672,0.005357359716,0.044777709065999996,1.02882708434,0.00238232411,0.0015092224659999998,0.000752367496,0.000611174572,0.010815251393999999,0.0,0.0,0.0,0.0,0.0,0.0,0.0,0.0,0.0,0.0,0.0,0.0,0.0,0.0,0.0,0.0,0.0,0.0,0.998236,1430118.858847642,3.991666,4.1912493,4.3908325999999995,4.5904159,4.7899992,4.9895825,5.1891658,5.3887491,5.5883324,5.7879157,5.987499,6.1870823,6.3866656,6.586248899999999,6.7858322,6.9854155,7.1849988,7.384582099999999,7.5841654,7.7837487,7.983332
SF11C46892612282050980,21,,2019-05-18T21:00:00-0700,0.005701,0.005701,0.006085,0.045207,0.0045393414360000005,0.005356420158,0.044769856083,1.0286466516700001,0.002381906305,0.0015089577830000001,0.0007522355480000001,0.000611067386,0.010813354647000001,0.0045393414360000005,0.005356420158,0.044769856083,1.0286466516700001,0.002381906305,0.0015089577830000001,0.0007522355480000001,0.000611067386,0.010813354647000001,0.0,0.0,0.0,0.0,0.0,0.0,0.0,0.0,0.0,0.0,0.0,0.0,0.0,0.0,0.0,0.0,0.0,0.0,0.999562,1430118.858847642,3.991666,4.1912493,4.3908325999999995,4.5904159,4.7899992,4.9895825,5.1891658,5.3887491,5.5883324,5.7879157,5.987499,6.1870823,6.3866656,6.586248899999999,6.7858322,6.9854155,7.1849988,7.384582099999999,7.5841654,7.7837487,7.983332
SF11C46892612282050980,22,,2019-05-18T22:00:00-0700,0.005701,0.005701,0.005726,0.042477,0.0045393414360000005,0.005356420158,0.044769856083,1.0286466516700001,0.002381906305,0.0015089577830000001,0.0007522355480000001,0.000611067386,0.010813354647000001,0.0045393414360000005,0.005356420158,0.044769856083,1.0286466516700001,0.002381906305,0.0015089577830000001,0.0007522355480000001,0.000611067386,0.010813354647000001,0.0,0.0,0.0,0.0,0.0,0.0,0.0,0.0,0.0,0.0,0.0,0.0,0.0,0.0,0.0,0.0,0.0,0.0,0.999565,1430118.858847642,3.991666,4.1912493,4.3908325999999995,4.5904159,4.7899992,4.9895825,5.1891658,5.3887491,5.5883324,5.7879157,5.987499,6.1870823,6.3866656,6.586248899999999,6.7858322,6.9854155,7.1849988,7.384582099999999,7.5841654,7.7837487,7.983332
SF11C46892612282050980,23,,2019-05-18T23:00:00-0700,0.005701,0.005701,0.00528,0.039905,0.0045393414360000005,0.005356420158,0.044769856083,1.0286466516700001,0.002381906305,0.0015089577830000001,0.0007522355480000001,0.000611067386,0.010813354647000001,0.0045393414360000005,0.005356420158,0.044769856083,1.0286466516700001,0.002381906305,0.0015089577830000001,0.0007522355480000001,0.000611067386,0.010813354647000001,0.0,0.0,0.0,0.0,0.0,0.0,0.0,0.0,0.0,0.0,0.0,0.0,0.0,0.0,0.0,0.0,0.0,0.0,0.999567,1430118.858847642,3.991666,4.1912493,4.3908325999999995,4.5904159,4.7899992,4.9895825,5.1891658,5.3887491,5.5883324,5.7879157,5.987499,6.1870823,6.3866656,6.586248899999999,6.7858322,6.9854155,7.1849988,7.384582099999999,7.5841654,7.7837487,7.983332
SF11C46892712282050980,0,,2019-05-18T00:00:00-0700,0.005701,0.005701,0.004403,0.000304,0.0045393414360000005,0.005356420158,0.044769856083,1.0286466516700001,0.002381906305,0.0015089577830000001,0.0007522355480000001,0.000611067386,0.010813354647000001,0.0045393414360000005,0.005356420158,0.044769856083,1.0286466516700001,0.002381906305,0.0015089577830000001,0.0007522355480000001,0.000611067386,0.010813354647000001,0.0,0.0,0.0,0.0,0.0,0.0,0.0,0.0,0.0,0.0,0.0,0.0,0.0,0.0,0.0,0.0,0.0,0.0,0.96206,1430118.858847642,3.991666,4.0841003,4.1765346,4.2689689,4.3614032,4.4538375,4.5462717999999995,4.6387061,4.7311404,4.8235747,4.916009,5.0084433,5.1008776000000005,5.1933119,5.2857462,5.3781805,5.4706148,5.563049100000001,5.6554834,5.7479177,5.840352
SF11C46892712282050980,1,,2019-05-18T01:00:00-0700,0.005701,0.005701,0.003775,0.000544,0.0045393414360000005,0.005356420158,0.044769856083,1.0286466516700001,0.002381906305,0.0015089577830000001,0.0007522355480000001,0.000611067386,0.010813354647000001,0.0045393414360000005,0.005356420158,0.044769856083,1.0286466516700001,0.002381906305,0.0015089577830000001,0.0007522355480000001,0.000611067386,0.010813354647000001,0.0,0.0,0.0,0.0,0.0,0.0,0.0,0.0,0.0,0.0,0.0,0.0,0.0,0.0,0.0,0.0,0.0,0.0,0.96206,1430118.858847642,3.991666,4.10535915,4.2190522999999995,4.33274545,4.4464386,4.56013175,4.6738249,4.78751805,4.9012112,5.01490435,5.1285975,5.24229065,5.3559838,5.46967695,5.5833701,5.697063249999999,5.8107564,5.92444955,6.0381427,6.151835849999999,6.265529
SF11C46892712282050980,2,,2019-05-18T02:00:00-0700,0.005701,0.005701,0.003325,0.000737,0.0045393414360000005,0.005356420158,0.044769856083,1.0286466516700001,0.002381906305,0.0015089577830000001,0.0007522355480000001,0.000611067386,0.010813354647000001,0.0045393414360000005,0.005356420158,0.044769856083,1.0286466516700001,0.002381906305,0.0015089577830000001,0.0007522355480000001,0.000611067386,0.010813354647000001,0.0,0.0,0.0,0.0,0.0,0.0,0.0,0.0,0.0,0.0,0.0,0.0,0.0,0.0,0.0,0.0,0.0,0.0,0.974707,1430118.858847642,3.991666,4.03770795,4.0837499,4.12979185,4.1758338,4.22187575,4.2679177,4.31395965,4.3600016,4.40604355,4.4520855,4.49812745,4.5441694,4.590211350000001,4.6362533,4.68229525,4.7283372,4.774379150000001,4.8204211,4.86646305,4.912505
SF11C46892712282050980,3,,2019-05-18T03:00:00-0700,0.005701,0.005701,0.003003,0.000893,0.0045393414360000005,0.005356420158,0.044769856083,1.0286466516700001,0.002381906305,0.0015089577830000001,0.0007522355480000001,0.000611067386,0.010813354647000001,0.0045393414360000005,0.005356420158,0.044769856083,1.0286466516700001,0.002381906305,0.0015089577830000001,0.0007522355480000001,0.000611067386,0.010813354647000001,0.0,0.0,0.0,0.0,0.0,0.0,0.0,0.0,0.0,0.0,0.0,0.0,0.0,0.0,0.0,0.0,0.0,0.0,0.98103,1430118.858847642,3.991666,3.9987681,4.0058702,4.0129723,4.0200744,4.0271765,4.0342786,4.0413807,4.0484828,4.0555849,4.062687,4.0697891,4.0768912,4.0839933,4.0910954,4.0981975,4.1052996,4.1124017,4.1195038,4.1266059,4.133708
SF11C46892712282050980,4,,2019-05-18T04:00:00-0700,0.005701,0.005701,0.002771,0.001023,0.0045393414360000005,0.005356420158,0.044769856083,1.0286466516700001,0.002381906305,0.0015089577830000001,0.0007522355480000001,0.000611067386,0.010813354647000001,0.0045393414360000005,0.005356420158,0.044769856083,1.0286466516700001,0.002381906305,0.0015089577830000001,0.0007522355480000001,0.000611067386,0.010813354647000001,0.0,0.0,0.0,0.0,0.0,0.0,0.0,0.0,0.0,0.0,0.0,0.0,0.0,0.0,0.0,0.0,0.0,0.0,0.984824,1430118.858847642,3.991666,4.1912493,4.3908325999999995,4.5904159,4.7899992,4.9895825,5.1891658,5.3887491,5.5883324,5.7879157,5.987499,6.1870823,6.3866656,6.586248899999999,6.7858322,6.9854155,7.1849988,7.384582099999999,7.5841654,7.7837487,7.983332
SF11C46892712282050980,5,,2019-05-18T05:00:00-0700,0.005701,0.005701,0.002606,0.001133,0.0045393414360000005,0.005356420158,0.044769856083,1.0286466516700001,0.002381906305,0.0015089577830000001,0.0007522355480000001,0.000611067386,0.010813354647000001,0.0045393414360000005,0.005356420158,0.044769856083,1.0286466516700001,0.002381906305,0.0015089577830000001,0.0007522355480000001,0.000611067386,0.010813354647000001,0.0,0.0,0.0,0.0,0.0,0.0,0.0,0.0,0.0,0.0,0.0,0.0,0.0,0.0,0.0,0.0,0.0,0.0,0.987353,1430118.858847642,3.991666,4.1912493,4.3908325999999995,4.5904159,4.7899992,4.9895825,5.1891658,5.3887491,5.5883324,5.7879157,5.987499,6.1870823,6.3866656,6.586248899999999,6.7858322,6.9854155,7.1849988,7.384582099999999,7.5841654,7.7837487,7.983332
SF11C46892712282050980,6,,2019-05-18T06:00:00-0700,0.005701,0.005701,0.002487,0.001226,0.0045393414360000005,0.005356420158,0.044769856083,1.0286466516700001,0.002381906305,0.0015089577830000001,0.0007522355480000001,0.000611067386,0.010813354647000001,0.0045393414360000005,0.005356420158,0.044769856083,1.0286466516700001,0.002381906305,0.0015089577830000001,0.0007522355480000001,0.000611067386,0.010813354647000001,0.0,0.0,0.0,0.0,0.0,0.0,0.0,0.0,0.0,0.0,0.0,0.0,0.0,0.0,0.0,0.0,0.0,0.0,0.98916,1430118.858847642,3.991666,4.1912493,4.3908325999999995,4.5904159,4.7899992,4.9895825,5.1891658,5.3887491,5.5883324,5.7879157,5.987499,6.1870823,6.3866656,6.586248899999999,6.7858322,6.9854155,7.1849988,7.384582099999999,7.5841654,7.7837487,7.983332
SF11C46892712282050980,7,,2019-05-18T07:00:00-0700,0.005701,0.005701,0.002402,0.001308,0.0045393414360000005,0.005356420158,0.044769856083,1.0286466516700001,0.002381906305,0.0015089577830000001,0.0007522355480000001,0.000611067386,0.010813354647000001,0.0045393414360000005,0.005356420158,0.044769856083,1.0286466516700001,0.002381906305,0.0015089577830000001,0.0007522355480000001,0.000611067386,0.010813354647000001,0.0,0.0,0.0,0.0,0.0,0.0,0.0,0.0,0.0,0.0,0.0,0.0,0.0,0.0,0.0,0.0,0.0,0.0,0.990515,1430118.858847642,3.991666,4.1912493,4.3908325999999995,4.5904159,4.7899992,4.9895825,5.1891658,5.3887491,5.5883324,5.7879157,5.987499,6.1870823,6.3866656,6.586248899999999,6.7858322,6.9854155,7.1849988,7.384582099999999,7.5841654,7.7837487,7.983332
SF11C46892712282050980,8,,2019-05-18T08:00:00-0700,0.005701,0.005701,0.002187,0.001368,0.0045393414360000005,0.005356420158,0.044769856083,1.0286466516700001,0.002381906305,0.0015089577830000001,0.0007522355480000001,0.000611067386,0.010813354647000001,0.0045393414360000005,0.005356420158,0.044769856083,1.0286466516700001,0.002381906305,0.0015089577830000001,0.0007522355480000001,0.000611067386,0.010813354647000001,0.0,0.0,0.0,0.0,0.0,0.0,0.0,0.0,0.0,0.0,0.0,0.0,0.0,0.0,0.0,0.0,0.0,0.0,0.991569,1430118.858847642,3.991666,4.1912493,4.3908325999999995,4.5904159,4.7899992,4.9895825,5.1891658,5.3887491,5.5883324,5.7879157,5.987499,6.1870823,6.3866656,6.586248899999999,6.7858322,6.9854155,7.1849988,7.384582099999999,7.5841654,7.7837487,7.983332
SF11C46892712282050980,9,,2019-05-18T09:00:00-0700,0.005701,0.005701,0.002871,0.001472,0.0045393414360000005,0.005356420158,0.044769856083,1.0286466516700001,0.002381906305,0.0015089577830000001,0.0007522355480000001,0.000611067386,0.010813354647000001,0.0045393414360000005,0.005356420158,0.044769856083,1.0286466516700001,0.002381906305,0.0015089577830000001,0.0007522355480000001,0.000611067386,0.010813354647000001,0.0,0.0,0.0,0.0,0.0,0.0,0.0,0.0,0.0,0.0,0.0,0.0,0.0,0.0,0.0,0.0,0.0,0.0,0.992412,1430118.858847642,3.991666,4.1912493,4.3908325999999995,4.5904159,4.7899992,4.9895825,5.1891658,5.3887491,5.5883324,5.7879157,5.987499,6.1870823,6.3866656,6.586248899999999,6.7858322,6.9854155,7.1849988,7.384582099999999,7.5841654,7.7837487,7.983332
SF11C46892712282050980,10,,2019-05-18T10:00:00-0700,0.020004,0.020004,0.012417,0.002229,0.015927904944000003,0.018794918232,0.157091071932,3.60937513068,0.00835777122,0.005294718732,0.002639487792,0.0021441487440000003,0.037942526988,0.015927904944000003,0.018794918232,0.157091071932,3.60937513068,0.00835777122,0.005294718732,0.002639487792,0.0021441487440000003,0.037942526988,0.0,0.0,0.0,0.0,0.0,0.0,0.0,0.0,0.0,0.0,0.0,0.0,0.0,0.0,0.0,0.0,0.0,0.0,0.955567,5018084.134781308,13.988665,14.020700049999999,14.0527351,14.084770149999999,14.1168052,14.14884025,14.180875299999999,14.21291035,14.244945399999999,14.27698045,14.3090155,14.341050549999999,14.3730856,14.405120649999999,14.4371557,14.46919075,14.501225799999999,14.53326085,14.565295899999999,14.59733095,14.629366
SF11C46892712282050980,11,,2019-05-18T11:00:00-0700,0.040008,0.040008,0.029285,0.0041,0.031855809888000006,0.037589836464,0.314182143864,7.21875026136,0.01671554244,0.010589437464,0.005278975584,0.004288297488000001,0.075885053976,0.031855809888000006,0.037589836464,0.314182143864,7.21875026136,0.01671554244,0.010589437464,0.005278975584,0.004288297488000001,0.075885053976,0.0,0.0,0.0,0.0,0.0,0.0,0.0,0.0,0.0,0.0,0.0,0.0,0.0,0.0,0.0,0.0,0.0,0.0,0.86346,10036168.269562615,27.92841,28.7064178,29.484425599999998,30.2624334,31.0404412,31.818449,32.5964568,33.374464599999996,34.1524724,34.9304802,35.708488,36.4864958,37.2645036,38.042511399999995,38.8205192,39.598527,40.3765348,41.1545426,41.9325504,42.710558199999994,43.488566
SF11C46892712282050980,12,,2019-05-18T12:00:00-0700,0.070014,0.070013,0.058436,0.007857,0.05574687106800001,0.065781274254,0.549810898779,12.63263252471,0.029251781465,0.018531250879,0.009238075324000002,0.007504413418000001,0.132796947711,0.05574687106800001,0.065781274254,0.549810898779,12.63263252471,0.029251781465,0.018531250879,0.009238075324000002,0.007504413418000001,0.132796947711,0.0,0.0,0.0,0.0,0.0,0.0,0.0,0.0,0.0,0.0,0.0,0.0,0.0,0.0,0.0,0.0,0.0,0.0,0.725917,17563294.471734576,48.746675,50.9303551,53.114035200000004,55.2977153,57.481395400000004,59.6650755,61.848755600000004,64.03243570000001,66.2161158,68.3997959,70.583476,72.7671561,74.9508362,77.1345163,79.3181964,81.50187650000001,83.6855566,85.86923669999999,88.05291679999999,90.2365969,92.420277
SF11C46892712282050980,13,,2019-05-18T13:00:00-0700,0.10002,0.100019,0.092637,0.01372,0.079638728484,0.093973651602,0.785447506677,18.04669522073,0.041788438294999994,0.026473328977,0.013197307012,0.010720636534000001,0.189710738193,0.079638728484,0.093973651602,0.785447506677,18.04669522073,0.041788438294999994,0.026473328977,0.013197307012,0.010720636534000001,0.189710738193,0.0,0.0,0.0,0.0,0.0,0.0,0.0,0.0,0.0,0.0,0.0,0.0,0.0,0.0,0.0,0.0,0.0,0.0,0.668988,25090420.673906535,69.455828,72.39300955,75.3301911,78.26737265,81.20455419999999,84.14173575,87.0789173,90.01609884999999,92.9532804,95.89046194999999,98.8276435,101.76482504999998,104.70200659999999,107.63918815,110.57636969999999,113.51355124999999,116.4507328,119.38791434999999,122.32509589999998,125.26227745,128.199459
SF11C46892712282050980,14,,2019-05-18T14:00:00-0700,0.130026,0.130025,0.130595,0.021801,0.10353058590000001,0.12216602895,1.021084114575,23.46075791675,0.054325095125,0.034415407075,0.0171565387,0.013936859650000001,0.246624528675,0.10353058590000001,0.12216602895,1.021084114575,23.46075791675,0.054325095125,0.034415407075,0.0171565387,0.013936859650000001,0.246624528675,0.0,0.0,0.0,0.0,0.0,0.0,0.0,0.0,0.0,0.0,0.0,0.0,0.0,0.0,0.0,0.0,0.0,0.0,0.703836,32617546.876078498,90.056441,92.57198360000001,95.0875262,97.6030688,100.1186114,102.634154,105.1496966,107.6652392,110.1807818,112.6963244,115.211867,117.72740959999999,120.24295219999999,122.7584948,125.2740374,127.78958,130.3051226,132.82066519999998,135.33620779999998,137.8517504,140.367293
SF11C46892712282050980,15,,2019-05-18T15:00:00-0700,0.160032,0.160031,0.1708,0.032104,0.127422443316,0.150358406298,1.2567207224730002,28.87482061277,0.066861751955,0.042357485173000003,0.021115770388000003,0.017153082766,0.303538319157,0.127422443316,0.150358406298,1.2567207224730002,28.87482061277,0.066861751955,0.042357485173000003,0.021115770388000003,0.017153082766,0.303538319157,0.0,0.0,0.0,0.0,0.0,0.0,0.0,0.0,0.0,0.0,0.0,0.0,0.0,0.0,0.0,0.0,0.0,0.0,0.736568,40144673.07825046,110.549083,112.4317305,114.31437799999999,116.1970255,118.079673,119.9623205,121.844968,123.7276155,125.610263,127.4929105,129.375558,131.2582055,133.140853,135.0235005,136.906148,138.7887955,140.671443,142.5540905,144.436738,146.3193855,148.202033
SF11C46892712282050980,16,,2019-05-18T16:00:00-0700,0.170034,0.170034,0.189309,0.042975,0.135387192024,0.15975680497199998,1.335274111422,30.679688610779998,0.07104105537,0.045005109221999996,0.022435646232,0.018225264324,0.32251147939799996,0.135387192024,0.15975680497199998,1.335274111422,30.679688610779998,0.07104105537,0.045005109221999996,0.022435646232,0.018225264324,0.32251147939799996,0.0,0.0,0.0,0.0,0.0,0.0,0.0,0.0,0.0,0.0,0.0,0.0,0.0,0.0,0.0,0.0,0.0,0.0,0.783801,42653715.14564111,117.356068,118.31374939999999,119.27143079999999,120.22911219999999,121.18679359999999,122.144475,123.1021564,124.0598378,125.0175192,125.9752006,126.93288199999999,127.89056339999999,128.8482448,129.8059262,130.7636076,131.72128899999998,132.6789704,133.63665179999998,134.5943332,135.5520146,136.509696
SF11C46892712282050980,17,,2019-05-18T17:00:00-0700,0.120024,0.120025,0.137003,0.049477,0.09556822590000001,0.11277044895,0.942554284575,21.65643121675,0.050147045125,0.031768577075,0.015837058700000003,0.012864999650000002,0.227657058675,0.09556822590000001,0.11277044895,0.942554284575,21.65643121675,0.050147045125,0.031768577075,0.015837058700000003,0.012864999650000002,0.227657058675,0.0,0.0,0.0,0.0,0.0,0.0,0.0,0.0,0.0,0.0,0.0,0.0,0.0,0.0,0.0,0.0,0.0,0.0,0.868512,30108504.808687843,83.201595,87.36167474999999,91.5217545,95.68183425,99.841914,104.00199375,108.16207349999999,112.32215324999999,116.482233,120.64231275,124.8023925,128.96247225,133.12255199999998,137.28263175,141.44271149999997,145.60279125,149.762871,153.92295074999998,158.0830305,162.24311024999997,166.40319
SF11C46892712282050980,18,,2019-05-18T18:00:00-0700,0.070014,0.070015,0.08058,0.051627,0.05574846354,0.06578315337,0.549826604745,12.632993390049998,0.029252617074999997,0.018531780244999997,0.009238339219999999,0.007504627789999999,0.132800741205,0.05574846354,0.06578315337,0.549826604745,12.632993390049998,0.029252617074999997,0.018531780244999997,0.009238339219999999,0.007504627789999999,0.132800741205,0.0,0.0,0.0,0.0,0.0,0.0,0.0,0.0,0.0,0.0,0.0,0.0,0.0,0.0,0.0,0.0,0.0,0.0,0.929029,17563294.471734576,48.746675,51.184008750000004,53.621342500000004,56.058676250000005,58.496010000000005,60.933343750000006,63.3706775,65.80801125,68.245345,70.68267875000001,73.1200125,75.55734625000001,77.99468,80.43201375000001,82.8693475,85.30668125,87.744015,90.18134875000001,92.6186825,95.05601625,97.49335
SF11C46892712282050980,19,,2019-05-18T19:00:00-0700,0.040008,0.040009,0.045668,0.051215,0.03185660612400001,0.037590776022000005,0.314189996847,7.218930694030001,0.016715960245,0.010589702147,0.005279107532,0.004288404674000001,0.075886950723,0.03185660612400001,0.037590776022000005,0.314189996847,7.218930694030001,0.016715960245,0.010589702147,0.005279107532,0.004288404674000001,0.075886950723,0.0,0.0,0.0,0.0,0.0,0.0,0.0,0.0,0.0,0.0,0.0,0.0,0.0,0.0,0.0,0.0,0.0,0.0,0.970023,10036168.269562615,27.92841,29.3248305,30.721251,32.1176715,33.514092,34.910512499999996,36.306933,37.7033535,39.099774,40.4961945,41.892615,43.2890355,44.685456,46.0818765,47.478297,48.8747175,50.271138,51.6675585,53.063979,54.4603995,55.85682
SF11C46892712282050980,20,,2019-05-18T20:00:00-0700,0.005701,0.005702,0.006347,0.048113,0.004540137672,0.005357359716,0.044777709065999996,1.02882708434,0.00238232411,0.0015092224659999998,0.000752367496,0.000611174572,0.010815251393999999,0.004540137672,0.005357359716,0.044777709065999996,1.02882708434,0.00238232411,0.0015092224659999998,0.000752367496,0.000611174572,0.010815251393999999,0.0,0.0,0.0,0.0,0.0,0.0,0.0,0.0,0.0,0.0,0.0,0.0,0.0,0.0,0.0,0.0,0.0,0.0,0.998236,1430118.858847642,3.991666,4.1912493,4.3908325999999995,4.5904159,4.7899992,4.9895825,5.1891658,5.3887491,5.5883324,5.7879157,5.987499,6.1870823,6.3866656,6.586248899999999,6.7858322,6.9854155,7.1849988,7.384582099999999,7.5841654,7.7837487,7.983332
SF11C46892712282050980,21,,2019-05-18T21:00:00-0700,0.005701,0.005701,0.006085,0.045207,0.0045393414360000005,0.005356420158,0.044769856083,1.0286466516700001,0.002381906305,0.0015089577830000001,0.0007522355480000001,0.000611067386,0.010813354647000001,0.0045393414360000005,0.005356420158,0.044769856083,1.0286466516700001,0.002381906305,0.0015089577830000001,0.0007522355480000001,0.000611067386,0.010813354647000001,0.0,0.0,0.0,0.0,0.0,0.0,0.0,0.0,0.0,0.0,0.0,0.0,0.0,0.0,0.0,0.0,0.0,0.0,0.999562,1430118.858847642,3.991666,4.1912493,4.3908325999999995,4.5904159,4.7899992,4.9895825,5.1891658,5.3887491,5.5883324,5.7879157,5.987499,6.1870823,6.3866656,6.586248899999999,6.7858322,6.9854155,7.1849988,7.384582099999999,7.5841654,7.7837487,7.983332
SF11C46892712282050980,22,,2019-05-18T22:00:00-0700,0.005701,0.005701,0.005726,0.042477,0.0045393414360000005,0.005356420158,0.044769856083,1.0286466516700001,0.002381906305,0.0015089577830000001,0.0007522355480000001,0.000611067386,0.010813354647000001,0.0045393414360000005,0.005356420158,0.044769856083,1.0286466516700001,0.002381906305,0.0015089577830000001,0.0007522355480000001,0.000611067386,0.010813354647000001,0.0,0.0,0.0,0.0,0.0,0.0,0.0,0.0,0.0,0.0,0.0,0.0,0.0,0.0,0.0,0.0,0.0,0.0,0.999565,1430118.858847642,3.991666,4.1912493,4.3908325999999995,4.5904159,4.7899992,4.9895825,5.1891658,5.3887491,5.5883324,5.7879157,5.987499,6.1870823,6.3866656,6.586248899999999,6.7858322,6.9854155,7.1849988,7.384582099999999,7.5841654,7.7837487,7.983332
SF11C46892712282050980,23,,2019-05-18T23:00:00-0700,0.005701,0.005701,0.00528,0.039905,0.0045393414360000005,0.005356420158,0.044769856083,1.0286466516700001,0.002381906305,0.0015089577830000001,0.0007522355480000001,0.000611067386,0.010813354647000001,0.0045393414360000005,0.005356420158,0.044769856083,1.0286466516700001,0.002381906305,0.0015089577830000001,0.0007522355480000001,0.000611067386,0.010813354647000001,0.0,0.0,0.0,0.0,0.0,0.0,0.0,0.0,0.0,0.0,0.0,0.0,0.0,0.0,0.0,0.0,0.0,0.0,0.999567,1430118.858847642,3.991666,4.1912493,4.3908325999999995,4.5904159,4.7899992,4.9895825,5.1891658,5.3887491,5.5883324,5.7879157,5.987499,6.1870823,6.3866656,6.586248899999999,6.7858322,6.9854155,7.1849988,7.384582099999999,7.5841654,7.7837487,7.983332
SF11C46892812282050980,0,,2019-05-18T00:00:00-0700,0.005701,0.005701,0.004403,0.000304,0.009078677171000001,0.010712840316,0.089539712166,2.057293297639,0.00476381261,0.003017909865,0.0015044653950000001,0.0012221290710000001,0.021626709294000002,0.009078677171000001,0.010712840316,0.089539712166,2.057293297639,0.00476381261,0.003017909865,0.0015044653950000001,0.0012221290710000001,0.021626709294000002,0.0,0.0,0.0,0.0,0.0,0.0,0.0,0.0,0.0,0.0,0.0,0.0,0.0,0.0,0.0,0.0,0.0,0.0,0.92412,3059750.6677613105,7.979349,8.2512618,8.5231746,8.7950874,9.0670002,9.338913,9.6108258,9.8827386,10.1546514,10.4265642,10.698477,10.9703898,11.2423026,11.514215400000001,11.7861282,12.058041,12.3299538,12.601866600000001,12.8737794,13.1456922,13.417605
SF11C46892812282050980,1,,2019-05-18T01:00:00-0700,0.005701,0.005701,0.003775,0.000544,0.009078677171000001,0.010712840316,0.089539712166,2.057293297639,0.00476381261,0.003017909865,0.0015044653950000001,0.0012221290710000001,0.021626709294000002,0.009078677171000001,0.010712840316,0.089539712166,2.057293297639,0.00476381261,0.003017909865,0.0015044653950000001,0.0012221290710000001,0.021626709294000002,0.0,0.0,0.0,0.0,0.0,0.0,0.0,0.0,0.0,0.0,0.0,0.0,0.0,0.0,0.0,0.0,0.0,0.0,0.92412,3059750.6677613105,7.979349,8.3001019,8.6208548,8.9416077,9.2623606,9.5831135,9.9038664,10.2246193,10.5453722,10.8661251,11.186878,11.507630899999999,11.8283838,12.1491367,12.469889599999998,12.7906425,13.1113954,13.432148299999998,13.7529012,14.073654099999999,14.394407
SF11C46892812282050980,2,,2019-05-18T02:00:00-0700,0.005701,0.005701,0.003325,0.000737,0.009078677171000001,0.010712840316,0.089539712166,2.057293297639,0.00476381261,0.003017909865,0.0015044653950000001,0.0012221290710000001,0.021626709294000002,0.009078677171000001,0.010712840316,0.089539712166,2.057293297639,0.00476381261,0.003017909865,0.0015044653950000001,0.0012221290710000001,0.021626709294000002,0.0,0.0,0.0,0.0,0.0,0.0,0.0,0.0,0.0,0.0,0.0,0.0,0.0,0.0,0.0,0.0,0.0,0.0,0.949414,3059750.6677613105,7.979349,8.1446802,8.3100114,8.4753426,8.6406738,8.806005,8.9713362,9.1366674,9.301998600000001,9.4673298,9.632661,9.7979922,9.9633234,10.1286546,10.2939858,10.459317,10.6246482,10.7899794,10.9553106,11.120641800000001,11.285973
SF11C46892812282050980,3,,2019-05-18T03:00:00-0700,0.005701,0.005701,0.003003,0.000893,0.009078677171000001,0.010712840316,0.089539712166,2.057293297639,0.00476381261,0.003017909865,0.0015044653950000001,0.0012221290710000001,0.021626709294000002,0.009078677171000001,0.010712840316,0.089539712166,2.057293297639,0.00476381261,0.003017909865,0.0015044653950000001,0.0012221290710000001,0.021626709294000002,0.0,0.0,0.0,0.0,0.0,0.0,0.0,0.0,0.0,0.0,0.0,0.0,0.0,0.0,0.0,0.0,0.0,0.0,0.96206,3059750.6677613105,7.979349,8.0552199,8.1310908,8.2069617,8.2828326,8.3587035,8.4345744,8.5104453,8.5863162,8.6621871,8.738058,8.8139289,8.8897998,8.9656707,9.0415416,9.1174125,9.1932834,9.2691543,9.3450252,9.4208961,9.496767
SF11C46892812282050980,4,,2019-05-18T04:00:00-0700,0.005701,0.005701,0.002771,0.001023,0.009078677171000001,0.010712840316,0.089539712166,2.057293297639,0.00476381261,0.003017909865,0.0015044653950000001,0.0012221290710000001,0.021626709294000002,0.009078677171000001,0.010712840316,0.089539712166,2.057293297639,0.00476381261,0.003017909865,0.0015044653950000001,0.0012221290710000001,0.021626709294000002,0.0,0.0,0.0,0.0,0.0,0.0,0.0,0.0,0.0,0.0,0.0,0.0,0.0,0.0,0.0,0.0,0.0,0.0,0.969648,3059750.6677613105,7.979349,7.99571775,8.0120865,8.02845525,8.044824,8.06119275,8.0775615,8.09393025,8.110299000000001,8.126667750000001,8.143036500000001,8.15940525,8.175774,8.19214275,8.2085115,8.22488025,8.241249,8.257617750000001,8.273986500000001,8.290355250000001,8.306724
SF11C46892812282050980,5,,2019-05-18T05:00:00-0700,0.005701,0.005701,0.002606,0.001133,0.009078677171000001,0.010712840316,0.089539712166,2.057293297639,0.00476381261,0.003017909865,0.0015044653950000001,0.0012221290710000001,0.021626709294000002,0.009078677171000001,0.010712840316,0.089539712166,2.057293297639,0.00476381261,0.003017909865,0.0015044653950000001,0.0012221290710000001,0.021626709294000002,0.0,0.0,0.0,0.0,0.0,0.0,0.0,0.0,0.0,0.0,0.0,0.0,0.0,0.0,0.0,0.0,0.0,0.0,0.974707,3059750.6677613105,7.979349,8.37831645,8.7772839,9.17625135,9.5752188,9.97418625,10.3731537,10.77212115,11.171088600000001,11.57005605,11.9690235,12.36799095,12.7669584,13.16592585,13.564893300000001,13.96386075,14.3628282,14.76179565,15.1607631,15.559730550000001,15.958698
SF11C46892812282050980,6,,2019-05-18T06:00:00-0700,0.005701,0.005701,0.002487,0.001226,0.009078677171000001,0.010712840316,0.089539712166,2.057293297639,0.00476381261,0.003017909865,0.0015044653950000001,0.0012221290710000001,0.021626709294000002,0.009078677171000001,0.010712840316,0.089539712166,2.057293297639,0.00476381261,0.003017909865,0.0015044653950000001,0.0012221290710000001,0.021626709294000002,0.0,0.0,0.0,0.0,0.0,0.0,0.0,0.0,0.0,0.0,0.0,0.0,0.0,0.0,0.0,0.0,0.0,0.0,0.97832,3059750.6677613105,7.979349,8.37831645,8.7772839,9.17625135,9.5752188,9.97418625,10.3731537,10.77212115,11.171088600000001,11.57005605,11.9690235,12.36799095,12.7669584,13.16592585,13.564893300000001,13.96386075,14.3628282,14.76179565,15.1607631,15.559730550000001,15.958698
SF11C46892812282050980,7,,2019-05-18T07:00:00-0700,0.005701,0.005701,0.002402,0.001308,0.009078677171000001,0.010712840316,0.089539712166,2.057293297639,0.00476381261,0.003017909865,0.0015044653950000001,0.0012221290710000001,0.021626709294000002,0.009078677171000001,0.010712840316,0.089539712166,2.057293297639,0.00476381261,0.003017909865,0.0015044653950000001,0.0012221290710000001,0.021626709294000002,0.0,0.0,0.0,0.0,0.0,0.0,0.0,0.0,0.0,0.0,0.0,0.0,0.0,0.0,0.0,0.0,0.0,0.0,0.98103,3059750.6677613105,7.979349,8.37831645,8.7772839,9.17625135,9.5752188,9.97418625,10.3731537,10.77212115,11.171088600000001,11.57005605,11.9690235,12.36799095,12.7669584,13.16592585,13.564893300000001,13.96386075,14.3628282,14.76179565,15.1607631,15.559730550000001,15.958698
SF11C46892812282050980,8,,2019-05-18T08:00:00-0700,0.005701,0.005701,0.002187,0.001368,0.009078677171000001,0.010712840316,0.089539712166,2.057293297639,0.00476381261,0.003017909865,0.0015044653950000001,0.0012221290710000001,0.021626709294000002,0.009078677171000001,0.010712840316,0.089539712166,2.057293297639,0.00476381261,0.003017909865,0.0015044653950000001,0.0012221290710000001,0.021626709294000002,0.0,0.0,0.0,0.0,0.0,0.0,0.0,0.0,0.0,0.0,0.0,0.0,0.0,0.0,0.0,0.0,0.0,0.0,0.983138,3059750.6677613105,7.979349,8.37831645,8.7772839,9.17625135,9.5752188,9.97418625,10.3731537,10.77212115,11.171088600000001,11.57005605,11.9690235,12.36799095,12.7669584,13.16592585,13.564893300000001,13.96386075,14.3628282,14.76179565,15.1607631,15.559730550000001,15.958698
SF11C46892812282050980,9,,2019-05-18T09:00:00-0700,0.005701,0.005701,0.002871,0.001472,0.009078677171000001,0.010712840316,0.089539712166,2.057293297639,0.00476381261,0.003017909865,0.0015044653950000001,0.0012221290710000001,0.021626709294000002,0.009078677171000001,0.010712840316,0.089539712166,2.057293297639,0.00476381261,0.003017909865,0.0015044653950000001,0.0012221290710000001,0.021626709294000002,0.0,0.0,0.0,0.0,0.0,0.0,0.0,0.0,0.0,0.0,0.0,0.0,0.0,0.0,0.0,0.0,0.0,0.0,0.984824,3059750.6677613105,7.979349,8.37831645,8.7772839,9.17625135,9.5752188,9.97418625,10.3731537,10.77212115,11.171088600000001,11.57005605,11.9690235,12.36799095,12.7669584,13.16592585,13.564893300000001,13.96386075,14.3628282,14.76179565,15.1607631,15.559730550000001,15.958698
SF11C46892812282050980,10,,2019-05-18T10:00:00-0700,0.020004,0.020004,0.012417,0.002229,0.031855789884,0.037589836464,0.314182143864,7.218750241356,0.01671554244,0.01058941746,0.00527895558,0.004288277484000001,0.075885053976,0.031855789884,0.037589836464,0.314182143864,7.218750241356,0.01671554244,0.01058941746,0.00527895558,0.004288277484000001,0.075885053976,0.0,0.0,0.0,0.0,0.0,0.0,0.0,0.0,0.0,0.0,0.0,0.0,0.0,0.0,0.0,0.0,0.0,0.0,0.911133,10736230.899473295,27.92841,28.21246235,28.4965147,28.78056705,29.064619399999998,29.34867175,29.6327241,29.91677645,30.2008288,30.48488115,30.7689335,31.05298585,31.3370382,31.621090549999998,31.905142899999998,32.18919525,32.4732476,32.75729995,33.0413523,33.325404649999996,33.609457
SF11C46892812282050980,11,,2019-05-18T11:00:00-0700,0.040008,0.040008,0.029285,0.0041,0.063711579768,0.075179672928,0.628364287728,14.437500482712,0.03343108488,0.02117883492,0.01055791116,0.008576554968000001,0.151770107952,0.063711579768,0.075179672928,0.628364287728,14.437500482712,0.03343108488,0.02117883492,0.01055791116,0.008576554968000001,0.151770107952,0.0,0.0,0.0,0.0,0.0,0.0,0.0,0.0,0.0,0.0,0.0,0.0,0.0,0.0,0.0,0.0,0.0,0.0,0.726919,21472461.79894659,55.661821,57.87425435,60.086687700000006,62.299121050000004,64.51155440000001,66.72398775,68.9364211,71.14885445,73.3612878,75.57372115000001,77.78615450000001,79.99858785,82.2110212,84.42345455,86.6358879,88.84832125,91.0607546,93.27318795,95.4856213,97.69805465,99.910488
SF11C46892812282050980,12,,2019-05-18T12:00:00-0700,0.070014,0.070013,0.058436,0.007857,0.111493672123,0.131562548508,1.099621797558,25.265264979407004,0.05850356293,0.037062431745,0.018476080635,0.015008756823000001,0.265593895422,0.111493672123,0.131562548508,1.099621797558,25.265264979407004,0.05850356293,0.037062431745,0.018476080635,0.015008756823000001,0.265593895422,0.0,0.0,0.0,0.0,0.0,0.0,0.0,0.0,0.0,0.0,0.0,0.0,0.0,0.0,0.0,0.0,0.0,0.0,0.644382,37576808.14815653,96.899291,100.24303815,103.5867853,106.93053245,110.2742796,113.61802675000001,116.9617739,120.30552105000001,123.64926820000001,126.99301535000001,130.33676250000002,133.68050965,137.0242568,140.36800395,143.71175110000001,147.05549825,150.3992454,153.74299255,157.0867397,160.43048685000002,163.774234
SF11C46892812282050980,13,,2019-05-18T13:00:00-0700,0.10002,0.100019,0.092637,0.01372,0.159277356949,0.187947303204,1.570895013354,36.093390341441,0.08357687658999999,0.05294655793499999,0.026394514004999998,0.021441173049,0.379421476386,0.159277356949,0.187947303204,1.570895013354,36.093390341441,0.08357687658999999,0.05294655793499999,0.026394514004999998,0.021441173049,0.379421476386,0.0,0.0,0.0,0.0,0.0,0.0,0.0,0.0,0.0,0.0,0.0,0.0,0.0,0.0,0.0,0.0,0.0,0.0,0.668988,53681154.497366466,137.705628,140.5360488,143.3664696,146.1968904,149.02731119999999,151.857732,154.68815279999998,157.5185736,160.34899439999998,163.1794152,166.009836,168.8402568,171.67067759999998,174.5010984,177.3315192,180.16194,182.9923608,185.82278159999998,188.6532024,191.4836232,194.314044
SF11C46892812282050980,14,,2019-05-18T14:00:00-0700,0.130026,0.130025,0.130595,0.021801,0.207061041775,0.2443320579,2.04216822915,46.921515703475,0.10865019025,0.068830684125,0.034312947375,0.027873589275000003,0.49324905735,0.207061041775,0.2443320579,2.04216822915,46.921515703475,0.10865019025,0.068830684125,0.034312947375,0.027873589275000003,0.49324905735,0.0,0.0,0.0,0.0,0.0,0.0,0.0,0.0,0.0,0.0,0.0,0.0,0.0,0.0,0.0,0.0,0.0,0.0,0.703836,69785500.84657641,178.085342,179.8189265,181.552511,183.2860955,185.01968,186.7532645,188.486849,190.2204335,191.954018,193.6876025,195.421187,197.1547715,198.888356,200.6219405,202.355525,204.0891095,205.822694,207.55627850000002,209.289863,211.0234475,212.757032
SF11C46892812282050980,15,,2019-05-18T15:00:00-0700,0.160032,0.160031,0.1708,0.032104,0.254844726601,0.300716812596,2.5134414449460003,57.749641065509,0.13372350391,0.084714810315,0.042231380745,0.034306005501,0.607076638314,0.254844726601,0.300716812596,2.5134414449460003,57.749641065509,0.13372350391,0.084714810315,0.042231380745,0.034306005501,0.607076638314,0.0,0.0,0.0,0.0,0.0,0.0,0.0,0.0,0.0,0.0,0.0,0.0,0.0,0.0,0.0,0.0,0.0,0.0,0.736568,85889847.19578636,218.042891,218.37236024999999,218.7018295,219.03129875,219.360768,219.69023725,220.01970649999998,220.34917575,220.678645,221.00811425,221.3375835,221.66705274999998,221.996522,222.32599125,222.6554605,222.98492975,223.31439899999998,223.64386825,223.97333749999999,224.30280675,224.632276
SF11C46892812282050980,16,,2019-05-18T16:00:00-0700,0.170034,0.170034,0.189309,0.042975,0.270774214014,0.31951360994399997,2.670548222844,61.359377051525996,0.14208211074,0.09001004840999999,0.04487112242999999,0.036450358614,0.6450229587959999,0.270774214014,0.31951360994399997,2.670548222844,61.359377051525996,0.14208211074,0.09001004840999999,0.04487112242999999,0.036450358614,0.6450229587959999,0.0,0.0,0.0,0.0,0.0,0.0,0.0,0.0,0.0,0.0,0.0,0.0,0.0,0.0,0.0,0.0,0.0,0.0,0.783801,91257962.645523,231.269025,242.83247625,254.3959275,265.95937875,277.52283,289.08628125,300.6497325,312.21318375,323.776635,335.34008625,346.90353749999997,358.46698875,370.03044,381.59389125,393.1573425,404.72079375,416.284245,427.84769625,439.41114749999997,450.97459875,462.53805
SF11C46892812282050980,17,,2019-05-18T17:00:00-0700,0.120024,0.120025,0.137003,0.049477,0.191136331775,0.2255408979,1.88510856915,43.312862313475,0.10029409025,0.063537034125,0.031673997375,0.025729879275000003,0.45531411735,0.191136331775,0.2255408979,1.88510856915,43.312862313475,0.10029409025,0.063537034125,0.031673997375,0.025729879275000003,0.45531411735,0.0,0.0,0.0,0.0,0.0,0.0,0.0,0.0,0.0,0.0,0.0,0.0,0.0,0.0,0.0,0.0,0.0,0.0,0.868512,64417385.39683977,164.672564,172.9061922,181.1398204,189.3734486,197.6070768,205.84070499999999,214.0743332,222.3079614,230.5415896,238.7752178,247.008846,255.2424742,263.4761024,271.7097306,279.9433588,288.176987,296.4106152,304.6442434,312.8778716,321.1114998,329.345128
SF11C46892812282050980,18,,2019-05-18T18:00:00-0700,0.070014,0.070015,0.08058,0.051627,0.11149685706499998,0.13156630674,1.09965320949,25.265986710085,0.058505234149999995,0.037063490474999995,0.018476608425,0.015009185565,0.26560148241,0.11149685706499998,0.13156630674,1.09965320949,25.265986710085,0.058505234149999995,0.037063490474999995,0.018476608425,0.015009185565,0.26560148241,0.0,0.0,0.0,0.0,0.0,0.0,0.0,0.0,0.0,0.0,0.0,0.0,0.0,0.0,0.0,0.0,0.0,0.0,0.92545,37576808.14815653,96.899291,101.74425555,106.5892201,111.43418465,116.2791492,121.12411375,125.9690783,130.81404285000002,135.6590074,140.50397195,145.3489365,150.19390105000002,155.0388656,159.88383015,164.7287947,169.57375925000002,174.4187238,179.26368835,184.1086529,188.95361745000002,193.798582
SF11C46892812282050980,19,,2019-05-18T19:00:00-0700,0.040008,0.040009,0.045668,0.051215,0.063713172239,0.07518155204400001,0.628379993694,14.437861348051001,0.03343192049,0.021179364285000002,0.010558175055,0.008576769339000001,0.151773901446,0.063713172239,0.07518155204400001,0.628379993694,14.437861348051001,0.03343192049,0.021179364285000002,0.010558175055,0.008576769339000001,0.151773901446,0.0,0.0,0.0,0.0,0.0,0.0,0.0,0.0,0.0,0.0,0.0,0.0,0.0,0.0,0.0,0.0,0.0,0.0,0.9574,21472461.79894659,55.661821,58.444912050000006,61.2280031,64.01109415,66.7941852,69.57727625000001,72.36036730000001,75.14345835,77.9265494,80.70964045000001,83.4927315,86.27582255000002,89.05891360000001,91.84200465,94.6250957,97.40818675,100.19127780000001,102.97436885000002,105.75745990000001,108.54055095000001,111.323642
SF11C46892812282050980,20,,2019-05-18T20:00:00-0700,0.005701,0.005702,0.006347,0.048113,0.009080269641999998,0.010714719432,0.08955541813199999,2.057654162978,0.00476464822,0.0030184392299999994,0.00150472929,0.001222343442,0.021630502787999998,0.009080269641999998,0.010714719432,0.08955541813199999,2.057654162978,0.00476464822,0.0030184392299999994,0.00150472929,0.001222343442,0.021630502787999998,0.0,0.0,0.0,0.0,0.0,0.0,0.0,0.0,0.0,0.0,0.0,0.0,0.0,0.0,0.0,0.0,0.0,0.0,0.996113,3059750.6677613105,7.979349,8.37831645,8.7772839,9.17625135,9.5752188,9.97418625,10.3731537,10.77212115,11.171088600000001,11.57005605,11.9690235,12.36799095,12.7669584,13.16592585,13.564893300000001,13.96386075,14.3628282,14.76179565,15.1607631,15.559730550000001,15.958698
SF11C46892812282050980,21,,2019-05-18T21:00:00-0700,0.005701,0.005701,0.006085,0.045207,0.009078677171000001,0.010712840316,0.089539712166,2.057293297639,0.00476381261,0.003017909865,0.0015044653950000001,0.0012221290710000001,0.021626709294000002,0.009078677171000001,0.010712840316,0.089539712166,2.057293297639,0.00476381261,0.003017909865,0.0015044653950000001,0.0012221290710000001,0.021626709294000002,0.0,0.0,0.0,0.0,0.0,0.0,0.0,0.0,0.0,0.0,0.0,0.0,0.0,0.0,0.0,0.0,0.0,0.0,0.99903,3059750.6677613105,7.979349,8.37831645,8.7772839,9.17625135,9.5752188,9.97418625,10.3731537,10.77212115,11.171088600000001,11.57005605,11.9690235,12.36799095,12.7669584,13.16592585,13.564893300000001,13.96386075,14.3628282,14.76179565,15.1607631,15.559730550000001,15.958698
SF11C46892812282050980,22,,2019-05-18T22:00:00-0700,0.005701,0.005701,0.005726,0.042477,0.009078677171000001,0.010712840316,0.089539712166,2.057293297639,0.00476381261,0.003017909865,0.0015044653950000001,0.0012221290710000001,0.021626709294000002,0.009078677171000001,0.010712840316,0.089539712166,2.057293297639,0.00476381261,0.003017909865,0.0015044653950000001,0.0012221290710000001,0.021626709294000002,0.0,0.0,0.0,0.0,0.0,0.0,0.0,0.0,0.0,0.0,0.0,0.0,0.0,0.0,0.0,0.0,0.0,0.0,0.99903,3059750.6677613105,7.979349,8.37831645,8.7772839,9.17625135,9.5752188,9.97418625,10.3731537,10.77212115,11.171088600000001,11.57005605,11.9690235,12.36799095,12.7669584,13.16592585,13.564893300000001,13.96386075,14.3628282,14.76179565,15.1607631,15.559730550000001,15.958698
SF11C46892812282050980,23,,2019-05-18T23:00:00-0700,0.005701,0.005701,0.00528,0.039905,0.009078677171000001,0.010712840316,0.089539712166,2.057293297639,0.00476381261,0.003017909865,0.0015044653950000001,0.0012221290710000001,0.021626709294000002,0.009078677171000001,0.010712840316,0.089539712166,2.057293297639,0.00476381261,0.003017909865,0.0015044653950000001,0.0012221290710000001,0.021626709294000002,0.0,0.0,0.0,0.0,0.0,0.0,0.0,0.0,0.0,0.0,0.0,0.0,0.0,0.0,0.0,0.0,0.0,0.0,0.99903,3059750.6677613105,7.979349,8.37831645,8.7772839,9.17625135,9.5752188,9.97418625,10.3731537,10.77212115,11.171088600000001,11.57005605,11.9690235,12.36799095,12.7669584,13.16592585,13.564893300000001,13.96386075,14.3628282,14.76179565,15.1607631,15.559730550000001,15.958698
SF11C46892912282050980,0,,2019-05-18T00:00:00-0700,0.005701,0.005701,0.004403,0.000304,0.0045393414360000005,0.005356420158,0.044769856083,1.0286466516700001,0.002381906305,0.0015089577830000001,0.0007522355480000001,0.000611067386,0.010813354647000001,0.0045393414360000005,0.005356420158,0.044769856083,1.0286466516700001,0.002381906305,0.0015089577830000001,0.0007522355480000001,0.000611067386,0.010813354647000001,0.0,0.0,0.0,0.0,0.0,0.0,0.0,0.0,0.0,0.0,0.0,0.0,0.0,0.0,0.0,0.0,0.0,0.0,0.96206,1430118.858847642,3.991666,4.0841003,4.1765346,4.2689689,4.3614032,4.4538375,4.5462717999999995,4.6387061,4.7311404,4.8235747,4.916009,5.0084433,5.1008776000000005,5.1933119,5.2857462,5.3781805,5.4706148,5.563049100000001,5.6554834,5.7479177,5.840352
SF11C46892912282050980,1,,2019-05-18T01:00:00-0700,0.005701,0.005701,0.003775,0.000544,0.0045393414360000005,0.005356420158,0.044769856083,1.0286466516700001,0.002381906305,0.0015089577830000001,0.0007522355480000001,0.000611067386,0.010813354647000001,0.0045393414360000005,0.005356420158,0.044769856083,1.0286466516700001,0.002381906305,0.0015089577830000001,0.0007522355480000001,0.000611067386,0.010813354647000001,0.0,0.0,0.0,0.0,0.0,0.0,0.0,0.0,0.0,0.0,0.0,0.0,0.0,0.0,0.0,0.0,0.0,0.0,0.96206,1430118.858847642,3.991666,4.10535915,4.2190522999999995,4.33274545,4.4464386,4.56013175,4.6738249,4.78751805,4.9012112,5.01490435,5.1285975,5.24229065,5.3559838,5.46967695,5.5833701,5.697063249999999,5.8107564,5.92444955,6.0381427,6.151835849999999,6.265529
SF11C46892912282050980,2,,2019-05-18T02:00:00-0700,0.005701,0.005701,0.003325,0.000737,0.0045393414360000005,0.005356420158,0.044769856083,1.0286466516700001,0.002381906305,0.0015089577830000001,0.0007522355480000001,0.000611067386,0.010813354647000001,0.0045393414360000005,0.005356420158,0.044769856083,1.0286466516700001,0.002381906305,0.0015089577830000001,0.0007522355480000001,0.000611067386,0.010813354647000001,0.0,0.0,0.0,0.0,0.0,0.0,0.0,0.0,0.0,0.0,0.0,0.0,0.0,0.0,0.0,0.0,0.0,0.0,0.974707,1430118.858847642,3.991666,4.03770795,4.0837499,4.12979185,4.1758338,4.22187575,4.2679177,4.31395965,4.3600016,4.40604355,4.4520855,4.49812745,4.5441694,4.590211350000001,4.6362533,4.68229525,4.7283372,4.774379150000001,4.8204211,4.86646305,4.912505
SF11C46892912282050980,3,,2019-05-18T03:00:00-0700,0.005701,0.005701,0.003003,0.000893,0.0045393414360000005,0.005356420158,0.044769856083,1.0286466516700001,0.002381906305,0.0015089577830000001,0.0007522355480000001,0.000611067386,0.010813354647000001,0.0045393414360000005,0.005356420158,0.044769856083,1.0286466516700001,0.002381906305,0.0015089577830000001,0.0007522355480000001,0.000611067386,0.010813354647000001,0.0,0.0,0.0,0.0,0.0,0.0,0.0,0.0,0.0,0.0,0.0,0.0,0.0,0.0,0.0,0.0,0.0,0.0,0.98103,1430118.858847642,3.991666,3.9987681,4.0058702,4.0129723,4.0200744,4.0271765,4.0342786,4.0413807,4.0484828,4.0555849,4.062687,4.0697891,4.0768912,4.0839933,4.0910954,4.0981975,4.1052996,4.1124017,4.1195038,4.1266059,4.133708
SF11C46892912282050980,4,,2019-05-18T04:00:00-0700,0.005701,0.005701,0.002771,0.001023,0.0045393414360000005,0.005356420158,0.044769856083,1.0286466516700001,0.002381906305,0.0015089577830000001,0.0007522355480000001,0.000611067386,0.010813354647000001,0.0045393414360000005,0.005356420158,0.044769856083,1.0286466516700001,0.002381906305,0.0015089577830000001,0.0007522355480000001,0.000611067386,0.010813354647000001,0.0,0.0,0.0,0.0,0.0,0.0,0.0,0.0,0.0,0.0,0.0,0.0,0.0,0.0,0.0,0.0,0.0,0.0,0.984824,1430118.858847642,3.991666,4.1912493,4.3908325999999995,4.5904159,4.7899992,4.9895825,5.1891658,5.3887491,5.5883324,5.7879157,5.987499,6.1870823,6.3866656,6.586248899999999,6.7858322,6.9854155,7.1849988,7.384582099999999,7.5841654,7.7837487,7.983332
SF11C46892912282050980,5,,2019-05-18T05:00:00-0700,0.005701,0.005701,0.002606,0.001133,0.0045393414360000005,0.005356420158,0.044769856083,1.0286466516700001,0.002381906305,0.0015089577830000001,0.0007522355480000001,0.000611067386,0.010813354647000001,0.0045393414360000005,0.005356420158,0.044769856083,1.0286466516700001,0.002381906305,0.0015089577830000001,0.0007522355480000001,0.000611067386,0.010813354647000001,0.0,0.0,0.0,0.0,0.0,0.0,0.0,0.0,0.0,0.0,0.0,0.0,0.0,0.0,0.0,0.0,0.0,0.0,0.987353,1430118.858847642,3.991666,4.1912493,4.3908325999999995,4.5904159,4.7899992,4.9895825,5.1891658,5.3887491,5.5883324,5.7879157,5.987499,6.1870823,6.3866656,6.586248899999999,6.7858322,6.9854155,7.1849988,7.384582099999999,7.5841654,7.7837487,7.983332
SF11C46892912282050980,6,,2019-05-18T06:00:00-0700,0.005701,0.005701,0.002487,0.001226,0.0045393414360000005,0.005356420158,0.044769856083,1.0286466516700001,0.002381906305,0.0015089577830000001,0.0007522355480000001,0.000611067386,0.010813354647000001,0.0045393414360000005,0.005356420158,0.044769856083,1.0286466516700001,0.002381906305,0.0015089577830000001,0.0007522355480000001,0.000611067386,0.010813354647000001,0.0,0.0,0.0,0.0,0.0,0.0,0.0,0.0,0.0,0.0,0.0,0.0,0.0,0.0,0.0,0.0,0.0,0.0,0.98916,1430118.858847642,3.991666,4.1912493,4.3908325999999995,4.5904159,4.7899992,4.9895825,5.1891658,5.3887491,5.5883324,5.7879157,5.987499,6.1870823,6.3866656,6.586248899999999,6.7858322,6.9854155,7.1849988,7.384582099999999,7.5841654,7.7837487,7.983332
SF11C46892912282050980,7,,2019-05-18T07:00:00-0700,0.005701,0.005701,0.002402,0.001308,0.0045393414360000005,0.005356420158,0.044769856083,1.0286466516700001,0.002381906305,0.0015089577830000001,0.0007522355480000001,0.000611067386,0.010813354647000001,0.0045393414360000005,0.005356420158,0.044769856083,1.0286466516700001,0.002381906305,0.0015089577830000001,0.0007522355480000001,0.000611067386,0.010813354647000001,0.0,0.0,0.0,0.0,0.0,0.0,0.0,0.0,0.0,0.0,0.0,0.0,0.0,0.0,0.0,0.0,0.0,0.0,0.990515,1430118.858847642,3.991666,4.1912493,4.3908325999999995,4.5904159,4.7899992,4.9895825,5.1891658,5.3887491,5.5883324,5.7879157,5.987499,6.1870823,6.3866656,6.586248899999999,6.7858322,6.9854155,7.1849988,7.384582099999999,7.5841654,7.7837487,7.983332
SF11C46892912282050980,8,,2019-05-18T08:00:00-0700,0.005701,0.005701,0.002187,0.001368,0.0045393414360000005,0.005356420158,0.044769856083,1.0286466516700001,0.002381906305,0.0015089577830000001,0.0007522355480000001,0.000611067386,0.010813354647000001,0.0045393414360000005,0.005356420158,0.044769856083,1.0286466516700001,0.002381906305,0.0015089577830000001,0.0007522355480000001,0.000611067386,0.010813354647000001,0.0,0.0,0.0,0.0,0.0,0.0,0.0,0.0,0.0,0.0,0.0,0.0,0.0,0.0,0.0,0.0,0.0,0.0,0.991569,1430118.858847642,3.991666,4.1912493,4.3908325999999995,4.5904159,4.7899992,4.9895825,5.1891658,5.3887491,5.5883324,5.7879157,5.987499,6.1870823,6.3866656,6.586248899999999,6.7858322,6.9854155,7.1849988,7.384582099999999,7.5841654,7.7837487,7.983332
SF11C46892912282050980,9,,2019-05-18T09:00:00-0700,0.005701,0.005701,0.002871,0.001472,0.0045393414360000005,0.005356420158,0.044769856083,1.0286466516700001,0.002381906305,0.0015089577830000001,0.0007522355480000001,0.000611067386,0.010813354647000001,0.0045393414360000005,0.005356420158,0.044769856083,1.0286466516700001,0.002381906305,0.0015089577830000001,0.0007522355480000001,0.000611067386,0.010813354647000001,0.0,0.0,0.0,0.0,0.0,0.0,0.0,0.0,0.0,0.0,0.0,0.0,0.0,0.0,0.0,0.0,0.0,0.0,0.992412,1430118.858847642,3.991666,4.1912493,4.3908325999999995,4.5904159,4.7899992,4.9895825,5.1891658,5.3887491,5.5883324,5.7879157,5.987499,6.1870823,6.3866656,6.586248899999999,6.7858322,6.9854155,7.1849988,7.384582099999999,7.5841654,7.7837487,7.983332
SF11C46892912282050980,10,,2019-05-18T10:00:00-0700,0.020004,0.020004,0.012417,0.002229,0.015927904944000003,0.018794918232,0.157091071932,3.60937513068,0.00835777122,0.005294718732,0.002639487792,0.0021441487440000003,0.037942526988,0.015927904944000003,0.018794918232,0.157091071932,3.60937513068,0.00835777122,0.005294718732,0.002639487792,0.0021441487440000003,0.037942526988,0.0,0.0,0.0,0.0,0.0,0.0,0.0,0.0,0.0,0.0,0.0,0.0,0.0,0.0,0.0,0.0,0.0,0.0,0.955567,5018084.134781308,13.988665,14.020700049999999,14.0527351,14.084770149999999,14.1168052,14.14884025,14.180875299999999,14.21291035,14.244945399999999,14.27698045,14.3090155,14.341050549999999,14.3730856,14.405120649999999,14.4371557,14.46919075,14.501225799999999,14.53326085,14.565295899999999,14.59733095,14.629366
SF11C46892912282050980,11,,2019-05-18T11:00:00-0700,0.040008,0.040008,0.029285,0.0041,0.031855809888000006,0.037589836464,0.314182143864,7.21875026136,0.01671554244,0.010589437464,0.005278975584,0.004288297488000001,0.075885053976,0.031855809888000006,0.037589836464,0.314182143864,7.21875026136,0.01671554244,0.010589437464,0.005278975584,0.004288297488000001,0.075885053976,0.0,0.0,0.0,0.0,0.0,0.0,0.0,0.0,0.0,0.0,0.0,0.0,0.0,0.0,0.0,0.0,0.0,0.0,0.86346,10036168.269562615,27.92841,28.7064178,29.484425599999998,30.2624334,31.0404412,31.818449,32.5964568,33.374464599999996,34.1524724,34.9304802,35.708488,36.4864958,37.2645036,38.042511399999995,38.8205192,39.598527,40.3765348,41.1545426,41.9325504,42.710558199999994,43.488566
SF11C46892912282050980,12,,2019-05-18T12:00:00-0700,0.070014,0.070013,0.058436,0.007857,0.05574687106800001,0.065781274254,0.549810898779,12.63263252471,0.029251781465,0.018531250879,0.009238075324000002,0.007504413418000001,0.132796947711,0.05574687106800001,0.065781274254,0.549810898779,12.63263252471,0.029251781465,0.018531250879,0.009238075324000002,0.007504413418000001,0.132796947711,0.0,0.0,0.0,0.0,0.0,0.0,0.0,0.0,0.0,0.0,0.0,0.0,0.0,0.0,0.0,0.0,0.0,0.0,0.725917,17563294.471734576,48.746675,50.9303551,53.114035200000004,55.2977153,57.481395400000004,59.6650755,61.848755600000004,64.03243570000001,66.2161158,68.3997959,70.583476,72.7671561,74.9508362,77.1345163,79.3181964,81.50187650000001,83.6855566,85.86923669999999,88.05291679999999,90.2365969,92.420277
SF11C46892912282050980,13,,2019-05-18T13:00:00-0700,0.10002,0.100019,0.092637,0.01372,0.079638728484,0.093973651602,0.785447506677,18.04669522073,0.041788438294999994,0.026473328977,0.013197307012,0.010720636534000001,0.189710738193,0.079638728484,0.093973651602,0.785447506677,18.04669522073,0.041788438294999994,0.026473328977,0.013197307012,0.010720636534000001,0.189710738193,0.0,0.0,0.0,0.0,0.0,0.0,0.0,0.0,0.0,0.0,0.0,0.0,0.0,0.0,0.0,0.0,0.0,0.0,0.668988,25090420.673906535,69.455828,72.39300955,75.3301911,78.26737265,81.20455419999999,84.14173575,87.0789173,90.01609884999999,92.9532804,95.89046194999999,98.8276435,101.76482504999998,104.70200659999999,107.63918815,110.57636969999999,113.51355124999999,116.4507328,119.38791434999999,122.32509589999998,125.26227745,128.199459
SF11C46892912282050980,14,,2019-05-18T14:00:00-0700,0.130026,0.130025,0.130595,0.021801,0.10353058590000001,0.12216602895,1.021084114575,23.46075791675,0.054325095125,0.034415407075,0.0171565387,0.013936859650000001,0.246624528675,0.10353058590000001,0.12216602895,1.021084114575,23.46075791675,0.054325095125,0.034415407075,0.0171565387,0.013936859650000001,0.246624528675,0.0,0.0,0.0,0.0,0.0,0.0,0.0,0.0,0.0,0.0,0.0,0.0,0.0,0.0,0.0,0.0,0.0,0.0,0.703836,32617546.876078498,90.056441,92.57198360000001,95.0875262,97.6030688,100.1186114,102.634154,105.1496966,107.6652392,110.1807818,112.6963244,115.211867,117.72740959999999,120.24295219999999,122.7584948,125.2740374,127.78958,130.3051226,132.82066519999998,135.33620779999998,137.8517504,140.367293
SF11C46892912282050980,15,,2019-05-18T15:00:00-0700,0.160032,0.160031,0.1708,0.032104,0.127422443316,0.150358406298,1.2567207224730002,28.87482061277,0.066861751955,0.042357485173000003,0.021115770388000003,0.017153082766,0.303538319157,0.127422443316,0.150358406298,1.2567207224730002,28.87482061277,0.066861751955,0.042357485173000003,0.021115770388000003,0.017153082766,0.303538319157,0.0,0.0,0.0,0.0,0.0,0.0,0.0,0.0,0.0,0.0,0.0,0.0,0.0,0.0,0.0,0.0,0.0,0.0,0.736568,40144673.07825046,110.549083,112.4317305,114.31437799999999,116.1970255,118.079673,119.9623205,121.844968,123.7276155,125.610263,127.4929105,129.375558,131.2582055,133.140853,135.0235005,136.906148,138.7887955,140.671443,142.5540905,144.436738,146.3193855,148.202033
SF11C46892912282050980,16,,2019-05-18T16:00:00-0700,0.170034,0.170034,0.189309,0.042975,0.135387192024,0.15975680497199998,1.335274111422,30.679688610779998,0.07104105537,0.045005109221999996,0.022435646232,0.018225264324,0.32251147939799996,0.135387192024,0.15975680497199998,1.335274111422,30.679688610779998,0.07104105537,0.045005109221999996,0.022435646232,0.018225264324,0.32251147939799996,0.0,0.0,0.0,0.0,0.0,0.0,0.0,0.0,0.0,0.0,0.0,0.0,0.0,0.0,0.0,0.0,0.0,0.0,0.783801,42653715.14564111,117.356068,118.31374939999999,119.27143079999999,120.22911219999999,121.18679359999999,122.144475,123.1021564,124.0598378,125.0175192,125.9752006,126.93288199999999,127.89056339999999,128.8482448,129.8059262,130.7636076,131.72128899999998,132.6789704,133.63665179999998,134.5943332,135.5520146,136.509696
SF11C46892912282050980,17,,2019-05-18T17:00:00-0700,0.120024,0.120025,0.137003,0.049477,0.09556822590000001,0.11277044895,0.942554284575,21.65643121675,0.050147045125,0.031768577075,0.015837058700000003,0.012864999650000002,0.227657058675,0.09556822590000001,0.11277044895,0.942554284575,21.65643121675,0.050147045125,0.031768577075,0.015837058700000003,0.012864999650000002,0.227657058675,0.0,0.0,0.0,0.0,0.0,0.0,0.0,0.0,0.0,0.0,0.0,0.0,0.0,0.0,0.0,0.0,0.0,0.0,0.868512,30108504.808687843,83.201595,87.36167474999999,91.5217545,95.68183425,99.841914,104.00199375,108.16207349999999,112.32215324999999,116.482233,120.64231275,124.8023925,128.96247225,133.12255199999998,137.28263175,141.44271149999997,145.60279125,149.762871,153.92295074999998,158.0830305,162.24311024999997,166.40319
SF11C46892912282050980,18,,2019-05-18T18:00:00-0700,0.070014,0.070015,0.08058,0.051627,0.05574846354,0.06578315337,0.549826604745,12.632993390049998,0.029252617074999997,0.018531780244999997,0.009238339219999999,0.007504627789999999,0.132800741205,0.05574846354,0.06578315337,0.549826604745,12.632993390049998,0.029252617074999997,0.018531780244999997,0.009238339219999999,0.007504627789999999,0.132800741205,0.0,0.0,0.0,0.0,0.0,0.0,0.0,0.0,0.0,0.0,0.0,0.0,0.0,0.0,0.0,0.0,0.0,0.0,0.929029,17563294.471734576,48.746675,51.184008750000004,53.621342500000004,56.058676250000005,58.496010000000005,60.933343750000006,63.3706775,65.80801125,68.245345,70.68267875000001,73.1200125,75.55734625000001,77.99468,80.43201375000001,82.8693475,85.30668125,87.744015,90.18134875000001,92.6186825,95.05601625,97.49335
SF11C46892912282050980,19,,2019-05-18T19:00:00-0700,0.040008,0.040009,0.045668,0.051215,0.03185660612400001,0.037590776022000005,0.314189996847,7.218930694030001,0.016715960245,0.010589702147,0.005279107532,0.004288404674000001,0.075886950723,0.03185660612400001,0.037590776022000005,0.314189996847,7.218930694030001,0.016715960245,0.010589702147,0.005279107532,0.004288404674000001,0.075886950723,0.0,0.0,0.0,0.0,0.0,0.0,0.0,0.0,0.0,0.0,0.0,0.0,0.0,0.0,0.0,0.0,0.0,0.0,0.970023,10036168.269562615,27.92841,29.3248305,30.721251,32.1176715,33.514092,34.910512499999996,36.306933,37.7033535,39.099774,40.4961945,41.892615,43.2890355,44.685456,46.0818765,47.478297,48.8747175,50.271138,51.6675585,53.063979,54.4603995,55.85682
SF11C46892912282050980,20,,2019-05-18T20:00:00-0700,0.005701,0.005702,0.006347,0.048113,0.004540137672,0.005357359716,0.044777709065999996,1.02882708434,0.00238232411,0.0015092224659999998,0.000752367496,0.000611174572,0.010815251393999999,0.004540137672,0.005357359716,0.044777709065999996,1.02882708434,0.00238232411,0.0015092224659999998,0.000752367496,0.000611174572,0.010815251393999999,0.0,0.0,0.0,0.0,0.0,0.0,0.0,0.0,0.0,0.0,0.0,0.0,0.0,0.0,0.0,0.0,0.0,0.0,0.998236,1430118.858847642,3.991666,4.1912493,4.3908325999999995,4.5904159,4.7899992,4.9895825,5.1891658,5.3887491,5.5883324,5.7879157,5.987499,6.1870823,6.3866656,6.586248899999999,6.7858322,6.9854155,7.1849988,7.384582099999999,7.5841654,7.7837487,7.983332
SF11C46892912282050980,21,,2019-05-18T21:00:00-0700,0.005701,0.005701,0.006085,0.045207,0.0045393414360000005,0.005356420158,0.044769856083,1.0286466516700001,0.002381906305,0.0015089577830000001,0.0007522355480000001,0.000611067386,0.010813354647000001,0.0045393414360000005,0.005356420158,0.044769856083,1.0286466516700001,0.002381906305,0.0015089577830000001,0.0007522355480000001,0.000611067386,0.010813354647000001,0.0,0.0,0.0,0.0,0.0,0.0,0.0,0.0,0.0,0.0,0.0,0.0,0.0,0.0,0.0,0.0,0.0,0.0,0.999562,1430118.858847642,3.991666,4.1912493,4.3908325999999995,4.5904159,4.7899992,4.9895825,5.1891658,5.3887491,5.5883324,5.7879157,5.987499,6.1870823,6.3866656,6.586248899999999,6.7858322,6.9854155,7.1849988,7.384582099999999,7.5841654,7.7837487,7.983332
SF11C46892912282050980,22,,2019-05-18T22:00:00-0700,0.005701,0.005701,0.005726,0.042477,0.0045393414360000005,0.005356420158,0.044769856083,1.0286466516700001,0.002381906305,0.0015089577830000001,0.0007522355480000001,0.000611067386,0.010813354647000001,0.0045393414360000005,0.005356420158,0.044769856083,1.0286466516700001,0.002381906305,0.0015089577830000001,0.0007522355480000001,0.000611067386,0.010813354647000001,0.0,0.0,0.0,0.0,0.0,0.0,0.0,0.0,0.0,0.0,0.0,0.0,0.0,0.0,0.0,0.0,0.0,0.0,0.999565,1430118.858847642,3.991666,4.1912493,4.3908325999999995,4.5904159,4.7899992,4.9895825,5.1891658,5.3887491,5.5883324,5.7879157,5.987499,6.1870823,6.3866656,6.586248899999999,6.7858322,6.9854155,7.1849988,7.384582099999999,7.5841654,7.7837487,7.983332
SF11C46892912282050980,23,,2019-05-18T23:00:00-0700,0.005701,0.005701,0.00528,0.039905,0.0045393414360000005,0.005356420158,0.044769856083,1.0286466516700001,0.002381906305,0.0015089577830000001,0.0007522355480000001,0.000611067386,0.010813354647000001,0.0045393414360000005,0.005356420158,0.044769856083,1.0286466516700001,0.002381906305,0.0015089577830000001,0.0007522355480000001,0.000611067386,0.010813354647000001,0.0,0.0,0.0,0.0,0.0,0.0,0.0,0.0,0.0,0.0,0.0,0.0,0.0,0.0,0.0,0.0,0.0,0.0,0.999567,1430118.858847642,3.991666,4.1912493,4.3908325999999995,4.5904159,4.7899992,4.9895825,5.1891658,5.3887491,5.5883324,5.7879157,5.987499,6.1870823,6.3866656,6.586248899999999,6.7858322,6.9854155,7.1849988,7.384582099999999,7.5841654,7.7837487,7.983332
SF11C46893012282050980,0,,2019-05-18T00:00:00-0700,0.005701,0.005701,0.004403,0.000304,0.0045393414360000005,0.005356420158,0.044769856083,1.0286466516700001,0.002381906305,0.0015089577830000001,0.0007522355480000001,0.000611067386,0.010813354647000001,0.0045393414360000005,0.005356420158,0.044769856083,1.0286466516700001,0.002381906305,0.0015089577830000001,0.0007522355480000001,0.000611067386,0.010813354647000001,0.0,0.0,0.0,0.0,0.0,0.0,0.0,0.0,0.0,0.0,0.0,0.0,0.0,0.0,0.0,0.0,0.0,0.0,0.96206,1430118.858847642,3.991666,4.0841003,4.1765346,4.2689689,4.3614032,4.4538375,4.5462717999999995,4.6387061,4.7311404,4.8235747,4.916009,5.0084433,5.1008776000000005,5.1933119,5.2857462,5.3781805,5.4706148,5.563049100000001,5.6554834,5.7479177,5.840352
SF11C46893012282050980,1,,2019-05-18T01:00:00-0700,0.005701,0.005701,0.003775,0.000544,0.0045393414360000005,0.005356420158,0.044769856083,1.0286466516700001,0.002381906305,0.0015089577830000001,0.0007522355480000001,0.000611067386,0.010813354647000001,0.0045393414360000005,0.005356420158,0.044769856083,1.0286466516700001,0.002381906305,0.0015089577830000001,0.0007522355480000001,0.000611067386,0.010813354647000001,0.0,0.0,0.0,0.0,0.0,0.0,0.0,0.0,0.0,0.0,0.0,0.0,0.0,0.0,0.0,0.0,0.0,0.0,0.96206,1430118.858847642,3.991666,4.10535915,4.2190522999999995,4.33274545,4.4464386,4.56013175,4.6738249,4.78751805,4.9012112,5.01490435,5.1285975,5.24229065,5.3559838,5.46967695,5.5833701,5.697063249999999,5.8107564,5.92444955,6.0381427,6.151835849999999,6.265529
SF11C46893012282050980,2,,2019-05-18T02:00:00-0700,0.005701,0.005701,0.003325,0.000737,0.0045393414360000005,0.005356420158,0.044769856083,1.0286466516700001,0.002381906305,0.0015089577830000001,0.0007522355480000001,0.000611067386,0.010813354647000001,0.0045393414360000005,0.005356420158,0.044769856083,1.0286466516700001,0.002381906305,0.0015089577830000001,0.0007522355480000001,0.000611067386,0.010813354647000001,0.0,0.0,0.0,0.0,0.0,0.0,0.0,0.0,0.0,0.0,0.0,0.0,0.0,0.0,0.0,0.0,0.0,0.0,0.974707,1430118.858847642,3.991666,4.03770795,4.0837499,4.12979185,4.1758338,4.22187575,4.2679177,4.31395965,4.3600016,4.40604355,4.4520855,4.49812745,4.5441694,4.590211350000001,4.6362533,4.68229525,4.7283372,4.774379150000001,4.8204211,4.86646305,4.912505
SF11C46893012282050980,3,,2019-05-18T03:00:00-0700,0.005701,0.005701,0.003003,0.000893,0.0045393414360000005,0.005356420158,0.044769856083,1.0286466516700001,0.002381906305,0.0015089577830000001,0.0007522355480000001,0.000611067386,0.010813354647000001,0.0045393414360000005,0.005356420158,0.044769856083,1.0286466516700001,0.002381906305,0.0015089577830000001,0.0007522355480000001,0.000611067386,0.010813354647000001,0.0,0.0,0.0,0.0,0.0,0.0,0.0,0.0,0.0,0.0,0.0,0.0,0.0,0.0,0.0,0.0,0.0,0.0,0.98103,1430118.858847642,3.991666,3.9987681,4.0058702,4.0129723,4.0200744,4.0271765,4.0342786,4.0413807,4.0484828,4.0555849,4.062687,4.0697891,4.0768912,4.0839933,4.0910954,4.0981975,4.1052996,4.1124017,4.1195038,4.1266059,4.133708
SF11C46893012282050980,4,,2019-05-18T04:00:00-0700,0.005701,0.005701,0.002771,0.001023,0.0045393414360000005,0.005356420158,0.044769856083,1.0286466516700001,0.002381906305,0.0015089577830000001,0.0007522355480000001,0.000611067386,0.010813354647000001,0.0045393414360000005,0.005356420158,0.044769856083,1.0286466516700001,0.002381906305,0.0015089577830000001,0.0007522355480000001,0.000611067386,0.010813354647000001,0.0,0.0,0.0,0.0,0.0,0.0,0.0,0.0,0.0,0.0,0.0,0.0,0.0,0.0,0.0,0.0,0.0,0.0,0.984824,1430118.858847642,3.991666,4.1912493,4.3908325999999995,4.5904159,4.7899992,4.9895825,5.1891658,5.3887491,5.5883324,5.7879157,5.987499,6.1870823,6.3866656,6.586248899999999,6.7858322,6.9854155,7.1849988,7.384582099999999,7.5841654,7.7837487,7.983332
SF11C46893012282050980,5,,2019-05-18T05:00:00-0700,0.005701,0.005701,0.002606,0.001133,0.0045393414360000005,0.005356420158,0.044769856083,1.0286466516700001,0.002381906305,0.0015089577830000001,0.0007522355480000001,0.000611067386,0.010813354647000001,0.0045393414360000005,0.005356420158,0.044769856083,1.0286466516700001,0.002381906305,0.0015089577830000001,0.0007522355480000001,0.000611067386,0.010813354647000001,0.0,0.0,0.0,0.0,0.0,0.0,0.0,0.0,0.0,0.0,0.0,0.0,0.0,0.0,0.0,0.0,0.0,0.0,0.987353,1430118.858847642,3.991666,4.1912493,4.3908325999999995,4.5904159,4.7899992,4.9895825,5.1891658,5.3887491,5.5883324,5.7879157,5.987499,6.1870823,6.3866656,6.586248899999999,6.7858322,6.9854155,7.1849988,7.384582099999999,7.5841654,7.7837487,7.983332
SF11C46893012282050980,6,,2019-05-18T06:00:00-0700,0.005701,0.005701,0.002487,0.001226,0.0045393414360000005,0.005356420158,0.044769856083,1.0286466516700001,0.002381906305,0.0015089577830000001,0.0007522355480000001,0.000611067386,0.010813354647000001,0.0045393414360000005,0.005356420158,0.044769856083,1.0286466516700001,0.002381906305,0.0015089577830000001,0.0007522355480000001,0.000611067386,0.010813354647000001,0.0,0.0,0.0,0.0,0.0,0.0,0.0,0.0,0.0,0.0,0.0,0.0,0.0,0.0,0.0,0.0,0.0,0.0,0.98916,1430118.858847642,3.991666,4.1912493,4.3908325999999995,4.5904159,4.7899992,4.9895825,5.1891658,5.3887491,5.5883324,5.7879157,5.987499,6.1870823,6.3866656,6.586248899999999,6.7858322,6.9854155,7.1849988,7.384582099999999,7.5841654,7.7837487,7.983332
SF11C46893012282050980,7,,2019-05-18T07:00:00-0700,0.005701,0.005701,0.002402,0.001308,0.0045393414360000005,0.005356420158,0.044769856083,1.0286466516700001,0.002381906305,0.0015089577830000001,0.0007522355480000001,0.000611067386,0.010813354647000001,0.0045393414360000005,0.005356420158,0.044769856083,1.0286466516700001,0.002381906305,0.0015089577830000001,0.0007522355480000001,0.000611067386,0.010813354647000001,0.0,0.0,0.0,0.0,0.0,0.0,0.0,0.0,0.0,0.0,0.0,0.0,0.0,0.0,0.0,0.0,0.0,0.0,0.990515,1430118.858847642,3.991666,4.1912493,4.3908325999999995,4.5904159,4.7899992,4.9895825,5.1891658,5.3887491,5.5883324,5.7879157,5.987499,6.1870823,6.3866656,6.586248899999999,6.7858322,6.9854155,7.1849988,7.384582099999999,7.5841654,7.7837487,7.983332
SF11C46893012282050980,8,,2019-05-18T08:00:00-0700,0.005701,0.005701,0.002187,0.001368,0.0045393414360000005,0.005356420158,0.044769856083,1.0286466516700001,0.002381906305,0.0015089577830000001,0.0007522355480000001,0.000611067386,0.010813354647000001,0.0045393414360000005,0.005356420158,0.044769856083,1.0286466516700001,0.002381906305,0.0015089577830000001,0.0007522355480000001,0.000611067386,0.010813354647000001,0.0,0.0,0.0,0.0,0.0,0.0,0.0,0.0,0.0,0.0,0.0,0.0,0.0,0.0,0.0,0.0,0.0,0.0,0.991569,1430118.858847642,3.991666,4.1912493,4.3908325999999995,4.5904159,4.7899992,4.9895825,5.1891658,5.3887491,5.5883324,5.7879157,5.987499,6.1870823,6.3866656,6.586248899999999,6.7858322,6.9854155,7.1849988,7.384582099999999,7.5841654,7.7837487,7.983332
SF11C46893012282050980,9,,2019-05-18T09:00:00-0700,0.005701,0.005701,0.002871,0.001472,0.0045393414360000005,0.005356420158,0.044769856083,1.0286466516700001,0.002381906305,0.0015089577830000001,0.0007522355480000001,0.000611067386,0.010813354647000001,0.0045393414360000005,0.005356420158,0.044769856083,1.0286466516700001,0.002381906305,0.0015089577830000001,0.0007522355480000001,0.000611067386,0.010813354647000001,0.0,0.0,0.0,0.0,0.0,0.0,0.0,0.0,0.0,0.0,0.0,0.0,0.0,0.0,0.0,0.0,0.0,0.0,0.992412,1430118.858847642,3.991666,4.1912493,4.3908325999999995,4.5904159,4.7899992,4.9895825,5.1891658,5.3887491,5.5883324,5.7879157,5.987499,6.1870823,6.3866656,6.586248899999999,6.7858322,6.9854155,7.1849988,7.384582099999999,7.5841654,7.7837487,7.983332
SF11C46893012282050980,10,,2019-05-18T10:00:00-0700,0.020004,0.020004,0.012417,0.002229,0.015927904944000003,0.018794918232,0.157091071932,3.60937513068,0.00835777122,0.005294718732,0.002639487792,0.0021441487440000003,0.037942526988,0.015927904944000003,0.018794918232,0.157091071932,3.60937513068,0.00835777122,0.005294718732,0.002639487792,0.0021441487440000003,0.037942526988,0.0,0.0,0.0,0.0,0.0,0.0,0.0,0.0,0.0,0.0,0.0,0.0,0.0,0.0,0.0,0.0,0.0,0.0,0.955567,5018084.134781308,13.988665,14.020700049999999,14.0527351,14.084770149999999,14.1168052,14.14884025,14.180875299999999,14.21291035,14.244945399999999,14.27698045,14.3090155,14.341050549999999,14.3730856,14.405120649999999,14.4371557,14.46919075,14.501225799999999,14.53326085,14.565295899999999,14.59733095,14.629366
SF11C46893012282050980,11,,2019-05-18T11:00:00-0700,0.040008,0.040008,0.029285,0.0041,0.031855809888000006,0.037589836464,0.314182143864,7.21875026136,0.01671554244,0.010589437464,0.005278975584,0.004288297488000001,0.075885053976,0.031855809888000006,0.037589836464,0.314182143864,7.21875026136,0.01671554244,0.010589437464,0.005278975584,0.004288297488000001,0.075885053976,0.0,0.0,0.0,0.0,0.0,0.0,0.0,0.0,0.0,0.0,0.0,0.0,0.0,0.0,0.0,0.0,0.0,0.0,0.86346,10036168.269562615,27.92841,28.7064178,29.484425599999998,30.2624334,31.0404412,31.818449,32.5964568,33.374464599999996,34.1524724,34.9304802,35.708488,36.4864958,37.2645036,38.042511399999995,38.8205192,39.598527,40.3765348,41.1545426,41.9325504,42.710558199999994,43.488566
SF11C46893012282050980,12,,2019-05-18T12:00:00-0700,0.070014,0.070013,0.058436,0.007857,0.05574687106800001,0.065781274254,0.549810898779,12.63263252471,0.029251781465,0.018531250879,0.009238075324000002,0.007504413418000001,0.132796947711,0.05574687106800001,0.065781274254,0.549810898779,12.63263252471,0.029251781465,0.018531250879,0.009238075324000002,0.007504413418000001,0.132796947711,0.0,0.0,0.0,0.0,0.0,0.0,0.0,0.0,0.0,0.0,0.0,0.0,0.0,0.0,0.0,0.0,0.0,0.0,0.725917,17563294.471734576,48.746675,50.9303551,53.114035200000004,55.2977153,57.481395400000004,59.6650755,61.848755600000004,64.03243570000001,66.2161158,68.3997959,70.583476,72.7671561,74.9508362,77.1345163,79.3181964,81.50187650000001,83.6855566,85.86923669999999,88.05291679999999,90.2365969,92.420277
SF11C46893012282050980,13,,2019-05-18T13:00:00-0700,0.10002,0.100019,0.092637,0.01372,0.079638728484,0.093973651602,0.785447506677,18.04669522073,0.041788438294999994,0.026473328977,0.013197307012,0.010720636534000001,0.189710738193,0.079638728484,0.093973651602,0.785447506677,18.04669522073,0.041788438294999994,0.026473328977,0.013197307012,0.010720636534000001,0.189710738193,0.0,0.0,0.0,0.0,0.0,0.0,0.0,0.0,0.0,0.0,0.0,0.0,0.0,0.0,0.0,0.0,0.0,0.0,0.668988,25090420.673906535,69.455828,72.39300955,75.3301911,78.26737265,81.20455419999999,84.14173575,87.0789173,90.01609884999999,92.9532804,95.89046194999999,98.8276435,101.76482504999998,104.70200659999999,107.63918815,110.57636969999999,113.51355124999999,116.4507328,119.38791434999999,122.32509589999998,125.26227745,128.199459
SF11C46893012282050980,14,,2019-05-18T14:00:00-0700,0.130026,0.130025,0.130595,0.021801,0.10353058590000001,0.12216602895,1.021084114575,23.46075791675,0.054325095125,0.034415407075,0.0171565387,0.013936859650000001,0.246624528675,0.10353058590000001,0.12216602895,1.021084114575,23.46075791675,0.054325095125,0.034415407075,0.0171565387,0.013936859650000001,0.246624528675,0.0,0.0,0.0,0.0,0.0,0.0,0.0,0.0,0.0,0.0,0.0,0.0,0.0,0.0,0.0,0.0,0.0,0.0,0.703836,32617546.876078498,90.056441,92.57198360000001,95.0875262,97.6030688,100.1186114,102.634154,105.1496966,107.6652392,110.1807818,112.6963244,115.211867,117.72740959999999,120.24295219999999,122.7584948,125.2740374,127.78958,130.3051226,132.82066519999998,135.33620779999998,137.8517504,140.367293
SF11C46893012282050980,15,,2019-05-18T15:00:00-0700,0.160032,0.160031,0.1708,0.032104,0.127422443316,0.150358406298,1.2567207224730002,28.87482061277,0.066861751955,0.042357485173000003,0.021115770388000003,0.017153082766,0.303538319157,0.127422443316,0.150358406298,1.2567207224730002,28.87482061277,0.066861751955,0.042357485173000003,0.021115770388000003,0.017153082766,0.303538319157,0.0,0.0,0.0,0.0,0.0,0.0,0.0,0.0,0.0,0.0,0.0,0.0,0.0,0.0,0.0,0.0,0.0,0.0,0.736568,40144673.07825046,110.549083,112.4317305,114.31437799999999,116.1970255,118.079673,119.9623205,121.844968,123.7276155,125.610263,127.4929105,129.375558,131.2582055,133.140853,135.0235005,136.906148,138.7887955,140.671443,142.5540905,144.436738,146.3193855,148.202033
SF11C46893012282050980,16,,2019-05-18T16:00:00-0700,0.170034,0.170034,0.189309,0.042975,0.135387192024,0.15975680497199998,1.335274111422,30.679688610779998,0.07104105537,0.045005109221999996,0.022435646232,0.018225264324,0.32251147939799996,0.135387192024,0.15975680497199998,1.335274111422,30.679688610779998,0.07104105537,0.045005109221999996,0.022435646232,0.018225264324,0.32251147939799996,0.0,0.0,0.0,0.0,0.0,0.0,0.0,0.0,0.0,0.0,0.0,0.0,0.0,0.0,0.0,0.0,0.0,0.0,0.783801,42653715.14564111,117.356068,118.31374939999999,119.27143079999999,120.22911219999999,121.18679359999999,122.144475,123.1021564,124.0598378,125.0175192,125.9752006,126.93288199999999,127.89056339999999,128.8482448,129.8059262,130.7636076,131.72128899999998,132.6789704,133.63665179999998,134.5943332,135.5520146,136.509696
SF11C46893012282050980,17,,2019-05-18T17:00:00-0700,0.120024,0.120025,0.137003,0.049477,0.09556822590000001,0.11277044895,0.942554284575,21.65643121675,0.050147045125,0.031768577075,0.015837058700000003,0.012864999650000002,0.227657058675,0.09556822590000001,0.11277044895,0.942554284575,21.65643121675,0.050147045125,0.031768577075,0.015837058700000003,0.012864999650000002,0.227657058675,0.0,0.0,0.0,0.0,0.0,0.0,0.0,0.0,0.0,0.0,0.0,0.0,0.0,0.0,0.0,0.0,0.0,0.0,0.868512,30108504.808687843,83.201595,87.36167474999999,91.5217545,95.68183425,99.841914,104.00199375,108.16207349999999,112.32215324999999,116.482233,120.64231275,124.8023925,128.96247225,133.12255199999998,137.28263175,141.44271149999997,145.60279125,149.762871,153.92295074999998,158.0830305,162.24311024999997,166.40319
SF11C46893012282050980,18,,2019-05-18T18:00:00-0700,0.070014,0.070015,0.08058,0.051627,0.05574846354,0.06578315337,0.549826604745,12.632993390049998,0.029252617074999997,0.018531780244999997,0.009238339219999999,0.007504627789999999,0.132800741205,0.05574846354,0.06578315337,0.549826604745,12.632993390049998,0.029252617074999997,0.018531780244999997,0.009238339219999999,0.007504627789999999,0.132800741205,0.0,0.0,0.0,0.0,0.0,0.0,0.0,0.0,0.0,0.0,0.0,0.0,0.0,0.0,0.0,0.0,0.0,0.0,0.929029,17563294.471734576,48.746675,51.184008750000004,53.621342500000004,56.058676250000005,58.496010000000005,60.933343750000006,63.3706775,65.80801125,68.245345,70.68267875000001,73.1200125,75.55734625000001,77.99468,80.43201375000001,82.8693475,85.30668125,87.744015,90.18134875000001,92.6186825,95.05601625,97.49335
SF11C46893012282050980,19,,2019-05-18T19:00:00-0700,0.040008,0.040009,0.045668,0.051215,0.03185660612400001,0.037590776022000005,0.314189996847,7.218930694030001,0.016715960245,0.010589702147,0.005279107532,0.004288404674000001,0.075886950723,0.03185660612400001,0.037590776022000005,0.314189996847,7.218930694030001,0.016715960245,0.010589702147,0.005279107532,0.004288404674000001,0.075886950723,0.0,0.0,0.0,0.0,0.0,0.0,0.0,0.0,0.0,0.0,0.0,0.0,0.0,0.0,0.0,0.0,0.0,0.0,0.970023,10036168.269562615,27.92841,29.3248305,30.721251,32.1176715,33.514092,34.910512499999996,36.306933,37.7033535,39.099774,40.4961945,41.892615,43.2890355,44.685456,46.0818765,47.478297,48.8747175,50.271138,51.6675585,53.063979,54.4603995,55.85682
SF11C46893012282050980,20,,2019-05-18T20:00:00-0700,0.005701,0.005702,0.006347,0.048113,0.004540137672,0.005357359716,0.044777709065999996,1.02882708434,0.00238232411,0.0015092224659999998,0.000752367496,0.000611174572,0.010815251393999999,0.004540137672,0.005357359716,0.044777709065999996,1.02882708434,0.00238232411,0.0015092224659999998,0.000752367496,0.000611174572,0.010815251393999999,0.0,0.0,0.0,0.0,0.0,0.0,0.0,0.0,0.0,0.0,0.0,0.0,0.0,0.0,0.0,0.0,0.0,0.0,0.998236,1430118.858847642,3.991666,4.1912493,4.3908325999999995,4.5904159,4.7899992,4.9895825,5.1891658,5.3887491,5.5883324,5.7879157,5.987499,6.1870823,6.3866656,6.586248899999999,6.7858322,6.9854155,7.1849988,7.384582099999999,7.5841654,7.7837487,7.983332
SF11C46893012282050980,21,,2019-05-18T21:00:00-0700,0.005701,0.005701,0.006085,0.045207,0.0045393414360000005,0.005356420158,0.044769856083,1.0286466516700001,0.002381906305,0.0015089577830000001,0.0007522355480000001,0.000611067386,0.010813354647000001,0.0045393414360000005,0.005356420158,0.044769856083,1.0286466516700001,0.002381906305,0.0015089577830000001,0.0007522355480000001,0.000611067386,0.010813354647000001,0.0,0.0,0.0,0.0,0.0,0.0,0.0,0.0,0.0,0.0,0.0,0.0,0.0,0.0,0.0,0.0,0.0,0.0,0.999562,1430118.858847642,3.991666,4.1912493,4.3908325999999995,4.5904159,4.7899992,4.9895825,5.1891658,5.3887491,5.5883324,5.7879157,5.987499,6.1870823,6.3866656,6.586248899999999,6.7858322,6.9854155,7.1849988,7.384582099999999,7.5841654,7.7837487,7.983332
SF11C46893012282050980,22,,2019-05-18T22:00:00-0700,0.005701,0.005701,0.005726,0.042477,0.0045393414360000005,0.005356420158,0.044769856083,1.0286466516700001,0.002381906305,0.0015089577830000001,0.0007522355480000001,0.000611067386,0.010813354647000001,0.0045393414360000005,0.005356420158,0.044769856083,1.0286466516700001,0.002381906305,0.0015089577830000001,0.0007522355480000001,0.000611067386,0.010813354647000001,0.0,0.0,0.0,0.0,0.0,0.0,0.0,0.0,0.0,0.0,0.0,0.0,0.0,0.0,0.0,0.0,0.0,0.0,0.999565,1430118.858847642,3.991666,4.1912493,4.3908325999999995,4.5904159,4.7899992,4.9895825,5.1891658,5.3887491,5.5883324,5.7879157,5.987499,6.1870823,6.3866656,6.586248899999999,6.7858322,6.9854155,7.1849988,7.384582099999999,7.5841654,7.7837487,7.983332
SF11C46893012282050980,23,,2019-05-18T23:00:00-0700,0.005701,0.005701,0.00528,0.039905,0.0045393414360000005,0.005356420158,0.044769856083,1.0286466516700001,0.002381906305,0.0015089577830000001,0.0007522355480000001,0.000611067386,0.010813354647000001,0.0045393414360000005,0.005356420158,0.044769856083,1.0286466516700001,0.002381906305,0.0015089577830000001,0.0007522355480000001,0.000611067386,0.010813354647000001,0.0,0.0,0.0,0.0,0.0,0.0,0.0,0.0,0.0,0.0,0.0,0.0,0.0,0.0,0.0,0.0,0.0,0.0,0.999567,1430118.858847642,3.991666,4.1912493,4.3908325999999995,4.5904159,4.7899992,4.9895825,5.1891658,5.3887491,5.5883324,5.7879157,5.987499,6.1870823,6.3866656,6.586248899999999,6.7858322,6.9854155,7.1849988,7.384582099999999,7.5841654,7.7837487,7.983332
SF11C46893112282050980,0,,2019-05-18T00:00:00-0700,0.005701,0.005701,0.004756,0.000329,0.009078677171000001,0.010712840316,0.089539712166,2.057293297639,0.00476381261,0.003017909865,0.0015044653950000001,0.0012221290710000001,0.021626709294000002,0.009078677171000001,0.010712840316,0.089539712166,2.057293297639,0.00476381261,0.003017909865,0.0015044653950000001,0.0012221290710000001,0.021626709294000002,0.0,0.0,0.0,0.0,0.0,0.0,0.0,0.0,0.0,0.0,0.0,0.0,0.0,0.0,0.0,0.0,0.0,0.0,0.92412,3059750.6677613105,7.979349,8.2512618,8.5231746,8.7950874,9.0670002,9.338913,9.6108258,9.8827386,10.1546514,10.4265642,10.698477,10.9703898,11.2423026,11.514215400000001,11.7861282,12.058041,12.3299538,12.601866600000001,12.8737794,13.1456922,13.417605
SF11C46893112282050980,1,,2019-05-18T01:00:00-0700,0.005701,0.005701,0.003952,0.000579,0.009078677171000001,0.010712840316,0.089539712166,2.057293297639,0.00476381261,0.003017909865,0.0015044653950000001,0.0012221290710000001,0.021626709294000002,0.009078677171000001,0.010712840316,0.089539712166,2.057293297639,0.00476381261,0.003017909865,0.0015044653950000001,0.0012221290710000001,0.021626709294000002,0.0,0.0,0.0,0.0,0.0,0.0,0.0,0.0,0.0,0.0,0.0,0.0,0.0,0.0,0.0,0.0,0.0,0.0,0.92412,3059750.6677613105,7.979349,8.3001019,8.6208548,8.9416077,9.2623606,9.5831135,9.9038664,10.2246193,10.5453722,10.8661251,11.186878,11.507630899999999,11.8283838,12.1491367,12.469889599999998,12.7906425,13.1113954,13.432148299999998,13.7529012,14.073654099999999,14.394407
SF11C46893112282050980,2,,2019-05-18T02:00:00-0700,0.005701,0.005701,0.0034,0.000774,0.009078677171000001,0.010712840316,0.089539712166,2.057293297639,0.00476381261,0.003017909865,0.0015044653950000001,0.0012221290710000001,0.021626709294000002,0.009078677171000001,0.010712840316,0.089539712166,2.057293297639,0.00476381261,0.003017909865,0.0015044653950000001,0.0012221290710000001,0.021626709294000002,0.0,0.0,0.0,0.0,0.0,0.0,0.0,0.0,0.0,0.0,0.0,0.0,0.0,0.0,0.0,0.0,0.0,0.0,0.949414,3059750.6677613105,7.979349,8.1446802,8.3100114,8.4753426,8.6406738,8.806005,8.9713362,9.1366674,9.301998600000001,9.4673298,9.632661,9.7979922,9.9633234,10.1286546,10.2939858,10.459317,10.6246482,10.7899794,10.9553106,11.120641800000001,11.285973
SF11C46893112282050980,3,,2019-05-18T03:00:00-0700,0.005701,0.005701,0.00302,0.00093,0.009078677171000001,0.010712840316,0.089539712166,2.057293297639,0.00476381261,0.003017909865,0.0015044653950000001,0.0012221290710000001,0.021626709294000002,0.009078677171000001,0.010712840316,0.089539712166,2.057293297639,0.00476381261,0.003017909865,0.0015044653950000001,0.0012221290710000001,0.021626709294000002,0.0,0.0,0.0,0.0,0.0,0.0,0.0,0.0,0.0,0.0,0.0,0.0,0.0,0.0,0.0,0.0,0.0,0.0,0.96206,3059750.6677613105,7.979349,8.0552199,8.1310908,8.2069617,8.2828326,8.3587035,8.4345744,8.5104453,8.5863162,8.6621871,8.738058,8.8139289,8.8897998,8.9656707,9.0415416,9.1174125,9.1932834,9.2691543,9.3450252,9.4208961,9.496767
SF11C46893112282050980,4,,2019-05-18T04:00:00-0700,0.005701,0.005701,0.002759,0.001056,0.009078677171000001,0.010712840316,0.089539712166,2.057293297639,0.00476381261,0.003017909865,0.0015044653950000001,0.0012221290710000001,0.021626709294000002,0.009078677171000001,0.010712840316,0.089539712166,2.057293297639,0.00476381261,0.003017909865,0.0015044653950000001,0.0012221290710000001,0.021626709294000002,0.0,0.0,0.0,0.0,0.0,0.0,0.0,0.0,0.0,0.0,0.0,0.0,0.0,0.0,0.0,0.0,0.0,0.0,0.969648,3059750.6677613105,7.979349,7.99571775,8.0120865,8.02845525,8.044824,8.06119275,8.0775615,8.09393025,8.110299000000001,8.126667750000001,8.143036500000001,8.15940525,8.175774,8.19214275,8.2085115,8.22488025,8.241249,8.257617750000001,8.273986500000001,8.290355250000001,8.306724
SF11C46893112282050980,5,,2019-05-18T05:00:00-0700,0.005701,0.005701,0.00258,0.001162,0.009078677171000001,0.010712840316,0.089539712166,2.057293297639,0.00476381261,0.003017909865,0.0015044653950000001,0.0012221290710000001,0.021626709294000002,0.009078677171000001,0.010712840316,0.089539712166,2.057293297639,0.00476381261,0.003017909865,0.0015044653950000001,0.0012221290710000001,0.021626709294000002,0.0,0.0,0.0,0.0,0.0,0.0,0.0,0.0,0.0,0.0,0.0,0.0,0.0,0.0,0.0,0.0,0.0,0.0,0.974707,3059750.6677613105,7.979349,8.37831645,8.7772839,9.17625135,9.5752188,9.97418625,10.3731537,10.77212115,11.171088600000001,11.57005605,11.9690235,12.36799095,12.7669584,13.16592585,13.564893300000001,13.96386075,14.3628282,14.76179565,15.1607631,15.559730550000001,15.958698
SF11C46893112282050980,6,,2019-05-18T06:00:00-0700,0.005701,0.005701,0.002457,0.001251,0.009078677171000001,0.010712840316,0.089539712166,2.057293297639,0.00476381261,0.003017909865,0.0015044653950000001,0.0012221290710000001,0.021626709294000002,0.009078677171000001,0.010712840316,0.089539712166,2.057293297639,0.00476381261,0.003017909865,0.0015044653950000001,0.0012221290710000001,0.021626709294000002,0.0,0.0,0.0,0.0,0.0,0.0,0.0,0.0,0.0,0.0,0.0,0.0,0.0,0.0,0.0,0.0,0.0,0.0,0.97832,3059750.6677613105,7.979349,8.37831645,8.7772839,9.17625135,9.5752188,9.97418625,10.3731537,10.77212115,11.171088600000001,11.57005605,11.9690235,12.36799095,12.7669584,13.16592585,13.564893300000001,13.96386075,14.3628282,14.76179565,15.1607631,15.559730550000001,15.958698
SF11C46893112282050980,7,,2019-05-18T07:00:00-0700,0.005701,0.005701,0.002372,0.001329,0.009078677171000001,0.010712840316,0.089539712166,2.057293297639,0.00476381261,0.003017909865,0.0015044653950000001,0.0012221290710000001,0.021626709294000002,0.009078677171000001,0.010712840316,0.089539712166,2.057293297639,0.00476381261,0.003017909865,0.0015044653950000001,0.0012221290710000001,0.021626709294000002,0.0,0.0,0.0,0.0,0.0,0.0,0.0,0.0,0.0,0.0,0.0,0.0,0.0,0.0,0.0,0.0,0.0,0.0,0.98103,3059750.6677613105,7.979349,8.37831645,8.7772839,9.17625135,9.5752188,9.97418625,10.3731537,10.77212115,11.171088600000001,11.57005605,11.9690235,12.36799095,12.7669584,13.16592585,13.564893300000001,13.96386075,14.3628282,14.76179565,15.1607631,15.559730550000001,15.958698
SF11C46893112282050980,8,,2019-05-18T08:00:00-0700,0.005701,0.005701,0.002186,0.001388,0.009078677171000001,0.010712840316,0.089539712166,2.057293297639,0.00476381261,0.003017909865,0.0015044653950000001,0.0012221290710000001,0.021626709294000002,0.009078677171000001,0.010712840316,0.089539712166,2.057293297639,0.00476381261,0.003017909865,0.0015044653950000001,0.0012221290710000001,0.021626709294000002,0.0,0.0,0.0,0.0,0.0,0.0,0.0,0.0,0.0,0.0,0.0,0.0,0.0,0.0,0.0,0.0,0.0,0.0,0.983138,3059750.6677613105,7.979349,8.37831645,8.7772839,9.17625135,9.5752188,9.97418625,10.3731537,10.77212115,11.171088600000001,11.57005605,11.9690235,12.36799095,12.7669584,13.16592585,13.564893300000001,13.96386075,14.3628282,14.76179565,15.1607631,15.559730550000001,15.958698
SF11C46893112282050980,9,,2019-05-18T09:00:00-0700,0.005701,0.005701,0.00287,0.00149,0.009078677171000001,0.010712840316,0.089539712166,2.057293297639,0.00476381261,0.003017909865,0.0015044653950000001,0.0012221290710000001,0.021626709294000002,0.009078677171000001,0.010712840316,0.089539712166,2.057293297639,0.00476381261,0.003017909865,0.0015044653950000001,0.0012221290710000001,0.021626709294000002,0.0,0.0,0.0,0.0,0.0,0.0,0.0,0.0,0.0,0.0,0.0,0.0,0.0,0.0,0.0,0.0,0.0,0.0,0.984824,3059750.6677613105,7.979349,8.37831645,8.7772839,9.17625135,9.5752188,9.97418625,10.3731537,10.77212115,11.171088600000001,11.57005605,11.9690235,12.36799095,12.7669584,13.16592585,13.564893300000001,13.96386075,14.3628282,14.76179565,15.1607631,15.559730550000001,15.958698
SF11C46893112282050980,10,,2019-05-18T10:00:00-0700,0.020004,0.020004,0.012411,0.002246,0.031855789884,0.037589836464,0.314182143864,7.218750241356,0.01671554244,0.01058941746,0.00527895558,0.004288277484000001,0.075885053976,0.031855789884,0.037589836464,0.314182143864,7.218750241356,0.01671554244,0.01058941746,0.00527895558,0.004288277484000001,0.075885053976,0.0,0.0,0.0,0.0,0.0,0.0,0.0,0.0,0.0,0.0,0.0,0.0,0.0,0.0,0.0,0.0,0.0,0.0,0.911133,10736230.899473295,27.92841,28.21246235,28.4965147,28.78056705,29.064619399999998,29.34867175,29.6327241,29.91677645,30.2008288,30.48488115,30.7689335,31.05298585,31.3370382,31.621090549999998,31.905142899999998,32.18919525,32.4732476,32.75729995,33.0413523,33.325404649999996,33.609457
SF11C46893112282050980,11,,2019-05-18T11:00:00-0700,0.040008,0.040008,0.029269,0.004114,0.063711579768,0.075179672928,0.628364287728,14.437500482712,0.03343108488,0.02117883492,0.01055791116,0.008576554968000001,0.151770107952,0.063711579768,0.075179672928,0.628364287728,14.437500482712,0.03343108488,0.02117883492,0.01055791116,0.008576554968000001,0.151770107952,0.0,0.0,0.0,0.0,0.0,0.0,0.0,0.0,0.0,0.0,0.0,0.0,0.0,0.0,0.0,0.0,0.0,0.0,0.726919,21472461.79894659,55.661821,57.87425435,60.086687700000006,62.299121050000004,64.51155440000001,66.72398775,68.9364211,71.14885445,73.3612878,75.57372115000001,77.78615450000001,79.99858785,82.2110212,84.42345455,86.6358879,88.84832125,91.0607546,93.27318795,95.4856213,97.69805465,99.910488
SF11C46893112282050980,12,,2019-05-18T12:00:00-0700,0.070014,0.070013,0.058404,0.007868,0.111493672123,0.131562548508,1.099621797558,25.265264979407004,0.05850356293,0.037062431745,0.018476080635,0.015008756823000001,0.265593895422,0.111493672123,0.131562548508,1.099621797558,25.265264979407004,0.05850356293,0.037062431745,0.018476080635,0.015008756823000001,0.265593895422,0.0,0.0,0.0,0.0,0.0,0.0,0.0,0.0,0.0,0.0,0.0,0.0,0.0,0.0,0.0,0.0,0.0,0.0,0.644382,37576808.14815653,96.899291,100.24303815,103.5867853,106.93053245,110.2742796,113.61802675000001,116.9617739,120.30552105000001,123.64926820000001,126.99301535000001,130.33676250000002,133.68050965,137.0242568,140.36800395,143.71175110000001,147.05549825,150.3992454,153.74299255,157.0867397,160.43048685000002,163.774234
SF11C46893112282050980,13,,2019-05-18T13:00:00-0700,0.10002,0.100019,0.092587,0.013726,0.159277356949,0.187947303204,1.570895013354,36.093390341441,0.08357687658999999,0.05294655793499999,0.026394514004999998,0.021441173049,0.379421476386,0.159277356949,0.187947303204,1.570895013354,36.093390341441,0.08357687658999999,0.05294655793499999,0.026394514004999998,0.021441173049,0.379421476386,0.0,0.0,0.0,0.0,0.0,0.0,0.0,0.0,0.0,0.0,0.0,0.0,0.0,0.0,0.0,0.0,0.0,0.0,0.668988,53681154.497366466,137.705628,140.5360488,143.3664696,146.1968904,149.02731119999999,151.857732,154.68815279999998,157.5185736,160.34899439999998,163.1794152,166.009836,168.8402568,171.67067759999998,174.5010984,177.3315192,180.16194,182.9923608,185.82278159999998,188.6532024,191.4836232,194.314044
SF11C46893112282050980,14,,2019-05-18T14:00:00-0700,0.130026,0.130025,0.130525,0.021803,0.207061041775,0.2443320579,2.04216822915,46.921515703475,0.10865019025,0.068830684125,0.034312947375,0.027873589275000003,0.49324905735,0.207061041775,0.2443320579,2.04216822915,46.921515703475,0.10865019025,0.068830684125,0.034312947375,0.027873589275000003,0.49324905735,0.0,0.0,0.0,0.0,0.0,0.0,0.0,0.0,0.0,0.0,0.0,0.0,0.0,0.0,0.0,0.0,0.0,0.0,0.703836,69785500.84657641,178.085342,179.8189265,181.552511,183.2860955,185.01968,186.7532645,188.486849,190.2204335,191.954018,193.6876025,195.421187,197.1547715,198.888356,200.6219405,202.355525,204.0891095,205.822694,207.55627850000002,209.289863,211.0234475,212.757032
SF11C46893112282050980,15,,2019-05-18T15:00:00-0700,0.160032,0.160031,0.170708,0.032099,0.254844726601,0.300716812596,2.5134414449460003,57.749641065509,0.13372350391,0.084714810315,0.042231380745,0.034306005501,0.607076638314,0.254844726601,0.300716812596,2.5134414449460003,57.749641065509,0.13372350391,0.084714810315,0.042231380745,0.034306005501,0.607076638314,0.0,0.0,0.0,0.0,0.0,0.0,0.0,0.0,0.0,0.0,0.0,0.0,0.0,0.0,0.0,0.0,0.0,0.0,0.736568,85889847.19578636,218.042891,218.37236024999999,218.7018295,219.03129875,219.360768,219.69023725,220.01970649999998,220.34917575,220.678645,221.00811425,221.3375835,221.66705274999998,221.996522,222.32599125,222.6554605,222.98492975,223.31439899999998,223.64386825,223.97333749999999,224.30280675,224.632276
SF11C46893112282050980,16,,2019-05-18T16:00:00-0700,0.170034,0.170034,0.189207,0.042963,0.270774214014,0.31951360994399997,2.670548222844,61.359377051525996,0.14208211074,0.09001004840999999,0.04487112242999999,0.036450358614,0.6450229587959999,0.270774214014,0.31951360994399997,2.670548222844,61.359377051525996,0.14208211074,0.09001004840999999,0.04487112242999999,0.036450358614,0.6450229587959999,0.0,0.0,0.0,0.0,0.0,0.0,0.0,0.0,0.0,0.0,0.0,0.0,0.0,0.0,0.0,0.0,0.0,0.0,0.783801,91257962.645523,231.269025,242.83247625,254.3959275,265.95937875,277.52283,289.08628125,300.6497325,312.21318375,323.776635,335.34008625,346.90353749999997,358.46698875,370.03044,381.59389125,393.1573425,404.72079375,416.284245,427.84769625,439.41114749999997,450.97459875,462.53805
SF11C46893112282050980,17,,2019-05-18T17:00:00-0700,0.120024,0.120025,0.13693,0.049461,0.191136331775,0.2255408979,1.88510856915,43.312862313475,0.10029409025,0.063537034125,0.031673997375,0.025729879275000003,0.45531411735,0.191136331775,0.2255408979,1.88510856915,43.312862313475,0.10029409025,0.063537034125,0.031673997375,0.025729879275000003,0.45531411735,0.0,0.0,0.0,0.0,0.0,0.0,0.0,0.0,0.0,0.0,0.0,0.0,0.0,0.0,0.0,0.0,0.0,0.0,0.868512,64417385.39683977,164.672564,172.9061922,181.1398204,189.3734486,197.6070768,205.84070499999999,214.0743332,222.3079614,230.5415896,238.7752178,247.008846,255.2424742,263.4761024,271.7097306,279.9433588,288.176987,296.4106152,304.6442434,312.8778716,321.1114998,329.345128
SF11C46893112282050980,18,,2019-05-18T18:00:00-0700,0.070014,0.070015,0.080537,0.05161,0.11149685706499998,0.13156630674,1.09965320949,25.265986710085,0.058505234149999995,0.037063490474999995,0.018476608425,0.015009185565,0.26560148241,0.11149685706499998,0.13156630674,1.09965320949,25.265986710085,0.058505234149999995,0.037063490474999995,0.018476608425,0.015009185565,0.26560148241,0.0,0.0,0.0,0.0,0.0,0.0,0.0,0.0,0.0,0.0,0.0,0.0,0.0,0.0,0.0,0.0,0.0,0.0,0.92545,37576808.14815653,96.899291,101.74425555,106.5892201,111.43418465,116.2791492,121.12411375,125.9690783,130.81404285000002,135.6590074,140.50397195,145.3489365,150.19390105000002,155.0388656,159.88383015,164.7287947,169.57375925000002,174.4187238,179.26368835,184.1086529,188.95361745000002,193.798582
SF11C46893112282050980,19,,2019-05-18T19:00:00-0700,0.040008,0.040009,0.045643,0.051197,0.063713172239,0.07518155204400001,0.628379993694,14.437861348051001,0.03343192049,0.021179364285000002,0.010558175055,0.008576769339000001,0.151773901446,0.063713172239,0.07518155204400001,0.628379993694,14.437861348051001,0.03343192049,0.021179364285000002,0.010558175055,0.008576769339000001,0.151773901446,0.0,0.0,0.0,0.0,0.0,0.0,0.0,0.0,0.0,0.0,0.0,0.0,0.0,0.0,0.0,0.0,0.0,0.0,0.9574,21472461.79894659,55.661821,58.444912050000006,61.2280031,64.01109415,66.7941852,69.57727625000001,72.36036730000001,75.14345835,77.9265494,80.70964045000001,83.4927315,86.27582255000002,89.05891360000001,91.84200465,94.6250957,97.40818675,100.19127780000001,102.97436885000002,105.75745990000001,108.54055095000001,111.323642
SF11C46893112282050980,20,,2019-05-18T20:00:00-0700,0.005701,0.005702,0.006344,0.048096,0.009080269641999998,0.010714719432,0.08955541813199999,2.057654162978,0.00476464822,0.0030184392299999994,0.00150472929,0.001222343442,0.021630502787999998,0.009080269641999998,0.010714719432,0.08955541813199999,2.057654162978,0.00476464822,0.0030184392299999994,0.00150472929,0.001222343442,0.021630502787999998,0.0,0.0,0.0,0.0,0.0,0.0,0.0,0.0,0.0,0.0,0.0,0.0,0.0,0.0,0.0,0.0,0.0,0.0,0.996113,3059750.6677613105,7.979349,8.37831645,8.7772839,9.17625135,9.5752188,9.97418625,10.3731537,10.77212115,11.171088600000001,11.57005605,11.9690235,12.36799095,12.7669584,13.16592585,13.564893300000001,13.96386075,14.3628282,14.76179565,15.1607631,15.559730550000001,15.958698
SF11C46893112282050980,21,,2019-05-18T21:00:00-0700,0.005701,0.005701,0.006081,0.04519,0.009078677171000001,0.010712840316,0.089539712166,2.057293297639,0.00476381261,0.003017909865,0.0015044653950000001,0.0012221290710000001,0.021626709294000002,0.009078677171000001,0.010712840316,0.089539712166,2.057293297639,0.00476381261,0.003017909865,0.0015044653950000001,0.0012221290710000001,0.021626709294000002,0.0,0.0,0.0,0.0,0.0,0.0,0.0,0.0,0.0,0.0,0.0,0.0,0.0,0.0,0.0,0.0,0.0,0.0,0.99903,3059750.6677613105,7.979349,8.37831645,8.7772839,9.17625135,9.5752188,9.97418625,10.3731537,10.77212115,11.171088600000001,11.57005605,11.9690235,12.36799095,12.7669584,13.16592585,13.564893300000001,13.96386075,14.3628282,14.76179565,15.1607631,15.559730550000001,15.958698
SF11C46893112282050980,22,,2019-05-18T22:00:00-0700,0.005701,0.005701,0.005723,0.042461,0.009078677171000001,0.010712840316,0.089539712166,2.057293297639,0.00476381261,0.003017909865,0.0015044653950000001,0.0012221290710000001,0.021626709294000002,0.009078677171000001,0.010712840316,0.089539712166,2.057293297639,0.00476381261,0.003017909865,0.0015044653950000001,0.0012221290710000001,0.021626709294000002,0.0,0.0,0.0,0.0,0.0,0.0,0.0,0.0,0.0,0.0,0.0,0.0,0.0,0.0,0.0,0.0,0.0,0.0,0.99903,3059750.6677613105,7.979349,8.37831645,8.7772839,9.17625135,9.5752188,9.97418625,10.3731537,10.77212115,11.171088600000001,11.57005605,11.9690235,12.36799095,12.7669584,13.16592585,13.564893300000001,13.96386075,14.3628282,14.76179565,15.1607631,15.559730550000001,15.958698
SF11C46893112282050980,23,,2019-05-18T23:00:00-0700,0.005701,0.005701,0.005277,0.03989,0.009078677171000001,0.010712840316,0.089539712166,2.057293297639,0.00476381261,0.003017909865,0.0015044653950000001,0.0012221290710000001,0.021626709294000002,0.009078677171000001,0.010712840316,0.089539712166,2.057293297639,0.00476381261,0.003017909865,0.0015044653950000001,0.0012221290710000001,0.021626709294000002,0.0,0.0,0.0,0.0,0.0,0.0,0.0,0.0,0.0,0.0,0.0,0.0,0.0,0.0,0.0,0.0,0.0,0.0,0.99903,3059750.6677613105,7.979349,8.37831645,8.7772839,9.17625135,9.5752188,9.97418625,10.3731537,10.77212115,11.171088600000001,11.57005605,11.9690235,12.36799095,12.7669584,13.16592585,13.564893300000001,13.96386075,14.3628282,14.76179565,15.1607631,15.559730550000001,15.958698
SF11C46893212282050980,0,,2019-05-18T00:00:00-0700,0.005701,0.005701,0.004403,0.000304,0.004822952186,0.005691088181,0.049380919752,0.999404720193,0.002575625993,0.001421367201,0.0008249889270000001,0.000599691205,0.011859227304,0.004168331758,0.004918634667,0.041110760449,0.944574169999,0.002187228557,0.00138562805,0.0006907502630000001,0.000561120925,0.009929568524000001,0.000654620428,0.000772453514,0.008270159303,0.054830550193999995,0.00038839743599999995,3.5739151e-05,0.000134238664,3.857028e-05,0.0019296587799999998,0.0,0.0,0.0,0.0,0.0,0.0,0.0,0.0,0.0,0.96206,1340163.0762715307,3.991666,4.0721114499999995,4.1525568999999996,4.23300235,4.3134478,4.39389325,4.4743387,4.55478415,4.6352296,4.71567505,4.7961205,4.87656595,4.9570114,5.03745685,5.1179023,5.19834775,5.2787932,5.35923865,5.4396841,5.52012955,5.600575
SF11C46893212282050980,1,,2019-05-18T01:00:00-0700,0.005701,0.005701,0.003775,0.000544,0.004729583658000001,0.005580913117,0.048201346724,0.991584237449,0.0025202288570000003,0.001416269725,0.0008058424630000001,0.0005941899250000001,0.011584000024,0.004168331758,0.004918634667,0.041110760449,0.944574169999,0.002187228557,0.00138562805,0.0006907502630000001,0.000561120925,0.009929568524000001,0.0005612519,0.00066227845,0.0070905862750000005,0.04701006745,0.0003330003,3.0641675e-05,0.0001150922,3.3069000000000005e-05,0.0016544315,0.0,0.0,0.0,0.0,0.0,0.0,0.0,0.0,0.0,0.96206,1340163.0762715307,3.991666,4.0920958,4.1925256,4.2929554,4.3933852,4.493815,4.5942448,4.6946746,4.7951044,4.8955342,4.995964,5.0963937999999995,5.1968236,5.297253400000001,5.3976832,5.498113,5.598542800000001,5.6989726,5.7994024,5.8998322000000005,6.000262
SF11C46893212282050980,2,,2019-05-18T02:00:00-0700,0.005701,0.005701,0.003325,0.000737,0.004662679458,0.005501966017,0.047356111274,0.985980388349,0.0024805334570000004,0.001412617075,0.000792122863,0.000590247925,0.011386783024000001,0.004168331758,0.004918634667,0.041110760449,0.944574169999,0.002187228557,0.00138562805,0.0006907502630000001,0.000561120925,0.009929568524000001,0.0004943477,0.00058333135,0.006245350825,0.041406218349999996,0.00029330489999999996,2.6989024999999997e-05,0.00010137259999999999,2.9127e-05,0.0014572144999999998,0.0,0.0,0.0,0.0,0.0,0.0,0.0,0.0,0.0,0.974707,1340163.0762715307,3.991666,4.02708425,4.0625025,4.09792075,4.133339,4.16875725,4.2041755,4.23959375,4.275012,4.31043025,4.3458485,4.38126675,4.416685,4.45210325,4.4875215,4.52293975,4.558358,4.59377625,4.6291945,4.66461275,4.700031
SF11C46893212282050980,3,,2019-05-18T03:00:00-0700,0.005701,0.005701,0.003003,0.000893,0.004614805786000001,0.0054454749810000005,0.046751298352,0.981970522993,0.002452129193,0.001410003401,0.0007823057270000001,0.000587427205,0.011245663304000002,0.004168331758,0.004918634667,0.041110760449,0.944574169999,0.002187228557,0.00138562805,0.0006907502630000001,0.000561120925,0.009929568524000001,0.00044647402800000003,0.000526840314,0.0056405379030000004,0.037396352994,0.000264900636,2.4375350999999996e-05,9.1555464e-05,2.630628e-05,0.00131609478,0.0,0.0,0.0,0.0,0.0,0.0,0.0,0.0,0.0,0.98103,1340163.0762715307,3.991666,4.1912493,4.3908325999999995,4.5904159,4.7899992,4.9895825,5.1891658,5.3887491,5.5883324,5.7879157,5.987499,6.1870823,6.3866656,6.586248899999999,6.7858322,6.9854155,7.1849988,7.384582099999999,7.5841654,7.7837487,7.983332
SF11C46893212282050980,4,,2019-05-18T04:00:00-0700,0.005701,0.005701,0.002771,0.001023,0.004580312954,0.005404773365000001,0.04631553252,0.979081427457,0.0024316640090000004,0.0014081202570000002,0.0007752325110000001,0.000585394885,0.011143986984000001,0.004168331758,0.004918634667,0.041110760449,0.944574169999,0.002187228557,0.00138562805,0.0006907502630000001,0.000561120925,0.009929568524000001,0.000411981196,0.00048613869800000003,0.005204772071,0.034507257458,0.000244435452,2.2492206999999997e-05,8.448224800000001e-05,2.4273960000000002e-05,0.00121441846,0.0,0.0,0.0,0.0,0.0,0.0,0.0,0.0,0.0,0.984824,1340163.0762715307,3.991666,4.1912493,4.3908325999999995,4.5904159,4.7899992,4.9895825,5.1891658,5.3887491,5.5883324,5.7879157,5.987499,6.1870823,6.3866656,6.586248899999999,6.7858322,6.9854155,7.1849988,7.384582099999999,7.5841654,7.7837487,7.983332
SF11C46893212282050980,5,,2019-05-18T05:00:00-0700,0.005701,0.005701,0.002606,0.001133,0.004555781414,0.005375826095,0.046005612855,0.977026682787,0.002417109029,0.0014067809520000002,0.0007702019910000001,0.000583949485,0.011071674084000001,0.004168331758,0.004918634667,0.041110760449,0.944574169999,0.002187228557,0.00138562805,0.0006907502630000001,0.000561120925,0.009929568524000001,0.000387449656,0.000457191428,0.004894852406,0.032452512787999994,0.00022988047199999997,2.1152901999999997e-05,7.9451728e-05,2.282856e-05,0.00114210556,0.0,0.0,0.0,0.0,0.0,0.0,0.0,0.0,0.0,0.987353,1340163.0762715307,3.991666,4.1912493,4.3908325999999995,4.5904159,4.7899992,4.9895825,5.1891658,5.3887491,5.5883324,5.7879157,5.987499,6.1870823,6.3866656,6.586248899999999,6.7858322,6.9854155,7.1849988,7.384582099999999,7.5841654,7.7837487,7.983332
SF11C46893212282050980,6,,2019-05-18T06:00:00-0700,0.005701,0.005701,0.002487,0.001226,0.0045380889700000005,0.005354948973,0.045782095036,0.975544776025,0.002406611801,0.001405815029,0.0007665739190000001,0.0005829070450000001,0.011019521144,0.004168331758,0.004918634667,0.041110760449,0.944574169999,0.002187228557,0.00138562805,0.0006907502630000001,0.000561120925,0.009929568524000001,0.00036975721200000004,0.00043631430600000006,0.004671334587,0.030970606026,0.000219383244,2.0186978999999998e-05,7.5823656e-05,2.1786120000000003e-05,0.00108995262,0.0,0.0,0.0,0.0,0.0,0.0,0.0,0.0,0.0,0.98916,1340163.0762715307,3.991666,4.1912493,4.3908325999999995,4.5904159,4.7899992,4.9895825,5.1891658,5.3887491,5.5883324,5.7879157,5.987499,6.1870823,6.3866656,6.586248899999999,6.7858322,6.9854155,7.1849988,7.384582099999999,7.5841654,7.7837487,7.983332
SF11C46893212282050980,7,,2019-05-18T07:00:00-0700,0.005701,0.005701,0.002402,0.001308,0.00452545151,0.005340036743,0.045622439451,0.974486271195,0.0023991137810000004,0.001405125084,0.000763982439,0.0005821624450000001,0.010982269044000001,0.004168331758,0.004918634667,0.041110760449,0.944574169999,0.002187228557,0.00138562805,0.0006907502630000001,0.000561120925,0.009929568524000001,0.000357119752,0.00042140207600000005,0.004511679002,0.029912101195999997,0.000211885224,1.9497034e-05,7.323217600000001e-05,2.1041520000000003e-05,0.00105270052,0.0,0.0,0.0,0.0,0.0,0.0,0.0,0.0,0.0,0.990515,1340163.0762715307,3.991666,4.1912493,4.3908325999999995,4.5904159,4.7899992,4.9895825,5.1891658,5.3887491,5.5883324,5.7879157,5.987499,6.1870823,6.3866656,6.586248899999999,6.7858322,6.9854155,7.1849988,7.384582099999999,7.5841654,7.7837487,7.983332
SF11C46893212282050980,8,,2019-05-18T08:00:00-0700,0.005701,0.005701,0.002187,0.001368,0.004493486170000001,0.005302317573000001,0.045218604736,0.971808876625,0.0023801482010000004,0.0014033799290000001,0.0007574275190000001,0.000580279045,0.010888043144000001,0.004168331758,0.004918634667,0.041110760449,0.944574169999,0.002187228557,0.00138562805,0.0006907502630000001,0.000561120925,0.009929568524000001,0.000325154412,0.00038368290600000006,0.004107844287,0.027234706626,0.000192919644,1.7751878999999998e-05,6.6677256e-05,1.9158120000000004e-05,0.00095847462,0.0,0.0,0.0,0.0,0.0,0.0,0.0,0.0,0.0,0.991569,1340163.0762715307,3.991666,4.1912493,4.3908325999999995,4.5904159,4.7899992,4.9895825,5.1891658,5.3887491,5.5883324,5.7879157,5.987499,6.1870823,6.3866656,6.586248899999999,6.7858322,6.9854155,7.1849988,7.384582099999999,7.5841654,7.7837487,7.983332
SF11C46893212282050980,9,,2019-05-18T09:00:00-0700,0.005701,0.005701,0.002871,0.001472,0.004595180554,0.005422317165,0.04650336262,0.980326727257,0.002440485209,0.001408931957,0.0007782813110000001,0.000586270885,0.011187812984000001,0.004168331758,0.004918634667,0.041110760449,0.944574169999,0.002187228557,0.00138562805,0.0006907502630000001,0.000561120925,0.009929568524000001,0.000426848796,0.000503682498,0.0053926021709999996,0.035752557257999994,0.000253256652,2.3303906999999998e-05,8.7531048e-05,2.514996e-05,0.0012582444599999998,0.0,0.0,0.0,0.0,0.0,0.0,0.0,0.0,0.0,0.992412,1340163.0762715307,3.991666,4.1912493,4.3908325999999995,4.5904159,4.7899992,4.9895825,5.1891658,5.3887491,5.5883324,5.7879157,5.987499,6.1870823,6.3866656,6.586248899999999,6.7858322,6.9854155,7.1849988,7.384582099999999,7.5841654,7.7837487,7.983332
SF11C46893212282050980,10,,2019-05-18T10:00:00-0700,0.020004,0.020004,0.012417,0.002229,0.016472194524,0.019437204714,0.167574688113,3.469005598962,0.008770003032000002,0.004962760989,0.0028023141480000005,0.00207766662,0.040283321316,0.014626084632,0.017258791068,0.144251824596,3.314376722796,0.007674674628000001,0.0048619722,0.0024237446520000002,0.0019688937,0.034841446896,0.001846109892,0.002178413646,0.023322863516999998,0.154628876166,0.001095328404,0.00010078878899999999,0.000378569496,0.00010877292,0.005441874419999999,0.0,0.0,0.0,0.0,0.0,0.0,0.0,0.0,0.0,0.955567,4702442.058890669,13.988665,13.989379999999999,13.990095,13.99081,13.991525,13.992239999999999,13.992954999999998,13.99367,13.994385,13.995099999999999,13.995815,13.99653,13.997245,13.997959999999999,13.998674999999999,13.99939,14.000105,14.00082,14.001535,14.00225,14.002965
SF11C46893212282050980,11,,2019-05-18T11:00:00-0700,0.040008,0.040008,0.029285,0.0041,0.033606145924,0.039655283966,0.343509693977,6.993439492022,0.017932637676000004,0.009961650745,0.005740330384,0.004194324,0.082517337892,0.029252169264,0.034517582136,0.288503649192,6.628753445592,0.015349349256000002,0.0097239444,0.0048474893040000005,0.0039377874,0.069682893792,0.00435397666,0.00513770183,0.055006044785,0.36468604642999997,0.00258328842,0.00023770634499999997,0.00089284108,0.0002565366,0.012834444099999998,0.0,0.0,0.0,0.0,0.0,0.0,0.0,0.0,0.0,0.86346,9404884.117781337,27.92841,28.6161231,29.3038362,29.9915493,30.6792624,31.3669755,32.0546886,32.7424017,33.4301148,34.117827899999995,34.805541,35.4932541,36.1809672,36.868680299999994,37.5563934,38.2441065,38.9318196,39.61953269999999,40.3072458,40.9949589,41.682672
SF11C46893212282050980,12,,2019-05-18T12:00:00-0700,0.070014,0.070013,0.058436,0.007857,0.05987859579,0.07065680093900001,0.614634572173,12.327856235215,0.032015733973000005,0.017490984662,0.010264581887000001,0.007402928885000001,0.147553483772,0.051190565054,0.060404905971000004,0.504874174937,11.600152844087,0.026860977541000003,0.01701665965,0.008482985119000001,0.006891029525000001,0.12194332241200001,0.008688030736,0.010251894968,0.109760397236,0.727703391128,0.005154756432,0.00047432501199999995,0.001781596768,0.0005118993600000001,0.02561016136,0.0,0.0,0.0,0.0,0.0,0.0,0.0,0.0,0.0,0.725917,16458547.20611734,48.746675,50.74400715,52.74133930000001,54.738671450000005,56.736003600000004,58.73333575,60.7306679,62.728000050000006,64.7253322,66.72266435,68.71999650000001,70.71732865000001,72.7146608,74.71199295,76.7093251,78.70665725,80.70398940000001,82.70132155,84.6986537,86.69598585,88.693318
SF11C46893212282050980,13,,2019-05-18T13:00:00-0700,0.10002,0.100019,0.092637,0.01372,0.08690259061399999,0.10254514257899999,0.8952520815679998,17.725326304006998,0.046544684527,0.025061552478999997,0.014942918953000001,0.010655870194999998,0.214804584376,0.073129692002,0.086293092573,0.7212519118309999,16.571717928281,0.038372989483000004,0.024309617949999997,0.012118602097000001,0.009844370074999999,0.174205492756,0.013772898612,0.016252050006,0.174000169737,1.1536083757259998,0.008171695044,0.000751934529,0.002824316856,0.00081150012,0.04059909162,0.0,0.0,0.0,0.0,0.0,0.0,0.0,0.0,0.0,0.668988,23512210.294453338,69.455828,72.14141045,74.8269929,77.51257534999999,80.1981578,82.88374025,85.5693227,88.25490515,90.9404876,93.62607005000001,96.31165250000001,98.99723495,101.6828174,104.36839985,107.0539823,109.73956475,112.4251472,115.11072965,117.79631210000001,120.48189455,123.167477
SF11C46893212282050980,14,,2019-05-18T14:00:00-0700,0.130026,0.130025,0.130595,0.021801,0.11448516116999999,0.135092604785,1.18292636782,23.169582286285,0.061405047565,0.032662615865,0.019735799435000003,0.013941722824999999,0.2837022278,0.09506881895,0.112181279175,0.937629648725,21.543283012475,0.049885001425000006,0.03160257625,0.015754219075000003,0.012797710625,0.22646766310000002,0.019416342219999997,0.022911325609999998,0.24529671909499998,1.6262992738099997,0.011520046139999999,0.0010600396149999997,0.00398158036,0.0011440121999999999,0.05723456469999999,0.0,0.0,0.0,0.0,0.0,0.0,0.0,0.0,0.0,0.703836,30565873.382789344,90.056441,92.30297585000001,94.5495107,96.79604555,99.0425804,101.28911525000001,103.5356501,105.78218495,108.0287198,110.27525465,112.5217895,114.76832435,117.01485919999999,119.26139404999999,121.5079289,123.75446374999999,126.00099859999999,128.24753345,130.49406829999998,132.74060314999997,134.987138
SF11C46893212282050980,15,,2019-05-18T15:00:00-0700,0.160032,0.160031,0.1708,0.032104,0.142401806698,0.168034276177,1.4748211964190001,28.641820155069002,0.076463622967,0.04028191815,0.024597186453000002,0.017247259174999998,0.35358464144400004,0.117007945898,0.138069465777,1.154007385619,26.514848096669002,0.06139701336700001,0.03889553455,0.019389836053,0.015751051175,0.27872983344400004,0.0253938608,0.029964810400000003,0.3208138108,2.1269720584,0.015066609600000001,0.0013863836,0.0052073504000000005,0.0014962080000000002,0.074854808,0.0,0.0,0.0,0.0,0.0,0.0,0.0,0.0,0.0,0.736568,37619536.47112535,110.549083,112.1532242,113.7573654,115.3615066,116.9656478,118.569789,120.1739302,121.7780714,123.3822126,124.9863538,126.590495,128.1946362,129.7987774,131.40291860000002,133.0070598,134.611201,136.2153422,137.81948340000002,139.4236246,141.0277658,142.631907
SF11C46893212282050980,16,,2019-05-18T16:00:00-0700,0.170034,0.170034,0.189309,0.042975,0.152467424256,0.17991171641999998,1.5817197930749998,30.529666742147995,0.08193405984600001,0.042863384852999994,0.026373482333999998,0.01839394329,0.379118860956,0.12432171937199998,0.14669972407799997,1.2261405090659998,28.172202143765997,0.065234734338,0.0413267637,0.020601829542,0.016735596449999997,0.296152298616,0.028145704884000002,0.033211992342,0.355579284009,2.3574645983819997,0.016699325508,0.001536621153,0.005771652792000001,0.00165834684,0.08296656234,0.0,0.0,0.0,0.0,0.0,0.0,0.0,0.0,0.0,0.783801,39970757.50057068,117.356068,118.06094619999999,118.7658244,119.4707026,120.17558079999999,120.880459,121.5853372,122.2902154,122.99509359999999,123.6999718,124.40485,125.10972819999999,125.8146064,126.5194846,127.2243628,127.92924099999999,128.6341192,129.33899739999998,130.0438756,130.7487538,131.453632
SF11C46893212282050980,17,,2019-05-18T17:00:00-0700,0.120024,0.120025,0.137003,0.049477,0.108126296978,0.12758914148900002,1.122851030628,21.592524107469,0.05813374006100001,0.030284129601,0.018719536539,0.013013606905,0.26909335788,0.08775723895,0.103553609175,0.865518158725,19.886426022475,0.04604843142500001,0.02917207625,0.014542589075,0.011813460625000001,0.20905042310000002,0.020369058028000004,0.024035532314000005,0.257332871903,1.706098084994,0.012085308636,0.001112053351,0.004176947464,0.0012001462800000002,0.06004293478,0.0,0.0,0.0,0.0,0.0,0.0,0.0,0.0,0.0,0.868512,28214652.35334401,83.201595,87.36167474999999,91.5217545,95.68183425,99.841914,104.00199375,108.16207349999999,112.32215324999999,116.482233,120.64231275,124.8023925,128.96247225,133.12255199999998,137.28263175,141.44271149999997,145.60279125,149.762871,153.92295074999998,158.0830305,162.24311024999997,166.40319
SF11C46893212282050980,18,,2019-05-18T18:00:00-0700,0.070014,0.070015,0.08058,0.051627,0.06317233945,0.07454342554499999,0.6562420918149999,12.603946794325,0.033969867815,0.017671213609999997,0.010939950484999999,0.007597107174999999,0.15726179666,0.05119202737,0.06040663150499999,0.5048885972349999,11.600484215484999,0.026861744854999998,0.017017145749999997,0.008483227445,0.006891226374999999,0.12194680586,0.01198031208,0.014136794040000001,0.15135349458,1.00346257884,0.00710812296,0.00065406786,0.00245672304,0.0007058808,0.0353149908,0.0,0.0,0.0,0.0,0.0,0.0,0.0,0.0,0.0,0.929029,16458547.20611734,48.746675,51.184008750000004,53.621342500000004,56.058676250000005,58.496010000000005,60.933343750000006,63.3706775,65.80801125,68.245345,70.68267875000001,73.1200125,75.55734625000001,77.99468,80.43201375000001,82.8693475,85.30668125,87.744015,90.18134875000001,92.6186825,95.05601625,97.49335
SF11C46893212282050980,19,,2019-05-18T19:00:00-0700,0.040008,0.040009,0.045668,0.051215,0.03604263599,0.042530347487000006,0.374289110409,7.197622643955,0.019378198529000003,0.010094874605999999,0.006239936451000001,0.004337937505,0.089699093196,0.029252900422000003,0.034518444903,0.288510860341,6.628919131291,0.015349732913000002,0.00972418745,0.004847610467000001,0.003937885825,0.069684635516,0.006789735568,0.008011902584,0.085778250068,0.568703512664,0.004028465616,0.00037068715599999994,0.001392325984,0.00040005168,0.02001445768,0.0,0.0,0.0,0.0,0.0,0.0,0.0,0.0,0.0,0.970023,9404884.117781337,27.92841,29.3248305,30.721251,32.1176715,33.514092,34.910512499999996,36.306933,37.7033535,39.099774,40.4961945,41.892615,43.2890355,44.685456,46.0818765,47.478297,48.8747175,50.271138,51.6675585,53.063979,54.4603995,55.85682
SF11C46893212282050980,20,,2019-05-18T20:00:00-0700,0.005701,0.005702,0.006347,0.048113,0.005112709487999999,0.006033002419999999,0.053039548044999996,1.0237790340039998,0.0027474937779999997,0.0014373896989999999,0.0008843787619999999,0.0006168190699999999,0.012712946468,0.004169062915999999,0.004919497433999999,0.04111797159799999,0.9447398556979999,0.002187612214,0.0013858711,0.0006908714259999999,0.00056121935,0.009931310248,0.000943646572,0.0011135049860000001,0.011921576447000001,0.07903917830599999,0.000559881564,5.1518598999999996e-05,0.000193507336,5.5599720000000004e-05,0.00278163622,0.0,0.0,0.0,0.0,0.0,0.0,0.0,0.0,0.0,0.998236,1340163.0762715307,3.991666,4.1912493,4.3908325999999995,4.5904159,4.7899992,4.9895825,5.1891658,5.3887491,5.5883324,5.7879157,5.987499,6.1870823,6.3866656,6.586248899999999,6.7858322,6.9854155,7.1849988,7.384582099999999,7.5841654,7.7837487,7.983332
SF11C46893212282050980,21,,2019-05-18T21:00:00-0700,0.005701,0.005701,0.006085,0.045207,0.005073025218,0.005986174897000001,0.052540222034,1.020350662829,0.0027239985770000003,0.001435019995,0.0008762697430000001,0.000614425525,0.012596380624000002,0.004168331758,0.004918634667,0.041110760449,0.944574169999,0.002187228557,0.00138562805,0.0006907502630000001,0.000561120925,0.009929568524000001,0.00090469346,0.00106754023,0.011429461585,0.07577649283,0.00053677002,4.9391944999999994e-05,0.00018551948000000002,5.3304600000000005e-05,0.0026668120999999998,0.0,0.0,0.0,0.0,0.0,0.0,0.0,0.0,0.0,0.999562,1340163.0762715307,3.991666,4.1912493,4.3908325999999995,4.5904159,4.7899992,4.9895825,5.1891658,5.3887491,5.5883324,5.7879157,5.987499,6.1870823,6.3866656,6.586248899999999,6.7858322,6.9854155,7.1849988,7.384582099999999,7.5841654,7.7837487,7.983332
SF11C46893212282050980,22,,2019-05-18T22:00:00-0700,0.005701,0.005701,0.005726,0.042477,0.005019650534,0.005923192655,0.051865911975,1.015880036547,0.002692330469,0.001432105992,0.0008653245510000001,0.000611280685,0.012439045284000002,0.004168331758,0.004918634667,0.041110760449,0.944574169999,0.002187228557,0.00138562805,0.0006907502630000001,0.000561120925,0.009929568524000001,0.000851318776,0.001004557988,0.010755151526,0.071305866548,0.000505101912,4.6477942e-05,0.000174574288,5.0159760000000004e-05,0.00250947676,0.0,0.0,0.0,0.0,0.0,0.0,0.0,0.0,0.0,0.999565,1340163.0762715307,3.991666,4.1912493,4.3908325999999995,4.5904159,4.7899992,4.9895825,5.1891658,5.3887491,5.5883324,5.7879157,5.987499,6.1870823,6.3866656,6.586248899999999,6.7858322,6.9854155,7.1849988,7.384582099999999,7.5841654,7.7837487,7.983332
SF11C46893212282050980,23,,2019-05-18T23:00:00-0700,0.005701,0.005701,0.00528,0.039905,0.004953341038000001,0.005844947307000001,0.051028189729,1.010325999439,0.002652987917,0.0014284858100000002,0.0008517269030000001,0.0006073737250000001,0.012243581324,0.004168331758,0.004918634667,0.041110760449,0.944574169999,0.002187228557,0.00138562805,0.0006907502630000001,0.000561120925,0.009929568524000001,0.00078500928,0.00092631264,0.00991742928,0.06575182943999999,0.00046575935999999997,4.285776e-05,0.00016097664,4.62528e-05,0.0023140128,0.0,0.0,0.0,0.0,0.0,0.0,0.0,0.0,0.0,0.999567,1340163.0762715307,3.991666,4.1912493,4.3908325999999995,4.5904159,4.7899992,4.9895825,5.1891658,5.3887491,5.5883324,5.7879157,5.987499,6.1870823,6.3866656,6.586248899999999,6.7858322,6.9854155,7.1849988,7.384582099999999,7.5841654,7.7837487,7.983332
SF11C46893312282050980,0,,2019-05-18T00:00:00-0700,0.005701,0.005701,0.004403,0.000304,0.009531808210000001,0.011247531808000002,0.096906692964,2.010574222982,0.005073315555,0.002877970007,0.001620708593,0.001203962263,0.023297665705,0.008485932799000001,0.010013401729000001,0.083693673025,1.9229728746860002,0.004452783153,0.0028208719030000003,0.001406242866,0.001142337875,0.020214702717000002,0.001045875411,0.001234130079,0.013213019939,0.08760134829599998,0.0006205324019999999,5.7098104e-05,0.000214465727,6.1624388e-05,0.0030829629880000002,0.0,0.0,0.0,0.0,0.0,0.0,0.0,0.0,0.0,0.92412,2904975.1738610426,7.979349,8.2292953,8.4792416,8.7291879,8.9791342,9.2290805,9.4790268,9.728973100000001,9.9789194,10.2288657,10.478812,10.728758299999999,10.9787046,11.2286509,11.4785972,11.7285435,11.9784898,12.2284361,12.478382400000001,12.7283287,12.978275
SF11C46893312282050980,1,,2019-05-18T01:00:00-0700,0.005701,0.005701,0.003775,0.000544,0.009382634974000001,0.011071507804000002,0.0950221196,1.9980796404860002,0.004984809003,0.0028698261030000003,0.001590119341,0.001195172775,0.022857942617000002,0.008485932799000001,0.010013401729000001,0.083693673025,1.9229728746860002,0.004452783153,0.0028208719030000003,0.001406242866,0.001142337875,0.020214702717000002,0.000896702175,0.0010581060750000002,0.011328446575000001,0.0751067658,0.0005320258500000001,4.8954200000000006e-05,0.00018387647500000003,5.28349e-05,0.0026432399000000002,0.0,0.0,0.0,0.0,0.0,0.0,0.0,0.0,0.0,0.92412,2904975.1738610426,7.979349,8.2758104,8.5722718,8.8687332,9.1651946,9.461656,9.7581174,10.0545788,10.3510402,10.6475016,10.943963,11.2404244,11.5368858,11.8333472,12.1298086,12.426269999999999,12.7227314,13.019192799999999,13.3156542,13.6121156,13.908577000000001
SF11C46893312282050980,2,,2019-05-18T02:00:00-0700,0.005701,0.005701,0.003325,0.000737,0.009275743324000002,0.010945375954,0.09367170875,1.989126516086,0.004921388703,0.0028639905030000004,0.001568200291,0.001188874575,0.022542854417,0.008485932799000001,0.010013401729000001,0.083693673025,1.9229728746860002,0.004452783153,0.0028208719030000003,0.001406242866,0.001142337875,0.020214702717000002,0.0007898105249999999,0.000931974225,0.009978035725,0.06615364139999999,0.00046860555,4.31186e-05,0.000161957425,4.65367e-05,0.0023281517,0.0,0.0,0.0,0.0,0.0,0.0,0.0,0.0,0.0,0.949414,2904975.1738610426,7.979349,8.12522835,8.2711077,8.41698705,8.5628664,8.70874575,8.8546251,9.000504450000001,9.1463838,9.29226315,9.4381425,9.584021850000001,9.7299012,9.87578055,10.0216599,10.16753925,10.3134186,10.45929795,10.605177300000001,10.75105665,10.896936
SF11C46893312282050980,3,,2019-05-18T03:00:00-0700,0.005701,0.005701,0.003003,0.000893,0.009199256410000002,0.010855121608000002,0.092705414764,1.9827200581820001,0.004876007955,0.0028598148070000003,0.0015525159930000001,0.001184367863,0.022317391305000003,0.008485932799000001,0.010013401729000001,0.083693673025,1.9229728746860002,0.004452783153,0.0028208719030000003,0.001406242866,0.001142337875,0.020214702717000002,0.000713323611,0.0008417198790000001,0.009011741739,0.05974718349599999,0.00042322480200000003,3.8942904e-05,0.00014627312700000002,4.2029988e-05,0.002102688588,0.0,0.0,0.0,0.0,0.0,0.0,0.0,0.0,0.0,0.96206,2904975.1738610426,7.979349,8.0386081,8.0978672,8.1571263,8.2163854,8.2756445,8.3349036,8.3941627,8.453421800000001,8.5126809,8.57194,8.6311991,8.6904582,8.7497173,8.8089764,8.8682355,8.9274946,8.9867537,9.0460128,9.1052719,9.164531
SF11C46893312282050980,4,,2019-05-18T04:00:00-0700,0.005701,0.005701,0.002771,0.001023,0.009144147826000001,0.010790093632000002,0.092009202948,1.978104225158,0.004843311267,0.0028568062310000003,0.001541215505,0.001181120791,0.022154945833,0.008485932799000001,0.010013401729000001,0.083693673025,1.9229728746860002,0.004452783153,0.0028208719030000003,0.001406242866,0.001142337875,0.020214702717000002,0.000658215027,0.000776691903,0.008315529923,0.055131350472,0.000390528114,3.5934328e-05,0.00013497263900000002,3.8782916e-05,0.001940243116,0.0,0.0,0.0,0.0,0.0,0.0,0.0,0.0,0.0,0.969648,2904975.1738610426,7.979349,7.98103435,7.9827197000000005,7.98440505,7.9860904,7.98777575,7.9894611,7.9911464500000005,7.9928318,7.99451715,7.996202500000001,7.997887850000001,7.9995732,8.001258550000001,8.0029439,8.00462925,8.0063146,8.00799995,8.009685300000001,8.01137065,8.013056
SF11C46893312282050980,5,,2019-05-18T05:00:00-0700,0.005701,0.005701,0.002606,0.001133,0.009104954221000001,0.010743845287,0.091514052303,1.9748214128780002,0.004820057157,0.002854666511,0.0015331785200000001,0.001178811451,0.022039413493000003,0.008485932799000001,0.010013401729000001,0.083693673025,1.9229728746860002,0.004452783153,0.0028208719030000003,0.001406242866,0.001142337875,0.020214702717000002,0.0006190214219999999,0.0007304435579999999,0.007820379278,0.05184853819199999,0.000367274004,3.3794608e-05,0.000126935654,3.6473576e-05,0.001824710776,0.0,0.0,0.0,0.0,0.0,0.0,0.0,0.0,0.0,0.974707,2904975.1738610426,7.979349,8.37831645,8.7772839,9.17625135,9.5752188,9.97418625,10.3731537,10.77212115,11.171088600000001,11.57005605,11.9690235,12.36799095,12.7669584,13.16592585,13.564893300000001,13.96386075,14.3628282,14.76179565,15.1607631,15.559730550000001,15.958698
SF11C46893312282050980,6,,2019-05-18T06:00:00-0700,0.005701,0.005701,0.002487,0.001226,0.009076687318000001,0.010710490420000001,0.091156943656,1.97245380887,0.004803286011,0.0028531233190000004,0.0015273821490000001,0.0011771459269999999,0.021956090169000003,0.008485932799000001,0.010013401729000001,0.083693673025,1.9229728746860002,0.004452783153,0.0028208719030000003,0.001406242866,0.001142337875,0.020214702717000002,0.000590754519,0.0006970886910000001,0.007463270631000001,0.049480934184,0.000350502858,3.2251416000000005e-05,0.00012113928300000001,3.4808052e-05,0.0017413874520000002,0.0,0.0,0.0,0.0,0.0,0.0,0.0,0.0,0.0,0.97832,2904975.1738610426,7.979349,8.37831645,8.7772839,9.17625135,9.5752188,9.97418625,10.3731537,10.77212115,11.171088600000001,11.57005605,11.9690235,12.36799095,12.7669584,13.16592585,13.564893300000001,13.96386075,14.3628282,14.76179565,15.1607631,15.559730550000001,15.958698
SF11C46893312282050980,7,,2019-05-18T07:00:00-0700,0.005701,0.005701,0.002402,0.001308,0.009056496673000002,0.010686665515,0.090901866051,1.9707626631500001,0.004791306621,0.0028520210390000004,0.001523241884,0.001175956267,0.021896573509,0.008485932799000001,0.010013401729000001,0.083693673025,1.9229728746860002,0.004452783153,0.0028208719030000003,0.001406242866,0.001142337875,0.020214702717000002,0.000570563874,0.000673263786,0.007208193026000001,0.047789788464,0.000338523468,3.1149136e-05,0.000116999018,3.3618392e-05,0.0016818707920000001,0.0,0.0,0.0,0.0,0.0,0.0,0.0,0.0,0.0,0.98103,2904975.1738610426,7.979349,8.37831645,8.7772839,9.17625135,9.5752188,9.97418625,10.3731537,10.77212115,11.171088600000001,11.57005605,11.9690235,12.36799095,12.7669584,13.16592585,13.564893300000001,13.96386075,14.3628282,14.76179565,15.1607631,15.559730550000001,15.958698
SF11C46893312282050980,8,,2019-05-18T08:00:00-0700,0.005701,0.005701,0.002187,0.001368,0.009005426218000002,0.010626402520000001,0.090256669756,1.9664850592700003,0.004761005811,0.0028492329190000004,0.0015127694490000001,0.001172947127,0.021746031369000003,0.008485932799000001,0.010013401729000001,0.083693673025,1.9229728746860002,0.004452783153,0.0028208719030000003,0.001406242866,0.001142337875,0.020214702717000002,0.0005194934190000001,0.000613000791,0.006562996731000001,0.043512184584,0.000308222658,2.8361016000000002e-05,0.00010652658300000002,3.0609252e-05,0.0015313286520000002,0.0,0.0,0.0,0.0,0.0,0.0,0.0,0.0,0.0,0.983138,2904975.1738610426,7.979349,8.37831645,8.7772839,9.17625135,9.5752188,9.97418625,10.3731537,10.77212115,11.171088600000001,11.57005605,11.9690235,12.36799095,12.7669584,13.16592585,13.564893300000001,13.96386075,14.3628282,14.76179565,15.1607631,15.559730550000001,15.958698
SF11C46893312282050980,9,,2019-05-18T09:00:00-0700,0.005701,0.005701,0.002871,0.001472,0.009167901526000001,0.010818122932000001,0.092309294248,1.9800938083580002,0.0048574046669999996,0.002858103031,0.001546086405,0.001182520391,0.022224965433000003,0.008485932799000001,0.010013401729000001,0.083693673025,1.9229728746860002,0.004452783153,0.0028208719030000003,0.001406242866,0.001142337875,0.020214702717000002,0.0006819687269999999,0.000804721203,0.008615621223,0.057120933671999996,0.000404621514,3.7231128e-05,0.000139843539,4.0182515999999994e-05,0.002010262716,0.0,0.0,0.0,0.0,0.0,0.0,0.0,0.0,0.0,0.984824,2904975.1738610426,7.979349,8.37831645,8.7772839,9.17625135,9.5752188,9.97418625,10.3731537,10.77212115,11.171088600000001,11.57005605,11.9690235,12.36799095,12.7669584,13.16592585,13.564893300000001,13.96386075,14.3628282,14.76179565,15.1607631,15.559730550000001,15.958698
SF11C46893312282050980,10,,2019-05-18T10:00:00-0700,0.020004,0.020004,0.012417,0.002229,0.032725430925,0.038616003897000005,0.330931558821,6.994485483888001,0.01737416169,0.010059062868,0.005539126317,0.004182089832,0.07962485700000001,0.029775933996000002,0.035135605716,0.2936692221,6.7474389379440005,0.015624184212,0.009898039212,0.004934306664,0.0040083015,0.070930523268,0.002949496929,0.003480398181,0.037262336721,0.24704654594399997,0.001749977478,0.000161023656,0.000604819653,0.000173788332,0.008694333732,0.0,0.0,0.0,0.0,0.0,0.0,0.0,0.0,0.0,0.911133,10193145.654782722,27.92841,28.155108849999998,28.3818077,28.60850655,28.8352054,29.061904249999998,29.2886031,29.51530195,29.7420008,29.968699649999998,30.1953985,30.42209735,30.6487962,30.875495049999998,31.1021939,31.32889275,31.5555916,31.782290449999998,32.008989299999996,32.23568815,32.462387
SF11C46893312282050980,11,,2019-05-18T11:00:00-0700,0.040008,0.040008,0.029285,0.0041,0.06650813903700001,0.078479591937,0.6752201814050001,14.077527316008002,0.035375620614,0.020175846304,0.011295056393,0.008426475860000001,0.162366286396,0.059551867992000004,0.070271211432,0.5873384442,13.494877875888001,0.031248368424,0.019796078424,0.009868613328,0.008016603,0.141861046536,0.006956271044999999,0.008208380505,0.087881737205,0.58264944012,0.00412725219,0.00037976788,0.001426443065,0.00040987285999999996,0.02050523986,0.0,0.0,0.0,0.0,0.0,0.0,0.0,0.0,0.0,0.726919,20386291.309565444,55.661821,57.70883895,59.755856900000005,61.80287485,63.849892800000006,65.89691075,67.9439287,69.99094665,72.03796460000001,74.08498255,76.1320005,78.17901845,80.2260364,82.27305435,84.32007229999999,86.36709025,88.4141082,90.46112615,92.50814410000001,94.55516205,96.60218
SF11C46893312282050980,12,,2019-05-18T12:00:00-0700,0.070014,0.070013,0.058436,0.007857,0.11809499261900001,0.139352065325,1.203188948893,24.77833181707,0.06291948291300001,0.035400440487,0.020116185782,0.014846725131000002,0.289169939077,0.10421428048700002,0.122972863577,1.0278275968250001,23.615698978318,0.054683863689,0.034642642439000004,0.017269826658,0.014028854875000002,0.24825328562100002,0.013880712132000001,0.016379201748,0.17536135206800002,1.162632838752,0.008235619224,0.0007577980480000001,0.002846359124,0.000817870256,0.040916653456000006,0.0,0.0,0.0,0.0,0.0,0.0,0.0,0.0,0.0,0.644382,35676009.79173952,96.899291,99.97960725,103.05992350000001,106.14023975,109.220556,112.30087225,115.38118850000001,118.46150475,121.541821,124.62213725000001,127.7024535,130.78276975,133.863086,136.94340225000002,140.0237185,143.10403475,146.184351,149.26466725,152.3449835,155.42529975000002,158.505616
SF11C46893312282050980,13,,2019-05-18T13:00:00-0700,0.10002,0.100019,0.092637,0.01372,0.17088289655,0.201641774792,1.7463270075559998,35.579947574218,0.091175842965,0.050691017873,0.029183542286999997,0.021337854576999996,0.419513127375,0.148878181481,0.17567627215099998,1.4683314299749999,33.736857385233996,0.078120140007,0.049489701256999995,0.024671286653999997,0.020041307124999998,0.354649070523,0.022004715068999998,0.025965502641,0.277995577581,1.843090188984,0.013055702958,0.001201316616,0.004512255633,0.001296547452,0.064864056852,0.0,0.0,0.0,0.0,0.0,0.0,0.0,0.0,0.0,0.668988,50965728.27391361,137.705628,140.2316966,142.7577652,145.2838338,147.8099024,150.335971,152.8620396,155.3881082,157.9141768,160.4402454,162.966314,165.49238259999998,168.01845120000002,170.5445198,173.0705884,175.596657,178.1227256,180.6487942,183.1748628,185.7009314,188.227
SF11C46893312282050980,14,,2019-05-18T14:00:00-0700,0.130026,0.130025,0.130595,0.021801,0.22456322699,0.26498454506,2.30073949636,46.45631197219,0.119961692055,0.066030316035,0.038433898504999994,0.027881566995,0.552486952045,0.19354208247500002,0.228379680725,1.9088352631249998,43.85801579215,0.101556416325,0.064336760075,0.03207274665,0.026053759375,0.461044855425,0.031021144514999998,0.036604864335,0.391904233235,2.5982961800399997,0.01840527573,0.0016935559599999999,0.006361151854999999,0.0018278076199999998,0.09144209662,0.0,0.0,0.0,0.0,0.0,0.0,0.0,0.0,0.0,0.703836,66255446.75608769,178.085342,179.4933848,180.9014276,182.3094704,183.71751319999998,185.125556,186.5335988,187.9416416,189.3496844,190.7577272,192.16577,193.57381279999998,194.9818556,196.3898984,197.7979412,199.205984,200.6140268,202.0220696,203.43011239999998,204.8381552,206.246198
SF11C46893312282050980,15,,2019-05-18T15:00:00-0700,0.160032,0.160031,0.1708,0.032104,0.278777303069,0.328957133699,2.861895036675,57.377382304666,0.149064219843,0.081398753293,0.047793703846,0.034456728425,0.687034117127,0.23820598346900002,0.281083089299,2.349339096275,53.979174199066,0.124992692643,0.079183818893,0.039474206646,0.032066211625,0.567440640327,0.0405713196,0.0478740444,0.5125559404000001,3.3982081055999998,0.0240715272,0.0022149344,0.008319497200000001,0.0023905168,0.11959347680000001,0.0,0.0,0.0,0.0,0.0,0.0,0.0,0.0,0.0,0.736568,81545165.23826177,218.042891,228.94503555,239.8471801,250.74932465,261.6514692,272.55361375,283.45575829999996,294.35790284999996,305.26004739999996,316.16219194999996,327.06433649999997,337.96648104999997,348.8686256,359.77077015,370.6729147,381.57505925,392.4772038,403.37934835,414.2814929,425.18363745,436.085782
SF11C46893312282050980,16,,2019-05-18T16:00:00-0700,0.170034,0.170034,0.189309,0.042975,0.298063330899,0.351714636123,3.0642882269669998,61.119691032611996,0.15948564040799998,0.086588292414,0.051162658725,0.036720131514,0.7354628523419999,0.253095438966,0.298652648586,2.4961883878499997,57.353230972523995,0.13280556580199998,0.084133333302,0.041941606644,0.03407056275,0.6029094477779999,0.044967891933,0.053061987537000005,0.568099839117,3.766460060088,0.026680074606,0.002454959112,0.009221052081,0.002649568764,0.132553404564,0.0,0.0,0.0,0.0,0.0,0.0,0.0,0.0,0.0,0.783801,86641738.06565313,231.269025,242.83247625,254.3959275,265.95937875,277.52283,289.08628125,300.6497325,312.21318375,323.776635,335.34008625,346.90353749999997,358.46698875,370.03044,381.59389125,393.1573425,404.72079375,416.284245,427.84769625,439.41114749999997,450.97459875,462.53805
SF11C46893312282050980,17,,2019-05-18T17:00:00-0700,0.120024,0.120025,0.137003,0.049477,0.211200374086,0.24921637260400004,2.1731640968640002,43.210759603646,0.11305426712700001,0.061165384979,0.036279365777,0.025967503363,0.521515638013,0.178657092475,0.21081539072500002,1.762030013125,40.48497093215,0.093745886325,0.059388730075,0.029606086650000002,0.024050009375,0.425586685425,0.032543281611,0.038400981879000005,0.41113408373900007,2.7257886714960002,0.019308380802,0.0017766549040000002,0.006673279127000001,0.001917493988,0.09592895258800002,0.0,0.0,0.0,0.0,0.0,0.0,0.0,0.0,0.0,0.868512,61158873.92869633,164.672564,172.9061922,181.1398204,189.3734486,197.6070768,205.84070499999999,214.0743332,222.3079614,230.5415896,238.7752178,247.008846,255.2424742,263.4761024,271.7097306,279.9433588,288.176987,296.4106152,304.6442434,312.8778716,321.1114998,329.345128
SF11C46893312282050980,18,,2019-05-18T18:00:00-0700,0.070014,0.070015,0.08058,0.051627,0.123357988945,0.145562386375,1.269670527415,25.21957972985,0.066041887515,0.035688593484999996,0.021195291209999998,0.015157053305,0.304682170935,0.10421725748499999,0.12297637643499999,1.0278569578749999,23.61637358729,0.05468542579499999,0.034643632045,0.017270319989999998,0.014029255624999999,0.24826037725499997,0.01914073146,0.022586009940000002,0.24181356954000002,1.60320614256,0.01135646172,0.00104496144,0.00392497122,0.00112779768,0.056421793680000006,0.0,0.0,0.0,0.0,0.0,0.0,0.0,0.0,0.0,0.92545,35676009.79173952,96.899291,101.74425555,106.5892201,111.43418465,116.2791492,121.12411375,125.9690783,130.81404285000002,135.6590074,140.50397195,145.3489365,150.19390105000002,155.0388656,159.88383015,164.7287947,169.57375925000002,174.4187238,179.26368835,184.1086529,188.95361745000002,193.798582
SF11C46893312282050980,19,,2019-05-18T19:00:00-0700,0.040008,0.040009,0.045668,0.051215,0.070401196207,0.083073388585,0.724398819609,14.40381803615,0.037685323389000006,0.020388795851,0.012093302606,0.008655972703000002,0.173841143281,0.059553356491000006,0.070272967861,0.587353124725,13.495215180374,0.031249149477000002,0.019796573227,0.009868859994000001,0.008016803375000001,0.141864592353,0.010847839716,0.012800420724,0.137045694884,0.908602855776,0.006436173912000001,0.000592222624,0.0022244426120000002,0.000639169328,0.031976550928,0.0,0.0,0.0,0.0,0.0,0.0,0.0,0.0,0.0,0.9574,20386291.309565444,55.661821,58.444912050000006,61.2280031,64.01109415,66.7941852,69.57727625000001,72.36036730000001,75.14345835,77.9265494,80.70964045000001,83.4927315,86.27582255000002,89.05891360000001,91.84200465,94.6250957,97.40818675,100.19127780000001,102.97436885000002,105.75745990000001,108.54055095000001,111.323642
SF11C46893312282050980,20,,2019-05-18T20:00:00-0700,0.005701,0.005702,0.006347,0.048113,0.009995068637,0.011794177829,0.102755148361,2.0495890248759996,0.005348072303999999,0.002903674602,0.001715645555,0.0012313708619999999,0.024662392546,0.008487421298,0.010015158158,0.08370835354999999,1.9233101791719998,0.004453564205999999,0.002821366706,0.001406489532,0.0011425382499999999,0.020218248533999998,0.0015076473390000001,0.001779019671,0.019046794811000002,0.126278845704,0.0008945080980000001,8.230789600000001e-05,0.000309156023,8.8832612e-05,0.0044441440120000005,0.0,0.0,0.0,0.0,0.0,0.0,0.0,0.0,0.0,0.996113,2904975.1738610426,7.979349,8.37831645,8.7772839,9.17625135,9.5752188,9.97418625,10.3731537,10.77212115,11.171088600000001,11.57005605,11.9690235,12.36799095,12.7669584,13.16592585,13.564893300000001,13.96386075,14.3628282,14.76179565,15.1607631,15.559730550000001,15.958698
SF11C46893312282050980,21,,2019-05-18T21:00:00-0700,0.005701,0.005701,0.006085,0.045207,0.009931345444000001,0.011718984634,0.10195422863,2.0440390124060004,0.0053103665429999995,0.002899782183,0.001702637131,0.001227503535,0.024475395377,0.008485932799000001,0.010013401729000001,0.083693673025,1.9229728746860002,0.004452783153,0.0028208719030000003,0.001406242866,0.001142337875,0.020214702717000002,0.0014454126450000001,0.001705582905,0.018260555605000003,0.12106613772,0.00085758339,7.891028000000001e-05,0.00029639426500000003,8.516566e-05,0.00426069266,0.0,0.0,0.0,0.0,0.0,0.0,0.0,0.0,0.0,0.99903,2904975.1738610426,7.979349,8.37831645,8.7772839,9.17625135,9.5752188,9.97418625,10.3731537,10.77212115,11.171088600000001,11.57005605,11.9690235,12.36799095,12.7669584,13.16592585,13.564893300000001,13.96386075,14.3628282,14.76179565,15.1607631,15.559730550000001,15.958698
SF11C46893312282050980,22,,2019-05-18T22:00:00-0700,0.005701,0.005701,0.005726,0.042477,0.009846069661000002,0.011618359447000001,0.100876900863,2.0368964087180004,0.005259771237,0.0028951266710000004,0.0016851506,0.001222478971,0.024224025013000004,0.008485932799000001,0.010013401729000001,0.083693673025,1.9229728746860002,0.004452783153,0.0028208719030000003,0.001406242866,0.001142337875,0.020214702717000002,0.001360136862,0.0016049577180000001,0.017183227838,0.11392353403199999,0.000806988084,7.4254768e-05,0.000278907734,8.0141096e-05,0.004009322296000001,0.0,0.0,0.0,0.0,0.0,0.0,0.0,0.0,0.0,0.99903,2904975.1738610426,7.979349,8.37831645,8.7772839,9.17625135,9.5752188,9.97418625,10.3731537,10.77212115,11.171088600000001,11.57005605,11.9690235,12.36799095,12.7669584,13.16592585,13.564893300000001,13.96386075,14.3628282,14.76179565,15.1607631,15.559730550000001,15.958698
SF11C46893312282050980,23,,2019-05-18T23:00:00-0700,0.005701,0.005701,0.00528,0.039905,0.009740128159000001,0.011493348769000001,0.099538493665,2.0280228676460004,0.005196914673,0.002889342943,0.0016634263860000002,0.001216236755,0.023911737597,0.008485932799000001,0.010013401729000001,0.083693673025,1.9229728746860002,0.004452783153,0.0028208719030000003,0.001406242866,0.001142337875,0.020214702717000002,0.00125419536,0.00147994704,0.01584482064,0.10504999295999999,0.00074413152,6.847104e-05,0.00025718352,7.389888e-05,0.00369703488,0.0,0.0,0.0,0.0,0.0,0.0,0.0,0.0,0.0,0.99903,2904975.1738610426,7.979349,8.37831645,8.7772839,9.17625135,9.5752188,9.97418625,10.3731537,10.77212115,11.171088600000001,11.57005605,11.9690235,12.36799095,12.7669584,13.16592585,13.564893300000001,13.96386075,14.3628282,14.76179565,15.1607631,15.559730550000001,15.958698
SF11C46893412282050980,0,,2019-05-18T00:00:00-0500,0.005701,0.005701,0.004403,0.000304,0.000206877888,0.00024411682,0.002040376498,0.046880394788000004,0.000108552741,6.877116300000001e-05,3.4280113e-05,2.7849385e-05,0.000492817244,0.000206877888,0.00024411682,0.002040376498,0.046880394788000004,0.000108552741,6.877116300000001e-05,3.4280113e-05,2.7849385e-05,0.000492817244,0.0,0.0,0.0,0.0,0.0,0.0,0.0,0.0,0.0,0.0,0.0,0.0,0.0,0.0,0.0,0.0,0.0,0.0,0.993948,17683.70906125604,0.636985,0.6688342500000001,0.7006835,0.7325327500000001,0.764382,0.7962312500000001,0.8280805,0.85992975,0.8917790000000001,0.92362825,0.9554775,0.98732675,1.019176,1.0510252500000001,1.0828745,1.11472375,1.146573,1.1784222500000001,1.2102715000000002,1.2421207500000002,1.27397
SF11C46893412282050980,1,,2019-05-18T01:00:00-0500,0.005701,0.005701,0.003775,0.000544,0.000206877888,0.00024411682,0.002040376498,0.046880394788000004,0.000108552741,6.877116300000001e-05,3.4280113e-05,2.7849385e-05,0.000492817244,0.000206877888,0.00024411682,0.002040376498,0.046880394788000004,0.000108552741,6.877116300000001e-05,3.4280113e-05,2.7849385e-05,0.000492817244,0.0,0.0,0.0,0.0,0.0,0.0,0.0,0.0,0.0,0.0,0.0,0.0,0.0,0.0,0.0,0.0,0.0,0.0,0.993948,17683.70906125604,0.636985,0.6688342500000001,0.7006835,0.7325327500000001,0.764382,0.7962312500000001,0.8280805,0.85992975,0.8917790000000001,0.92362825,0.9554775,0.98732675,1.019176,1.0510252500000001,1.0828745,1.11472375,1.146573,1.1784222500000001,1.2102715000000002,1.2421207500000002,1.27397
SF11C46893412282050980,2,,2019-05-18T02:00:00-0500,0.005701,0.005701,0.003325,0.000737,0.000206877888,0.00024411682,0.002040376498,0.046880394788000004,0.000108552741,6.877116300000001e-05,3.4280113e-05,2.7849385e-05,0.000492817244,0.000206877888,0.00024411682,0.002040376498,0.046880394788000004,0.000108552741,6.877116300000001e-05,3.4280113e-05,2.7849385e-05,0.000492817244,0.0,0.0,0.0,0.0,0.0,0.0,0.0,0.0,0.0,0.0,0.0,0.0,0.0,0.0,0.0,0.0,0.0,0.0,0.995965,17683.70906125604,0.636985,0.6688342500000001,0.7006835,0.7325327500000001,0.764382,0.7962312500000001,0.8280805,0.85992975,0.8917790000000001,0.92362825,0.9554775,0.98732675,1.019176,1.0510252500000001,1.0828745,1.11472375,1.146573,1.1784222500000001,1.2102715000000002,1.2421207500000002,1.27397
SF11C46893412282050980,3,,2019-05-18T03:00:00-0500,0.005701,0.005701,0.003003,0.000893,0.000206877888,0.00024411682,0.002040376498,0.046880394788000004,0.000108552741,6.877116300000001e-05,3.4280113e-05,2.7849385e-05,0.000492817244,0.000206877888,0.00024411682,0.002040376498,0.046880394788000004,0.000108552741,6.877116300000001e-05,3.4280113e-05,2.7849385e-05,0.000492817244,0.0,0.0,0.0,0.0,0.0,0.0,0.0,0.0,0.0,0.0,0.0,0.0,0.0,0.0,0.0,0.0,0.0,0.0,0.996974,17683.70906125604,0.636985,0.6688342500000001,0.7006835,0.7325327500000001,0.764382,0.7962312500000001,0.8280805,0.85992975,0.8917790000000001,0.92362825,0.9554775,0.98732675,1.019176,1.0510252500000001,1.0828745,1.11472375,1.146573,1.1784222500000001,1.2102715000000002,1.2421207500000002,1.27397
SF11C46893412282050980,4,,2019-05-18T04:00:00-0500,0.005701,0.005701,0.002771,0.001023,0.000206877888,0.00024411682,0.002040376498,0.046880394788000004,0.000108552741,6.877116300000001e-05,3.4280113e-05,2.7849385e-05,0.000492817244,0.000206877888,0.00024411682,0.002040376498,0.046880394788000004,0.000108552741,6.877116300000001e-05,3.4280113e-05,2.7849385e-05,0.000492817244,0.0,0.0,0.0,0.0,0.0,0.0,0.0,0.0,0.0,0.0,0.0,0.0,0.0,0.0,0.0,0.0,0.0,0.0,0.997579,17683.70906125604,0.636985,0.6688342500000001,0.7006835,0.7325327500000001,0.764382,0.7962312500000001,0.8280805,0.85992975,0.8917790000000001,0.92362825,0.9554775,0.98732675,1.019176,1.0510252500000001,1.0828745,1.11472375,1.146573,1.1784222500000001,1.2102715000000002,1.2421207500000002,1.27397
SF11C46893412282050980,5,,2019-05-18T05:00:00-0500,0.005701,0.005701,0.002606,0.001133,0.000206877888,0.00024411682,0.002040376498,0.046880394788000004,0.000108552741,6.877116300000001e-05,3.4280113e-05,2.7849385e-05,0.000492817244,0.000206877888,0.00024411682,0.002040376498,0.046880394788000004,0.000108552741,6.877116300000001e-05,3.4280113e-05,2.7849385e-05,0.000492817244,0.0,0.0,0.0,0.0,0.0,0.0,0.0,0.0,0.0,0.0,0.0,0.0,0.0,0.0,0.0,0.0,0.0,0.0,0.997983,17683.70906125604,0.636985,0.6688342500000001,0.7006835,0.7325327500000001,0.764382,0.7962312500000001,0.8280805,0.85992975,0.8917790000000001,0.92362825,0.9554775,0.98732675,1.019176,1.0510252500000001,1.0828745,1.11472375,1.146573,1.1784222500000001,1.2102715000000002,1.2421207500000002,1.27397
SF11C46893412282050980,6,,2019-05-18T06:00:00-0500,0.005701,0.005701,0.002487,0.001226,0.000206877888,0.00024411682,0.002040376498,0.046880394788000004,0.000108552741,6.877116300000001e-05,3.4280113e-05,2.7849385e-05,0.000492817244,0.000206877888,0.00024411682,0.002040376498,0.046880394788000004,0.000108552741,6.877116300000001e-05,3.4280113e-05,2.7849385e-05,0.000492817244,0.0,0.0,0.0,0.0,0.0,0.0,0.0,0.0,0.0,0.0,0.0,0.0,0.0,0.0,0.0,0.0,0.0,0.0,0.998271,17683.70906125604,0.636985,0.6688342500000001,0.7006835,0.7325327500000001,0.764382,0.7962312500000001,0.8280805,0.85992975,0.8917790000000001,0.92362825,0.9554775,0.98732675,1.019176,1.0510252500000001,1.0828745,1.11472375,1.146573,1.1784222500000001,1.2102715000000002,1.2421207500000002,1.27397
SF11C46893412282050980,7,,2019-05-18T07:00:00-0500,0.005701,0.005701,0.002402,0.001308,0.000206877888,0.00024411682,0.002040376498,0.046880394788000004,0.000108552741,6.877116300000001e-05,3.4280113e-05,2.7849385e-05,0.000492817244,0.000206877888,0.00024411682,0.002040376498,0.046880394788000004,0.000108552741,6.877116300000001e-05,3.4280113e-05,2.7849385e-05,0.000492817244,0.0,0.0,0.0,0.0,0.0,0.0,0.0,0.0,0.0,0.0,0.0,0.0,0.0,0.0,0.0,0.0,0.0,0.0,0.998487,17683.70906125604,0.636985,0.6688342500000001,0.7006835,0.7325327500000001,0.764382,0.7962312500000001,0.8280805,0.85992975,0.8917790000000001,0.92362825,0.9554775,0.98732675,1.019176,1.0510252500000001,1.0828745,1.11472375,1.146573,1.1784222500000001,1.2102715000000002,1.2421207500000002,1.27397
SF11C46893412282050980,8,,2019-05-18T08:00:00-0500,0.005701,0.005701,0.002187,0.001368,0.000206877888,0.00024411682,0.002040376498,0.046880394788000004,0.000108552741,6.877116300000001e-05,3.4280113e-05,2.7849385e-05,0.000492817244,0.000206877888,0.00024411682,0.002040376498,0.046880394788000004,0.000108552741,6.877116300000001e-05,3.4280113e-05,2.7849385e-05,0.000492817244,0.0,0.0,0.0,0.0,0.0,0.0,0.0,0.0,0.0,0.0,0.0,0.0,0.0,0.0,0.0,0.0,0.0,0.0,0.998655,17683.70906125604,0.636985,0.6688342500000001,0.7006835,0.7325327500000001,0.764382,0.7962312500000001,0.8280805,0.85992975,0.8917790000000001,0.92362825,0.9554775,0.98732675,1.019176,1.0510252500000001,1.0828745,1.11472375,1.146573,1.1784222500000001,1.2102715000000002,1.2421207500000002,1.27397
SF11C46893412282050980,9,,2019-05-18T09:00:00-0500,0.005701,0.005701,0.002871,0.001472,0.000206877888,0.00024411682,0.002040376498,0.046880394788000004,0.000108552741,6.877116300000001e-05,3.4280113e-05,2.7849385e-05,0.000492817244,0.000206877888,0.00024411682,0.002040376498,0.046880394788000004,0.000108552741,6.877116300000001e-05,3.4280113e-05,2.7849385e-05,0.000492817244,0.0,0.0,0.0,0.0,0.0,0.0,0.0,0.0,0.0,0.0,0.0,0.0,0.0,0.0,0.0,0.0,0.0,0.0,0.99879,17683.70906125604,0.636985,0.6688342500000001,0.7006835,0.7325327500000001,0.764382,0.7962312500000001,0.8280805,0.85992975,0.8917790000000001,0.92362825,0.9554775,0.98732675,1.019176,1.0510252500000001,1.0828745,1.11472375,1.146573,1.1784222500000001,1.2102715000000002,1.2421207500000002,1.27397
SF11C46893412282050980,10,,2019-05-18T10:00:00-0500,0.020004,0.020004,0.012417,0.002229,0.000725905152,0.00085657128,0.007159391592,0.164496652752,0.000380896164,0.00024130825200000002,0.00012028405200000001,9.771954e-05,0.001729225776,0.000725905152,0.00085657128,0.007159391592,0.164496652752,0.000380896164,0.00024130825200000002,0.00012028405200000001,9.771954e-05,0.001729225776,0.0,0.0,0.0,0.0,0.0,0.0,0.0,0.0,0.0,0.0,0.0,0.0,0.0,0.0,0.0,0.0,0.0,0.0,0.992912,62049.62569046936,2.234644,2.3463762,2.4581084,2.5698406,2.6815727999999996,2.7933049999999997,2.9050371999999998,3.0167694,3.1285016,3.2402337999999995,3.351966,3.4636981999999996,3.5754303999999997,3.6871625999999997,3.7988948,3.910627,4.0223591999999995,4.1340914,4.2458236,4.3575558,4.469288
SF11C46893412282050980,11,,2019-05-18T11:00:00-0500,0.040008,0.040008,0.029285,0.0041,0.001451810304,0.00171314256,0.014318783184,0.328993305504,0.000761792328,0.00048261650400000005,0.00024056810400000002,0.00019543908,0.003458451552,0.001451810304,0.00171314256,0.014318783184,0.328993305504,0.000761792328,0.00048261650400000005,0.00024056810400000002,0.00019543908,0.003458451552,0.0,0.0,0.0,0.0,0.0,0.0,0.0,0.0,0.0,0.0,0.0,0.0,0.0,0.0,0.0,0.0,0.0,0.0,0.97822,124099.25138093872,4.468039,4.6914409500000005,4.9148429,5.13824485,5.3616468,5.58504875,5.8084507,6.03185265,6.255254600000001,6.47865655,6.7020585,6.92546045,7.1488624000000005,7.37226435,7.5956663,7.819068250000001,8.0424702,8.26587215,8.4892741,8.71267605,8.936078
SF11C46893412282050980,12,,2019-05-18T12:00:00-0500,0.070014,0.070014,0.058436,0.007857,0.002540668032,0.00299799948,0.025057870572000002,0.575738284632,0.001333136574,0.0008445788820000002,0.00042099418200000003,0.00034201839,0.006052290216,0.002540668032,0.00299799948,0.025057870572000002,0.575738284632,0.001333136574,0.0008445788820000002,0.00042099418200000003,0.00034201839,0.006052290216,0.0,0.0,0.0,0.0,0.0,0.0,0.0,0.0,0.0,0.0,0.0,0.0,0.0,0.0,0.0,0.0,0.0,0.0,0.95628,217173.68991664276,7.815792,8.2065816,8.5973712,8.9881608,9.3789504,9.76974,10.1605296,10.5513192,10.9421088,11.332898400000001,11.723688,12.1144776,12.5052672,12.8960568,13.2868464,13.677636,14.068425600000001,14.4592152,14.8500048,15.2407944,15.631584
SF11C46893412282050980,13,,2019-05-18T13:00:00-0500,0.10002,0.10002,0.092637,0.01372,0.00362952576,0.0042828564,0.03579695796,0.82248326376,0.0019044808199999998,0.00120654126,0.00060142026,0.0004885976999999999,0.00864612888,0.00362952576,0.0042828564,0.03579695796,0.82248326376,0.0019044808199999998,0.00120654126,0.00060142026,0.0004885976999999999,0.00864612888,0.0,0.0,0.0,0.0,0.0,0.0,0.0,0.0,0.0,0.0,0.0,0.0,0.0,0.0,0.0,0.0,0.0,0.0,0.937108,310248.1284523468,11.160741,11.71877805,12.2768151,12.83485215,13.392889199999999,13.95092625,14.5089633,15.06700035,15.6250374,16.18307445,16.741111500000002,17.299148549999998,17.8571856,18.41522265,18.9732597,19.531296750000003,20.0893338,20.64737085,21.2054079,21.76344495,22.321482000000003
SF11C46893412282050980,14,,2019-05-18T14:00:00-0500,0.130026,0.130026,0.130595,0.021801,0.004718383488,0.00556771332,0.046536045348,1.069228242888,0.002475825066,0.0015685036380000002,0.000781846338,0.00063517701,0.011239967544,0.004718383488,0.00556771332,0.046536045348,1.069228242888,0.002475825066,0.0015685036380000002,0.000781846338,0.00063517701,0.011239967544,0.0,0.0,0.0,0.0,0.0,0.0,0.0,0.0,0.0,0.0,0.0,0.0,0.0,0.0,0.0,0.0,0.0,0.0,0.923869,403322.5669880508,14.502887,15.22803135,15.9531757,16.67832005,17.4034644,18.128608749999998,18.8537531,19.57889745,20.3040418,21.02918615,21.7543305,22.47947485,23.2046192,23.929763549999997,24.654907899999998,25.38005225,26.1051966,26.83034095,27.5554853,28.28062965,29.005774
SF11C46893412282050980,15,,2019-05-18T15:00:00-0500,0.160032,0.160032,0.1708,0.032104,0.005807241216,0.00685257024,0.057275132736,1.315973222016,0.003047169312,0.0019304660160000002,0.0009622724160000001,0.00078175632,0.013833806208,0.005807241216,0.00685257024,0.057275132736,1.315973222016,0.003047169312,0.0019304660160000002,0.0009622724160000001,0.00078175632,0.013833806208,0.0,0.0,0.0,0.0,0.0,0.0,0.0,0.0,0.0,0.0,0.0,0.0,0.0,0.0,0.0,0.0,0.0,0.0,0.914618,496397.00552375487,17.842232,18.7343436,19.6264552,20.5185668,21.4106784,22.302789999999998,23.1949016,24.0870132,24.9791248,25.8712364,26.763348,27.6554596,28.5475712,29.4396828,30.3317944,31.223906,32.1160176,33.0081292,33.9002408,34.7923524,35.684464
SF11C46893412282050980,16,,2019-05-18T16:00:00-0500,0.170034,0.170034,0.189309,0.042975,0.0061701937919999995,0.007280855879999999,0.06085482853199999,1.398221548392,0.0032376173939999997,0.002051120142,0.0010224144419999999,0.0008306160899999999,0.014698419095999999,0.0061701937919999995,0.007280855879999999,0.06085482853199999,1.398221548392,0.0032376173939999997,0.002051120142,0.0010224144419999999,0.0008306160899999999,0.014698419095999999,0.0,0.0,0.0,0.0,0.0,0.0,0.0,0.0,0.0,0.0,0.0,0.0,0.0,0.0,0.0,0.0,0.0,0.0,0.920262,527421.8183689895,18.954726,19.9024623,20.850198600000002,21.7979349,22.7456712,23.6934075,24.641143800000002,25.5888801,26.5366164,27.484352700000002,28.432089,29.3798253,30.327561600000003,31.2752979,32.2230342,33.1707705,34.118506800000006,35.0662431,36.013979400000004,36.9617157,37.909452
SF11C46893412282050980,17,,2019-05-18T17:00:00-0500,0.120024,0.120024,0.137003,0.049477,0.004355430912,0.00513942768,0.042956349552,0.9869799165120001,0.002285376984,0.001447849512,0.000721704312,0.00058631724,0.010375354655999999,0.004355430912,0.00513942768,0.042956349552,0.9869799165120001,0.002285376984,0.001447849512,0.000721704312,0.00058631724,0.010375354655999999,0.0,0.0,0.0,0.0,0.0,0.0,0.0,0.0,0.0,0.0,0.0,0.0,0.0,0.0,0.0,0.0,0.0,0.0,0.957383,372297.7541428162,13.389149,14.05860645,14.7280639,15.39752135,16.0669788,16.73643625,17.4058937,18.07535115,18.7448086,19.414266050000002,20.083723499999998,20.75318095,21.4226384,22.09209585,22.7615533,23.43101075,24.1004682,24.769925649999998,25.4393831,26.10884055,26.778298
SF11C46893412282050980,18,,2019-05-18T18:00:00-0500,0.070014,0.070014,0.08058,0.051627,0.002540668032,0.00299799948,0.025057870572000002,0.575738284632,0.001333136574,0.0008445788820000002,0.00042099418200000003,0.00034201839,0.006052290216,0.002540668032,0.00299799948,0.025057870572000002,0.575738284632,0.001333136574,0.0008445788820000002,0.00042099418200000003,0.00034201839,0.006052290216,0.0,0.0,0.0,0.0,0.0,0.0,0.0,0.0,0.0,0.0,0.0,0.0,0.0,0.0,0.0,0.0,0.0,0.0,0.984929,217173.68991664276,7.815792,8.2065816,8.5973712,8.9881608,9.3789504,9.76974,10.1605296,10.5513192,10.9421088,11.332898400000001,11.723688,12.1144776,12.5052672,12.8960568,13.2868464,13.677636,14.068425600000001,14.4592152,14.8500048,15.2407944,15.631584
SF11C46893412282050980,19,,2019-05-18T19:00:00-0500,0.040008,0.040008,0.045668,0.051215,0.001451810304,0.00171314256,0.014318783184,0.328993305504,0.000761792328,0.00048261650400000005,0.00024056810400000002,0.00019543908,0.003458451552,0.001451810304,0.00171314256,0.014318783184,0.328993305504,0.000761792328,0.00048261650400000005,0.00024056810400000002,0.00019543908,0.003458451552,0.0,0.0,0.0,0.0,0.0,0.0,0.0,0.0,0.0,0.0,0.0,0.0,0.0,0.0,0.0,0.0,0.0,0.0,0.995218,124099.25138093872,4.468039,4.6914409500000005,4.9148429,5.13824485,5.3616468,5.58504875,5.8084507,6.03185265,6.255254600000001,6.47865655,6.7020585,6.92546045,7.1488624000000005,7.37226435,7.5956663,7.819068250000001,8.0424702,8.26587215,8.4892741,8.71267605,8.936078
SF11C46893412282050980,20,,2019-05-18T20:00:00-0500,0.005701,0.005701,0.006347,0.048113,0.000206877888,0.00024411682,0.002040376498,0.046880394788000004,0.000108552741,6.877116300000001e-05,3.4280113e-05,2.7849385e-05,0.000492817244,0.000206877888,0.00024411682,0.002040376498,0.046880394788000004,0.000108552741,6.877116300000001e-05,3.4280113e-05,2.7849385e-05,0.000492817244,0.0,0.0,0.0,0.0,0.0,0.0,0.0,0.0,0.0,0.0,0.0,0.0,0.0,0.0,0.0,0.0,0.0,0.0,0.999719,17683.70906125604,0.636985,0.6688342500000001,0.7006835,0.7325327500000001,0.764382,0.7962312500000001,0.8280805,0.85992975,0.8917790000000001,0.92362825,0.9554775,0.98732675,1.019176,1.0510252500000001,1.0828745,1.11472375,1.146573,1.1784222500000001,1.2102715000000002,1.2421207500000002,1.27397
SF11C46893412282050980,21,,2019-05-18T21:00:00-0500,0.005701,0.005701,0.006085,0.045207,0.000206877888,0.00024411682,0.002040376498,0.046880394788000004,0.000108552741,6.877116300000001e-05,3.4280113e-05,2.7849385e-05,0.000492817244,0.000206877888,0.00024411682,0.002040376498,0.046880394788000004,0.000108552741,6.877116300000001e-05,3.4280113e-05,2.7849385e-05,0.000492817244,0.0,0.0,0.0,0.0,0.0,0.0,0.0,0.0,0.0,0.0,0.0,0.0,0.0,0.0,0.0,0.0,0.0,0.0,0.99993,17683.70906125604,0.636985,0.6688342500000001,0.7006835,0.7325327500000001,0.764382,0.7962312500000001,0.8280805,0.85992975,0.8917790000000001,0.92362825,0.9554775,0.98732675,1.019176,1.0510252500000001,1.0828745,1.11472375,1.146573,1.1784222500000001,1.2102715000000002,1.2421207500000002,1.27397
SF11C46893412282050980,22,,2019-05-18T22:00:00-0500,0.005701,0.005701,0.005726,0.042477,0.000206877888,0.00024411682,0.002040376498,0.046880394788000004,0.000108552741,6.877116300000001e-05,3.4280113e-05,2.7849385e-05,0.000492817244,0.000206877888,0.00024411682,0.002040376498,0.046880394788000004,0.000108552741,6.877116300000001e-05,3.4280113e-05,2.7849385e-05,0.000492817244,0.0,0.0,0.0,0.0,0.0,0.0,0.0,0.0,0.0,0.0,0.0,0.0,0.0,0.0,0.0,0.0,0.0,0.0,0.999931,17683.70906125604,0.636985,0.6688342500000001,0.7006835,0.7325327500000001,0.764382,0.7962312500000001,0.8280805,0.85992975,0.8917790000000001,0.92362825,0.9554775,0.98732675,1.019176,1.0510252500000001,1.0828745,1.11472375,1.146573,1.1784222500000001,1.2102715000000002,1.2421207500000002,1.27397
SF11C46893412282050980,23,,2019-05-18T23:00:00-0500,0.005701,0.005701,0.00528,0.039905,0.000206877888,0.00024411682,0.002040376498,0.046880394788000004,0.000108552741,6.877116300000001e-05,3.4280113e-05,2.7849385e-05,0.000492817244,0.000206877888,0.00024411682,0.002040376498,0.046880394788000004,0.000108552741,6.877116300000001e-05,3.4280113e-05,2.7849385e-05,0.000492817244,0.0,0.0,0.0,0.0,0.0,0.0,0.0,0.0,0.0,0.0,0.0,0.0,0.0,0.0,0.0,0.0,0.0,0.0,0.999931,17683.70906125604,0.636985,0.6688342500000001,0.7006835,0.7325327500000001,0.764382,0.7962312500000001,0.8280805,0.85992975,0.8917790000000001,0.92362825,0.9554775,0.98732675,1.019176,1.0510252500000001,1.0828745,1.11472375,1.146573,1.1784222500000001,1.2102715000000002,1.2421207500000002,1.27397
SF11C46893512282050980,0,,2019-05-18T00:00:00-0400,0.005701,0.005701,0.004401,0.000304,0.027108555812000005,0.031988094972,0.32982661811800007,2.9226759820190003,0.015770779644,0.0027481932230000003,0.005379272989000001,0.0019428382140000001,0.077327042502,0.004564921823,0.0053866069530000005,0.045022148137,1.034443479779,0.002395326459,0.0015174579740000003,0.000756471391,0.0006145107900000001,0.010874292636,0.022543633989000004,0.026601488019000006,0.28480446998100006,1.8882325022400002,0.013375453185,0.001230735249,0.004622801598,0.001328327424,0.066452749866,0.0,0.0,0.0,0.0,0.0,0.0,0.0,0.0,0.0,0.899761,2974299.401904313,10.537616,10.71127555,10.8849351,11.05859465,11.2322542,11.40591375,11.5795733,11.75323285,11.9268924,12.10055195,12.2742115,12.44787105,12.6215306,12.79519015,12.9688497,13.14250925,13.3161688,13.48982835,13.6634879,13.83714745,14.010807
SF11C46893512282050980,1,,2019-05-18T01:00:00-0400,0.005701,0.005701,0.003776,0.000544,0.023907062687000002,0.028210333097000002,0.289380629993,2.654522082019,0.013871289018999998,0.002573412598,0.004722774238999999,0.001754198214,0.06788987625199999,0.004564921823,0.0053866069530000005,0.045022148137,1.034443479779,0.002395326459,0.0015174579740000003,0.000756471391,0.0006145107900000001,0.010874292636,0.019342140864,0.022823726144000002,0.244358481856,1.62007860224,0.011475962559999999,0.001055954624,0.003966302848,0.001139687424,0.057015583615999996,0.0,0.0,0.0,0.0,0.0,0.0,0.0,0.0,0.0,0.899761,2974299.401904313,10.537616,10.73579335,10.9339707,11.13214805,11.3303254,11.52850275,11.7266801,11.92485745,12.1230348,12.32121215,12.519389499999999,12.71756685,12.915744199999999,13.11392155,13.3120989,13.51027625,13.7084536,13.90663095,14.1048083,14.30298565,14.501163
SF11C46893512282050980,2,,2019-05-18T02:00:00-0400,0.005701,0.005701,0.003325,0.000737,0.021596865248,0.025484300128,0.260194804962,2.461022227779,0.012500616584,0.0024472908990000003,0.004249044741,0.0016180755899999999,0.061080017086,0.004564921823,0.0053866069530000005,0.045022148137,1.034443479779,0.002395326459,0.0015174579740000003,0.000756471391,0.0006145107900000001,0.010874292636,0.017031943424999998,0.020097693175,0.215172656825,1.426578748,0.010105290125,0.0009298329249999999,0.0034925733499999996,0.0010035647999999998,0.050205724449999996,0.0,0.0,0.0,0.0,0.0,0.0,0.0,0.0,0.0,0.933174,2974299.401904313,10.537616,10.5640262,10.5904364,10.6168466,10.6432568,10.669667,10.6960772,10.7224874,10.7488976,10.7753078,10.801718000000001,10.8281282,10.854538400000001,10.8809486,10.9073588,10.933769,10.9601792,10.9865894,11.0129996,11.0394098,11.06582
SF11C46893512282050980,3,,2019-05-18T03:00:00-0400,0.005701,0.005701,0.003003,0.000893,0.01994745599,0.02353799721,0.23935703188000002,2.3228693384990002,0.011521999014,0.0023572439210000004,0.003910816585,0.001520888262,0.05621798903399999,0.004564921823,0.0053866069530000005,0.045022148137,1.034443479779,0.002395326459,0.0015174579740000003,0.000756471391,0.0006145107900000001,0.010874292636,0.015382534167,0.018151390257,0.194334883743,1.2884258587200002,0.009126672555,0.0008397859469999999,0.003154345194,0.0009063774719999999,0.045343696398,0.0,0.0,0.0,0.0,0.0,0.0,0.0,0.0,0.0,0.94988,2974299.401904313,10.537616,11.0644968,11.5913776,12.1182584,12.6451392,13.17202,13.6989008,14.225781600000001,14.7526624,15.279543199999999,15.806424,16.3333048,16.8601856,17.387066400000002,17.913947200000003,18.440828,18.9677088,19.4945896,20.0214704,20.5483512,21.075232
SF11C46893512282050980,4,,2019-05-18T04:00:00-0400,0.005701,0.005701,0.002772,0.001023,0.018764184131000002,0.022141736421000004,0.22440819466900003,2.2237596570590004,0.010819947279,0.0022926450020000003,0.003668174647,0.001451166918,0.052730012388,0.004564921823,0.0053866069530000005,0.045022148137,1.034443479779,0.002395326459,0.0015174579740000003,0.000756471391,0.0006145107900000001,0.010874292636,0.014199262308000001,0.016755129468000004,0.17938604653200002,1.18931617728,0.00842462082,0.000775187028,0.002911703256,0.000836656128,0.041855719752000003,0.0,0.0,0.0,0.0,0.0,0.0,0.0,0.0,0.0,0.959904,2974299.401904313,10.537616,11.0644968,11.5913776,12.1182584,12.6451392,13.17202,13.6989008,14.225781600000001,14.7526624,15.279543199999999,15.806424,16.3333048,16.8601856,17.387066400000002,17.913947200000003,18.440828,18.9677088,19.4945896,20.0214704,20.5483512,21.075232
SF11C46893512282050980,5,,2019-05-18T05:00:00-0400,0.005701,0.005701,0.002606,0.001133,0.017913867556999998,0.021138362867,0.213665740223,2.152537981219,0.010315442568999997,0.002246223268,0.0034938085789999996,0.001401064134,0.05022350103199999,0.004564921823,0.0053866069530000005,0.045022148137,1.034443479779,0.002395326459,0.0015174579740000003,0.000756471391,0.0006145107900000001,0.010874292636,0.013348945733999999,0.015751755914,0.168643592086,1.1180945014399999,0.007920116109999998,0.0007287652939999999,0.0027373371879999995,0.0007865533439999999,0.03934920839599999,0.0,0.0,0.0,0.0,0.0,0.0,0.0,0.0,0.0,0.966587,2974299.401904313,10.537616,11.0644968,11.5913776,12.1182584,12.6451392,13.17202,13.6989008,14.225781600000001,14.7526624,15.279543199999999,15.806424,16.3333048,16.8601856,17.387066400000002,17.913947200000003,18.440828,18.9677088,19.4945896,20.0214704,20.5483512,21.075232
SF11C46893512282050980,6,,2019-05-18T06:00:00-0400,0.005701,0.005701,0.002487,0.001226,0.017304303266,0.020419077006,0.20596482408400002,2.101481478659,0.009953779554,0.0022129450370000003,0.0033688112169999998,0.001365147078,0.048426664578,0.004564921823,0.0053866069530000005,0.045022148137,1.034443479779,0.002395326459,0.0015174579740000003,0.000756471391,0.0006145107900000001,0.010874292636,0.012739381443,0.015032470053000001,0.160942675947,1.06703799888,0.007558453095,0.000695487063,0.0026123398259999997,0.000750636288,0.037552371942,0.0,0.0,0.0,0.0,0.0,0.0,0.0,0.0,0.0,0.97136,2974299.401904313,10.537616,11.0644968,11.5913776,12.1182584,12.6451392,13.17202,13.6989008,14.225781600000001,14.7526624,15.279543199999999,15.806424,16.3333048,16.8601856,17.387066400000002,17.913947200000003,18.440828,18.9677088,19.4945896,20.0214704,20.5483512,21.075232
SF11C46893512282050980,7,,2019-05-18T07:00:00-0400,0.005701,0.005701,0.002402,0.001308,0.016868900201,0.019905301391000003,0.20046416969900002,2.0650125482590003,0.009695448829,0.0021891748720000003,0.003279527387,0.0013394920380000001,0.047143209968000005,0.004564921823,0.0053866069530000005,0.045022148137,1.034443479779,0.002395326459,0.0015174579740000003,0.000756471391,0.0006145107900000001,0.010874292636,0.012303978378000001,0.014518694438000001,0.15544202156200002,1.03056906848,0.007300122369999999,0.0006717168979999999,0.002523055996,0.000724981248,0.036268917332,0.0,0.0,0.0,0.0,0.0,0.0,0.0,0.0,0.0,0.97494,2974299.401904313,10.537616,11.0644968,11.5913776,12.1182584,12.6451392,13.17202,13.6989008,14.225781600000001,14.7526624,15.279543199999999,15.806424,16.3333048,16.8601856,17.387066400000002,17.913947200000003,18.440828,18.9677088,19.4945896,20.0214704,20.5483512,21.075232
SF11C46893512282050980,8,,2019-05-18T08:00:00-0400,0.005701,0.005701,0.002187,0.001368,0.015767586566,0.018605751306,0.18655074978400002,1.972767606659,0.009042024054,0.0021290503370000003,0.003053691817,0.001274599878,0.043896824778,0.004564921823,0.0053866069530000005,0.045022148137,1.034443479779,0.002395326459,0.0015174579740000003,0.000756471391,0.0006145107900000001,0.010874292636,0.011202664743000001,0.013219144353000001,0.141528601647,0.9383241268800001,0.006646697595,0.000611592363,0.002297220426,0.000660089088,0.033022532142,0.0,0.0,0.0,0.0,0.0,0.0,0.0,0.0,0.0,0.977725,2974299.401904313,10.537616,11.0644968,11.5913776,12.1182584,12.6451392,13.17202,13.6989008,14.225781600000001,14.7526624,15.279543199999999,15.806424,16.3333048,16.8601856,17.387066400000002,17.913947200000003,18.440828,18.9677088,19.4945896,20.0214704,20.5483512,21.075232
SF11C46893512282050980,9,,2019-05-18T09:00:00-0400,0.005701,0.005701,0.002871,0.001472,0.019271300642,0.022740133902,0.230814839188,2.266235234819,0.011120826593999999,0.002320330253,0.0037721640489999995,0.0014810474939999999,0.054224859522,0.004564921823,0.0053866069530000005,0.045022148137,1.034443479779,0.002395326459,0.0015174579740000003,0.000756471391,0.0006145107900000001,0.010874292636,0.014706378818999999,0.017353526949,0.185792691051,1.23179175504,0.008725500135,0.0008028722789999999,0.0030156926579999995,0.0008665367039999999,0.043350566885999996,0.0,0.0,0.0,0.0,0.0,0.0,0.0,0.0,0.0,0.979952,2974299.401904313,10.537616,11.0644968,11.5913776,12.1182584,12.6451392,13.17202,13.6989008,14.225781600000001,14.7526624,15.279543199999999,15.806424,16.3333048,16.8601856,17.387066400000002,17.913947200000003,18.440828,18.9677088,19.4945896,20.0214704,20.5483512,21.075232
SF11C46893512282050980,10,,2019-05-18T10:00:00-0400,0.020004,0.020004,0.012412,0.002229,0.07959675516,0.09392416804,0.9612012963200001,8.955037308796,0.046127224856,0.008795548084,0.01569189074,0.005902470647999999,0.225570921736,0.016017662892,0.018900839412000003,0.157976328948,3.6297153779160003,0.008404860636000001,0.005324544696,0.002654350764,0.00215623116,0.038156349744,0.063579092268,0.075023328628,0.803224967372,5.3253219308799995,0.03772236422,0.0034710033879999996,0.013037539975999999,0.0037462394879999995,0.18741457199199998,0.0,0.0,0.0,0.0,0.0,0.0,0.0,0.0,0.0,0.882604,10436394.533536902,36.852972,38.6956206,40.5382692,42.3809178,44.2235664,46.066215,47.908863600000004,49.7515122,51.5941608,53.4368094,55.279458000000005,57.1221066,58.9647552,60.8074038,62.6500524,64.492701,66.3353496,68.1779982,70.02064680000001,71.8632954,73.705944
SF11C46893512282050980,11,,2019-05-18T11:00:00-0400,0.040008,0.040008,0.029276,0.0041,0.181998386148,0.214758089468,2.2105074552520003,19.820188478072,0.105784901332,0.018836093515999998,0.036060153376,0.013148661744,0.518364666104,0.032035325784,0.037801678824000005,0.315952657896,7.259430755832001,0.016809721272000002,0.010649089392,0.005308701528,0.00431246232,0.076312699488,0.149963060364,0.176956410644,1.8945547973560002,12.56075772224,0.08897518005999999,0.008187004123999999,0.030751451848,0.008836199424,0.442051966616,0.0,0.0,0.0,0.0,0.0,0.0,0.0,0.0,0.0,0.67521,20872789.067073803,73.366408,74.53299155,75.6995751,76.86615865,78.0327422,79.19932575000001,80.36590930000001,81.53249285000001,82.69907640000001,83.86565995000001,85.0322435,86.19882705,87.3654106,88.53199415,89.6985777,90.86516125,92.03174480000001,93.19832835,94.36491190000001,95.53149545000001,96.698079
SF11C46893512282050980,12,,2019-05-18T12:00:00-0400,0.070014,0.070014,0.058421,0.007857,0.355316907891,0.419273940341,4.333549266919,37.769314209746,0.20696923911100001,0.034973280665,0.070655529232,0.025179668964,1.01567312729,0.056061820122000006,0.06615293794200001,0.552917151318,12.704003822706001,0.029417012226000003,0.018635906436000004,0.009290227674000002,0.0075468090600000004,0.133547224104,0.299255087769,0.353121002399,3.7806321156010005,25.06531038704,0.177552226885,0.016337374228999998,0.061365301558,0.017632859904,0.882125903186,0.0,0.0,0.0,0.0,0.0,0.0,0.0,0.0,0.0,0.644382,36527380.86737916,127.506769,128.51007195,129.5133749,130.51667785,131.5199808,132.52328375,133.5265867,134.52988965,135.5331926,136.53649554999998,137.5397985,138.54310145,139.5464044,140.54970735,141.55301029999998,142.55631325,143.5596162,144.56291915,145.56622209999998,146.56952504999998,147.572828
SF11C46893512282050980,13,,2019-05-18T13:00:00-0400,0.10002,0.10002,0.092619,0.01372,0.554518861251,0.6543322404210001,6.7835888033790015,57.88641059214,0.323510578695,0.052523534211000006,0.110558566182,0.038735792856,1.589279190174,0.08008831445999999,0.09450419706,0.78988164474,18.14857688958,0.04202430318,0.026622723480000002,0.013271753820000001,0.0107811558,0.19078174871999998,0.47443054679100005,0.5598280433610001,5.993707158639001,39.73783370256,0.281486275515,0.025900810731,0.097286812362,0.027954637056,1.3984974414540001,0.0,0.0,0.0,0.0,0.0,0.0,0.0,0.0,0.0,0.668988,52181972.6676845,180.900643,189.94567515,198.9907073,208.03573945,217.0807716,226.12580375,235.17083590000001,244.21586805,253.2609002,262.30593235000003,271.35096450000003,280.39599665000003,289.4410288,298.48606095,307.5310931,316.57612525,325.6211574,334.66618955,343.7112217,352.75625385,361.801286
SF11C46893512282050980,14,,2019-05-18T14:00:00-0400,0.130026,0.130026,0.130575,0.021801,0.7729707524730001,0.912105467103,9.476821977237,79.615862744454,0.45147317550899996,0.071124708699,0.154408998816,0.05342617134,2.2196290462859998,0.104114808798,0.122855456178,1.026846138162,23.593149956454,0.054631594134000004,0.034609540524000004,0.017253279966000002,0.01401550254,0.248016273336,0.668855943675,0.789250010925,8.449975839075,56.022712788,0.396841581375,0.036515168174999994,0.13715571885,0.0394106688,1.97161277295,0.0,0.0,0.0,0.0,0.0,0.0,0.0,0.0,0.0,0.703836,67836564.46798986,233.558323,245.23623915,256.9141553,268.59207145,280.2699876,291.94790375,303.6258199,315.30373605,326.9816522,338.65956835,350.3374845,362.01540065,373.6933168,385.37123295000004,397.0491491,408.72706525,420.4049814,432.08289755,443.76081369999997,455.43872984999996,467.116646
SF11C46893512282050980,15,,2019-05-18T15:00:00-0400,0.160032,0.160032,0.170779,0.032104,1.0029377741669998,1.1834665476969999,12.315531281183,102.309810844288,0.5862678602029999,0.09035453413899999,0.20062072615399995,0.06879505017599999,2.883922501966,0.128141303136,0.15120671529600002,1.263810631584,29.037723023328002,0.06723888508800001,0.042596357568,0.021234806112,0.01724984928,0.305250797952,0.8747964710309999,1.032259832401,11.051720649599,73.27208782096,0.5190289751149999,0.04775817657099999,0.17938592004199996,0.051545200895999996,2.578671704014,0.0,0.0,0.0,0.0,0.0,0.0,0.0,0.0,0.0,0.736568,83491156.26829521,285.48996,299.764458,314.038956,328.313454,342.587952,356.86244999999997,371.13694799999996,385.411446,399.685944,413.960442,428.23494,442.509438,456.783936,471.058434,485.332932,499.60743,513.881928,528.156426,542.430924,556.705422,570.97992
SF11C46893512282050980,16,,2019-05-18T16:00:00-0400,0.170034,0.170034,0.189299,0.042975,1.105813249893,1.304859607283,13.593014965777,112.070604898046,0.6467559967209999,0.098195905967,0.22140127249599997,0.075462946236,3.1826427871579996,0.13615013458199998,0.160657135002,1.342798796058,30.852580712286,0.071441315406,0.045258629916,0.022561981494,0.018327964859999997,0.324328972824,0.969663115311,1.144202472281,12.250216169719,81.21802418576,0.575314681315,0.052937276050999994,0.19883929100199998,0.057134981375999996,2.8583138143339997,0.0,0.0,0.0,0.0,0.0,0.0,0.0,0.0,0.0,0.760826,88709353.53506365,302.640897,317.77294185,332.9049867,348.03703155,363.1690764,378.30112125,393.4331661,408.56521095,423.6972558,438.82930065,453.9613455,469.09339035,484.2254352,499.35748005,514.4895249,529.6215697499999,544.7536146,559.88565945,575.0177043,590.1497491499999,605.281794
SF11C46893512282050980,17,,2019-05-18T17:00:00-0400,0.120024,0.120024,0.137031,0.049477,0.7980320644109999,0.941677816461,9.815624691699,80.570927580936,0.4668917235509999,0.070267850295,0.159863192922,0.05429663150399999,2.2980330239099995,0.096105977352,0.11340503647200001,0.947857973688,21.778292267496,0.050429163816,0.03194726817600001,0.015926104584,0.01293738696,0.228938098464,0.701926087059,0.828272779989,8.867766718011,58.792635313439995,0.4164625597349999,0.038320582118999996,0.14393708833799998,0.041359244543999994,2.0690949254459996,0.0,0.0,0.0,0.0,0.0,0.0,0.0,0.0,0.0,0.831172,62618367.20122141,216.086933,226.89127965,237.6956263,248.49997294999997,259.3043196,270.10866625,280.9130129,291.71735954999997,302.5217062,313.32605285,324.13039949999995,334.93474614999997,345.7390928,356.54343945,367.3477861,378.15213274999996,388.9564794,399.76082605,410.56517269999995,421.36951934999996,432.173866
SF11C46893512282050980,18,,2019-05-18T18:00:00-0400,0.070014,0.070014,0.08061,0.051627,0.468977597412,0.553393553532,5.769478915728,47.289421229106004,0.274405715076,0.041178412326,0.093962810454,0.0318768417,1.3507151783640001,0.056061820122000006,0.06615293794200001,0.552917151318,12.704003822706001,0.029417012226000003,0.018635906436000004,0.009290227674000002,0.0075468090600000004,0.133547224104,0.41291577729,0.48724061559000004,5.216561764410001,34.585417406400005,0.24498870285,0.022542505889999998,0.08467258277999999,0.02433003264,1.21716795426,0.0,0.0,0.0,0.0,0.0,0.0,0.0,0.0,0.0,0.901517,36527380.86737916,127.506769,133.88210745,140.2574459,146.63278435,153.0081228,159.38346125,165.7587997,172.13413815,178.5094766,184.88481505000001,191.2601535,197.63549195000002,204.0108304,210.38616885,216.7615073,223.13684575000002,229.5121842,235.88752265,242.2628611,248.63819955000002,255.013538
SF11C46893512282050980,19,,2019-05-18T19:00:00-0400,0.040008,0.040008,0.045686,0.051215,0.266056789638,0.313947005258,3.272457319462,26.860837276471997,0.155657927182,0.023425133606,0.053297184555999993,0.018101593584,0.7661469031639999,0.032035325784,0.037801678824000005,0.315952657896,7.259430755832001,0.016809721272000002,0.010649089392,0.005308701528,0.00431246232,0.076312699488,0.234021463854,0.276145326434,2.956504661566,19.601406520639998,0.13884820591,0.012776044213999999,0.047988483028,0.013789131263999999,0.6898342036759999,0.0,0.0,0.0,0.0,0.0,0.0,0.0,0.0,0.0,0.943724,20872789.067073803,73.366408,77.0347284,80.7030488,84.3713692,88.0396896,91.70801,95.3763304,99.04465080000001,102.71297120000001,106.38129160000001,110.04961200000001,113.71793240000001,117.38625280000001,121.05457320000001,124.72289360000002,128.39121400000002,132.05953440000002,135.72785480000002,139.39617520000002,143.06449560000001,146.732816
SF11C46893512282050980,20,,2019-05-18T20:00:00-0400,0.005701,0.005701,0.006368,0.048113,0.037184294975000004,0.04387746714500001,0.45711823194500006,3.7666099360990004,0.021748856539,0.003298262806,0.007445405855,0.002536526022,0.107027692124,0.004564921823,0.0053866069530000005,0.045022148137,1.034443479779,0.002395326459,0.0015174579740000003,0.000756471391,0.0006145107900000001,0.010874292636,0.032619373152,0.03849086019200001,0.41209608380800006,2.7321664563200003,0.01935353008,0.001780804832,0.006688934464,0.001922015232,0.096153399488,0.0,0.0,0.0,0.0,0.0,0.0,0.0,0.0,0.0,0.993216,2974299.401904313,10.537616,11.0644968,11.5913776,12.1182584,12.6451392,13.17202,13.6989008,14.225781600000001,14.7526624,15.279543199999999,15.806424,16.3333048,16.8601856,17.387066400000002,17.913947200000003,18.440828,18.9677088,19.4945896,20.0214704,20.5483512,21.075232
SF11C46893512282050980,21,,2019-05-18T21:00:00-0400,0.005701,0.005701,0.006085,0.045207,0.035734658888,0.042166896568000004,0.43880428852200004,3.6451898501790003,0.020888767184000002,0.0032191221390000004,0.0071481432210000004,0.00245110983,0.102754543246,0.004564921823,0.0053866069530000005,0.045022148137,1.034443479779,0.002395326459,0.0015174579740000003,0.000756471391,0.0006145107900000001,0.010874292636,0.031169737065,0.036780289615,0.39378214038500003,2.6107463704000002,0.018493440725,0.0017016641649999999,0.00639167183,0.00183659904,0.09188025061,0.0,0.0,0.0,0.0,0.0,0.0,0.0,0.0,0.0,0.998308,2974299.401904313,10.537616,11.0644968,11.5913776,12.1182584,12.6451392,13.17202,13.6989008,14.225781600000001,14.7526624,15.279543199999999,15.806424,16.3333048,16.8601856,17.387066400000002,17.913947200000003,18.440828,18.9677088,19.4945896,20.0214704,20.5483512,21.075232
SF11C46893512282050980,22,,2019-05-18T22:00:00-0400,0.005701,0.005701,0.005726,0.042477,0.033895721237,0.039996950147000006,0.41557211294300006,3.4911622500190003,0.019797699769,0.003118728148,0.006771050339000001,0.002342755014,0.097333834952,0.004564921823,0.0053866069530000005,0.045022148137,1.034443479779,0.002395326459,0.0015174579740000003,0.000756471391,0.0006145107900000001,0.010874292636,0.029330799414000002,0.034610343194000005,0.37054996480600005,2.45671877024,0.01740237331,0.0016012701739999999,0.006014578948,0.0017282442239999998,0.086459542316,0.0,0.0,0.0,0.0,0.0,0.0,0.0,0.0,0.0,0.998308,2974299.401904313,10.537616,11.0644968,11.5913776,12.1182584,12.6451392,13.17202,13.6989008,14.225781600000001,14.7526624,15.279543199999999,15.806424,16.3333048,16.8601856,17.387066400000002,17.913947200000003,18.440828,18.9677088,19.4945896,20.0214704,20.5483512,21.075232
SF11C46893512282050980,23,,2019-05-18T23:00:00-0400,0.005701,0.005701,0.005281,0.039905,0.031616258132,0.03730718369200001,0.38677456939800003,3.300236673219,0.018445262444,0.002994284343,0.006303623228999999,0.002208443334,0.090614572582,0.004564921823,0.0053866069530000005,0.045022148137,1.034443479779,0.002395326459,0.0015174579740000003,0.000756471391,0.0006145107900000001,0.010874292636,0.027051336309,0.031920576739000006,0.34175242126100003,2.26579319344,0.016049935985,0.001476826369,0.005547151837999999,0.001593932544,0.079740279946,0.0,0.0,0.0,0.0,0.0,0.0,0.0,0.0,0.0,0.998308,2974299.401904313,10.537616,11.0644968,11.5913776,12.1182584,12.6451392,13.17202,13.6989008,14.225781600000001,14.7526624,15.279543199999999,15.806424,16.3333048,16.8601856,17.387066400000002,17.913947200000003,18.440828,18.9677088,19.4945896,20.0214704,20.5483512,21.075232
SF11C46893612282050980,0,,2019-05-18T00:00:00-0400,0.005701,0.005701,0.004403,0.000304,0.0013908238999999999,0.001641176633,0.017405330903999996,0.125033123758,0.0008210977879999999,9.2535097e-05,0.00028285471099999995,8.647474999999998e-05,0.004065982028,5.9774985e-05,7.0538473e-05,0.000589551812,0.013545747030000001,3.1366902e-05,1.9867985e-05,9.908338e-06,8.044111e-06,0.000142393877,0.0013310489149999999,0.0015706381599999999,0.016815779091999997,0.11148737672799999,0.0007897308859999999,7.2667112e-05,0.00027294637299999996,7.843063899999999e-05,0.003923588151,0.0,0.0,0.0,0.0,0.0,0.0,0.0,0.0,0.0,0.978104,82340.8544225798,2.304188,2.4193974,2.5346067999999997,2.6498162,2.7650256,2.880235,2.9954444,3.1106537999999997,3.2258632,3.3410725999999995,3.456282,3.5714913999999998,3.6867007999999997,3.8019102,3.9171195999999995,4.032329,4.1475384,4.2627478,4.377957199999999,4.4931666,4.608376
SF11C46893612282050980,1,,2019-05-18T01:00:00-0400,0.005701,0.005701,0.003775,0.000544,0.00120097636,0.001417156473,0.015006895911999999,0.10913167642999999,0.000708458452,8.2170585e-05,0.000243924363,7.528818599999999e-05,0.0035063605520000004,5.9774985e-05,7.0538473e-05,0.000589551812,0.013545747030000001,3.1366902e-05,1.9867985e-05,9.908338e-06,8.044111e-06,0.000142393877,0.001141201375,0.001346618,0.0144173441,0.09558592939999999,0.00067709155,6.23026e-05,0.000234016025,6.7244075e-05,0.0033639666750000003,0.0,0.0,0.0,0.0,0.0,0.0,0.0,0.0,0.0,0.978104,82340.8544225798,2.304188,2.4193974,2.5346067999999997,2.6498162,2.7650256,2.880235,2.9954444,3.1106537999999997,3.2258632,3.3410725999999995,3.456282,3.5714913999999998,3.6867007999999997,3.8019102,3.9171195999999995,4.032329,4.1475384,4.2627478,4.377957199999999,4.4931666,4.608376
SF11C46893612282050980,2,,2019-05-18T02:00:00-0400,0.005701,0.005701,0.003325,0.000737,0.00106493911,0.001256632473,0.013288272112,0.09773732722999999,0.0006277455519999999,7.4743785e-05,0.00021602841299999998,6.727233599999999e-05,0.0031053579020000003,5.9774985e-05,7.0538473e-05,0.000589551812,0.013545747030000001,3.1366902e-05,1.9867985e-05,9.908338e-06,8.044111e-06,0.000142393877,0.001005164125,0.001186094,0.012698720299999999,0.08419158019999999,0.00059637865,5.48758e-05,0.00020612007499999998,5.922822499999999e-05,0.002962964025,0.0,0.0,0.0,0.0,0.0,0.0,0.0,0.0,0.0,0.985403,82340.8544225798,2.304188,2.4193974,2.5346067999999997,2.6498162,2.7650256,2.880235,2.9954444,3.1106537999999997,3.2258632,3.3410725999999995,3.456282,3.5714913999999998,3.6867007999999997,3.8019102,3.9171195999999995,4.032329,4.1475384,4.2627478,4.377957199999999,4.4931666,4.608376
SF11C46893612282050980,3,,2019-05-18T03:00:00-0400,0.005701,0.005701,0.003003,0.000893,0.0009675969,0.001141768633,0.012058501303999998,0.089584037358,0.000569990988,6.9429497e-05,0.000196067311,6.153655e-05,0.0028184182280000004,5.9774985e-05,7.0538473e-05,0.000589551812,0.013545747030000001,3.1366902e-05,1.9867985e-05,9.908338e-06,8.044111e-06,0.000142393877,0.000907821915,0.0010712301599999998,0.011468949491999999,0.076038290328,0.000538624086,4.9561512e-05,0.000186158973,5.3492438999999996e-05,0.0026760243510000003,0.0,0.0,0.0,0.0,0.0,0.0,0.0,0.0,0.0,0.989052,82340.8544225798,2.304188,2.4193974,2.5346067999999997,2.6498162,2.7650256,2.880235,2.9954444,3.1106537999999997,3.2258632,3.3410725999999995,3.456282,3.5714913999999998,3.6867007999999997,3.8019102,3.9171195999999995,4.032329,4.1475384,4.2627478,4.377957199999999,4.4931666,4.608376
SF11C46893612282050980,4,,2019-05-18T04:00:00-0400,0.005701,0.005701,0.002771,0.001023,0.00089746214,0.001059009593,0.011172455256,0.08370961732599999,0.0005283790039999999,6.5600569e-05,0.00018168539899999998,5.7403934e-05,0.0026116790840000005,5.9774985e-05,7.0538473e-05,0.000589551812,0.013545747030000001,3.1366902e-05,1.9867985e-05,9.908338e-06,8.044111e-06,0.000142393877,0.000837687155,0.00098847112,0.010582903444,0.07016387029599999,0.0004970121019999999,4.5732584000000006e-05,0.000171777061,4.9359823e-05,0.0024692852070000004,0.0,0.0,0.0,0.0,0.0,0.0,0.0,0.0,0.0,0.991242,82340.8544225798,2.304188,2.4193974,2.5346067999999997,2.6498162,2.7650256,2.880235,2.9954444,3.1106537999999997,3.2258632,3.3410725999999995,3.456282,3.5714913999999998,3.6867007999999997,3.8019102,3.9171195999999995,4.032329,4.1475384,4.2627478,4.377957199999999,4.4931666,4.608376
SF11C46893612282050980,5,,2019-05-18T05:00:00-0400,0.005701,0.005701,0.002606,0.001133,0.0008475818149999999,0.0010001507929999999,0.010542293195999999,0.07953168928599999,0.0004987842739999999,6.2877409e-05,0.00017145688399999997,5.446478899999999e-05,0.002464644779,5.9774985e-05,7.0538473e-05,0.000589551812,0.013545747030000001,3.1366902e-05,1.9867985e-05,9.908338e-06,8.044111e-06,0.000142393877,0.0007878068299999999,0.0009296123199999999,0.009952741384,0.06598594225599999,0.00046741737199999995,4.3009424e-05,0.00016154854599999998,4.6420677999999994e-05,0.002322250902,0.0,0.0,0.0,0.0,0.0,0.0,0.0,0.0,0.0,0.992701,82340.8544225798,2.304188,2.4193974,2.5346067999999997,2.6498162,2.7650256,2.880235,2.9954444,3.1106537999999997,3.2258632,3.3410725999999995,3.456282,3.5714913999999998,3.6867007999999997,3.8019102,3.9171195999999995,4.032329,4.1475384,4.2627478,4.377957199999999,4.4931666,4.608376
SF11C46893612282050980,6,,2019-05-18T06:00:00-0400,0.005701,0.005701,0.002487,0.001226,0.00081160752,0.000957701113,0.010087812679999999,0.076518516942,0.00047744019599999996,6.0913433e-05,0.00016407995499999998,5.2345041999999996e-05,0.002358601856,5.9774985e-05,7.0538473e-05,0.000589551812,0.013545747030000001,3.1366902e-05,1.9867985e-05,9.908338e-06,8.044111e-06,0.000142393877,0.0007518325349999999,0.00088716264,0.009498260868,0.062972769912,0.000446073294,4.1045448e-05,0.00015417161699999999,4.4300931e-05,0.002216207979,0.0,0.0,0.0,0.0,0.0,0.0,0.0,0.0,0.0,0.993744,82340.8544225798,2.304188,2.4193974,2.5346067999999997,2.6498162,2.7650256,2.880235,2.9954444,3.1106537999999997,3.2258632,3.3410725999999995,3.456282,3.5714913999999998,3.6867007999999997,3.8019102,3.9171195999999995,4.032329,4.1475384,4.2627478,4.377957199999999,4.4931666,4.608376
SF11C46893612282050980,7,,2019-05-18T07:00:00-0400,0.005701,0.005701,0.002402,0.001308,0.000785911595,0.000927379913,0.00976318374,0.074366250982,0.000462194426,5.9510593e-05,0.00015881072,5.0830936999999996e-05,0.0022828569110000005,5.9774985e-05,7.0538473e-05,0.000589551812,0.013545747030000001,3.1366902e-05,1.9867985e-05,9.908338e-06,8.044111e-06,0.000142393877,0.00072613661,0.00085684144,0.009173631928,0.060820503952,0.000430827524,3.9642608e-05,0.000148902382,4.2786826e-05,0.0021404630340000003,0.0,0.0,0.0,0.0,0.0,0.0,0.0,0.0,0.0,0.994526,82340.8544225798,2.304188,2.4193974,2.5346067999999997,2.6498162,2.7650256,2.880235,2.9954444,3.1106537999999997,3.2258632,3.3410725999999995,3.456282,3.5714913999999998,3.6867007999999997,3.8019102,3.9171195999999995,4.032329,4.1475384,4.2627478,4.377957199999999,4.4931666,4.608376
SF11C46893612282050980,8,,2019-05-18T08:00:00-0400,0.005701,0.005701,0.002187,0.001368,0.0007209160200000001,0.0008506851130000001,0.008942063480000002,0.06892228414200001,0.000423631596,5.5962233e-05,0.00014548265499999999,4.7001141999999994e-05,0.0020912667560000005,5.9774985e-05,7.0538473e-05,0.000589551812,0.013545747030000001,3.1366902e-05,1.9867985e-05,9.908338e-06,8.044111e-06,0.000142393877,0.000661141035,0.00078014664,0.008352511668,0.055376537112,0.000392264694,3.6094248e-05,0.000135574317,3.8957031e-05,0.0019488728790000003,0.0,0.0,0.0,0.0,0.0,0.0,0.0,0.0,0.0,0.995134,82340.8544225798,2.304188,2.4193974,2.5346067999999997,2.6498162,2.7650256,2.880235,2.9954444,3.1106537999999997,3.2258632,3.3410725999999995,3.456282,3.5714913999999998,3.6867007999999997,3.8019102,3.9171195999999995,4.032329,4.1475384,4.2627478,4.377957199999999,4.4931666,4.608376
SF11C46893612282050980,9,,2019-05-18T09:00:00-0400,0.005701,0.005701,0.002871,0.001472,0.00092769264,0.001094681593,0.011554371655999998,0.08624169492599999,0.000546315204,6.7250969e-05,0.00018788449899999996,5.9185234e-05,0.002700790784,5.9774985e-05,7.0538473e-05,0.000589551812,0.013545747030000001,3.1366902e-05,1.9867985e-05,9.908338e-06,8.044111e-06,0.000142393877,0.0008679176549999999,0.0010241431199999999,0.010964819843999999,0.072695947896,0.000514948302,4.7382984e-05,0.00017797616099999997,5.1141122999999993e-05,0.002558396907,0.0,0.0,0.0,0.0,0.0,0.0,0.0,0.0,0.0,0.995621,82340.8544225798,2.304188,2.4193974,2.5346067999999997,2.6498162,2.7650256,2.880235,2.9954444,3.1106537999999997,3.2258632,3.3410725999999995,3.456282,3.5714913999999998,3.6867007999999997,3.8019102,3.9171195999999995,4.032329,4.1475384,4.2627478,4.377957199999999,4.4931666,4.608376
SF11C46893612282050980,10,,2019-05-18T10:00:00-0400,0.020004,0.020004,0.012417,0.002229,0.0039634631249999995,0.0046769017319999995,0.049491213035999994,0.361938179712,0.002337199962,0.000274644108,0.0008045091989999999,0.00024940966499999997,0.011564639697,0.00020974194,0.000247509492,0.002068653648,0.04753010412000001,0.000110062008,6.971394e-05,3.4766952e-05,2.8225644e-05,0.000499639908,0.0037537211849999995,0.00442939224,0.047422559387999996,0.31440807559199996,0.002227137954,0.000204930168,0.0007697422469999999,0.00022118402099999997,0.011064999789,0.0,0.0,0.0,0.0,0.0,0.0,0.0,0.0,0.0,0.974356,288922.3735957352,8.079229,8.48319045,8.8871519,9.29111335,9.6950748,10.09903625,10.5029977,10.906959149999999,11.3109206,11.71488205,12.1188435,12.52280495,12.9267664,13.330727849999999,13.7346893,14.13865075,14.5426122,14.94657365,15.3505351,15.754496549999999,16.158458
SF11C46893612282050980,11,,2019-05-18T11:00:00-0400,0.040008,0.040008,0.029285,0.0041,0.009272485805,0.010941564183999998,0.11598152503599998,0.8365791334,0.0054727401859999995,0.00062274752,0.0018849403389999998,0.000578104993,0.027095641160999998,0.00041948388,0.000495018984,0.004137307296,0.09506020824000001,0.000220124016,0.00013942788,6.9533904e-05,5.6451288e-05,0.000999279816,0.008853001925,0.010446545199999999,0.11184421773999999,0.74151892516,0.005252616169999999,0.00048331964,0.0018154064349999999,0.000521653705,0.026096361345,0.0,0.0,0.0,0.0,0.0,0.0,0.0,0.0,0.0,0.921199,577844.7471914703,16.14214,16.949247,17.756354,18.563461,19.370568000000002,20.177675,20.984782000000003,21.791889,22.598996,23.406103,24.213210000000004,25.020317000000002,25.827424,26.634531000000003,27.441638,28.248745,29.055852,29.862959000000004,30.670066000000002,31.477173,32.28428
SF11C46893612282050980,12,,2019-05-18T12:00:00-0400,0.070014,0.070014,0.058436,0.007857,0.01839959177,0.021711573142,0.230416955272,1.646000230756,0.01086641486,0.0012084265340000001,0.0037441904079999998,0.001139710222,0.053822052690000004,0.00073409679,0.0008662832220000001,0.007240287768000001,0.16635536442,0.00038521702800000003,0.00024399879,0.00012168433200000001,9.8789754e-05,0.0017487396780000001,0.01766549498,0.02084528992,0.223176667504,1.479644866336,0.010481197832,0.0009644277440000001,0.003622506076,0.001040920468,0.052073313012,0.0,0.0,0.0,0.0,0.0,0.0,0.0,0.0,0.0,0.841819,1011228.307585073,28.205981,29.61628005,31.026579100000003,32.43687815,33.847177200000004,35.25747625,36.6677753,38.07807435,39.4883734,40.89867245000001,42.3089715,43.719270550000005,45.1295696,46.53986865,47.9501677,49.36046675,50.77076580000001,52.18106485,53.591363900000005,55.001662950000004,56.411962
SF11C46893612282050980,13,,2019-05-18T13:00:00-0400,0.10002,0.10002,0.092637,0.01372,0.029053337985,0.0342830181,0.3641391637079999,2.5832912469119997,0.017165867634,0.001877450748,0.005916495026999999,0.0017912711009999997,0.085048605069,0.0010487097,0.00123754746,0.01034326824,0.2376505206,0.00055031004,0.0003485697,0.00017383476,0.00014112821999999998,0.00249819954,0.028004628285,0.03304547064,0.35379589546799994,2.345640726312,0.016615557593999998,0.001528881048,0.0057426602669999995,0.0016501428809999998,0.082550405529,0.0,0.0,0.0,0.0,0.0,0.0,0.0,0.0,0.0,0.772453,1444611.8679786758,40.23329,42.2449545,44.25661899999999,46.268283499999995,48.279948,50.2916125,52.303276999999994,54.314941499999996,56.326606,58.33827049999999,60.349934999999995,62.3615995,64.37326399999999,66.3849285,68.396593,70.40825749999999,72.41992199999999,74.4315865,76.44325099999999,78.4549155,80.46658
SF11C46893612282050980,14,,2019-05-18T14:00:00-0400,0.130026,0.130026,0.130595,0.021801,0.040842844084999996,0.04819466009799999,0.5122099712919999,3.6157124185,0.024139183441999997,0.00260848049,0.008321699832999999,0.002509755421,0.119623084017,0.0013633226099999999,0.0016088116980000002,0.013446248712000002,0.30894567678,0.000715403052,0.00045314061,0.000225985188,0.000183466686,0.003247659402,0.039479521474999994,0.04658584839999999,0.4987637225799999,3.3067667417199997,0.023423780389999996,0.00215533988,0.008095714644999998,0.002326288735,0.116375424615,0.0,0.0,0.0,0.0,0.0,0.0,0.0,0.0,0.0,0.724552,1877995.4283722786,52.224179,54.83538795,57.4465969,60.05780585,62.6690148,65.28022375,67.8914327,70.50264165,73.1138506,75.72505955,78.3362685,80.94747745000001,83.5586864,86.16989534999999,88.78110430000001,91.39231325,94.00352219999999,96.61473115,99.2259401,101.83714905,104.448358
SF11C46893612282050980,15,,2019-05-18T15:00:00-0400,0.160032,0.160032,0.1708,0.032104,0.05331162952,0.062907851936,0.668862440384,4.70502937376,0.031515525663999996,0.0033765947200000003,0.010866198416,0.003268265552,0.156199902864,0.00167793552,0.001980075936,0.016549229184,0.38024083296000005,0.000880496064,0.00055771152,0.000278135616,0.000225805152,0.003997119264,0.051633694,0.060927776,0.6523132112,4.3247885408,0.0306350296,0.0028188832000000004,0.0105880628,0.0030424604,0.1522027836,0.0,0.0,0.0,0.0,0.0,0.0,0.0,0.0,0.0,0.736568,2311378.9887658814,64.178757,67.38769485,70.5966327,73.80557055,77.01450840000001,80.22344625000001,83.43238410000001,86.64132195,89.8502598,93.05919765000002,96.2681355,99.47707335000001,102.68601120000001,105.89494905000001,109.1038869,112.31282475,115.52176260000002,118.73070045,121.93963830000001,125.14857615000001,128.357514
SF11C46893612282050980,16,,2019-05-18T16:00:00-0400,0.170034,0.170034,0.189309,0.042975,0.059011863734999996,0.069634137162,0.740585673684,5.197456668804,0.034890367926,0.003716924226,0.012030973311,0.003612079191,0.17294340737100003,0.0017828064899999998,0.002103830682,0.017583556008,0.40400588502,0.000935527068,0.0005925684899999999,0.00029551909199999996,0.00023991797399999998,0.004246939218,0.057229057245,0.06753030648,0.723002117676,4.7934507837839995,0.033954840858,0.003124355736,0.011735454219,0.003372161217,0.16869646815300002,0.0,0.0,0.0,0.0,0.0,0.0,0.0,0.0,0.0,0.783801,2455840.1755637485,68.155566,71.5633443,74.97112259999999,78.37890089999999,81.7866792,85.1944575,88.60223579999999,92.01001409999999,95.4177924,98.82557069999999,102.23334899999999,105.6411273,109.04890559999998,112.45668389999999,115.86446219999999,119.27224049999998,122.68001879999998,126.08779709999999,129.49557539999998,132.90335369999997,136.311132
SF11C46893612282050980,17,,2019-05-18T17:00:00-0400,0.120024,0.120024,0.137003,0.049477,0.042675143555,0.050356767112,0.5356488473800001,3.7542028990480003,0.025233504134000002,0.002679381152,0.008701554685,0.002609788303,0.12508354179900003,0.00125845164,0.001485056952,0.012411921888000001,0.28518062472,0.000660372048,0.00041828364,0.00020860171200000002,0.000169353864,0.002997839448,0.041416691915000005,0.048871710160000005,0.5232369254920001,3.469022274328,0.024573132086000003,0.0022610975120000002,0.008492952973,0.002440434439,0.12208570235100002,0.0,0.0,0.0,0.0,0.0,0.0,0.0,0.0,0.0,0.868512,1733534.241574411,48.231256,50.6428188,53.0543816,55.4659444,57.877507200000004,60.28907,62.7006328,65.1121956,67.5237584,69.9353212,72.346884,74.7584468,77.1700096,79.5815724,81.99313520000001,84.404698,86.81626080000001,89.2278236,91.6393864,94.0509492,96.462512
SF11C46893612282050980,18,,2019-05-18T18:00:00-0400,0.070014,0.070014,0.08058,0.051627,0.025093833689999998,0.029610780822,0.314988522888,2.2067034945,0.014838206988,0.00157389111,0.005116919112,0.001534161294,0.073554947538,0.00073409679,0.0008662832220000001,0.007240287768000001,0.16635536442,0.00038521702800000003,0.00024399879,0.00012168433200000001,9.8789754e-05,0.0017487396780000001,0.024359736899999998,0.0287444976,0.30774823512,2.04034813008,0.014452989959999999,0.00132989232,0.00499523478,0.00143537154,0.07180620786,0.0,0.0,0.0,0.0,0.0,0.0,0.0,0.0,0.0,0.945473,1011228.307585073,28.205981,29.61628005,31.026579100000003,32.43687815,33.847177200000004,35.25747625,36.6677753,38.07807435,39.4883734,40.89867245000001,42.3089715,43.719270550000005,45.1295696,46.53986865,47.9501677,49.36046675,50.77076580000001,52.18106485,53.591363900000005,55.001662950000004,56.411962
SF11C46893612282050980,19,,2019-05-18T19:00:00-0400,0.040008,0.040008,0.045668,0.051215,0.01422514862,0.016785707944,0.178550888848,1.251409406608,0.008411227832,0.000893132552,0.0029005388919999997,0.000869935372,0.04169481097200001,0.00041948388,0.000495018984,0.004137307296,0.09506020824000001,0.000220124016,0.00013942788,6.9533904e-05,5.6451288e-05,0.000999279816,0.01380566474,0.01629068896,0.17441358155199999,1.1563491983679999,0.008191103816,0.000753704672,0.0028310049879999998,0.0008134840839999999,0.040695531156000005,0.0,0.0,0.0,0.0,0.0,0.0,0.0,0.0,0.0,0.982699,577844.7471914703,16.14214,16.949247,17.756354,18.563461,19.370568000000002,20.177675,20.984782000000003,21.791889,22.598996,23.406103,24.213210000000004,25.020317000000002,25.827424,26.634531000000003,27.441638,28.248745,29.055852,29.862959000000004,30.670066000000002,31.477173,32.28428
SF11C46893612282050980,20,,2019-05-18T20:00:00-0400,0.005701,0.005701,0.006347,0.048113,0.00197850482,0.002334640313,0.024829785719999997,0.174256712302,0.001169777516,0.000124618873,0.000403365215,0.00012110322199999999,0.005798313476,5.9774985e-05,7.0538473e-05,0.000589551812,0.013545747030000001,3.1366902e-05,1.9867985e-05,9.908338e-06,8.044111e-06,0.000142393877,0.001918729835,0.00226410184,0.024240233907999998,0.160710965272,0.001138410614,0.00010475088800000001,0.000393456877,0.00011305911099999999,0.005655919599,0.0,0.0,0.0,0.0,0.0,0.0,0.0,0.0,0.0,0.998982,82340.8544225798,2.304188,2.4193974,2.5346067999999997,2.6498162,2.7650256,2.880235,2.9954444,3.1106537999999997,3.2258632,3.3410725999999995,3.456282,3.5714913999999998,3.6867007999999997,3.8019102,3.9171195999999995,4.032329,4.1475384,4.2627478,4.377957199999999,4.4931666,4.608376
SF11C46893612282050980,21,,2019-05-18T21:00:00-0400,0.005701,0.005701,0.006085,0.045207,0.00189930091,0.002241179673,0.023829164751999997,0.16762266899,0.001122784672,0.00012029482500000001,0.000387123573,0.000116436216,0.005564840822,5.9774985e-05,7.0538473e-05,0.000589551812,0.013545747030000001,3.1366902e-05,1.9867985e-05,9.908338e-06,8.044111e-06,0.000142393877,0.001839525925,0.0021706412,0.023239612939999998,0.15407692196,0.00109141777,0.00010042684000000001,0.000377215235,0.000108392105,0.005422446945,0.0,0.0,0.0,0.0,0.0,0.0,0.0,0.0,0.0,0.999747,82340.8544225798,2.304188,2.4193974,2.5346067999999997,2.6498162,2.7650256,2.880235,2.9954444,3.1106537999999997,3.2258632,3.3410725999999995,3.456282,3.5714913999999998,3.6867007999999997,3.8019102,3.9171195999999995,4.032329,4.1475384,4.2627478,4.377957199999999,4.4931666,4.608376
SF11C46893612282050980,22,,2019-05-18T22:00:00-0400,0.005701,0.005701,0.005726,0.042477,0.0017907734150000001,0.002113117193,0.022458084875999998,0.158532510406,0.0010583937139999999,0.00011436988900000001,0.000364868804,0.000110041349,0.005244929819,5.9774985e-05,7.0538473e-05,0.000589551812,0.013545747030000001,3.1366902e-05,1.9867985e-05,9.908338e-06,8.044111e-06,0.000142393877,0.00173099843,0.00204257872,0.021868533064,0.144986763376,0.001027026812,9.450190400000002e-05,0.000354960466,0.000101997238,0.005102535942000001,0.0,0.0,0.0,0.0,0.0,0.0,0.0,0.0,0.0,0.999749,82340.8544225798,2.304188,2.4193974,2.5346067999999997,2.6498162,2.7650256,2.880235,2.9954444,3.1106537999999997,3.2258632,3.3410725999999995,3.456282,3.5714913999999998,3.6867007999999997,3.8019102,3.9171195999999995,4.032329,4.1475384,4.2627478,4.377957199999999,4.4931666,4.608376
SF11C46893612282050980,23,,2019-05-18T23:00:00-0400,0.005701,0.005701,0.00528,0.039905,0.001655945385,0.001954020073,0.020754737731999998,0.14723944431,0.000978398262,0.000107009105,0.000337220818,0.00010209675099999999,0.004847491637,5.9774985e-05,7.0538473e-05,0.000589551812,0.013545747030000001,3.1366902e-05,1.9867985e-05,9.908338e-06,8.044111e-06,0.000142393877,0.0015961704,0.0018834816,0.02016518592,0.13369369728,0.00094703136,8.714112e-05,0.00032731248,9.405263999999999e-05,0.0047050977600000005,0.0,0.0,0.0,0.0,0.0,0.0,0.0,0.0,0.0,0.99975,82340.8544225798,2.304188,2.4193974,2.5346067999999997,2.6498162,2.7650256,2.880235,2.9954444,3.1106537999999997,3.2258632,3.3410725999999995,3.456282,3.5714913999999998,3.6867007999999997,3.8019102,3.9171195999999995,4.032329,4.1475384,4.2627478,4.377957199999999,4.4931666,4.608376
SF11C46893712282050980,0,,2019-05-18T00:00:00-0500,0.005701,0.005701,0.004403,0.000304,0.0010094578289999998,0.0011911622859999999,0.012718093291,0.08634984885699999,0.000598062449,5.8605614e-05,0.000206504647,6.0429216999999994e-05,0.0029685023249999996,1.2587808e-05,1.4856806e-05,0.000124179182,0.0028531224600000004,6.607459000000001e-06,4.184534e-06,2.086566e-06,1.693197e-06,2.9992961000000002e-05,0.0009968700209999999,0.00117630548,0.012593914109,0.083496726397,0.00059145499,5.442108e-05,0.000204418081,5.8736019999999996e-05,0.0029385093639999996,0.0,0.0,0.0,0.0,0.0,0.0,0.0,0.0,0.0,0.927525,63717.13683608017,7.621662,8.0027451,8.3838282,8.7649113,9.1459944,9.5270775,9.908160599999999,10.2892437,10.6703268,11.0514099,11.432493000000001,11.813576099999999,12.1946592,12.5757423,12.9568254,13.337908500000001,13.718991599999999,14.1000747,14.4811578,14.8622409,15.243324000000001
SF11C46893712282050980,1,,2019-05-18T01:00:00-0500,0.005701,0.005701,0.003775,0.000544,0.0008672742330000001,0.001023385806,0.010921823007,0.074440708685,0.000513703209,5.0843534e-05,0.000177348491,5.2051697e-05,0.002549382661,1.2587808e-05,1.4856806e-05,0.000124179182,0.0028531224600000004,6.607459000000001e-06,4.184534e-06,2.086566e-06,1.693197e-06,2.9992961000000002e-05,0.000854686425,0.001008529,0.010797643825,0.071587586225,0.0005070957500000001,4.6659e-05,0.000175261925,5.03585e-05,0.0025193897,0.0,0.0,0.0,0.0,0.0,0.0,0.0,0.0,0.0,0.927525,63717.13683608017,7.621662,8.0027451,8.3838282,8.7649113,9.1459944,9.5270775,9.908160599999999,10.2892437,10.6703268,11.0514099,11.432493000000001,11.813576099999999,12.1946592,12.5757423,12.9568254,13.337908500000001,13.718991599999999,14.1000747,14.4811578,14.8622409,15.243324000000001
SF11C46893712282050980,2,,2019-05-18T02:00:00-0500,0.005701,0.005701,0.003325,0.000737,0.0007653910829999999,0.0009031638059999999,0.009634686657,0.06590708913499999,0.000453254709,4.5281533999999996e-05,0.00015645634100000001,4.6048697e-05,0.0022490580609999997,1.2587808e-05,1.4856806e-05,0.000124179182,0.0028531224600000004,6.607459000000001e-06,4.184534e-06,2.086566e-06,1.693197e-06,2.9992961000000002e-05,0.0007528032749999999,0.000888307,0.009510507474999999,0.06305396667499999,0.00044664724999999997,4.1096999999999996e-05,0.000154369775,4.43555e-05,0.0022190650999999997,0.0,0.0,0.0,0.0,0.0,0.0,0.0,0.0,0.0,0.951683,63717.13683608017,7.621662,8.0027451,8.3838282,8.7649113,9.1459944,9.5270775,9.908160599999999,10.2892437,10.6703268,11.0514099,11.432493000000001,11.813576099999999,12.1946592,12.5757423,12.9568254,13.337908500000001,13.718991599999999,14.1000747,14.4811578,14.8622409,15.243324000000001
SF11C46893712282050980,3,,2019-05-18T03:00:00-0500,0.005701,0.005701,0.003003,0.000893,0.000692488029,0.000817138286,0.008713669091000001,0.059800810257,0.00041000044900000004,4.1301613999999996e-05,0.00014150684700000001,4.1753217e-05,0.002034159125,1.2587808e-05,1.4856806e-05,0.000124179182,0.0028531224600000004,6.607459000000001e-06,4.184534e-06,2.086566e-06,1.693197e-06,2.9992961000000002e-05,0.000679900221,0.00080228148,0.008589489909,0.056947687797,0.00040339299000000003,3.7117079999999996e-05,0.000139420281,4.006002e-05,0.002004166164,0.0,0.0,0.0,0.0,0.0,0.0,0.0,0.0,0.0,0.963763,63717.13683608017,7.621662,8.0027451,8.3838282,8.7649113,9.1459944,9.5270775,9.908160599999999,10.2892437,10.6703268,11.0514099,11.432493000000001,11.813576099999999,12.1946592,12.5757423,12.9568254,13.337908500000001,13.718991599999999,14.1000747,14.4811578,14.8622409,15.243324000000001
SF11C46893712282050980,4,,2019-05-18T04:00:00-0500,0.005701,0.005701,0.002771,0.001023,0.0006399616050000001,0.000755157166,0.008050078795,0.055401255289,0.000378835889,3.8434094e-05,0.00013073578300000003,3.8658337e-05,0.001879325109,1.2587808e-05,1.4856806e-05,0.000124179182,0.0028531224600000004,6.607459000000001e-06,4.184534e-06,2.086566e-06,1.693197e-06,2.9992961000000002e-05,0.000627373797,0.00074030036,0.007925899613,0.052548132829,0.00037222843,3.424956e-05,0.00012864921700000002,3.696514e-05,0.001849332148,0.0,0.0,0.0,0.0,0.0,0.0,0.0,0.0,0.0,0.97101,63717.13683608017,7.621662,8.0027451,8.3838282,8.7649113,9.1459944,9.5270775,9.908160599999999,10.2892437,10.6703268,11.0514099,11.432493000000001,11.813576099999999,12.1946592,12.5757423,12.9568254,13.337908500000001,13.718991599999999,14.1000747,14.4811578,14.8622409,15.243324000000001
SF11C46893712282050980,5,,2019-05-18T05:00:00-0500,0.005701,0.005701,0.002606,0.001133,0.00060260445,0.0007110757659999999,0.0075781288,0.052272261454,0.000356671439,3.6394693999999996e-05,0.00012307532800000001,3.6457236999999995e-05,0.0017692060889999998,1.2587808e-05,1.4856806e-05,0.000124179182,0.0028531224600000004,6.607459000000001e-06,4.184534e-06,2.086566e-06,1.693197e-06,2.9992961000000002e-05,0.000590016642,0.0006962189599999999,0.007453949618,0.049419138993999995,0.00035006398,3.2210159999999996e-05,0.000120988762,3.476404e-05,0.0017392131279999998,0.0,0.0,0.0,0.0,0.0,0.0,0.0,0.0,0.0,0.975842,63717.13683608017,7.621662,8.0027451,8.3838282,8.7649113,9.1459944,9.5270775,9.908160599999999,10.2892437,10.6703268,11.0514099,11.432493000000001,11.813576099999999,12.1946592,12.5757423,12.9568254,13.337908500000001,13.718991599999999,14.1000747,14.4811578,14.8622409,15.243324000000001
SF11C46893712282050980,6,,2019-05-18T06:00:00-0500,0.005701,0.005701,0.002487,0.001226,0.000575662017,0.0006792837260000001,0.007237752743,0.050015593173,0.000340686169,3.4923854e-05,0.000117550515,3.4869777e-05,0.001689786917,1.2587808e-05,1.4856806e-05,0.000124179182,0.0028531224600000004,6.607459000000001e-06,4.184534e-06,2.086566e-06,1.693197e-06,2.9992961000000002e-05,0.000563074209,0.0006644269200000001,0.0071135735610000006,0.047162470713,0.00033407871,3.073932e-05,0.000115463949,3.317658e-05,0.001659793956,0.0,0.0,0.0,0.0,0.0,0.0,0.0,0.0,0.0,0.979293,63717.13683608017,7.621662,8.0027451,8.3838282,8.7649113,9.1459944,9.5270775,9.908160599999999,10.2892437,10.6703268,11.0514099,11.432493000000001,11.813576099999999,12.1946592,12.5757423,12.9568254,13.337908500000001,13.718991599999999,14.1000747,14.4811578,14.8622409,15.243324000000001
SF11C46893712282050980,7,,2019-05-18T07:00:00-0500,0.005701,0.005701,0.002402,0.001308,0.0005564174220000001,0.000656575126,0.006994626988,0.048403687258,0.00032926811900000003,3.3873254e-05,0.00011360422000000001,3.3735877e-05,0.001633058937,1.2587808e-05,1.4856806e-05,0.000124179182,0.0028531224600000004,6.607459000000001e-06,4.184534e-06,2.086566e-06,1.693197e-06,2.9992961000000002e-05,0.000543829614,0.00064171832,0.006870447806,0.045550564797999994,0.00032266066,2.968872e-05,0.00011151765400000001,3.204268e-05,0.001603065976,0.0,0.0,0.0,0.0,0.0,0.0,0.0,0.0,0.0,0.981881,63717.13683608017,7.621662,8.0027451,8.3838282,8.7649113,9.1459944,9.5270775,9.908160599999999,10.2892437,10.6703268,11.0514099,11.432493000000001,11.813576099999999,12.1946592,12.5757423,12.9568254,13.337908500000001,13.718991599999999,14.1000747,14.4811578,14.8622409,15.243324000000001
SF11C46893712282050980,8,,2019-05-18T08:00:00-0500,0.005701,0.005701,0.002187,0.001368,0.000507739917,0.000599135726,0.006379661843,0.044326513473000005,0.000300387169,3.1215854e-05,0.00010362241500000001,3.0867777e-05,0.001489570517,1.2587808e-05,1.4856806e-05,0.000124179182,0.0028531224600000004,6.607459000000001e-06,4.184534e-06,2.086566e-06,1.693197e-06,2.9992961000000002e-05,0.000495152109,0.00058427892,0.006255482661,0.041473391013,0.00029377971,2.703132e-05,0.00010153584900000002,2.9174580000000002e-05,0.001459577556,0.0,0.0,0.0,0.0,0.0,0.0,0.0,0.0,0.0,0.983894,63717.13683608017,7.621662,8.0027451,8.3838282,8.7649113,9.1459944,9.5270775,9.908160599999999,10.2892437,10.6703268,11.0514099,11.432493000000001,11.813576099999999,12.1946592,12.5757423,12.9568254,13.337908500000001,13.718991599999999,14.1000747,14.4811578,14.8622409,15.243324000000001
SF11C46893712282050980,9,,2019-05-18T09:00:00-0500,0.005701,0.005701,0.002871,0.001472,0.000662602305,0.000781873166,0.008336109095,0.057297615189,0.000392268889,3.9670093999999995e-05,0.000135378483,3.9992336999999994e-05,0.0019460639089999999,1.2587808e-05,1.4856806e-05,0.000124179182,0.0028531224600000004,6.607459000000001e-06,4.184534e-06,2.086566e-06,1.693197e-06,2.9992961000000002e-05,0.0006500144969999999,0.00076701636,0.008211929913,0.054444492728999996,0.00038566143,3.5485559999999995e-05,0.000133291917,3.829914e-05,0.0019160709479999999,0.0,0.0,0.0,0.0,0.0,0.0,0.0,0.0,0.0,0.985505,63717.13683608017,7.621662,8.0027451,8.3838282,8.7649113,9.1459944,9.5270775,9.908160599999999,10.2892437,10.6703268,11.0514099,11.432493000000001,11.813576099999999,12.1946592,12.5757423,12.9568254,13.337908500000001,13.718991599999999,14.1000747,14.4811578,14.8622409,15.243324000000001
SF11C46893712282050980,10,,2019-05-18T10:00:00-0500,0.020004,0.020004,0.012417,0.002229,0.002855464551,0.003369456144,0.035952109479,0.245482210623,0.0016911602459999998,0.000168157056,0.000583805523,0.00017158396799999998,0.008392197839999999,4.4168832e-05,5.2130424e-05,0.000435727128,0.010011201840000001,2.3184636000000003e-05,1.4682936e-05,7.321464000000001e-06,5.9411880000000005e-06,0.000105241044,0.002811295719,0.00331732572,0.035516382351,0.23547100878299998,0.0016679756099999999,0.00015347412,0.000576484059,0.00016564277999999997,0.008286956795999998,0.0,0.0,0.0,0.0,0.0,0.0,0.0,0.0,0.0,0.915121,223574.39138202908,26.67947,28.013443499999997,29.347417,30.6813905,32.015364,33.3493375,34.683310999999996,36.0172845,37.351258,38.6852315,40.019205,41.3531785,42.687152,44.0211255,45.355098999999996,46.689072499999995,48.023045999999994,49.35701949999999,50.69099299999999,52.0249665,53.35894
SF11C46893712282050980,11,,2019-05-18T11:00:00-0500,0.040008,0.040008,0.029285,0.0041,0.006718666658999999,0.007928041448,0.084635427611,0.5753714003949999,0.003980223322,0.00039132847199999993,0.001374257623,0.000402544276,0.019754939667999998,8.8337664e-05,0.000104260848,0.000871454256,0.020022403680000002,4.636927200000001e-05,2.9365872e-05,1.4642928000000002e-05,1.1882376000000001e-05,0.000210482088,0.0066303289949999995,0.0078237806,0.083763973355,0.5553489967149999,0.00393385405,0.00036196259999999995,0.001359614695,0.0003906619,0.019544457579999997,0.0,0.0,0.0,0.0,0.0,0.0,0.0,0.0,0.0,0.739172,447148.78276405815,53.180992,55.840041600000006,58.4990912,61.158140800000005,63.8171904,66.47624,69.13528960000001,71.79433920000001,74.4533888,77.1124384,79.771488,82.43053760000001,85.08958720000001,87.74863680000001,90.40768640000002,93.066736,95.72578560000001,98.38483520000001,101.0438848,103.7029344,106.361984
SF11C46893712282050980,12,,2019-05-18T12:00:00-0500,0.070014,0.070014,0.058436,0.007857,0.013384910364,0.015794218244,0.16866971105599998,1.143196077604,0.007930854106000002,0.000773659236,0.0027386332960000004,0.000800330398,0.039367828822,0.000154590912,0.000182456484,0.001525044948,0.035039206440000005,8.114622600000002e-05,5.1390276e-05,2.5625124000000002e-05,2.0794158000000003e-05,0.000368343654,0.013230319452,0.01561176176,0.167144666108,1.108156871164,0.00784970788,0.00072226896,0.0027130081720000004,0.00077953624,0.038999485168,0.0,0.0,0.0,0.0,0.0,0.0,0.0,0.0,0.0,0.644382,782510.3698371018,92.602216,97.2323268,101.86243759999999,106.4925484,111.1226592,115.75277,120.3828808,125.01299159999999,129.6431024,134.2732132,138.903324,143.5334348,148.1635456,152.7936564,157.4237672,162.053878,166.6839888,171.3140996,175.94421039999997,180.57432119999999,185.204432
SF11C46893712282050980,13,,2019-05-18T13:00:00-0500,0.10002,0.10002,0.092637,0.01372,0.021194509418999998,0.02500955304,0.267148524651,1.8067869297629997,0.01255985139,0.001218408,0.004337465319,0.0012654835199999998,0.062351027376,0.00022084415999999997,0.00026065211999999995,0.00217863564,0.0500560092,0.00011592318000000001,7.341467999999999e-05,3.660732e-05,2.970594e-05,0.00052620522,0.020973665258999998,0.02474890092,0.264969889011,1.7567309205629997,0.01244392821,0.00114499332,0.004300857999,0.0012357775799999998,0.061824822156,0.0,0.0,0.0,0.0,0.0,0.0,0.0,0.0,0.0,0.668988,1117871.9569101452,131.629696,138.2111808,144.7926656,151.3741504,157.9556352,164.53712,171.1186048,177.7000896,184.2815744,190.8630592,197.444544,204.0260288,210.6075136,217.1889984,223.7704832,230.351968,236.9334528,243.5149376,250.0964224,256.6779072,263.259392
SF11C46893712282050980,14,,2019-05-18T14:00:00-0500,0.130026,0.130026,0.130595,0.021801,0.029854719572999996,0.035228607956,0.3763734966169999,2.5416240233649994,0.017693526483999997,0.0017095932839999999,0.006110723581,0.0017807550219999999,0.087841602646,0.000287097408,0.000338847756,0.002832226332,0.06507281196,0.000150700134,9.5439084e-05,4.7589516e-05,3.8617722e-05,0.000684066786,0.029567622164999998,0.0348897602,0.37354127028499995,2.4765512114049995,0.01754282635,0.0016141541999999999,0.006063134065,0.0017421372999999998,0.08715753586,0.0,0.0,0.0,0.0,0.0,0.0,0.0,0.0,0.0,0.703836,1453233.543983189,170.267366,178.7807343,187.2941026,195.8074709,204.32083920000002,212.8342075,221.34757580000002,229.8609441,238.3743124,246.8876807,255.401049,263.9144173,272.4277856,280.9411539,289.45452220000004,297.9678905,306.4812588,314.9946271,323.5079954,332.0213637,340.53473199999996
SF11C46893712282050980,15,,2019-05-18T15:00:00-0500,0.160032,0.160032,0.1708,0.032104,0.039023666256,0.046047971392,0.49202556942400005,3.31907232392,0.023129041088000003,0.0022285514880000003,0.007988303312000001,0.002326001504,0.114831798752,0.000353350656,0.000417043392,0.003485817024,0.08008961472000001,0.00018547708800000003,0.000117463488,5.8571712000000007e-05,4.7529504000000004e-05,0.000841928352,0.0386703156,0.045630928,0.4885397524,3.2389827092,0.022943564000000003,0.002111088,0.007929731600000002,0.002278472,0.1139898704,0.0,0.0,0.0,0.0,0.0,0.0,0.0,0.0,0.0,0.736568,1788595.1310562326,208.519119,218.94507495,229.3710309,239.79698685,250.2229428,260.64889875,271.0748547,281.50081064999995,291.92676659999995,302.35272254999995,312.77867849999996,323.20463444999996,333.63059039999996,344.05654634999996,354.48250229999996,364.90845824999997,375.33441419999997,385.76037014999997,396.1863261,406.61228205,417.038238
SF11C46893712282050980,16,,2019-05-18T16:00:00-0500,0.170034,0.170034,0.189309,0.042975,0.043236317834999996,0.051018901044000003,0.545184781215,3.675075178731,0.025626947376,0.002464664196,0.008851281387,0.0025758821579999996,0.127237103766,0.00037543507199999996,0.0004431086039999999,0.003703680588,0.08509521564,0.000197069406,0.00012480495599999998,6.2232444e-05,5.0500097999999996e-05,0.000894548874,0.042860882763,0.05057579244,0.5414811006270001,3.589979963091,0.02542987797,0.00233985924,0.008789048943,0.00252538206,0.126342554892,0.0,0.0,0.0,0.0,0.0,0.0,0.0,0.0,0.0,0.783801,1900382.3267472468,221.184611,232.24384154999998,243.30307209999998,254.36230265,265.4215332,276.48076375,287.5399943,298.59922485,309.6584554,320.71768595,331.77691649999997,342.83614704999997,353.89537759999996,364.95460815,376.01383869999995,387.07306925,398.13229979999994,409.19153035,420.25076089999993,431.30999145,442.3692219999999
SF11C46893712282050980,17,,2019-05-18T17:00:00-0500,0.120024,0.120024,0.137003,0.049477,0.031283451213,0.036914504024000004,0.394484454677,2.658137164837,0.018542720806,0.001781454696,0.006404567065000001,0.001863267148,0.092065604428,0.000265012992,0.000312782544,0.0026143627680000002,0.060067211040000006,0.00013910781600000001,8.8097616e-05,4.3928784e-05,3.5647128e-05,0.0006314462640000001,0.031018438221000002,0.03660172148,0.391870091909,2.5980699537970002,0.018403612990000002,0.00169335708,0.006360638281000001,0.0018276200200000002,0.09143415816400001,0.0,0.0,0.0,0.0,0.0,0.0,0.0,0.0,0.0,0.868512,1341446.3482921743,157.431214,165.30277470000001,173.17433540000002,181.04589610000002,188.91745680000002,196.7890175,204.66057820000003,212.5321389,220.4036996,228.2752603,236.14682100000002,244.01838170000002,251.88994240000002,259.7615031,267.6330638,275.50462450000003,283.3761852,291.24774590000004,299.1193066,306.9908673,314.862428
SF11C46893712282050980,18,,2019-05-18T18:00:00-0500,0.070014,0.070014,0.08058,0.051627,0.018398466972,0.021710209284000002,0.23200826068799998,1.5631260138599998,0.010905457626,0.001047359076,0.003766712784,0.0010957313579999998,0.054146468694,0.000154590912,0.000182456484,0.001525044948,0.035039206440000005,8.114622600000002e-05,5.1390276e-05,2.5625124000000002e-05,2.0794158000000003e-05,0.000368343654,0.01824387606,0.0215277528,0.23048321574,1.5280868074199998,0.0108243114,0.0009959688,0.00374108766,0.0010749371999999998,0.05377812504,0.0,0.0,0.0,0.0,0.0,0.0,0.0,0.0,0.0,0.928795,782510.3698371018,92.602216,97.2323268,101.86243759999999,106.4925484,111.1226592,115.75277,120.3828808,125.01299159999999,129.6431024,134.2732132,138.903324,143.5334348,148.1635456,152.7936564,157.4237672,162.053878,166.6839888,171.3140996,175.94421039999997,180.57432119999999,185.204432
SF11C46893712282050980,19,,2019-05-18T19:00:00-0500,0.040008,0.040008,0.045668,0.051215,0.01042789254,0.012304923728000001,0.13149577165999998,0.8860520428119999,0.006180951712,0.000593822352,0.0021348711639999998,0.0006210934959999999,0.030688757272,8.8337664e-05,0.000104260848,0.000871454256,0.020022403680000002,4.636927200000001e-05,2.9365872e-05,1.4642928000000002e-05,1.1882376000000001e-05,0.000210482088,0.010339554876,0.012200662880000001,0.130624317404,0.8660296391319999,0.00613458244,0.00056445648,0.002120228236,0.00060921112,0.030478275184,0.0,0.0,0.0,0.0,0.0,0.0,0.0,0.0,0.0,0.959311,447148.78276405815,53.180992,55.840041600000006,58.4990912,61.158140800000005,63.8171904,66.47624,69.13528960000001,71.79433920000001,74.4533888,77.1124384,79.771488,82.43053760000001,85.08958720000001,87.74863680000001,90.40768640000002,93.066736,95.72578560000001,98.38483520000001,101.0438848,103.7029344,106.361984
SF11C46893712282050980,20,,2019-05-18T20:00:00-0500,0.005701,0.005701,0.006347,0.048113,0.001449593037,0.001710521326,0.018278522323,0.12321508531299999,0.000859199969,8.263345400000001e-05,0.00029675873500000004,8.6362177e-05,0.004265904597,1.2587808e-05,1.4856806e-05,0.000124179182,0.0028531224600000004,6.607459000000001e-06,4.184534e-06,2.086566e-06,1.693197e-06,2.9992961000000002e-05,0.001437005229,0.00169566452,0.018154343141,0.12036196285299999,0.00085259251,7.844892e-05,0.00029467216900000003,8.466898e-05,0.004235911636,0.0,0.0,0.0,0.0,0.0,0.0,0.0,0.0,0.0,0.996454,63717.13683608017,7.621662,8.0027451,8.3838282,8.7649113,9.1459944,9.5270775,9.908160599999999,10.2892437,10.6703268,11.0514099,11.432493000000001,11.813576099999999,12.1946592,12.5757423,12.9568254,13.337908500000001,13.718991599999999,14.1000747,14.4811578,14.8622409,15.243324000000001
SF11C46893712282050980,21,,2019-05-18T21:00:00-0500,0.005701,0.005701,0.006085,0.045207,0.0013902744029999998,0.001640525406,0.017529122937,0.11824662237499999,0.000824005509,7.939513399999999e-05,0.000284594861,8.2867097e-05,0.004091048940999999,1.2587808e-05,1.4856806e-05,0.000124179182,0.0028531224600000004,6.607459000000001e-06,4.184534e-06,2.086566e-06,1.693197e-06,2.9992961000000002e-05,0.001377686595,0.0016256686,0.017404943755,0.11539349991499999,0.00081739805,7.52106e-05,0.000282508295,8.11739e-05,0.00406105598,0.0,0.0,0.0,0.0,0.0,0.0,0.0,0.0,0.0,0.999115,63717.13683608017,7.621662,8.0027451,8.3838282,8.7649113,9.1459944,9.5270775,9.908160599999999,10.2892437,10.6703268,11.0514099,11.432493000000001,11.813576099999999,12.1946592,12.5757423,12.9568254,13.337908500000001,13.718991599999999,14.1000747,14.4811578,14.8622409,15.243324000000001
SF11C46893712282050980,22,,2019-05-18T22:00:00-0500,0.005701,0.005701,0.005726,0.042477,0.0013089942899999999,0.001544614966,0.01650227416,0.11143869033399999,0.000775781039,7.495789399999999e-05,0.00026792756800000006,7.8078037e-05,0.003851456649,1.2587808e-05,1.4856806e-05,0.000124179182,0.0028531224600000004,6.607459000000001e-06,4.184534e-06,2.086566e-06,1.693197e-06,2.9992961000000002e-05,0.001296406482,0.00152975816,0.016378094978,0.10858556787399999,0.00076917358,7.077335999999999e-05,0.00026584100200000005,7.638484e-05,0.003821463688,0.0,0.0,0.0,0.0,0.0,0.0,0.0,0.0,0.0,0.999115,63717.13683608017,7.621662,8.0027451,8.3838282,8.7649113,9.1459944,9.5270775,9.908160599999999,10.2892437,10.6703268,11.0514099,11.432493000000001,11.813576099999999,12.1946592,12.5757423,12.9568254,13.337908500000001,13.718991599999999,14.1000747,14.4811578,14.8622409,15.243324000000001
SF11C46893712282050980,23,,2019-05-18T23:00:00-0500,0.005701,0.005701,0.00528,0.039905,0.0012080167679999999,0.001425461606,0.015226579022000001,0.10298092517999999,0.000715869859,6.9445334e-05,0.00024722112600000004,7.2128397e-05,0.003553801601,1.2587808e-05,1.4856806e-05,0.000124179182,0.0028531224600000004,6.607459000000001e-06,4.184534e-06,2.086566e-06,1.693197e-06,2.9992961000000002e-05,0.00119542896,0.0014106048,0.01510239984,0.10012780271999999,0.0007092624,6.52608e-05,0.00024513456,7.04352e-05,0.00352380864,0.0,0.0,0.0,0.0,0.0,0.0,0.0,0.0,0.0,0.999115,63717.13683608017,7.621662,8.0027451,8.3838282,8.7649113,9.1459944,9.5270775,9.908160599999999,10.2892437,10.6703268,11.0514099,11.432493000000001,11.813576099999999,12.1946592,12.5757423,12.9568254,13.337908500000001,13.718991599999999,14.1000747,14.4811578,14.8622409,15.243324000000001
SF11C46893812282050980,0,,2019-05-18T00:00:00-0600,0.005701,0.005701,0.004403,0.000304,0.001989237654,0.0023472982459999997,0.025067870874000003,0.16986875181299999,0.001178682654,0.00011492927699999999,0.00040701841399999996,0.00011893648599999998,0.0058508724709999994,2.2769794000000004e-05,2.6868813e-05,0.00022455098800000002,0.005159399299,1.1949296000000002e-05,7.5709280000000006e-06,3.7740620000000006e-06,3.067138e-06,5.4239314e-05,0.00196646786,0.0023204294329999997,0.024843319886,0.16470935251399998,0.001166733358,0.00010735834899999999,0.000403244352,0.00011586934799999999,0.005796633157,0.0,0.0,0.0,0.0,0.0,0.0,0.0,0.0,0.0,0.937778,124153.53016234419,6.544332,6.8715486,7.1987651999999995,7.525981799999999,7.8531984,8.180415,8.5076316,8.8348482,9.1620648,9.4892814,9.816498,10.1437146,10.470931199999999,10.798147799999999,11.125364399999999,11.452580999999999,11.779797599999998,12.107014199999998,12.434230799999998,12.761447399999998,13.088663999999998
SF11C46893812282050980,1,,2019-05-18T01:00:00-0600,0.005701,0.005701,0.003775,0.000544,0.0017087602940000003,0.002016335338,0.021524467538000004,0.14637625274899999,0.0010122714459999999,9.9616753e-05,0.000349503662,0.00010241003799999999,0.005024098539,2.2769794000000004e-05,2.6868813e-05,0.00022455098800000002,0.005159399299,1.1949296000000002e-05,7.5709280000000006e-06,3.7740620000000006e-06,3.067138e-06,5.4239314e-05,0.0016859905000000002,0.001989466525,0.021299916550000002,0.14121685344999999,0.00100032215,9.2045825e-05,0.0003457296,9.93429e-05,0.0049698592250000005,0.0,0.0,0.0,0.0,0.0,0.0,0.0,0.0,0.0,0.937778,124153.53016234419,6.544332,6.8715486,7.1987651999999995,7.525981799999999,7.8531984,8.180415,8.5076316,8.8348482,9.1620648,9.4892814,9.816498,10.1437146,10.470931199999999,10.798147799999999,11.125364399999999,11.452580999999999,11.779797599999998,12.107014199999998,12.434230799999998,12.761447399999998,13.088663999999998
SF11C46893812282050980,2,,2019-05-18T02:00:00-0600,0.005701,0.005701,0.003325,0.000737,0.001507781294,0.001779180388,0.018985404638,0.12954245564899997,0.000893027746,8.864440299999999e-05,0.00030829086199999993,9.056783799999999e-05,0.004431664988999999,2.2769794000000004e-05,2.6868813e-05,0.00022455098800000002,0.005159399299,1.1949296000000002e-05,7.5709280000000006e-06,3.7740620000000006e-06,3.067138e-06,5.4239314e-05,0.0014850115,0.001752311575,0.01876085365,0.12438305634999998,0.0008810784499999999,8.107347499999999e-05,0.00030451679999999996,8.75007e-05,0.004377425674999999,0.0,0.0,0.0,0.0,0.0,0.0,0.0,0.0,0.0,0.958519,124153.53016234419,6.544332,6.8715486,7.1987651999999995,7.525981799999999,7.8531984,8.180415,8.5076316,8.8348482,9.1620648,9.4892814,9.816498,10.1437146,10.470931199999999,10.798147799999999,11.125364399999999,11.452580999999999,11.779797599999998,12.107014199999998,12.434230799999998,12.761447399999998,13.088663999999998
SF11C46893812282050980,3,,2019-05-18T03:00:00-0600,0.005701,0.005701,0.003003,0.000893,0.001363969654,0.001609482846,0.017168564074,0.117496938613,0.0008077022540000001,8.0793077e-05,0.000278800814,8.209408599999999e-05,0.004007745871,2.2769794000000004e-05,2.6868813e-05,0.00022455098800000002,0.005159399299,1.1949296000000002e-05,7.5709280000000006e-06,3.7740620000000006e-06,3.067138e-06,5.4239314e-05,0.00134119986,0.001582614033,0.016944013086,0.11233753931399999,0.000795752958,7.3222149e-05,0.000275026752,7.902694799999999e-05,0.003953506557,0.0,0.0,0.0,0.0,0.0,0.0,0.0,0.0,0.0,0.968889,124153.53016234419,6.544332,6.8715486,7.1987651999999995,7.525981799999999,7.8531984,8.180415,8.5076316,8.8348482,9.1620648,9.4892814,9.816498,10.1437146,10.470931199999999,10.798147799999999,11.125364399999999,11.452580999999999,11.779797599999998,12.107014199999998,12.434230799999998,12.761447399999998,13.088663999999998
SF11C46893812282050980,4,,2019-05-18T04:00:00-0600,0.005701,0.005701,0.002771,0.001023,0.001260353814,0.001487216294,0.015859536090000004,0.108818180997,0.000746225502,7.5136221e-05,0.000257553326,7.598877399999999e-05,0.003702313463,2.2769794000000004e-05,2.6868813e-05,0.00022455098800000002,0.005159399299,1.1949296000000002e-05,7.5709280000000006e-06,3.7740620000000006e-06,3.067138e-06,5.4239314e-05,0.00123758402,0.001460347481,0.015634985102000003,0.103658781698,0.000734276206,6.7565293e-05,0.000253779264,7.2921636e-05,0.003648074149,0.0,0.0,0.0,0.0,0.0,0.0,0.0,0.0,0.0,0.975111,124153.53016234419,6.544332,6.8715486,7.1987651999999995,7.525981799999999,7.8531984,8.180415,8.5076316,8.8348482,9.1620648,9.4892814,9.816498,10.1437146,10.470931199999999,10.798147799999999,11.125364399999999,11.452580999999999,11.779797599999998,12.107014199999998,12.434230799999998,12.761447399999998,13.088663999999998
SF11C46893812282050980,5,,2019-05-18T05:00:00-0600,0.005701,0.005701,0.002606,0.001133,0.001186661514,0.0014002594789999999,0.01492854636,0.10264578872699999,0.000702502812,7.1113026e-05,0.000242441966,7.164663399999999e-05,0.0034850878279999997,2.2769794000000004e-05,2.6868813e-05,0.00022455098800000002,0.005159399299,1.1949296000000002e-05,7.5709280000000006e-06,3.7740620000000006e-06,3.067138e-06,5.4239314e-05,0.00116389172,0.0013733906659999999,0.014703995372,0.09748638942799999,0.000690553516,6.3542098e-05,0.000238667904,6.857949599999999e-05,0.003430848514,0.0,0.0,0.0,0.0,0.0,0.0,0.0,0.0,0.0,0.979259,124153.53016234419,6.544332,6.8715486,7.1987651999999995,7.525981799999999,7.8531984,8.180415,8.5076316,8.8348482,9.1620648,9.4892814,9.816498,10.1437146,10.470931199999999,10.798147799999999,11.125364399999999,11.452580999999999,11.779797599999998,12.107014199999998,12.434230799999998,12.761447399999998,13.088663999999998
SF11C46893812282050980,6,,2019-05-18T06:00:00-0600,0.005701,0.005701,0.002487,0.001226,0.0011335137340000002,0.00133754517,0.014257105282,0.098194184605,0.000670969478,6.8211449e-05,0.00023154347,6.851502999999999e-05,0.003328422067,2.2769794000000004e-05,2.6868813e-05,0.00022455098800000002,0.005159399299,1.1949296000000002e-05,7.5709280000000006e-06,3.7740620000000006e-06,3.067138e-06,5.4239314e-05,0.0011107439400000001,0.001310676357,0.014032554294,0.093034785306,0.000659020182,6.0640521e-05,0.000227769408,6.5447892e-05,0.003274182753,0.0,0.0,0.0,0.0,0.0,0.0,0.0,0.0,0.0,0.982222,124153.53016234419,6.544332,6.8715486,7.1987651999999995,7.525981799999999,7.8531984,8.180415,8.5076316,8.8348482,9.1620648,9.4892814,9.816498,10.1437146,10.470931199999999,10.798147799999999,11.125364399999999,11.452580999999999,11.779797599999998,12.107014199999998,12.434230799999998,12.761447399999998,13.088663999999998
SF11C46893812282050980,7,,2019-05-18T07:00:00-0600,0.005701,0.005701,0.002402,0.001308,0.001095551034,0.001292749235,0.013777504512000001,0.095014467375,0.000648445668,6.6138894e-05,0.00022375883,6.627816999999999e-05,0.003216517952,2.2769794000000004e-05,2.6868813e-05,0.00022455098800000002,0.005159399299,1.1949296000000002e-05,7.5709280000000006e-06,3.7740620000000006e-06,3.067138e-06,5.4239314e-05,0.00107278124,0.001265880422,0.013552953524000001,0.089855068076,0.000636496372,5.8567966e-05,0.000219984768,6.3211032e-05,0.003162278638,0.0,0.0,0.0,0.0,0.0,0.0,0.0,0.0,0.0,0.984444,124153.53016234419,6.544332,6.8715486,7.1987651999999995,7.525981799999999,7.8531984,8.180415,8.5076316,8.8348482,9.1620648,9.4892814,9.816498,10.1437146,10.470931199999999,10.798147799999999,11.125364399999999,11.452580999999999,11.779797599999998,12.107014199999998,12.434230799999998,12.761447399999998,13.088663999999998
SF11C46893812282050980,8,,2019-05-18T08:00:00-0600,0.005701,0.005701,0.002187,0.001368,0.0009995277340000002,0.00117944187,0.012564396682000002,0.086971653205,0.0005914736780000001,6.0896549e-05,0.00020406827000000002,6.062023e-05,0.002933466367,2.2769794000000004e-05,2.6868813e-05,0.00022455098800000002,0.005159399299,1.1949296000000002e-05,7.5709280000000006e-06,3.7740620000000006e-06,3.067138e-06,5.4239314e-05,0.0009767579400000001,0.001152573057,0.012339845694000002,0.081812253906,0.0005795243820000001,5.3325621e-05,0.000200294208,5.7553092e-05,0.002879227053,0.0,0.0,0.0,0.0,0.0,0.0,0.0,0.0,0.0,0.986173,124153.53016234419,6.544332,6.8715486,7.1987651999999995,7.525981799999999,7.8531984,8.180415,8.5076316,8.8348482,9.1620648,9.4892814,9.816498,10.1437146,10.470931199999999,10.798147799999999,11.125364399999999,11.452580999999999,11.779797599999998,12.107014199999998,12.434230799999998,12.761447399999998,13.088663999999998
SF11C46893812282050980,9,,2019-05-18T09:00:00-0600,0.005701,0.005701,0.002871,0.001472,0.001305015814,0.001539917394,0.016423772290000003,0.11255902479699999,0.000772724102,7.757452099999999e-05,0.00026671172599999996,7.862037399999999e-05,0.003833965363,2.2769794000000004e-05,2.6868813e-05,0.00022455098800000002,0.005159399299,1.1949296000000002e-05,7.5709280000000006e-06,3.7740620000000006e-06,3.067138e-06,5.4239314e-05,0.00128224602,0.001513048581,0.016199221302,0.10739962549799999,0.000760774806,7.000359299999999e-05,0.000262937664,7.555323599999999e-05,0.003779726049,0.0,0.0,0.0,0.0,0.0,0.0,0.0,0.0,0.0,0.987556,124153.53016234419,6.544332,6.8715486,7.1987651999999995,7.525981799999999,7.8531984,8.180415,8.5076316,8.8348482,9.1620648,9.4892814,9.816498,10.1437146,10.470931199999999,10.798147799999999,11.125364399999999,11.452580999999999,11.779797599999998,12.107014199999998,12.434230799999998,12.761447399999998,13.088663999999998
SF11C46893812282050980,10,,2019-05-18T10:00:00-0600,0.020004,0.020004,0.012417,0.002229,0.005625576516,0.006638174439,0.070849126506,0.4826041746419999,0.0033322595459999997,0.00032932902299999997,0.0011504411759999998,0.00033752792399999995,0.016537534479,7.989597600000001e-05,9.4278852e-05,0.000787917552,0.018103599996,4.1928384000000006e-05,2.6565312e-05,1.3242648000000002e-05,1.0762152e-05,0.000190318056,0.0055456805399999995,0.006543895587,0.070061208954,0.4645005746459999,0.003290331162,0.000302763711,0.001137198528,0.00032676577199999997,0.016347216422999997,0.0,0.0,0.0,0.0,0.0,0.0,0.0,0.0,0.0,0.927128,435637.119341788,22.916042,24.061844100000002,25.2076462,26.3534483,27.4992504,28.645052500000002,29.790854600000003,30.9366567,32.0824588,33.2282609,34.374063,35.519865100000004,36.6656672,37.8114693,38.957271399999996,40.1030735,41.248875600000005,42.3946777,43.5404798,44.6862819,45.832084
SF11C46893812282050980,11,,2019-05-18T11:00:00-0600,0.040008,0.040008,0.029285,0.0041,0.013239058652,0.015622074839,0.166812406274,1.1317133068219998,0.007843971778,0.0007671867789999999,0.0027085227359999998,0.0007921883639999999,0.038934895027000004,0.00015979195200000002,0.000188557704,0.001575835104,0.036207199992,8.385676800000001e-05,5.3130624e-05,2.6485296000000004e-05,2.1524304e-05,0.000380636112,0.0130792667,0.015433517135,0.16523657117,1.0955061068299998,0.00776011501,0.0007140561549999999,0.00268203744,0.00077066406,0.038554258915,0.0,0.0,0.0,0.0,0.0,0.0,0.0,0.0,0.0,0.776071,871274.238683576,45.700797,47.98583685,50.2708767,52.55591655,54.8409564,57.12599625,59.411036100000004,61.69607595,63.9811158,66.26615565,68.5511955,70.83623535000001,73.1212752,75.40631505,77.6913549,79.97639475,82.2614346,84.54647445,86.83151430000001,89.11655415,91.401594
SF11C46893812282050980,12,,2019-05-18T12:00:00-0600,0.070014,0.070014,0.058436,0.007857,0.026378322236,0.031126390777999998,0.33247477726400004,2.249362082954,0.01563147124,0.00151782358,0.005398151892,0.001575469308,0.07759821748000001,0.00027963591600000006,0.000329975982,0.0027577114320000004,0.06336259998600001,0.00014674934400000004,9.297859200000001e-05,4.6349268000000006e-05,3.7667532e-05,0.000666113196,0.02609868632,0.030796414796,0.32971706583200006,2.185999482968,0.015484721896,0.001424844988,0.005351802624,0.001537801776,0.076932104284,0.0,0.0,0.0,0.0,0.0,0.0,0.0,0.0,0.0,0.644382,1524729.917696258,79.633412,83.61508260000001,87.59675320000001,91.57842380000001,95.56009440000001,99.54176500000001,103.5234356,107.5051062,111.4867768,115.4684474,119.450118,123.4317886,127.4134592,131.3951298,135.3768004,139.358471,143.3401416,147.3218122,151.3034828,155.2851534,159.266824
SF11C46893812282050980,13,,2019-05-18T13:00:00-0600,0.10002,0.10002,0.092637,0.01372,0.041773016819999995,0.049292112267,0.5266310763540001,3.5559234709859995,0.024757150002,0.0023915945309999995,0.008550280248,0.002491646052,0.12290996088299999,0.00039947988,0.00047139426,0.00393958776,0.09051799998,0.00020964192,0.00013282656,6.621324e-05,5.3810759999999994e-05,0.00095159028,0.04137353694,0.048820718007,0.522691488594,3.4654054710059996,0.024547508082,0.0022587679709999997,0.008484067008,0.002437835292,0.121958370603,0.0,0.0,0.0,0.0,0.0,0.0,0.0,0.0,0.0,0.668988,2178185.59670894,113.274845,118.93858725,124.6023295,130.26607175,135.929814,141.59355625,147.2572985,152.92104075,158.58478300000002,164.24852525,169.91226749999998,175.57600975,181.239752,186.90349425,192.5672365,198.23097875000002,203.894721,209.55846325,215.2222055,220.88594775,226.54969
SF11C46893812282050980,14,,2019-05-18T14:00:00-0600,0.130026,0.130026,0.130595,0.021801,0.058845662743999994,0.069437814083,0.7419857294779999,5.003028360583999,0.034878381166,0.0033569724129999994,0.012046489691999998,0.0035066920079999996,0.17316786616899998,0.000519323844,0.000612812538,0.005121464088,0.117673399974,0.000272534496,0.000172674528,8.6077212e-05,6.9953988e-05,0.001237067364,0.0583263389,0.068825001545,0.7368642653899999,4.885354960609999,0.034605846669999996,0.0031842978849999995,0.011960412479999998,0.0034367380199999994,0.17193079880499998,0.0,0.0,0.0,0.0,0.0,0.0,0.0,0.0,0.0,0.703836,2831641.2757216217,146.627594,153.9589737,161.2903534,168.62173309999997,175.95311279999999,183.2844925,190.61587219999998,197.94725189999997,205.27863159999998,212.6100113,219.94139099999998,227.27277069999997,234.60415039999998,241.9355301,249.26690979999998,256.59828949999996,263.9296692,271.2610489,278.59242859999995,285.92380829999996,293.255188
SF11C46893812282050980,15,,2019-05-18T15:00:00-0600,0.160032,0.160032,0.1708,0.032104,0.07692186380800001,0.090767709616,0.9700187700160001,6.5341900103679995,0.045595035872000006,0.004377138896,0.015748488384,0.004580870016000001,0.22638398964800002,0.0006391678080000001,0.000754230816,0.006303340416,0.144828799968,0.00033542707200000005,0.000212522496,0.00010594118400000002,8.6097216e-05,0.001522544448,0.07628269600000001,0.0900134788,0.9637154296000001,6.3893612104,0.045259608800000004,0.0041646164,0.0156425472,0.0044947728000000004,0.2248614452,0.0,0.0,0.0,0.0,0.0,0.0,0.0,0.0,0.0,0.736568,3485096.954734304,179.694137,188.67884385000002,197.6635507,206.64825755,215.63296440000002,224.61767125,233.6023781,242.58708495000002,251.57179180000003,260.55649865,269.54120550000005,278.52591235,287.5106192,296.49532605,305.4800329,314.46473975000004,323.4494466,332.43415345000005,341.4188603,350.40356715,359.388274
SF11C46893812282050980,16,,2019-05-18T16:00:00-0600,0.170034,0.170034,0.189309,0.042975,0.085228301376,0.100569295641,1.0748472070500001,7.235634589307999,0.050520625938000004,0.004841726499,0.017450237964000002,0.005073333936,0.250846598847,0.000679115796,0.0008013702419999999,0.0066972991919999995,0.15388059996599998,0.00035639126400000004,0.00022580515199999997,0.000112562508,9.147829199999999e-05,0.001617703476,0.08454918558,0.09976792539900001,1.0681499078580001,7.081753989341999,0.050164234674000004,0.004615921347,0.017337675456000002,0.004981855644,0.24922889537100001,0.0,0.0,0.0,0.0,0.0,0.0,0.0,0.0,0.0,0.783801,3702915.5144051975,190.653142,200.1857991,209.7184562,219.2511133,228.7837704,238.3164275,247.8490846,257.3817417,266.9143988,276.4470559,285.979713,295.5123701,305.0450272,314.5776843,324.11034140000004,333.6429985,343.1756556,352.70831269999996,362.2409698,371.7736269,381.306284
SF11C46893812282050980,17,,2019-05-18T17:00:00-0600,0.120024,0.120024,0.137003,0.049477,0.061667655716000004,0.072767761145,0.7777480263980001,5.2336898312899995,0.036555447262,0.0034999360210000003,0.012626738640000001,0.00366994386,0.18150896089300003,0.00047937585600000003,0.000565673112,0.004727505312,0.108621599976,0.00025157030400000004,0.000159391872,7.9455888e-05,6.457291199999999e-05,0.001141908336,0.06118827986000001,0.072202088033,0.7730205210860002,5.125068231314,0.036303876958000005,0.0033405441490000003,0.012547282752,0.0036053709480000002,0.18036705255700003,0.0,0.0,0.0,0.0,0.0,0.0,0.0,0.0,0.0,0.868512,2613822.7160507278,135.541934,142.31903069999998,149.0961274,155.8732241,162.6503208,169.4274175,176.2045142,182.9816109,189.75870759999998,196.5358043,203.312901,210.0899977,216.86709439999998,223.6441911,230.4212878,237.19838449999997,243.9754812,250.7525779,257.5296746,264.3067713,271.083868
SF11C46893812282050980,18,,2019-05-18T18:00:00-0600,0.070014,0.070014,0.08058,0.051627,0.036268275516,0.042796522361999996,0.457419241392,3.077734534026,0.021499321224,0.0020577607319999997,0.007426187987999999,0.002158210812,0.106751214216,0.00027963591600000006,0.000329975982,0.0027577114320000004,0.06336259998600001,0.00014674934400000004,9.297859200000001e-05,4.6349268000000006e-05,3.7667532e-05,0.000666113196,0.035988639600000004,0.04246654638,0.45466152996000003,3.0143719340399997,0.02135257188,0.00196478214,0.007379838719999999,0.00212054328,0.10608510102,0.0,0.0,0.0,0.0,0.0,0.0,0.0,0.0,0.0,0.929029,1524729.917696258,79.633412,83.61508260000001,87.59675320000001,91.57842380000001,95.56009440000001,99.54176500000001,103.5234356,107.5051062,111.4867768,115.4684474,119.450118,123.4317886,127.4134592,131.3951298,135.3768004,139.358471,143.3401416,147.3218122,151.3034828,155.2851534,159.266824
SF11C46893812282050980,19,,2019-05-18T19:00:00-0600,0.040008,0.040008,0.045668,0.051215,0.020556034112,0.024256096052,0.25925122292,1.744575746576,0.012185237416,0.001166653468,0.004208943408,0.001223323392,0.060503425804000005,0.00015979195200000002,0.000188557704,0.001575835104,0.036207199992,8.385676800000001e-05,5.3130624e-05,2.6485296000000004e-05,2.1524304e-05,0.000380636112,0.02039624216,0.024067538348,0.257675387816,1.708368546584,0.012101380648,0.001113522844,0.0041824581119999996,0.001201799088,0.060122789692,0.0,0.0,0.0,0.0,0.0,0.0,0.0,0.0,0.0,0.961105,871274.238683576,45.700797,47.98583685,50.2708767,52.55591655,54.8409564,57.12599625,59.411036100000004,61.69607595,63.9811158,66.26615565,68.5511955,70.83623535000001,73.1212752,75.40631505,77.6913549,79.97639475,82.2614346,84.54647445,86.83151430000001,89.11655415,91.401594
SF11C46893812282050980,20,,2019-05-18T20:00:00-0600,0.005701,0.005701,0.006347,0.048113,0.002857466934,0.00337180763,0.036036622602,0.242590755285,0.001693815438,0.00016232982899999998,0.00058505771,0.00017009479000000002,0.008410185407,2.2769794000000004e-05,2.6868813e-05,0.00022455098800000002,0.005159399299,1.1949296000000002e-05,7.5709280000000006e-06,3.7740620000000006e-06,3.067138e-06,5.4239314e-05,0.00283469714,0.003344938817,0.035812071614000004,0.237431355986,0.001681866142,0.000154758901,0.000581283648,0.000167027652,0.008355946093,0.0,0.0,0.0,0.0,0.0,0.0,0.0,0.0,0.0,0.997106,124153.53016234419,6.544332,6.8715486,7.1987651999999995,7.525981799999999,7.8531984,8.180415,8.5076316,8.8348482,9.1620648,9.4892814,9.816498,10.1437146,10.470931199999999,10.798147799999999,11.125364399999999,11.452580999999999,11.779797599999998,12.107014199999998,12.434230799999998,12.761447399999998,13.088663999999998
SF11C46893812282050980,21,,2019-05-18T21:00:00-0600,0.005701,0.005701,0.006085,0.045207,0.002740452494,0.0032337307480000002,0.034558323758,0.23278974452899998,0.001624389106,0.00015594148299999998,0.000561062702,0.00016319999800000002,0.008065257429000001,2.2769794000000004e-05,2.6868813e-05,0.00022455098800000002,0.005159399299,1.1949296000000002e-05,7.5709280000000006e-06,3.7740620000000006e-06,3.067138e-06,5.4239314e-05,0.0027176827,0.0032068619350000003,0.03433377277,0.22763034522999998,0.00161243981,0.000148370555,0.00055728864,0.00016013286,0.008011018115,0.0,0.0,0.0,0.0,0.0,0.0,0.0,0.0,0.0,0.999282,124153.53016234419,6.544332,6.8715486,7.1987651999999995,7.525981799999999,7.8531984,8.180415,8.5076316,8.8348482,9.1620648,9.4892814,9.816498,10.1437146,10.470931199999999,10.798147799999999,11.125364399999999,11.452580999999999,11.779797599999998,12.107014199999998,12.434230799999998,12.761447399999998,13.088663999999998
SF11C46893812282050980,22,,2019-05-18T22:00:00-0600,0.005701,0.005701,0.005726,0.042477,0.0025801159140000003,0.003044533799,0.0325327158,0.219360115287,0.001529259132,0.00014718798599999998,0.0005281840459999999,0.000153752554,0.007592627108,2.2769794000000004e-05,2.6868813e-05,0.00022455098800000002,0.005159399299,1.1949296000000002e-05,7.5709280000000006e-06,3.7740620000000006e-06,3.067138e-06,5.4239314e-05,0.0025573461200000002,0.003017664986,0.032308164812,0.214200715988,0.001517309836,0.000139617058,0.000524409984,0.000150685416,0.007538387794,0.0,0.0,0.0,0.0,0.0,0.0,0.0,0.0,0.0,0.999286,124153.53016234419,6.544332,6.8715486,7.1987651999999995,7.525981799999999,7.8531984,8.180415,8.5076316,8.8348482,9.1620648,9.4892814,9.816498,10.1437146,10.470931199999999,10.798147799999999,11.125364399999999,11.452580999999999,11.779797599999998,12.107014199999998,12.434230799999998,12.761447399999998,13.088663999999998
SF11C46893812282050980,23,,2019-05-18T23:00:00-0600,0.005701,0.005701,0.00528,0.039905,0.0023809233940000002,0.002809486893,0.030016222348000002,0.20267595193899998,0.001411075376,0.00013631316799999997,0.00048733758199999996,0.000142015618,0.0070054596339999995,2.2769794000000004e-05,2.6868813e-05,0.00022455098800000002,0.005159399299,1.1949296000000002e-05,7.5709280000000006e-06,3.7740620000000006e-06,3.067138e-06,5.4239314e-05,0.0023581536,0.00278261808,0.02979167136,0.19751655263999998,0.00139912608,0.00012874223999999998,0.00048356352,0.00013894848,0.00695122032,0.0,0.0,0.0,0.0,0.0,0.0,0.0,0.0,0.0,0.999291,124153.53016234419,6.544332,6.8715486,7.1987651999999995,7.525981799999999,7.8531984,8.180415,8.5076316,8.8348482,9.1620648,9.4892814,9.816498,10.1437146,10.470931199999999,10.798147799999999,11.125364399999999,11.452580999999999,11.779797599999998,12.107014199999998,12.434230799999998,12.761447399999998,13.088663999999998
SF11C46893912282050980,0,,2019-05-18T00:00:00-0500,0.005701,0.005701,0.004403,0.000304,0.003741159082,0.004414563892,0.047062445626999995,0.32373692977799995,0.0022146953969999997,0.00022443569599999997,0.0007643018679999999,0.000225939395,0.010986850639999999,7.267634800000001e-05,8.5754442e-05,0.000716758225,0.016468467298000004,3.8133989e-05,2.4160837999999998e-05,1.2040512000000002e-05,9.782916000000001e-06,0.00017312226700000002,0.003668482734,0.004328809449999999,0.04634568740199999,0.30726846247999995,0.0021765614079999997,0.00020027485799999997,0.0007522613559999999,0.000216156479,0.010813728372999999,0.0,0.0,0.0,0.0,0.0,0.0,0.0,0.0,0.0,0.954713,235861.4348309279,4.764222,5.0024331,5.2406442,5.4788553,5.7170664,5.9552775,6.1934886,6.4316997,6.6699108,6.9081219,7.146333,7.3845441,7.6227552,7.8609663,8.0991774,8.3373885,8.5755996,8.813810700000001,9.0520218,9.2902329,9.528444
SF11C46893912282050980,1,,2019-05-18T01:00:00-0500,0.005701,0.005701,0.003775,0.000544,0.0032179232980000002,0.003797145692,0.040452159075,0.279911221298,0.0019042523890000001,0.000195870488,0.000657006812,0.00019510899100000001,0.009444488292,7.267634800000001e-05,8.5754442e-05,0.000716758225,0.016468467298000004,3.8133989e-05,2.4160837999999998e-05,1.2040512000000002e-05,9.782916000000001e-06,0.00017312226700000002,0.00314524695,0.00371139125,0.03973540085,0.263442754,0.0018661184,0.00017170965,0.0006449663000000001,0.000185326075,0.009271366025,0.0,0.0,0.0,0.0,0.0,0.0,0.0,0.0,0.0,0.954713,235861.4348309279,4.764222,5.0024331,5.2406442,5.4788553,5.7170664,5.9552775,6.1934886,6.4316997,6.6699108,6.9081219,7.146333,7.3845441,7.6227552,7.8609663,8.0991774,8.3373885,8.5755996,8.813810700000001,9.0520218,9.2902329,9.528444
SF11C46893912282050980,2,,2019-05-18T02:00:00-0500,0.005701,0.005701,0.003325,0.000737,0.002842993198,0.0033547281919999996,0.035715488775,0.24850744929799998,0.001681801189,0.000175401788,0.000580123412,0.00017301714099999998,0.008339292342,7.267634800000001e-05,8.5754442e-05,0.000716758225,0.016468467298000004,3.8133989e-05,2.4160837999999998e-05,1.2040512000000002e-05,9.782916000000001e-06,0.00017312226700000002,0.0027703168499999997,0.0032689737499999997,0.034998730549999996,0.23203898199999998,0.0016436672,0.00015124095,0.0005680829,0.00016323422499999997,0.008166170075,0.0,0.0,0.0,0.0,0.0,0.0,0.0,0.0,0.0,0.969809,235861.4348309279,4.764222,5.0024331,5.2406442,5.4788553,5.7170664,5.9552775,6.1934886,6.4316997,6.6699108,6.9081219,7.146333,7.3845441,7.6227552,7.8609663,8.0991774,8.3373885,8.5755996,8.813810700000001,9.0520218,9.2902329,9.528444
SF11C46893912282050980,3,,2019-05-18T03:00:00-0500,0.005701,0.005701,0.003003,0.000893,0.002574709882,0.003038153892,0.032326138027000004,0.226036305778,0.0015226249970000001,0.00016075529599999998,0.000525109068,0.000157209195,0.00754846324,7.267634800000001e-05,8.5754442e-05,0.000716758225,0.016468467298000004,3.8133989e-05,2.4160837999999998e-05,1.2040512000000002e-05,9.782916000000001e-06,0.00017312226700000002,0.002502033534,0.00295239945,0.031609379802,0.20956783848,0.001484491008,0.00013659445799999999,0.000513068556,0.000147426279,0.007375340973,0.0,0.0,0.0,0.0,0.0,0.0,0.0,0.0,0.0,0.977356,235861.4348309279,4.764222,5.0024331,5.2406442,5.4788553,5.7170664,5.9552775,6.1934886,6.4316997,6.6699108,6.9081219,7.146333,7.3845441,7.6227552,7.8609663,8.0991774,8.3373885,8.5755996,8.813810700000001,9.0520218,9.2902329,9.528444
SF11C46893912282050980,4,,2019-05-18T04:00:00-0500,0.005701,0.005701,0.002771,0.001023,0.002381412586,0.002810063092,0.029884121338999998,0.20984591665799998,0.001407939045,0.000150202544,0.000485471404,0.00014581961900000001,0.006978673328,7.267634800000001e-05,8.5754442e-05,0.000716758225,0.016468467298000004,3.8133989e-05,2.4160837999999998e-05,1.2040512000000002e-05,9.782916000000001e-06,0.00017312226700000002,0.002308736238,0.00272430865,0.029167363114,0.19337744935999998,0.001369805056,0.000126041706,0.000473430892,0.000136036703,0.006805551061,0.0,0.0,0.0,0.0,0.0,0.0,0.0,0.0,0.0,0.981885,235861.4348309279,4.764222,5.0024331,5.2406442,5.4788553,5.7170664,5.9552775,6.1934886,6.4316997,6.6699108,6.9081219,7.146333,7.3845441,7.6227552,7.8609663,8.0991774,8.3373885,8.5755996,8.813810700000001,9.0520218,9.2902329,9.528444
SF11C46893912282050980,5,,2019-05-18T05:00:00-0500,0.005701,0.005701,0.002606,0.001133,0.002243938216,0.0026478433419999995,0.028147342228999995,0.19833120025799997,0.001326373605,0.000142697354,0.000457280824,0.000137719274,0.006573434812999999,7.267634800000001e-05,8.5754442e-05,0.000716758225,0.016468467298000004,3.8133989e-05,2.4160837999999998e-05,1.2040512000000002e-05,9.782916000000001e-06,0.00017312226700000002,0.002171261868,0.0025620888999999996,0.027430584003999996,0.18186273295999997,0.001288239616,0.00011853651599999999,0.00044524031199999996,0.000127936358,0.006400312546,0.0,0.0,0.0,0.0,0.0,0.0,0.0,0.0,0.0,0.984904,235861.4348309279,4.764222,5.0024331,5.2406442,5.4788553,5.7170664,5.9552775,6.1934886,6.4316997,6.6699108,6.9081219,7.146333,7.3845441,7.6227552,7.8609663,8.0991774,8.3373885,8.5755996,8.813810700000001,9.0520218,9.2902329,9.528444
SF11C46893912282050980,6,,2019-05-18T06:00:00-0500,0.005701,0.005701,0.002487,0.001226,0.002144790034,0.002530848492,0.026894756082999998,0.190026647218,0.001267547621,0.00013728451999999998,0.00043694943600000005,0.000131877207,0.006281171884,7.267634800000001e-05,8.5754442e-05,0.000716758225,0.016468467298000004,3.8133989e-05,2.4160837999999998e-05,1.2040512000000002e-05,9.782916000000001e-06,0.00017312226700000002,0.002072113686,0.00244509405,0.026177997858,0.17355817992,0.001229413632,0.00011312368199999999,0.00042490892400000004,0.000122094291,0.0061080496170000005,0.0,0.0,0.0,0.0,0.0,0.0,0.0,0.0,0.0,0.987061,235861.4348309279,4.764222,5.0024331,5.2406442,5.4788553,5.7170664,5.9552775,6.1934886,6.4316997,6.6699108,6.9081219,7.146333,7.3845441,7.6227552,7.8609663,8.0991774,8.3373885,8.5755996,8.813810700000001,9.0520218,9.2902329,9.528444
SF11C46893912282050980,7,,2019-05-18T07:00:00-0500,0.005701,0.005701,0.002402,0.001308,0.002073969904,0.002447280742,0.026000051692999997,0.184094823618,0.0012255290610000001,0.00013341821,0.00042242701600000006,0.000127704302,0.006072412649,7.267634800000001e-05,8.5754442e-05,0.000716758225,0.016468467298000004,3.8133989e-05,2.4160837999999998e-05,1.2040512000000002e-05,9.782916000000001e-06,0.00017312226700000002,0.002001293556,0.0023615263,0.025283293467999998,0.16762635632,0.001187395072,0.000109257372,0.00041038650400000004,0.000117921386,0.005899290382,0.0,0.0,0.0,0.0,0.0,0.0,0.0,0.0,0.0,0.988678,235861.4348309279,4.764222,5.0024331,5.2406442,5.4788553,5.7170664,5.9552775,6.1934886,6.4316997,6.6699108,6.9081219,7.146333,7.3845441,7.6227552,7.8609663,8.0991774,8.3373885,8.5755996,8.813810700000001,9.0520218,9.2902329,9.528444
SF11C46893912282050980,8,,2019-05-18T08:00:00-0500,0.005701,0.005701,0.002187,0.001368,0.001894836634,0.002235903492,0.023736975883,0.169090799218,0.0011192468210000001,0.00012363872000000002,0.00038569383600000007,0.000117149307,0.005544374584,7.267634800000001e-05,8.5754442e-05,0.000716758225,0.016468467298000004,3.8133989e-05,2.4160837999999998e-05,1.2040512000000002e-05,9.782916000000001e-06,0.00017312226700000002,0.0018221602860000001,0.00215014905,0.023020217658,0.15262233192,0.001081112832,9.947788200000001e-05,0.00037365332400000006,0.000107366391,0.005371252317,0.0,0.0,0.0,0.0,0.0,0.0,0.0,0.0,0.0,0.989936,235861.4348309279,4.764222,5.0024331,5.2406442,5.4788553,5.7170664,5.9552775,6.1934886,6.4316997,6.6699108,6.9081219,7.146333,7.3845441,7.6227552,7.8609663,8.0991774,8.3373885,8.5755996,8.813810700000001,9.0520218,9.2902329,9.528444
SF11C46893912282050980,9,,2019-05-18T09:00:00-0500,0.005701,0.005701,0.002871,0.001472,0.002464730386,0.0029083780919999997,0.030936714738999997,0.21682453265799997,0.001457372645,0.00015475114399999998,0.0005025566039999999,0.000150728919,0.0072242724279999995,7.267634800000001e-05,8.5754442e-05,0.000716758225,0.016468467298000004,3.8133989e-05,2.4160837999999998e-05,1.2040512000000002e-05,9.782916000000001e-06,0.00017312226700000002,0.0023920540379999996,0.00282262365,0.030219956513999998,0.20035606535999997,0.001419238656,0.00013059030599999998,0.0004905160919999999,0.000140946003,0.007051150161,0.0,0.0,0.0,0.0,0.0,0.0,0.0,0.0,0.0,0.990943,235861.4348309279,4.764222,5.0024331,5.2406442,5.4788553,5.7170664,5.9552775,6.1934886,6.4316997,6.6699108,6.9081219,7.146333,7.3845441,7.6227552,7.8609663,8.0991774,8.3373885,8.5755996,8.813810700000001,9.0520218,9.2902329,9.528444
SF11C46893912282050980,10,,2019-05-18T10:00:00-0500,0.020004,0.020004,0.012417,0.002229,0.010600582217999999,0.012508673718,0.133215525378,0.9243202635119999,0.006271976867999999,0.000649576614,0.002163717732,0.0006439146449999999,0.031103501715,0.000255010992,0.00030090016800000003,0.0025150029,0.05778551479200001,0.000133806756,8.4776952e-05,4.2248448000000005e-05,3.4326864e-05,0.0006074614680000001,0.010345571226,0.012207773549999999,0.130700522478,0.8665347487199999,0.006138170112,0.0005647996619999999,0.002121469284,0.0006095877809999999,0.030496040247,0.0,0.0,0.0,0.0,0.0,0.0,0.0,0.0,0.0,0.946962,827604.3049215719,16.692018,17.526618900000003,18.3612198,19.195820700000002,20.0304216,20.865022500000002,21.6996234,22.5342243,23.368825200000003,24.2034261,25.038027,25.8726279,26.707228800000003,27.5418297,28.376430600000003,29.211031500000004,30.045632400000002,30.8802333,31.714834200000002,32.549435100000004,33.384036
SF11C46893912282050980,11,,2019-05-18T11:00:00-0500,0.040008,0.040008,0.029285,0.0041,0.024909639713999995,0.029393348086,0.31328198299,2.159258725184,0.014744243272,0.001501611414,0.005087897716,0.0015063422329999999,0.07313861937100001,0.000510021984,0.0006018003360000001,0.0050300058,0.11557102958400002,0.000267613512,0.000169553904,8.449689600000001e-05,6.8653728e-05,0.0012149229360000002,0.024399617729999996,0.028791547749999997,0.30825197718999997,2.0436876955999996,0.01447662976,0.00133205751,0.00500340082,0.0014376885049999998,0.071923696435,0.0,0.0,0.0,0.0,0.0,0.0,0.0,0.0,0.0,0.837018,1655208.6098431437,33.314379,34.98009795,36.6458169,38.31153585,39.977254800000004,41.64297375,43.3086927,44.97441165,46.640130600000006,48.305849550000005,49.971568500000004,51.63728745,53.3030064,54.96872535,56.6344443,58.300163250000004,59.9658822,61.63160115,63.29732010000001,64.96303905,66.628758
SF11C46893912282050980,12,,2019-05-18T12:00:00-0500,0.070014,0.070014,0.058436,0.007857,0.04958012808,0.058504503988,0.623895989374,4.280273347532,0.029355342142,0.002954739228,0.01013177704,0.002988942572,0.14564440521400002,0.0008925384720000002,0.0010531505880000001,0.008802510150000002,0.20224930177200004,0.000468323646,0.000296719332,0.00014786956800000002,0.00012014402400000002,0.0021261151380000004,0.048687589608,0.0574513534,0.615093479224,4.078024045759999,0.028887018496000002,0.002658019896,0.009983907472,0.002868798548,0.143518290076,0.0,0.0,0.0,0.0,0.0,0.0,0.0,0.0,0.0,0.672838,2896615.067225502,58.117953,61.02385065,63.9297483,66.83564595,69.7415436,72.64744125,75.5533389,78.45923655,81.3651342,84.27103185,87.1769295,90.08282715,92.9887248,95.89462245,98.8005201,101.70641775,104.6123154,107.51821305,110.4241107,113.33000835,116.235906
SF11C46893912282050980,13,,2019-05-18T13:00:00-0500,0.10002,0.10002,0.092637,0.01372,0.07845816534599999,0.09258056739000001,0.9876659624579999,6.753708077879999,0.046462837812,0.0046375713419999996,0.016038458964,0.004719462561,0.230552945607,0.0012750549600000001,0.0015045008399999999,0.0125750145,0.28892757396,0.0006690337799999999,0.00042388475999999997,0.00021124224,0.00017163432,0.00303730734,0.077183110386,0.09107606655,0.9750909479579999,6.464780503919999,0.045793804032,0.004213686582,0.015827216724,0.004547828241,0.227515638267,0.0,0.0,0.0,0.0,0.0,0.0,0.0,0.0,0.0,0.668988,4138021.524607859,82.76643,86.9047515,91.04307299999999,95.1813945,99.319716,103.4580375,107.596359,111.7346805,115.873002,120.0113235,124.14964499999999,128.28796649999998,132.426288,136.56460950000002,140.702931,144.8412525,148.979574,153.1178955,157.256217,161.3945385,165.53286
SF11C46893912282050980,14,,2019-05-18T14:00:00-0500,0.130026,0.130026,0.130595,0.021801,0.11046645235799998,0.13035032534199997,1.3909818695799998,9.489329411347999,0.06542755383400001,0.006491294357999999,0.022587031852,0.006634424950999999,0.324688644187,0.0016575714480000002,0.001955851092,0.01634751885,0.375605846148,0.000869743914,0.000551050188,0.00027461491200000005,0.000223124616,0.003948499542000001,0.10880888090999999,0.12839447424999997,1.3746343507299998,9.113723565199999,0.06455780992,0.005940244169999999,0.02231241694,0.006411300334999999,0.320740144645,0.0,0.0,0.0,0.0,0.0,0.0,0.0,0.0,0.0,0.703836,5379427.981990217,107.260781,112.62382004999999,117.98685909999999,123.34989815,128.7129372,134.07597625,139.4390153,144.80205435,150.1650934,155.52813245,160.89117149999998,166.25421054999998,171.61724959999998,176.98028864999998,182.34332769999997,187.70636674999997,193.06940579999997,198.43244484999997,203.79548389999997,209.15852294999996,214.52156199999996
SF11C46893912282050980,15,,2019-05-18T15:00:00-0500,0.160032,0.160032,0.1708,0.032104,0.144346890336,0.170329221344,1.8179495504,12.381760246336,0.085503042848,0.008447224416,0.029519509184000002,0.008659699311999999,0.42434295454400006,0.002040087936,0.0024072013440000002,0.0201200232,0.4622841183360001,0.001070454048,0.000678215616,0.00033798758400000004,0.000274614912,0.004859691744000001,0.14230680240000002,0.16792202,1.7978295272,11.919476128,0.0844325888,0.0077690088,0.029181521600000003,0.0083850844,0.41948326280000003,0.0,0.0,0.0,0.0,0.0,0.0,0.0,0.0,0.0,0.736568,6620834.439372575,131.60197,138.18206849999999,144.762167,151.3422655,157.922364,164.50246249999998,171.082561,177.6626595,184.24275799999998,190.8228565,197.402955,203.98305349999998,210.563152,217.1432505,223.72334899999998,230.3034475,236.883546,243.4636445,250.043743,256.6238415,263.20394
SF11C46893912282050980,16,,2019-05-18T16:00:00-0500,0.170034,0.170034,0.189309,0.042975,0.15989568743399998,0.18867679477799998,2.014031564256,13.702325039171999,0.09471961125,0.009331513266,0.032702933076,0.009585525081,0.47010462269700004,0.002167593432,0.002557651428,0.02137752465,0.49117687573200003,0.001137357426,0.0007206040919999999,0.000359111808,0.000291778344,0.005163422478,0.157728094002,0.18611914335,1.992654039606,13.211148163439999,0.093582253824,0.008610909174,0.032343821268,0.009293746737,0.46494120021900004,0.0,0.0,0.0,0.0,0.0,0.0,0.0,0.0,0.0,0.783801,7034636.5918333605,139.681829,146.66592045,153.65001189999998,160.63410334999998,167.6181948,174.60228625,181.58637769999999,188.57046914999998,195.5545606,202.53865205,209.5227435,216.50683494999998,223.49092639999998,230.47501784999997,237.45910929999997,244.44320075,251.42729219999998,258.41138364999995,265.3954751,272.37956655,279.363658
SF11C46893912282050980,17,,2019-05-18T17:00:00-0500,0.120024,0.120024,0.137004,0.049477,0.11567878466399999,0.13650088360799997,1.4571850791359997,9.907696153392,0.06852884987999999,0.0067404256559999995,0.023660898096,0.006931898555999999,0.340125359772,0.0015300659520000003,0.001805401008,0.0150900174,0.346713088752,0.000802840536,0.000508661712,0.00025349068800000006,0.00020596118400000003,0.0036447688080000003,0.11414871871199998,0.13469548259999997,1.4420950617359998,9.560983064639998,0.067726009344,0.006231763943999999,0.023407407408,0.006725937371999999,0.33648059096399996,0.0,0.0,0.0,0.0,0.0,0.0,0.0,0.0,0.0,0.868512,4965625.829529432,99.113063,104.06871615,109.02436929999999,113.98002244999999,118.9356756,123.89132875,128.8469819,133.80263505,138.75828819999998,143.71394135,148.6695945,153.62524765,158.5809008,163.53655394999998,168.49220709999997,173.44786025,178.4035134,183.35916655,188.3148197,193.27047284999998,198.226126
SF11C46893912282050980,18,,2019-05-18T18:00:00-0500,0.070014,0.070014,0.08058,0.051627,0.06803002171200001,0.08027537758799999,0.85698227187,5.825618074572,0.040301918526,0.003961981212,0.013915123728,0.004076057964,0.200029869918,0.0008925384720000002,0.0010531505880000001,0.008802510150000002,0.20224930177200004,0.000468323646,0.000296719332,0.00014786956800000002,0.00012014402400000002,0.0021261151380000004,0.06713748324,0.07922222699999999,0.84817976172,5.623368772799999,0.039833594879999996,0.00366526188,0.01376725416,0.00395591394,0.19790375478,0.0,0.0,0.0,0.0,0.0,0.0,0.0,0.0,0.0,0.929029,2896615.067225502,58.117953,61.02385065,63.9297483,66.83564595,69.7415436,72.64744125,75.5533389,78.45923655,81.3651342,84.27103185,87.1769295,90.08282715,92.9887248,95.89462245,98.8005201,101.70641775,104.6123154,107.51821305,110.4241107,113.33000835,116.235906
SF11C46893912282050980,19,,2019-05-18T19:00:00-0500,0.040008,0.040008,0.045668,0.051215,0.038559594887999996,0.045500294536,0.485728359712,3.302565384464,0.02284294996,0.002246808552,0.007886966032,0.0023106328519999996,0.11337511992400001,0.000510021984,0.0006018003360000001,0.0050300058,0.11557102958400002,0.000267613512,0.000169553904,8.449689600000001e-05,6.8653728e-05,0.0012149229360000002,0.038049572904,0.0448984942,0.480698353912,3.18699435488,0.022575336448,0.0020772546479999997,0.007802469136000001,0.002241979124,0.112160196988,0.0,0.0,0.0,0.0,0.0,0.0,0.0,0.0,0.0,0.964218,1655208.6098431437,33.314379,34.98009795,36.6458169,38.31153585,39.977254800000004,41.64297375,43.3086927,44.97441165,46.640130600000006,48.305849550000005,49.971568500000004,51.63728745,53.3030064,54.96872535,56.6344443,58.300163250000004,59.9658822,61.63160115,63.29732010000001,64.96303905,66.628758
SF11C46893912282050980,20,,2019-05-18T20:00:00-0500,0.005701,0.005701,0.006348,0.048113,0.005361690292,0.006326790642000001,0.067535387257,0.45947101097799997,0.0031761789170000002,0.000312905966,0.001096609008,0.00032142528,0.015763753135000003,7.267634800000001e-05,8.5754442e-05,0.000716758225,0.016468467298000004,3.8133989e-05,2.4160837999999998e-05,1.2040512000000002e-05,9.782916000000001e-06,0.00017312226700000002,0.005289013944,0.0062410362,0.066818629032,0.44300254367999997,0.003138044928,0.000288745128,0.0010845684960000001,0.000311642364,0.015590630868000001,0.0,0.0,0.0,0.0,0.0,0.0,0.0,0.0,0.0,0.997894,235861.4348309279,4.764222,5.0024331,5.2406442,5.4788553,5.7170664,5.9552775,6.1934886,6.4316997,6.6699108,6.9081219,7.146333,7.3845441,7.6227552,7.8609663,8.0991774,8.3373885,8.5755996,8.813810700000001,9.0520218,9.2902329,9.528444
SF11C46893912282050980,21,,2019-05-18T21:00:00-0500,0.005701,0.005701,0.006085,0.045207,0.005142564478,0.006068222192,0.06476706661500001,0.44111725089799997,0.003046168549,0.00030094314799999997,0.001051674932,0.000308513821,0.015117827502000001,7.267634800000001e-05,8.5754442e-05,0.000716758225,0.016468467298000004,3.8133989e-05,2.4160837999999998e-05,1.2040512000000002e-05,9.782916000000001e-06,0.00017312226700000002,0.00506988813,0.00598246775,0.06405030839,0.42464878359999997,0.00300803456,0.00027678231,0.00103963442,0.000298730905,0.014944705235000001,0.0,0.0,0.0,0.0,0.0,0.0,0.0,0.0,0.0,0.999478,235861.4348309279,4.764222,5.0024331,5.2406442,5.4788553,5.7170664,5.9552775,6.1934886,6.4316997,6.6699108,6.9081219,7.146333,7.3845441,7.6227552,7.8609663,8.0991774,8.3373885,8.5755996,8.813810700000001,9.0520218,9.2902329,9.528444
SF11C46893912282050980,22,,2019-05-18T22:00:00-0500,0.005701,0.005701,0.005726,0.042477,0.0048434535760000005,0.0057152713420000004,0.060988256309000004,0.416064019458,0.002868701925,0.000284613674,0.000990339064,0.00029088943399999996,0.014236126733000001,7.267634800000001e-05,8.5754442e-05,0.000716758225,0.016468467298000004,3.8133989e-05,2.4160837999999998e-05,1.2040512000000002e-05,9.782916000000001e-06,0.00017312226700000002,0.004770777228,0.0056295169,0.060271498084,0.39959555216,0.002830567936,0.000260452836,0.000978298552,0.000281106518,0.014063004466000001,0.0,0.0,0.0,0.0,0.0,0.0,0.0,0.0,0.0,0.999481,235861.4348309279,4.764222,5.0024331,5.2406442,5.4788553,5.7170664,5.9552775,6.1934886,6.4316997,6.6699108,6.9081219,7.146333,7.3845441,7.6227552,7.8609663,8.0991774,8.3373885,8.5755996,8.813810700000001,9.0520218,9.2902329,9.528444
SF11C46893912282050980,23,,2019-05-18T23:00:00-0500,0.005701,0.005701,0.00528,0.039905,0.004471856188,0.005276786442,0.056293689745,0.384939392098,0.002648228069,0.00026432691799999997,0.0009141390719999999,0.00026899395599999995,0.013140754747,7.267634800000001e-05,8.5754442e-05,0.000716758225,0.016468467298000004,3.8133989e-05,2.4160837999999998e-05,1.2040512000000002e-05,9.782916000000001e-06,0.00017312226700000002,0.00439917984,0.005191032,0.05557693152,0.3684709248,0.00261009408,0.00024016608,0.00090209856,0.00025921103999999997,0.01296763248,0.0,0.0,0.0,0.0,0.0,0.0,0.0,0.0,0.0,0.999484,235861.4348309279,4.764222,5.0024331,5.2406442,5.4788553,5.7170664,5.9552775,6.1934886,6.4316997,6.6699108,6.9081219,7.146333,7.3845441,7.6227552,7.8609663,8.0991774,8.3373885,8.5755996,8.813810700000001,9.0520218,9.2902329,9.528444
SF11C46894012282050980,0,,2019-05-18T00:00:00-0600,0.005701,0.005701,0.004751,0.000329,0.009090527021000001,0.010726817723,0.108894624692,1.068177968741,0.005246244617,0.001092906399,0.001779609494,0.000698190167,0.025581893601999996,0.0021474868860000005,0.0025340317890000003,0.021179876316,0.486635695308,0.001126842557,0.000713862117,0.000355867822,0.00028908630800000005,0.00511562132,0.006943040135,0.008192785934,0.08771474837599999,0.581542273433,0.00411940206,0.00037904428200000005,0.001423741672,0.000409103859,0.020466272281999997,0.0,0.0,0.0,0.0,0.0,0.0,0.0,0.0,0.0,0.976359,907888.1507278671,2.487779,2.5344486,2.5811182,2.6277878,2.6744574,2.721127,2.7677966,2.8144662,2.8611358,2.9078054,2.9544750000000004,3.0011446,3.0478142000000004,3.0944838,3.1411534000000003,3.1878230000000003,3.2344926000000003,3.2811622000000003,3.3278318000000002,3.3745014,3.421171
SF11C46894012282050980,1,,2019-05-18T01:00:00-0600,0.005701,0.005701,0.003953,0.000579,0.007924341791,0.009350719391,0.09416164864399999,0.9704994307070001,0.004554330737,0.001029240363,0.0015404712379999998,0.0006294751850000001,0.022144283565999998,0.0021474868860000005,0.0025340317890000003,0.021179876316,0.486635695308,0.001126842557,0.000713862117,0.000355867822,0.00028908630800000005,0.00511562132,0.005776854905,0.006816687602,0.07298177232799999,0.483863735399,0.00342748818,0.000315378246,0.0011846034159999999,0.00034038887700000003,0.017028662245999998,0.0,0.0,0.0,0.0,0.0,0.0,0.0,0.0,0.0,0.976359,907888.1507278671,2.487779,2.54123345,2.5946879000000003,2.64814235,2.7015968000000004,2.75505125,2.8085057000000004,2.8619601500000003,2.9154146,2.9688690500000003,3.0223235,3.07577795,3.1292324000000002,3.18268685,3.2361413000000003,3.28959575,3.3430502000000004,3.3965046500000002,3.4499591,3.5034135500000003,3.556868
SF11C46894012282050980,2,,2019-05-18T02:00:00-0600,0.005701,0.005701,0.0034,0.000774,0.007116195886,0.008397107389,0.08395195471599999,0.902809917508,0.004074846557,0.000985120917,0.001374752622,0.000581856908,0.019762080119999997,0.0021474868860000005,0.0025340317890000003,0.021179876316,0.486635695308,0.001126842557,0.000713862117,0.000355867822,0.00028908630800000005,0.00511562132,0.004968708999999999,0.0058630756,0.06277207839999999,0.4161742222,0.002948004,0.0002712588,0.0010188848,0.0002927706,0.014646458799999998,0.0,0.0,0.0,0.0,0.0,0.0,0.0,0.0,0.0,0.984239,907888.1507278671,2.487779,2.4997319,2.5116848000000003,2.5236377,2.5355906000000004,2.5475435,2.5594964,2.5714493000000003,2.5834022,2.5953551000000004,2.607308,2.6192609,2.6312138000000003,2.6431667,2.6551196000000004,2.6670725,2.6790254,2.6909783000000003,2.7029312,2.7148841000000004,2.726837
SF11C46894012282050980,3,,2019-05-18T03:00:00-0600,0.005701,0.005701,0.003021,0.00093,0.006562330971,0.007743546903,0.076954714212,0.856418732151,0.0037462308170000003,0.0009548835389999999,0.0012611769339999999,0.000549221597,0.018129430741999998,0.0021474868860000005,0.0025340317890000003,0.021179876316,0.486635695308,0.001126842557,0.000713862117,0.000355867822,0.00028908630800000005,0.00511562132,0.0044148440849999995,0.005209515114,0.05577483789599999,0.369783036843,0.00261938826,0.000241021422,0.000905309112,0.00026013528899999997,0.013013809421999999,0.0,0.0,0.0,0.0,0.0,0.0,0.0,0.0,0.0,0.988179,907888.1507278671,2.487779,2.6121679500000003,2.7365569,2.8609458500000002,2.9853348000000004,3.10972375,3.2341127000000003,3.35850165,3.4828906,3.6072795500000003,3.7316685000000005,3.85605745,3.9804464000000004,4.10483535,4.2292243,4.35361325,4.478002200000001,4.602391150000001,4.726780100000001,4.85116905,4.975558
SF11C46894012282050980,4,,2019-05-18T04:00:00-0600,0.005701,0.005701,0.00276,0.001056,0.006180909486,0.007293469629,0.072136034076,0.8244712403879999,0.003519928157,0.000934060437,0.001182962542,0.000526747148,0.01700509964,0.0021474868860000005,0.0025340317890000003,0.021179876316,0.486635695308,0.001126842557,0.000713862117,0.000355867822,0.00028908630800000005,0.00511562132,0.004033422599999999,0.00475943784,0.050956157759999995,0.33783554507999997,0.0023930856,0.00022019832,0.00082709472,0.00023766084,0.011889478319999999,0.0,0.0,0.0,0.0,0.0,0.0,0.0,0.0,0.0,0.990543,907888.1507278671,2.487779,2.6121679500000003,2.7365569,2.8609458500000002,2.9853348000000004,3.10972375,3.2341127000000003,3.35850165,3.4828906,3.6072795500000003,3.7316685000000005,3.85605745,3.9804464000000004,4.10483535,4.2292243,4.35361325,4.478002200000001,4.602391150000001,4.726780100000001,4.85116905,4.975558
SF11C46894012282050980,5,,2019-05-18T05:00:00-0600,0.005701,0.005701,0.00258,0.001162,0.005917860186000001,0.0069830715090000006,0.068812806396,0.802438487448,0.0033638573570000004,0.000919699677,0.0011290215819999999,0.0005112475280000001,0.016229698879999997,0.0021474868860000005,0.0025340317890000003,0.021179876316,0.486635695308,0.001126842557,0.000713862117,0.000355867822,0.00028908630800000005,0.00511562132,0.0037703732999999997,0.00444903972,0.04763293008,0.31580279214,0.0022370148,0.00020583756,0.00077315376,0.00022216122,0.011114077559999998,0.0,0.0,0.0,0.0,0.0,0.0,0.0,0.0,0.0,0.99212,907888.1507278671,2.487779,2.6121679500000003,2.7365569,2.8609458500000002,2.9853348000000004,3.10972375,3.2341127000000003,3.35850165,3.4828906,3.6072795500000003,3.7316685000000005,3.85605745,3.9804464000000004,4.10483535,4.2292243,4.35361325,4.478002200000001,4.602391150000001,4.726780100000001,4.85116905,4.975558
SF11C46894012282050980,6,,2019-05-18T06:00:00-0600,0.005701,0.005701,0.002457,0.001251,0.005738109831,0.006770966127000001,0.066541934148,0.7873827729389999,0.003257208977,0.0009098864909999999,0.0010921619260000001,0.0005006561210000001,0.015699841694,0.0021474868860000005,0.0025340317890000003,0.021179876316,0.486635695308,0.001126842557,0.000713862117,0.000355867822,0.00028908630800000005,0.00511562132,0.0035906229449999996,0.004236934338,0.045362057831999994,0.300747077631,0.00213036642,0.00019602437400000002,0.000736294104,0.000211569813,0.010584220374,0.0,0.0,0.0,0.0,0.0,0.0,0.0,0.0,0.0,0.993245,907888.1507278671,2.487779,2.6121679500000003,2.7365569,2.8609458500000002,2.9853348000000004,3.10972375,3.2341127000000003,3.35850165,3.4828906,3.6072795500000003,3.7316685000000005,3.85605745,3.9804464000000004,4.10483535,4.2292243,4.35361325,4.478002200000001,4.602391150000001,4.726780100000001,4.85116905,4.975558
SF11C46894012282050980,7,,2019-05-18T07:00:00-0600,0.005701,0.005701,0.002372,0.001329,0.005613892106,0.006624389237000001,0.06497263218799999,0.776978417384,0.0031835088770000002,0.000903105021,0.001066689806,0.0004933368560000001,0.015333680223999998,0.0021474868860000005,0.0025340317890000003,0.021179876316,0.486635695308,0.001126842557,0.000713862117,0.000355867822,0.00028908630800000005,0.00511562132,0.0034664052199999996,0.004090357448,0.043792755871999996,0.290342722076,0.00205666632,0.00018924290400000002,0.000710821984,0.000204250548,0.010218058903999998,0.0,0.0,0.0,0.0,0.0,0.0,0.0,0.0,0.0,0.99409,907888.1507278671,2.487779,2.6121679500000003,2.7365569,2.8609458500000002,2.9853348000000004,3.10972375,3.2341127000000003,3.35850165,3.4828906,3.6072795500000003,3.7316685000000005,3.85605745,3.9804464000000004,4.10483535,4.2292243,4.35361325,4.478002200000001,4.602391150000001,4.726780100000001,4.85116905,4.975558
SF11C46894012282050980,8,,2019-05-18T08:00:00-0600,0.005701,0.005701,0.002186,0.001388,0.005342074496,0.006303644513000001,0.061538630252,0.754211239346,0.003022235717,0.000888265569,0.001010950814,0.00047732058200000005,0.014532432772,0.0021474868860000005,0.0025340317890000003,0.021179876316,0.486635695308,0.001126842557,0.000713862117,0.000355867822,0.00028908630800000005,0.00511562132,0.0031945876099999998,0.003769612724,0.040358753936,0.267575544038,0.0018953931600000002,0.00017440345200000001,0.000655082992,0.000188234274,0.009416811451999999,0.0,0.0,0.0,0.0,0.0,0.0,0.0,0.0,0.0,0.994746,907888.1507278671,2.487779,2.6121679500000003,2.7365569,2.8609458500000002,2.9853348000000004,3.10972375,3.2341127000000003,3.35850165,3.4828906,3.6072795500000003,3.7316685000000005,3.85605745,3.9804464000000004,4.10483535,4.2292243,4.35361325,4.478002200000001,4.602391150000001,4.726780100000001,4.85116905,4.975558
SF11C46894012282050980,9,,2019-05-18T09:00:00-0600,0.005701,0.005701,0.002869,0.00149,0.006340200451,0.007481432935000001,0.07414843306,0.837813296335,0.003614437697,0.000942756675,0.00121562679,0.000536133029,0.017474647878,0.0021474868860000005,0.0025340317890000003,0.021179876316,0.486635695308,0.001126842557,0.000713862117,0.000355867822,0.00028908630800000005,0.00511562132,0.004192713565,0.004947401146,0.052968556744,0.351177601027,0.0024875951400000003,0.00022889455800000001,0.000859758968,0.000247046721,0.012359026557999999,0.0,0.0,0.0,0.0,0.0,0.0,0.0,0.0,0.0,0.995272,907888.1507278671,2.487779,2.6121679500000003,2.7365569,2.8609458500000002,2.9853348000000004,3.10972375,3.2341127000000003,3.35850165,3.4828906,3.6072795500000003,3.7316685000000005,3.85605745,3.9804464000000004,4.10483535,4.2292243,4.35361325,4.478002200000001,4.602391150000001,4.726780100000001,4.85116905,4.975558
SF11C46894012282050980,10,,2019-05-18T10:00:00-0600,0.020004,0.020004,0.012401,0.002246,0.025657862128999998,0.030276263990000003,0.30326910524,3.225469872215,0.014706341688000002,0.00349421745,0.00496492216,0.002082200541,0.071370793862,0.007535226744,0.008891557956000001,0.074317180464,1.707535598832,0.0039539306280000006,0.002504840868,0.001248689688,0.0010143628320000001,0.017949989280000002,0.018122635385,0.021384706034,0.228951924776,1.5179342733830001,0.010752411060000001,0.0009893765820000002,0.003716232472,0.001067837709,0.053420804582,0.0,0.0,0.0,0.0,0.0,0.0,0.0,0.0,0.0,0.972312,3185650.6871005534,8.722455,9.15857775,9.5947005,10.030823250000001,10.466946,10.90306875,11.3391915,11.775314250000001,12.211437,12.64755975,13.0836825,13.519805250000001,13.955928,14.39205075,14.8281735,15.264296250000001,15.700419,16.13654175,16.572664500000002,17.00878725,17.44491
SF11C46894012282050980,11,,2019-05-18T11:00:00-0600,0.040008,0.040008,0.029251,0.004114,0.057817426123,0.068224534846,0.688677321304,6.995515954597,0.033270233316,0.007343385018,0.011263085047999999,0.004547500023000001,0.161906909842,0.015070453488,0.017783115912000002,0.148634360928,3.415071197664,0.007907861256000001,0.005009681736,0.002497379376,0.0020287256640000003,0.035899978560000004,0.042746972635,0.050441418934,0.540042960376,3.580444756933,0.025362372060000003,0.002333703282,0.008765705672,0.002518774359,0.126006931282,0.0,0.0,0.0,0.0,0.0,0.0,0.0,0.0,0.0,0.914918,6371301.374201107,17.42589,17.7996314,18.1733728,18.5471142,18.9208556,19.294597,19.6683384,20.0420798,20.4158212,20.7895626,21.163304,21.5370454,21.9107868,22.2845282,22.6582696,23.032011,23.4057524,23.7794938,24.1532352,24.5269766,24.900718
SF11C46894012282050980,12,,2019-05-18T12:00:00-0600,0.070014,0.070014,0.058374,0.007868,0.111680181594,0.13178256316200002,1.337832868248,13.121596374354002,0.064452517638,0.013424137506000001,0.021863467236000002,0.008576796678000001,0.314287428948,0.026373293604000005,0.031120452846000006,0.26011013162400004,5.9763745959120005,0.013838757198000002,0.008766943038,0.004370413908,0.0035502699120000007,0.06282496248000001,0.08530688799,0.100662110316,1.077722736624,7.145221778442001,0.05061376044,0.004657194468000001,0.017493053328,0.005026526766,0.25146246646799997,0.0,0.0,0.0,0.0,0.0,0.0,0.0,0.0,0.0,0.829211,11149777.404851938,30.44547,31.6303542,32.8152384,34.0001226,35.185006800000004,36.369891,37.5547752,38.7396594,39.9245436,41.109427800000006,42.294312000000005,43.479196200000004,44.6640804,45.8489646,47.0338488,48.218733,49.4036172,50.5885014,51.773385600000005,52.958269800000004,54.143154
SF11C46894012282050980,13,,2019-05-18T13:00:00-0600,0.10002,0.10002,0.092551,0.013726,0.172928776855,0.204055880914,2.080297263496,19.866307534993,0.1000169232,0.019908108222,0.033978391712,0.013041288219,0.48843947828199996,0.037676133720000005,0.04445778978,0.37158590232,8.53767799416,0.01976965314,0.01252420434,0.0062434484399999995,0.00507181416,0.0897499464,0.135252643135,0.159598091134,1.7087113611759999,11.328629540833,0.08024727006,0.007383903882,0.027734943271999997,0.007969474059,0.39868953188199996,0.0,0.0,0.0,0.0,0.0,0.0,0.0,0.0,0.0,0.754317,15928253.435502766,43.422487,45.5056558,47.588824599999995,49.6719934,51.7551622,53.838331,55.9214998,58.0046686,60.0878374,62.171006199999994,64.254175,66.3373438,68.4205126,70.5036814,72.5868502,74.670019,76.7531878,78.8363566,80.9195254,83.00269420000001,85.08586299999999
SF11C46894012282050980,14,,2019-05-18T14:00:00-0600,0.130026,0.130026,0.130485,0.021803,0.23966779556099999,0.282807897204,2.8921248053759996,27.070891211163,0.138838873182,0.026691819912000002,0.047219183892,0.017829291273,0.6787758645899998,0.048978973836,0.05779512671400001,0.483061673016,11.098981392408,0.025700549082,0.016281465642,0.008116482971999999,0.006593358408000001,0.11667493032000001,0.19068882172499999,0.22501277048999999,2.4090631323599996,15.971909818755,0.11313832409999999,0.01041035427,0.03910270092,0.011235932865,0.5621009342699999,0.0,0.0,0.0,0.0,0.0,0.0,0.0,0.0,0.0,0.703836,20706729.466153596,56.35708,59.2025425,62.048005,64.8934675,67.73893,70.5843925,73.429855,76.2753175,79.12078,81.96624249999999,84.811705,87.6571675,90.50263,93.3480925,96.193555,99.0390175,101.88448,104.72994249999999,107.57540499999999,110.42086749999999,113.26633
SF11C46894012282050980,15,,2019-05-18T15:00:00-0600,0.160032,0.160032,0.170666,0.032099,0.309690546362,0.36543471669200006,3.7454373061279997,34.550517086534,0.179609106984,0.033654801756000004,0.061133339056,0.022810781250000002,0.878791837052,0.060281813952,0.07113246364800001,0.594537443712,13.660284790656,0.031631445024000004,0.020038726944,0.009989517504,0.008114902656000001,0.14359991424000002,0.24940873241,0.29430225304400004,3.150899862416,20.890232295878,0.14797766196,0.013616074812000003,0.051143821552,0.014695878594000003,0.735191922812,0.0,0.0,0.0,0.0,0.0,0.0,0.0,0.0,0.0,0.736568,25485205.496804427,69.249389,71.8447832,74.4401774,77.0355716,79.6309658,82.22636,84.8217542,87.4171484,90.01254259999999,92.6079368,95.20333099999999,97.79872519999999,100.3941194,102.9895136,105.5849078,108.180302,110.7756962,113.3710904,115.9664846,118.5618788,121.157273
SF11C46894012282050980,16,,2019-05-18T16:00:00-0600,0.170034,0.170034,0.189188,0.042963,0.34052593270399995,0.401820462218,4.124556024632,37.671455163476,0.197645757618,0.036384944394,0.067308208684,0.024912873564,0.9675555698959999,0.064049427324,0.075578242626,0.631696033944,14.514052590072,0.033608410338,0.021291147378,0.010613862347999999,0.008622084072,0.15257490888,0.27647650537999996,0.326242219592,3.492859990688,23.157402573404,0.16403734728,0.015093797016,0.056694346336,0.016290789492,0.8149806610159999,0.0,0.0,0.0,0.0,0.0,0.0,0.0,0.0,0.0,0.783801,27078030.8403547,73.537452,75.49329325000001,77.4491345,79.40497575,81.360817,83.31665825,85.2724995,87.22834075,89.18418199999999,91.14002325,93.0958645,95.05170575,97.00754699999999,98.96338825,100.9192295,102.87507074999999,104.830912,106.78675325,108.7425945,110.69843574999999,112.654277
SF11C46894012282050980,17,,2019-05-18T17:00:00-0600,0.120024,0.120025,0.136984,0.049461,0.24539809999,0.289569659281,2.974956911884,27.012713556772,0.142497128465,0.025958027913,0.048542469798,0.017881782956,0.6977980424879999,0.04521173715000001,0.053349792225000005,0.44590679790000004,10.2452989527,0.023723781425,0.015029170425,0.0074922005500000005,0.0060862277,0.10770083300000001,0.20018636284,0.23621986705599998,2.529050113984,16.767414604072,0.11877334704,0.010928857488,0.041050269247999996,0.011795555256,0.5900972094879999,0.0,0.0,0.0,0.0,0.0,0.0,0.0,0.0,0.0,0.868512,19113904.12260332,52.050255,52.85879405,53.6673331,54.47587215,55.2844112,56.09295025,56.9014893,57.71002835,58.5185674,59.32710645,60.135645499999995,60.94418455,61.752723599999996,62.56126265,63.3698017,64.17834075,64.9868798,65.79541885,66.6039579,67.41249694999999,68.221036
SF11C46894012282050980,18,,2019-05-18T18:00:00-0600,0.070014,0.070015,0.080596,0.05161,0.14415545575,0.17010337999900002,1.7481075028359998,15.841747488688,0.083720522615,0.015197178327,0.028522840841999998,0.010490361584,0.41001585787199996,0.026373670289999998,0.031120897334999998,0.26011384674,5.976459955619999,0.013838954854999998,0.008767068255,0.004370476329999999,0.0035503206199999997,0.0628258598,0.11778178546,0.138982482664,1.4879936560959999,9.865287533068,0.06988156776,0.006430110072000001,0.024152364512,0.006940040964,0.34718999807199996,0.0,0.0,0.0,0.0,0.0,0.0,0.0,0.0,0.0,0.941127,11149777.404851938,30.44547,30.45046515,30.4554603,30.46045545,30.4654506,30.47044575,30.475440900000002,30.48043605,30.4854312,30.49042635,30.4954215,30.500416650000002,30.5054118,30.51040695,30.515402100000003,30.520397250000002,30.5253924,30.53038755,30.5353827,30.540377850000002,30.545373
SF11C46894012282050980,19,,2019-05-18T19:00:00-0600,0.040008,0.040008,0.04568,0.051197,0.081826520288,0.096555261032,0.9919956966079999,9.006494277104,0.047515162056,0.008654123496,0.016186396336,0.005962184784,0.23267946031999998,0.015070453488,0.017783115912000002,0.148634360928,3.415071197664,0.007907861256000001,0.005009681736,0.002497379376,0.0020287256640000003,0.035899978560000004,0.0667560668,0.07877214512,0.8433613356799999,5.59142307944,0.0396073008,0.00364444176,0.01368901696,0.00393345912,0.19677948175999999,0.0,0.0,0.0,0.0,0.0,0.0,0.0,0.0,0.0,0.981321,6371301.374201107,17.42589,18.2971845,19.168478999999998,20.0397735,20.911068,21.782362499999998,22.653657,23.5249515,24.396245999999998,25.2675405,26.138835,27.010129499999998,27.881424,28.7527185,29.624012999999998,30.4953075,31.366602,32.2378965,33.109190999999996,33.9804855,34.85178
SF11C46894012282050980,20,,2019-05-18T20:00:00-0600,0.005701,0.005702,0.006385,0.048096,0.011478806796999998,0.013544987368,0.13906586219199998,1.2682717634710001,0.006663218314000001,0.001223395404,0.002269335964,0.0008389429810000001,0.03262170671,0.002147863572,0.002534476278,0.021183591432,0.48672105501599994,0.001127040214,0.0007139873339999999,0.00035593024399999996,0.000289137016,0.00511651864,0.009330943224999999,0.01101051109,0.11788227075999999,0.7815507084550001,0.005536178100000001,0.0005094080700000001,0.00191340572,0.000549805965,0.02750518807,0.0,0.0,0.0,0.0,0.0,0.0,0.0,0.0,0.0,0.998901,907888.1507278671,2.487779,2.6121679500000003,2.7365569,2.8609458500000002,2.9853348000000004,3.10972375,3.2341127000000003,3.35850165,3.4828906,3.6072795500000003,3.7316685000000005,3.85605745,3.9804464000000004,4.10483535,4.2292243,4.35361325,4.478002200000001,4.602391150000001,4.726780100000001,4.85116905,4.975558
SF11C46894012282050980,21,,2019-05-18T21:00:00-0600,0.005701,0.005701,0.006082,0.04519,0.011035630456,0.013022039377,0.13346804714799998,1.231097936314,0.006400301477,0.001199096241,0.002178472926,0.000812801246,0.031315551444,0.0021474868860000005,0.0025340317890000003,0.021179876316,0.486635695308,0.001126842557,0.000713862117,0.000355867822,0.00028908630800000005,0.00511562132,0.00888814357,0.010488007588,0.11228817083199999,0.744462241006,0.00527345892,0.000485234124,0.001822605104,0.000523714938,0.026199930123999998,0.0,0.0,0.0,0.0,0.0,0.0,0.0,0.0,0.0,0.999727,907888.1507278671,2.487779,2.6121679500000003,2.7365569,2.8609458500000002,2.9853348000000004,3.10972375,3.2341127000000003,3.35850165,3.4828906,3.6072795500000003,3.7316685000000005,3.85605745,3.9804464000000004,4.10483535,4.2292243,4.35361325,4.478002200000001,4.602391150000001,4.726780100000001,4.85116905,4.975558
SF11C46894012282050980,22,,2019-05-18T22:00:00-0600,0.005701,0.005701,0.005723,0.042461,0.010510993241000001,0.012402967571,0.126840054164,1.187154834617,0.006089026937,0.001170454503,0.002070890678,0.0007818881150000001,0.029769057705999996,0.0021474868860000005,0.0025340317890000003,0.021179876316,0.486635695308,0.001126842557,0.000713862117,0.000355867822,0.00028908630800000005,0.00511562132,0.008363506355,0.009868935782,0.10566017784799998,0.700519139309,0.00496218438,0.000456592386,0.001715022856,0.000492801807,0.024653436385999997,0.0,0.0,0.0,0.0,0.0,0.0,0.0,0.0,0.0,0.999729,907888.1507278671,2.487779,2.6121679500000003,2.7365569,2.8609458500000002,2.9853348000000004,3.10972375,3.2341127000000003,3.35850165,3.4828906,3.6072795500000003,3.7316685000000005,3.85605745,3.9804464000000004,4.10483535,4.2292243,4.35361325,4.478002200000001,4.602391150000001,4.726780100000001,4.85116905,4.975558
SF11C46894012282050980,23,,2019-05-18T23:00:00-0600,0.005701,0.005701,0.005278,0.03989,0.009860676916,0.011635594441,0.118624296844,1.1326849731820001,0.005703185237,0.001134951513,0.0019375366379999997,0.0007435696100000001,0.027852094715999996,0.0021474868860000005,0.0025340317890000003,0.021179876316,0.486635695308,0.001126842557,0.000713862117,0.000355867822,0.00028908630800000005,0.00511562132,0.007713190029999999,0.009101562652,0.097444420528,0.646049277874,0.00457634268,0.000421089396,0.0015816688159999998,0.000454483302,0.022736473395999997,0.0,0.0,0.0,0.0,0.0,0.0,0.0,0.0,0.0,0.99973,907888.1507278671,2.487779,2.6121679500000003,2.7365569,2.8609458500000002,2.9853348000000004,3.10972375,3.2341127000000003,3.35850165,3.4828906,3.6072795500000003,3.7316685000000005,3.85605745,3.9804464000000004,4.10483535,4.2292243,4.35361325,4.478002200000001,4.602391150000001,4.726780100000001,4.85116905,4.975558
SF11C46894112282050980,0,,2019-05-18T00:00:00-0700,0.005701,0.005701,0.004404,0.000304,0.0,0.0,0.0,0.0,0.0,0.0,0.0,0.0,0.0,0.0,0.0,0.0,0.0,0.0,0.0,0.0,0.0,0.0,0.0,0.0,0.0,0.0,0.0,0.0,0.0,0.0,0.0,0.0,0.0,0.0,0.0,0.0,0.0,0.0,0.0,0.0,0.997406,,0.0,0.0,0.0,0.0,0.0,0.0,0.0,0.0,0.0,0.0,0.0,0.0,0.0,0.0,0.0,0.0,0.0,0.0,0.0,0.0,0.0
SF11C46894112282050980,1,,2019-05-18T01:00:00-0700,0.005701,0.005701,0.003775,0.000544,0.0,0.0,0.0,0.0,0.0,0.0,0.0,0.0,0.0,0.0,0.0,0.0,0.0,0.0,0.0,0.0,0.0,0.0,0.0,0.0,0.0,0.0,0.0,0.0,0.0,0.0,0.0,0.0,0.0,0.0,0.0,0.0,0.0,0.0,0.0,0.0,0.997406,,0.0,0.0,0.0,0.0,0.0,0.0,0.0,0.0,0.0,0.0,0.0,0.0,0.0,0.0,0.0,0.0,0.0,0.0,0.0,0.0,0.0
SF11C46894112282050980,2,,2019-05-18T02:00:00-0700,0.005701,0.005701,0.003325,0.000737,0.0,0.0,0.0,0.0,0.0,0.0,0.0,0.0,0.0,0.0,0.0,0.0,0.0,0.0,0.0,0.0,0.0,0.0,0.0,0.0,0.0,0.0,0.0,0.0,0.0,0.0,0.0,0.0,0.0,0.0,0.0,0.0,0.0,0.0,0.0,0.0,0.998271,,0.0,0.0,0.0,0.0,0.0,0.0,0.0,0.0,0.0,0.0,0.0,0.0,0.0,0.0,0.0,0.0,0.0,0.0,0.0,0.0,0.0
SF11C46894112282050980,3,,2019-05-18T03:00:00-0700,0.005701,0.005701,0.003003,0.000893,0.0,0.0,0.0,0.0,0.0,0.0,0.0,0.0,0.0,0.0,0.0,0.0,0.0,0.0,0.0,0.0,0.0,0.0,0.0,0.0,0.0,0.0,0.0,0.0,0.0,0.0,0.0,0.0,0.0,0.0,0.0,0.0,0.0,0.0,0.0,0.0,0.998703,,0.0,0.0,0.0,0.0,0.0,0.0,0.0,0.0,0.0,0.0,0.0,0.0,0.0,0.0,0.0,0.0,0.0,0.0,0.0,0.0,0.0
SF11C46894112282050980,4,,2019-05-18T04:00:00-0700,0.005701,0.005701,0.002771,0.001023,0.0,0.0,0.0,0.0,0.0,0.0,0.0,0.0,0.0,0.0,0.0,0.0,0.0,0.0,0.0,0.0,0.0,0.0,0.0,0.0,0.0,0.0,0.0,0.0,0.0,0.0,0.0,0.0,0.0,0.0,0.0,0.0,0.0,0.0,0.0,0.0,0.998963,,0.0,0.0,0.0,0.0,0.0,0.0,0.0,0.0,0.0,0.0,0.0,0.0,0.0,0.0,0.0,0.0,0.0,0.0,0.0,0.0,0.0
SF11C46894112282050980,5,,2019-05-18T05:00:00-0700,0.005701,0.005701,0.002606,0.001133,0.0,0.0,0.0,0.0,0.0,0.0,0.0,0.0,0.0,0.0,0.0,0.0,0.0,0.0,0.0,0.0,0.0,0.0,0.0,0.0,0.0,0.0,0.0,0.0,0.0,0.0,0.0,0.0,0.0,0.0,0.0,0.0,0.0,0.0,0.0,0.0,0.999135,,0.0,0.0,0.0,0.0,0.0,0.0,0.0,0.0,0.0,0.0,0.0,0.0,0.0,0.0,0.0,0.0,0.0,0.0,0.0,0.0,0.0
SF11C46894112282050980,6,,2019-05-18T06:00:00-0700,0.005701,0.005701,0.002487,0.001226,0.0,0.0,0.0,0.0,0.0,0.0,0.0,0.0,0.0,0.0,0.0,0.0,0.0,0.0,0.0,0.0,0.0,0.0,0.0,0.0,0.0,0.0,0.0,0.0,0.0,0.0,0.0,0.0,0.0,0.0,0.0,0.0,0.0,0.0,0.0,0.0,0.999259,,0.0,0.0,0.0,0.0,0.0,0.0,0.0,0.0,0.0,0.0,0.0,0.0,0.0,0.0,0.0,0.0,0.0,0.0,0.0,0.0,0.0
SF11C46894112282050980,7,,2019-05-18T07:00:00-0700,0.005701,0.005701,0.002402,0.001308,0.0,0.0,0.0,0.0,0.0,0.0,0.0,0.0,0.0,0.0,0.0,0.0,0.0,0.0,0.0,0.0,0.0,0.0,0.0,0.0,0.0,0.0,0.0,0.0,0.0,0.0,0.0,0.0,0.0,0.0,0.0,0.0,0.0,0.0,0.0,0.0,0.999352,,0.0,0.0,0.0,0.0,0.0,0.0,0.0,0.0,0.0,0.0,0.0,0.0,0.0,0.0,0.0,0.0,0.0,0.0,0.0,0.0,0.0
SF11C46894112282050980,8,,2019-05-18T08:00:00-0700,0.005701,0.005701,0.002187,0.001368,0.0,0.0,0.0,0.0,0.0,0.0,0.0,0.0,0.0,0.0,0.0,0.0,0.0,0.0,0.0,0.0,0.0,0.0,0.0,0.0,0.0,0.0,0.0,0.0,0.0,0.0,0.0,0.0,0.0,0.0,0.0,0.0,0.0,0.0,0.0,0.0,0.999424,,0.0,0.0,0.0,0.0,0.0,0.0,0.0,0.0,0.0,0.0,0.0,0.0,0.0,0.0,0.0,0.0,0.0,0.0,0.0,0.0,0.0
SF11C46894112282050980,9,,2019-05-18T09:00:00-0700,0.005701,0.005701,0.002871,0.001472,0.0,0.0,0.0,0.0,0.0,0.0,0.0,0.0,0.0,0.0,0.0,0.0,0.0,0.0,0.0,0.0,0.0,0.0,0.0,0.0,0.0,0.0,0.0,0.0,0.0,0.0,0.0,0.0,0.0,0.0,0.0,0.0,0.0,0.0,0.0,0.0,0.999481,,0.0,0.0,0.0,0.0,0.0,0.0,0.0,0.0,0.0,0.0,0.0,0.0,0.0,0.0,0.0,0.0,0.0,0.0,0.0,0.0,0.0
SF11C46894112282050980,10,,2019-05-18T10:00:00-0700,0.020004,0.020004,0.012417,0.002229,0.0,0.0,0.0,0.0,0.0,0.0,0.0,0.0,0.0,0.0,0.0,0.0,0.0,0.0,0.0,0.0,0.0,0.0,0.0,0.0,0.0,0.0,0.0,0.0,0.0,0.0,0.0,0.0,0.0,0.0,0.0,0.0,0.0,0.0,0.0,0.0,0.996962,,0.0,0.0,0.0,0.0,0.0,0.0,0.0,0.0,0.0,0.0,0.0,0.0,0.0,0.0,0.0,0.0,0.0,0.0,0.0,0.0,0.0
SF11C46894112282050980,11,,2019-05-18T11:00:00-0700,0.040008,0.040008,0.029285,0.0041,0.0,0.0,0.0,0.0,0.0,0.0,0.0,0.0,0.0,0.0,0.0,0.0,0.0,0.0,0.0,0.0,0.0,0.0,0.0,0.0,0.0,0.0,0.0,0.0,0.0,0.0,0.0,0.0,0.0,0.0,0.0,0.0,0.0,0.0,0.0,0.0,0.990666,,0.0,0.0,0.0,0.0,0.0,0.0,0.0,0.0,0.0,0.0,0.0,0.0,0.0,0.0,0.0,0.0,0.0,0.0,0.0,0.0,0.0
SF11C46894112282050980,12,,2019-05-18T12:00:00-0700,0.070014,0.070014,0.058436,0.007857,0.0,0.0,0.0,0.0,0.0,0.0,0.0,0.0,0.0,0.0,0.0,0.0,0.0,0.0,0.0,0.0,0.0,0.0,0.0,0.0,0.0,0.0,0.0,0.0,0.0,0.0,0.0,0.0,0.0,0.0,0.0,0.0,0.0,0.0,0.0,0.0,0.981263,,0.0,0.0,0.0,0.0,0.0,0.0,0.0,0.0,0.0,0.0,0.0,0.0,0.0,0.0,0.0,0.0,0.0,0.0,0.0,0.0,0.0
SF11C46894112282050980,13,,2019-05-18T13:00:00-0700,0.10002,0.10002,0.092637,0.01372,0.0,0.0,0.0,0.0,0.0,0.0,0.0,0.0,0.0,0.0,0.0,0.0,0.0,0.0,0.0,0.0,0.0,0.0,0.0,0.0,0.0,0.0,0.0,0.0,0.0,0.0,0.0,0.0,0.0,0.0,0.0,0.0,0.0,0.0,0.0,0.0,0.973046,,0.0,0.0,0.0,0.0,0.0,0.0,0.0,0.0,0.0,0.0,0.0,0.0,0.0,0.0,0.0,0.0,0.0,0.0,0.0,0.0,0.0
SF11C46894112282050980,14,,2019-05-18T14:00:00-0700,0.130026,0.130026,0.130595,0.021801,0.0,0.0,0.0,0.0,0.0,0.0,0.0,0.0,0.0,0.0,0.0,0.0,0.0,0.0,0.0,0.0,0.0,0.0,0.0,0.0,0.0,0.0,0.0,0.0,0.0,0.0,0.0,0.0,0.0,0.0,0.0,0.0,0.0,0.0,0.0,0.0,0.967373,,0.0,0.0,0.0,0.0,0.0,0.0,0.0,0.0,0.0,0.0,0.0,0.0,0.0,0.0,0.0,0.0,0.0,0.0,0.0,0.0,0.0
SF11C46894112282050980,15,,2019-05-18T15:00:00-0700,0.160032,0.160032,0.1708,0.032104,0.0,0.0,0.0,0.0,0.0,0.0,0.0,0.0,0.0,0.0,0.0,0.0,0.0,0.0,0.0,0.0,0.0,0.0,0.0,0.0,0.0,0.0,0.0,0.0,0.0,0.0,0.0,0.0,0.0,0.0,0.0,0.0,0.0,0.0,0.0,0.0,0.963408,,0.0,0.0,0.0,0.0,0.0,0.0,0.0,0.0,0.0,0.0,0.0,0.0,0.0,0.0,0.0,0.0,0.0,0.0,0.0,0.0,0.0
SF11C46894112282050980,16,,2019-05-18T16:00:00-0700,0.170034,0.170034,0.189309,0.042975,0.0,0.0,0.0,0.0,0.0,0.0,0.0,0.0,0.0,0.0,0.0,0.0,0.0,0.0,0.0,0.0,0.0,0.0,0.0,0.0,0.0,0.0,0.0,0.0,0.0,0.0,0.0,0.0,0.0,0.0,0.0,0.0,0.0,0.0,0.0,0.0,0.965826,,0.0,0.0,0.0,0.0,0.0,0.0,0.0,0.0,0.0,0.0,0.0,0.0,0.0,0.0,0.0,0.0,0.0,0.0,0.0,0.0,0.0
SF11C46894112282050980,17,,2019-05-18T17:00:00-0700,0.120024,0.120024,0.137003,0.049477,0.0,0.0,0.0,0.0,0.0,0.0,0.0,0.0,0.0,0.0,0.0,0.0,0.0,0.0,0.0,0.0,0.0,0.0,0.0,0.0,0.0,0.0,0.0,0.0,0.0,0.0,0.0,0.0,0.0,0.0,0.0,0.0,0.0,0.0,0.0,0.0,0.981736,,0.0,0.0,0.0,0.0,0.0,0.0,0.0,0.0,0.0,0.0,0.0,0.0,0.0,0.0,0.0,0.0,0.0,0.0,0.0,0.0,0.0
SF11C46894112282050980,18,,2019-05-18T18:00:00-0700,0.070014,0.070014,0.08058,0.051627,0.0,0.0,0.0,0.0,0.0,0.0,0.0,0.0,0.0,0.0,0.0,0.0,0.0,0.0,0.0,0.0,0.0,0.0,0.0,0.0,0.0,0.0,0.0,0.0,0.0,0.0,0.0,0.0,0.0,0.0,0.0,0.0,0.0,0.0,0.0,0.0,0.993541,,0.0,0.0,0.0,0.0,0.0,0.0,0.0,0.0,0.0,0.0,0.0,0.0,0.0,0.0,0.0,0.0,0.0,0.0,0.0,0.0,0.0
SF11C46894112282050980,19,,2019-05-18T19:00:00-0700,0.040008,0.040008,0.045668,0.051215,0.0,0.0,0.0,0.0,0.0,0.0,0.0,0.0,0.0,0.0,0.0,0.0,0.0,0.0,0.0,0.0,0.0,0.0,0.0,0.0,0.0,0.0,0.0,0.0,0.0,0.0,0.0,0.0,0.0,0.0,0.0,0.0,0.0,0.0,0.0,0.0,0.997951,,0.0,0.0,0.0,0.0,0.0,0.0,0.0,0.0,0.0,0.0,0.0,0.0,0.0,0.0,0.0,0.0,0.0,0.0,0.0,0.0,0.0
SF11C46894112282050980,20,,2019-05-18T20:00:00-0700,0.005701,0.005701,0.006347,0.048113,0.0,0.0,0.0,0.0,0.0,0.0,0.0,0.0,0.0,0.0,0.0,0.0,0.0,0.0,0.0,0.0,0.0,0.0,0.0,0.0,0.0,0.0,0.0,0.0,0.0,0.0,0.0,0.0,0.0,0.0,0.0,0.0,0.0,0.0,0.0,0.0,0.999879,,0.0,0.0,0.0,0.0,0.0,0.0,0.0,0.0,0.0,0.0,0.0,0.0,0.0,0.0,0.0,0.0,0.0,0.0,0.0,0.0,0.0
SF11C46894112282050980,21,,2019-05-18T21:00:00-0700,0.005701,0.005701,0.006085,0.045207,0.0,0.0,0.0,0.0,0.0,0.0,0.0,0.0,0.0,0.0,0.0,0.0,0.0,0.0,0.0,0.0,0.0,0.0,0.0,0.0,0.0,0.0,0.0,0.0,0.0,0.0,0.0,0.0,0.0,0.0,0.0,0.0,0.0,0.0,0.0,0.0,0.99997,,0.0,0.0,0.0,0.0,0.0,0.0,0.0,0.0,0.0,0.0,0.0,0.0,0.0,0.0,0.0,0.0,0.0,0.0,0.0,0.0,0.0
SF11C46894112282050980,22,,2019-05-18T22:00:00-0700,0.005701,0.005701,0.005726,0.042477,0.0,0.0,0.0,0.0,0.0,0.0,0.0,0.0,0.0,0.0,0.0,0.0,0.0,0.0,0.0,0.0,0.0,0.0,0.0,0.0,0.0,0.0,0.0,0.0,0.0,0.0,0.0,0.0,0.0,0.0,0.0,0.0,0.0,0.0,0.0,0.0,0.99997,,0.0,0.0,0.0,0.0,0.0,0.0,0.0,0.0,0.0,0.0,0.0,0.0,0.0,0.0,0.0,0.0,0.0,0.0,0.0,0.0,0.0
SF11C46894112282050980,23,,2019-05-18T23:00:00-0700,0.005701,0.005701,0.00528,0.039905,0.0,0.0,0.0,0.0,0.0,0.0,0.0,0.0,0.0,0.0,0.0,0.0,0.0,0.0,0.0,0.0,0.0,0.0,0.0,0.0,0.0,0.0,0.0,0.0,0.0,0.0,0.0,0.0,0.0,0.0,0.0,0.0,0.0,0.0,0.0,0.0,0.99997,,0.0,0.0,0.0,0.0,0.0,0.0,0.0,0.0,0.0,0.0,0.0,0.0,0.0,0.0,0.0,0.0,0.0,0.0,0.0,0.0,0.0
SF11C46894212282050980,0,,2019-05-18T00:00:00-0500,0.005701,0.005701,0.004404,0.000304,0.0,0.0,0.0,0.0,0.0,0.0,0.0,0.0,0.0,0.0,0.0,0.0,0.0,0.0,0.0,0.0,0.0,0.0,0.0,0.0,0.0,0.0,0.0,0.0,0.0,0.0,0.0,0.0,0.0,0.0,0.0,0.0,0.0,0.0,0.0,0.0,0.965369,,0.0,0.0,0.0,0.0,0.0,0.0,0.0,0.0,0.0,0.0,0.0,0.0,0.0,0.0,0.0,0.0,0.0,0.0,0.0,0.0,0.0
SF11C46894212282050980,1,,2019-05-18T01:00:00-0500,0.005701,0.005701,0.003775,0.000544,0.0,0.0,0.0,0.0,0.0,0.0,0.0,0.0,0.0,0.0,0.0,0.0,0.0,0.0,0.0,0.0,0.0,0.0,0.0,0.0,0.0,0.0,0.0,0.0,0.0,0.0,0.0,0.0,0.0,0.0,0.0,0.0,0.0,0.0,0.0,0.0,0.965369,,0.0,0.0,0.0,0.0,0.0,0.0,0.0,0.0,0.0,0.0,0.0,0.0,0.0,0.0,0.0,0.0,0.0,0.0,0.0,0.0,0.0
SF11C46894212282050980,2,,2019-05-18T02:00:00-0500,0.005701,0.005701,0.003325,0.000737,0.0,0.0,0.0,0.0,0.0,0.0,0.0,0.0,0.0,0.0,0.0,0.0,0.0,0.0,0.0,0.0,0.0,0.0,0.0,0.0,0.0,0.0,0.0,0.0,0.0,0.0,0.0,0.0,0.0,0.0,0.0,0.0,0.0,0.0,0.0,0.0,0.976912,,0.0,0.0,0.0,0.0,0.0,0.0,0.0,0.0,0.0,0.0,0.0,0.0,0.0,0.0,0.0,0.0,0.0,0.0,0.0,0.0,0.0
SF11C46894212282050980,3,,2019-05-18T03:00:00-0500,0.005701,0.005701,0.003003,0.000893,0.0,0.0,0.0,0.0,0.0,0.0,0.0,0.0,0.0,0.0,0.0,0.0,0.0,0.0,0.0,0.0,0.0,0.0,0.0,0.0,0.0,0.0,0.0,0.0,0.0,0.0,0.0,0.0,0.0,0.0,0.0,0.0,0.0,0.0,0.0,0.0,0.982684,,0.0,0.0,0.0,0.0,0.0,0.0,0.0,0.0,0.0,0.0,0.0,0.0,0.0,0.0,0.0,0.0,0.0,0.0,0.0,0.0,0.0
SF11C46894212282050980,4,,2019-05-18T04:00:00-0500,0.005701,0.005701,0.002771,0.001023,0.0,0.0,0.0,0.0,0.0,0.0,0.0,0.0,0.0,0.0,0.0,0.0,0.0,0.0,0.0,0.0,0.0,0.0,0.0,0.0,0.0,0.0,0.0,0.0,0.0,0.0,0.0,0.0,0.0,0.0,0.0,0.0,0.0,0.0,0.0,0.0,0.986147,,0.0,0.0,0.0,0.0,0.0,0.0,0.0,0.0,0.0,0.0,0.0,0.0,0.0,0.0,0.0,0.0,0.0,0.0,0.0,0.0,0.0
SF11C46894212282050980,5,,2019-05-18T05:00:00-0500,0.005701,0.005701,0.002606,0.001133,0.0,0.0,0.0,0.0,0.0,0.0,0.0,0.0,0.0,0.0,0.0,0.0,0.0,0.0,0.0,0.0,0.0,0.0,0.0,0.0,0.0,0.0,0.0,0.0,0.0,0.0,0.0,0.0,0.0,0.0,0.0,0.0,0.0,0.0,0.0,0.0,0.988456,,0.0,0.0,0.0,0.0,0.0,0.0,0.0,0.0,0.0,0.0,0.0,0.0,0.0,0.0,0.0,0.0,0.0,0.0,0.0,0.0,0.0
SF11C46894212282050980,6,,2019-05-18T06:00:00-0500,0.005701,0.005701,0.002487,0.001226,0.0,0.0,0.0,0.0,0.0,0.0,0.0,0.0,0.0,0.0,0.0,0.0,0.0,0.0,0.0,0.0,0.0,0.0,0.0,0.0,0.0,0.0,0.0,0.0,0.0,0.0,0.0,0.0,0.0,0.0,0.0,0.0,0.0,0.0,0.0,0.0,0.990105,,0.0,0.0,0.0,0.0,0.0,0.0,0.0,0.0,0.0,0.0,0.0,0.0,0.0,0.0,0.0,0.0,0.0,0.0,0.0,0.0,0.0
SF11C46894212282050980,7,,2019-05-18T07:00:00-0500,0.005701,0.005701,0.002402,0.001308,0.0,0.0,0.0,0.0,0.0,0.0,0.0,0.0,0.0,0.0,0.0,0.0,0.0,0.0,0.0,0.0,0.0,0.0,0.0,0.0,0.0,0.0,0.0,0.0,0.0,0.0,0.0,0.0,0.0,0.0,0.0,0.0,0.0,0.0,0.0,0.0,0.991342,,0.0,0.0,0.0,0.0,0.0,0.0,0.0,0.0,0.0,0.0,0.0,0.0,0.0,0.0,0.0,0.0,0.0,0.0,0.0,0.0,0.0
SF11C46894212282050980,8,,2019-05-18T08:00:00-0500,0.005701,0.005701,0.002187,0.001368,0.0,0.0,0.0,0.0,0.0,0.0,0.0,0.0,0.0,0.0,0.0,0.0,0.0,0.0,0.0,0.0,0.0,0.0,0.0,0.0,0.0,0.0,0.0,0.0,0.0,0.0,0.0,0.0,0.0,0.0,0.0,0.0,0.0,0.0,0.0,0.0,0.992304,,0.0,0.0,0.0,0.0,0.0,0.0,0.0,0.0,0.0,0.0,0.0,0.0,0.0,0.0,0.0,0.0,0.0,0.0,0.0,0.0,0.0
SF11C46894212282050980,9,,2019-05-18T09:00:00-0500,0.005701,0.005701,0.002871,0.001472,0.0,0.0,0.0,0.0,0.0,0.0,0.0,0.0,0.0,0.0,0.0,0.0,0.0,0.0,0.0,0.0,0.0,0.0,0.0,0.0,0.0,0.0,0.0,0.0,0.0,0.0,0.0,0.0,0.0,0.0,0.0,0.0,0.0,0.0,0.0,0.0,0.993074,,0.0,0.0,0.0,0.0,0.0,0.0,0.0,0.0,0.0,0.0,0.0,0.0,0.0,0.0,0.0,0.0,0.0,0.0,0.0,0.0,0.0
SF11C46894212282050980,10,,2019-05-18T10:00:00-0500,0.020004,0.020004,0.012417,0.002229,0.0,0.0,0.0,0.0,0.0,0.0,0.0,0.0,0.0,0.0,0.0,0.0,0.0,0.0,0.0,0.0,0.0,0.0,0.0,0.0,0.0,0.0,0.0,0.0,0.0,0.0,0.0,0.0,0.0,0.0,0.0,0.0,0.0,0.0,0.0,0.0,0.959441,,0.0,0.0,0.0,0.0,0.0,0.0,0.0,0.0,0.0,0.0,0.0,0.0,0.0,0.0,0.0,0.0,0.0,0.0,0.0,0.0,0.0
SF11C46894212282050980,11,,2019-05-18T11:00:00-0500,0.040008,0.040008,0.029285,0.0041,0.0,0.0,0.0,0.0,0.0,0.0,0.0,0.0,0.0,0.0,0.0,0.0,0.0,0.0,0.0,0.0,0.0,0.0,0.0,0.0,0.0,0.0,0.0,0.0,0.0,0.0,0.0,0.0,0.0,0.0,0.0,0.0,0.0,0.0,0.0,0.0,0.875366,,0.0,0.0,0.0,0.0,0.0,0.0,0.0,0.0,0.0,0.0,0.0,0.0,0.0,0.0,0.0,0.0,0.0,0.0,0.0,0.0,0.0
SF11C46894212282050980,12,,2019-05-18T12:00:00-0500,0.070014,0.070014,0.058436,0.007857,0.0,0.0,0.0,0.0,0.0,0.0,0.0,0.0,0.0,0.0,0.0,0.0,0.0,0.0,0.0,0.0,0.0,0.0,0.0,0.0,0.0,0.0,0.0,0.0,0.0,0.0,0.0,0.0,0.0,0.0,0.0,0.0,0.0,0.0,0.0,0.0,0.749816,,0.0,0.0,0.0,0.0,0.0,0.0,0.0,0.0,0.0,0.0,0.0,0.0,0.0,0.0,0.0,0.0,0.0,0.0,0.0,0.0,0.0
SF11C46894212282050980,13,,2019-05-18T13:00:00-0500,0.10002,0.10002,0.092637,0.01372,0.0,0.0,0.0,0.0,0.0,0.0,0.0,0.0,0.0,0.0,0.0,0.0,0.0,0.0,0.0,0.0,0.0,0.0,0.0,0.0,0.0,0.0,0.0,0.0,0.0,0.0,0.0,0.0,0.0,0.0,0.0,0.0,0.0,0.0,0.0,0.0,0.668988,,0.0,0.0,0.0,0.0,0.0,0.0,0.0,0.0,0.0,0.0,0.0,0.0,0.0,0.0,0.0,0.0,0.0,0.0,0.0,0.0,0.0
SF11C46894212282050980,14,,2019-05-18T14:00:00-0500,0.130026,0.130026,0.130595,0.021801,0.0,0.0,0.0,0.0,0.0,0.0,0.0,0.0,0.0,0.0,0.0,0.0,0.0,0.0,0.0,0.0,0.0,0.0,0.0,0.0,0.0,0.0,0.0,0.0,0.0,0.0,0.0,0.0,0.0,0.0,0.0,0.0,0.0,0.0,0.0,0.0,0.703836,,0.0,0.0,0.0,0.0,0.0,0.0,0.0,0.0,0.0,0.0,0.0,0.0,0.0,0.0,0.0,0.0,0.0,0.0,0.0,0.0,0.0
SF11C46894212282050980,15,,2019-05-18T15:00:00-0500,0.160032,0.160032,0.1708,0.032104,0.0,0.0,0.0,0.0,0.0,0.0,0.0,0.0,0.0,0.0,0.0,0.0,0.0,0.0,0.0,0.0,0.0,0.0,0.0,0.0,0.0,0.0,0.0,0.0,0.0,0.0,0.0,0.0,0.0,0.0,0.0,0.0,0.0,0.0,0.0,0.0,0.736568,,0.0,0.0,0.0,0.0,0.0,0.0,0.0,0.0,0.0,0.0,0.0,0.0,0.0,0.0,0.0,0.0,0.0,0.0,0.0,0.0,0.0
SF11C46894212282050980,16,,2019-05-18T16:00:00-0500,0.170034,0.170034,0.189309,0.042975,0.0,0.0,0.0,0.0,0.0,0.0,0.0,0.0,0.0,0.0,0.0,0.0,0.0,0.0,0.0,0.0,0.0,0.0,0.0,0.0,0.0,0.0,0.0,0.0,0.0,0.0,0.0,0.0,0.0,0.0,0.0,0.0,0.0,0.0,0.0,0.0,0.783801,,0.0,0.0,0.0,0.0,0.0,0.0,0.0,0.0,0.0,0.0,0.0,0.0,0.0,0.0,0.0,0.0,0.0,0.0,0.0,0.0,0.0
SF11C46894212282050980,17,,2019-05-18T17:00:00-0500,0.120024,0.120024,0.137003,0.049477,0.0,0.0,0.0,0.0,0.0,0.0,0.0,0.0,0.0,0.0,0.0,0.0,0.0,0.0,0.0,0.0,0.0,0.0,0.0,0.0,0.0,0.0,0.0,0.0,0.0,0.0,0.0,0.0,0.0,0.0,0.0,0.0,0.0,0.0,0.0,0.0,0.868512,,0.0,0.0,0.0,0.0,0.0,0.0,0.0,0.0,0.0,0.0,0.0,0.0,0.0,0.0,0.0,0.0,0.0,0.0,0.0,0.0,0.0
SF11C46894212282050980,18,,2019-05-18T18:00:00-0500,0.070014,0.070014,0.08058,0.051627,0.0,0.0,0.0,0.0,0.0,0.0,0.0,0.0,0.0,0.0,0.0,0.0,0.0,0.0,0.0,0.0,0.0,0.0,0.0,0.0,0.0,0.0,0.0,0.0,0.0,0.0,0.0,0.0,0.0,0.0,0.0,0.0,0.0,0.0,0.0,0.0,0.929029,,0.0,0.0,0.0,0.0,0.0,0.0,0.0,0.0,0.0,0.0,0.0,0.0,0.0,0.0,0.0,0.0,0.0,0.0,0.0,0.0,0.0
SF11C46894212282050980,19,,2019-05-18T19:00:00-0500,0.040008,0.040008,0.045668,0.051215,0.0,0.0,0.0,0.0,0.0,0.0,0.0,0.0,0.0,0.0,0.0,0.0,0.0,0.0,0.0,0.0,0.0,0.0,0.0,0.0,0.0,0.0,0.0,0.0,0.0,0.0,0.0,0.0,0.0,0.0,0.0,0.0,0.0,0.0,0.0,0.0,0.972637,,0.0,0.0,0.0,0.0,0.0,0.0,0.0,0.0,0.0,0.0,0.0,0.0,0.0,0.0,0.0,0.0,0.0,0.0,0.0,0.0,0.0
SF11C46894212282050980,20,,2019-05-18T20:00:00-0500,0.005701,0.005701,0.006347,0.048113,0.0,0.0,0.0,0.0,0.0,0.0,0.0,0.0,0.0,0.0,0.0,0.0,0.0,0.0,0.0,0.0,0.0,0.0,0.0,0.0,0.0,0.0,0.0,0.0,0.0,0.0,0.0,0.0,0.0,0.0,0.0,0.0,0.0,0.0,0.0,0.0,0.998389,,0.0,0.0,0.0,0.0,0.0,0.0,0.0,0.0,0.0,0.0,0.0,0.0,0.0,0.0,0.0,0.0,0.0,0.0,0.0,0.0,0.0
SF11C46894212282050980,21,,2019-05-18T21:00:00-0500,0.005701,0.005701,0.006085,0.045207,0.0,0.0,0.0,0.0,0.0,0.0,0.0,0.0,0.0,0.0,0.0,0.0,0.0,0.0,0.0,0.0,0.0,0.0,0.0,0.0,0.0,0.0,0.0,0.0,0.0,0.0,0.0,0.0,0.0,0.0,0.0,0.0,0.0,0.0,0.0,0.0,0.999601,,0.0,0.0,0.0,0.0,0.0,0.0,0.0,0.0,0.0,0.0,0.0,0.0,0.0,0.0,0.0,0.0,0.0,0.0,0.0,0.0,0.0
SF11C46894212282050980,22,,2019-05-18T22:00:00-0500,0.005701,0.005701,0.005726,0.042477,0.0,0.0,0.0,0.0,0.0,0.0,0.0,0.0,0.0,0.0,0.0,0.0,0.0,0.0,0.0,0.0,0.0,0.0,0.0,0.0,0.0,0.0,0.0,0.0,0.0,0.0,0.0,0.0,0.0,0.0,0.0,0.0,0.0,0.0,0.0,0.0,0.999603,,0.0,0.0,0.0,0.0,0.0,0.0,0.0,0.0,0.0,0.0,0.0,0.0,0.0,0.0,0.0,0.0,0.0,0.0,0.0,0.0,0.0
SF11C46894212282050980,23,,2019-05-18T23:00:00-0500,0.005701,0.005701,0.00528,0.039905,0.0,0.0,0.0,0.0,0.0,0.0,0.0,0.0,0.0,0.0,0.0,0.0,0.0,0.0,0.0,0.0,0.0,0.0,0.0,0.0,0.0,0.0,0.0,0.0,0.0,0.0,0.0,0.0,0.0,0.0,0.0,0.0,0.0,0.0,0.0,0.0,0.999605,,0.0,0.0,0.0,0.0,0.0,0.0,0.0,0.0,0.0,0.0,0.0,0.0,0.0,0.0,0.0,0.0,0.0,0.0,0.0,0.0,0.0
SF11C46894312282050980,0,,2019-05-18T00:00:00-0700,0.005701,0.005701,0.004756,0.000329,0.0,0.0,0.0,0.0,0.0,0.0,0.0,0.0,0.0,0.0,0.0,0.0,0.0,0.0,0.0,0.0,0.0,0.0,0.0,0.0,0.0,0.0,0.0,0.0,0.0,0.0,0.0,0.0,0.0,0.0,0.0,0.0,0.0,0.0,0.0,0.0,0.96206,,0.0,0.0,0.0,0.0,0.0,0.0,0.0,0.0,0.0,0.0,0.0,0.0,0.0,0.0,0.0,0.0,0.0,0.0,0.0,0.0,0.0
SF11C46894312282050980,1,,2019-05-18T01:00:00-0700,0.005701,0.005701,0.003952,0.000579,0.0,0.0,0.0,0.0,0.0,0.0,0.0,0.0,0.0,0.0,0.0,0.0,0.0,0.0,0.0,0.0,0.0,0.0,0.0,0.0,0.0,0.0,0.0,0.0,0.0,0.0,0.0,0.0,0.0,0.0,0.0,0.0,0.0,0.0,0.0,0.0,0.96206,,0.0,0.0,0.0,0.0,0.0,0.0,0.0,0.0,0.0,0.0,0.0,0.0,0.0,0.0,0.0,0.0,0.0,0.0,0.0,0.0,0.0
SF11C46894312282050980,2,,2019-05-18T02:00:00-0700,0.005701,0.005701,0.0034,0.000774,0.0,0.0,0.0,0.0,0.0,0.0,0.0,0.0,0.0,0.0,0.0,0.0,0.0,0.0,0.0,0.0,0.0,0.0,0.0,0.0,0.0,0.0,0.0,0.0,0.0,0.0,0.0,0.0,0.0,0.0,0.0,0.0,0.0,0.0,0.0,0.0,0.974707,,0.0,0.0,0.0,0.0,0.0,0.0,0.0,0.0,0.0,0.0,0.0,0.0,0.0,0.0,0.0,0.0,0.0,0.0,0.0,0.0,0.0
SF11C46894312282050980,3,,2019-05-18T03:00:00-0700,0.005701,0.005701,0.00302,0.00093,0.0,0.0,0.0,0.0,0.0,0.0,0.0,0.0,0.0,0.0,0.0,0.0,0.0,0.0,0.0,0.0,0.0,0.0,0.0,0.0,0.0,0.0,0.0,0.0,0.0,0.0,0.0,0.0,0.0,0.0,0.0,0.0,0.0,0.0,0.0,0.0,0.98103,,0.0,0.0,0.0,0.0,0.0,0.0,0.0,0.0,0.0,0.0,0.0,0.0,0.0,0.0,0.0,0.0,0.0,0.0,0.0,0.0,0.0
SF11C46894312282050980,4,,2019-05-18T04:00:00-0700,0.005701,0.005701,0.002759,0.001056,0.0,0.0,0.0,0.0,0.0,0.0,0.0,0.0,0.0,0.0,0.0,0.0,0.0,0.0,0.0,0.0,0.0,0.0,0.0,0.0,0.0,0.0,0.0,0.0,0.0,0.0,0.0,0.0,0.0,0.0,0.0,0.0,0.0,0.0,0.0,0.0,0.984824,,0.0,0.0,0.0,0.0,0.0,0.0,0.0,0.0,0.0,0.0,0.0,0.0,0.0,0.0,0.0,0.0,0.0,0.0,0.0,0.0,0.0
SF11C46894312282050980,5,,2019-05-18T05:00:00-0700,0.005701,0.005701,0.00258,0.001162,0.0,0.0,0.0,0.0,0.0,0.0,0.0,0.0,0.0,0.0,0.0,0.0,0.0,0.0,0.0,0.0,0.0,0.0,0.0,0.0,0.0,0.0,0.0,0.0,0.0,0.0,0.0,0.0,0.0,0.0,0.0,0.0,0.0,0.0,0.0,0.0,0.987353,,0.0,0.0,0.0,0.0,0.0,0.0,0.0,0.0,0.0,0.0,0.0,0.0,0.0,0.0,0.0,0.0,0.0,0.0,0.0,0.0,0.0
SF11C46894312282050980,6,,2019-05-18T06:00:00-0700,0.005701,0.005701,0.002457,0.001251,0.0,0.0,0.0,0.0,0.0,0.0,0.0,0.0,0.0,0.0,0.0,0.0,0.0,0.0,0.0,0.0,0.0,0.0,0.0,0.0,0.0,0.0,0.0,0.0,0.0,0.0,0.0,0.0,0.0,0.0,0.0,0.0,0.0,0.0,0.0,0.0,0.98916,,0.0,0.0,0.0,0.0,0.0,0.0,0.0,0.0,0.0,0.0,0.0,0.0,0.0,0.0,0.0,0.0,0.0,0.0,0.0,0.0,0.0
SF11C46894312282050980,7,,2019-05-18T07:00:00-0700,0.005701,0.005701,0.002372,0.001329,0.0,0.0,0.0,0.0,0.0,0.0,0.0,0.0,0.0,0.0,0.0,0.0,0.0,0.0,0.0,0.0,0.0,0.0,0.0,0.0,0.0,0.0,0.0,0.0,0.0,0.0,0.0,0.0,0.0,0.0,0.0,0.0,0.0,0.0,0.0,0.0,0.990515,,0.0,0.0,0.0,0.0,0.0,0.0,0.0,0.0,0.0,0.0,0.0,0.0,0.0,0.0,0.0,0.0,0.0,0.0,0.0,0.0,0.0
SF11C46894312282050980,8,,2019-05-18T08:00:00-0700,0.005701,0.005701,0.002186,0.001388,0.0,0.0,0.0,0.0,0.0,0.0,0.0,0.0,0.0,0.0,0.0,0.0,0.0,0.0,0.0,0.0,0.0,0.0,0.0,0.0,0.0,0.0,0.0,0.0,0.0,0.0,0.0,0.0,0.0,0.0,0.0,0.0,0.0,0.0,0.0,0.0,0.991569,,0.0,0.0,0.0,0.0,0.0,0.0,0.0,0.0,0.0,0.0,0.0,0.0,0.0,0.0,0.0,0.0,0.0,0.0,0.0,0.0,0.0
SF11C46894312282050980,9,,2019-05-18T09:00:00-0700,0.005701,0.005701,0.00287,0.00149,0.0,0.0,0.0,0.0,0.0,0.0,0.0,0.0,0.0,0.0,0.0,0.0,0.0,0.0,0.0,0.0,0.0,0.0,0.0,0.0,0.0,0.0,0.0,0.0,0.0,0.0,0.0,0.0,0.0,0.0,0.0,0.0,0.0,0.0,0.0,0.0,0.992412,,0.0,0.0,0.0,0.0,0.0,0.0,0.0,0.0,0.0,0.0,0.0,0.0,0.0,0.0,0.0,0.0,0.0,0.0,0.0,0.0,0.0
SF11C46894312282050980,10,,2019-05-18T10:00:00-0700,0.020004,0.020004,0.012411,0.002246,0.0,0.0,0.0,0.0,0.0,0.0,0.0,0.0,0.0,0.0,0.0,0.0,0.0,0.0,0.0,0.0,0.0,0.0,0.0,0.0,0.0,0.0,0.0,0.0,0.0,0.0,0.0,0.0,0.0,0.0,0.0,0.0,0.0,0.0,0.0,0.0,0.955567,,0.0,0.0,0.0,0.0,0.0,0.0,0.0,0.0,0.0,0.0,0.0,0.0,0.0,0.0,0.0,0.0,0.0,0.0,0.0,0.0,0.0
SF11C46894312282050980,11,,2019-05-18T11:00:00-0700,0.040008,0.040008,0.029269,0.004114,0.0,0.0,0.0,0.0,0.0,0.0,0.0,0.0,0.0,0.0,0.0,0.0,0.0,0.0,0.0,0.0,0.0,0.0,0.0,0.0,0.0,0.0,0.0,0.0,0.0,0.0,0.0,0.0,0.0,0.0,0.0,0.0,0.0,0.0,0.0,0.0,0.86346,,0.0,0.0,0.0,0.0,0.0,0.0,0.0,0.0,0.0,0.0,0.0,0.0,0.0,0.0,0.0,0.0,0.0,0.0,0.0,0.0,0.0
SF11C46894312282050980,12,,2019-05-18T12:00:00-0700,0.070014,0.070014,0.058404,0.007868,0.0,0.0,0.0,0.0,0.0,0.0,0.0,0.0,0.0,0.0,0.0,0.0,0.0,0.0,0.0,0.0,0.0,0.0,0.0,0.0,0.0,0.0,0.0,0.0,0.0,0.0,0.0,0.0,0.0,0.0,0.0,0.0,0.0,0.0,0.0,0.0,0.725917,,0.0,0.0,0.0,0.0,0.0,0.0,0.0,0.0,0.0,0.0,0.0,0.0,0.0,0.0,0.0,0.0,0.0,0.0,0.0,0.0,0.0
SF11C46894312282050980,13,,2019-05-18T13:00:00-0700,0.10002,0.10002,0.092587,0.013726,0.0,0.0,0.0,0.0,0.0,0.0,0.0,0.0,0.0,0.0,0.0,0.0,0.0,0.0,0.0,0.0,0.0,0.0,0.0,0.0,0.0,0.0,0.0,0.0,0.0,0.0,0.0,0.0,0.0,0.0,0.0,0.0,0.0,0.0,0.0,0.0,0.668988,,0.0,0.0,0.0,0.0,0.0,0.0,0.0,0.0,0.0,0.0,0.0,0.0,0.0,0.0,0.0,0.0,0.0,0.0,0.0,0.0,0.0
SF11C46894312282050980,14,,2019-05-18T14:00:00-0700,0.130026,0.130026,0.130525,0.021803,0.0,0.0,0.0,0.0,0.0,0.0,0.0,0.0,0.0,0.0,0.0,0.0,0.0,0.0,0.0,0.0,0.0,0.0,0.0,0.0,0.0,0.0,0.0,0.0,0.0,0.0,0.0,0.0,0.0,0.0,0.0,0.0,0.0,0.0,0.0,0.0,0.703836,,0.0,0.0,0.0,0.0,0.0,0.0,0.0,0.0,0.0,0.0,0.0,0.0,0.0,0.0,0.0,0.0,0.0,0.0,0.0,0.0,0.0
SF11C46894312282050980,15,,2019-05-18T15:00:00-0700,0.160032,0.160032,0.170708,0.032099,0.0,0.0,0.0,0.0,0.0,0.0,0.0,0.0,0.0,0.0,0.0,0.0,0.0,0.0,0.0,0.0,0.0,0.0,0.0,0.0,0.0,0.0,0.0,0.0,0.0,0.0,0.0,0.0,0.0,0.0,0.0,0.0,0.0,0.0,0.0,0.0,0.736568,,0.0,0.0,0.0,0.0,0.0,0.0,0.0,0.0,0.0,0.0,0.0,0.0,0.0,0.0,0.0,0.0,0.0,0.0,0.0,0.0,0.0
SF11C46894312282050980,16,,2019-05-18T16:00:00-0700,0.170034,0.170034,0.189207,0.042963,0.0,0.0,0.0,0.0,0.0,0.0,0.0,0.0,0.0,0.0,0.0,0.0,0.0,0.0,0.0,0.0,0.0,0.0,0.0,0.0,0.0,0.0,0.0,0.0,0.0,0.0,0.0,0.0,0.0,0.0,0.0,0.0,0.0,0.0,0.0,0.0,0.783801,,0.0,0.0,0.0,0.0,0.0,0.0,0.0,0.0,0.0,0.0,0.0,0.0,0.0,0.0,0.0,0.0,0.0,0.0,0.0,0.0,0.0
SF11C46894312282050980,17,,2019-05-18T17:00:00-0700,0.120024,0.120024,0.13693,0.049461,0.0,0.0,0.0,0.0,0.0,0.0,0.0,0.0,0.0,0.0,0.0,0.0,0.0,0.0,0.0,0.0,0.0,0.0,0.0,0.0,0.0,0.0,0.0,0.0,0.0,0.0,0.0,0.0,0.0,0.0,0.0,0.0,0.0,0.0,0.0,0.0,0.868512,,0.0,0.0,0.0,0.0,0.0,0.0,0.0,0.0,0.0,0.0,0.0,0.0,0.0,0.0,0.0,0.0,0.0,0.0,0.0,0.0,0.0
SF11C46894312282050980,18,,2019-05-18T18:00:00-0700,0.070014,0.070014,0.080537,0.05161,0.0,0.0,0.0,0.0,0.0,0.0,0.0,0.0,0.0,0.0,0.0,0.0,0.0,0.0,0.0,0.0,0.0,0.0,0.0,0.0,0.0,0.0,0.0,0.0,0.0,0.0,0.0,0.0,0.0,0.0,0.0,0.0,0.0,0.0,0.0,0.0,0.929029,,0.0,0.0,0.0,0.0,0.0,0.0,0.0,0.0,0.0,0.0,0.0,0.0,0.0,0.0,0.0,0.0,0.0,0.0,0.0,0.0,0.0
SF11C46894312282050980,19,,2019-05-18T19:00:00-0700,0.040008,0.040008,0.045643,0.051197,0.0,0.0,0.0,0.0,0.0,0.0,0.0,0.0,0.0,0.0,0.0,0.0,0.0,0.0,0.0,0.0,0.0,0.0,0.0,0.0,0.0,0.0,0.0,0.0,0.0,0.0,0.0,0.0,0.0,0.0,0.0,0.0,0.0,0.0,0.0,0.0,0.970023,,0.0,0.0,0.0,0.0,0.0,0.0,0.0,0.0,0.0,0.0,0.0,0.0,0.0,0.0,0.0,0.0,0.0,0.0,0.0,0.0,0.0
SF11C46894312282050980,20,,2019-05-18T20:00:00-0700,0.005701,0.005701,0.006344,0.048096,0.0,0.0,0.0,0.0,0.0,0.0,0.0,0.0,0.0,0.0,0.0,0.0,0.0,0.0,0.0,0.0,0.0,0.0,0.0,0.0,0.0,0.0,0.0,0.0,0.0,0.0,0.0,0.0,0.0,0.0,0.0,0.0,0.0,0.0,0.0,0.0,0.998236,,0.0,0.0,0.0,0.0,0.0,0.0,0.0,0.0,0.0,0.0,0.0,0.0,0.0,0.0,0.0,0.0,0.0,0.0,0.0,0.0,0.0
SF11C46894312282050980,21,,2019-05-18T21:00:00-0700,0.005701,0.005701,0.006081,0.04519,0.0,0.0,0.0,0.0,0.0,0.0,0.0,0.0,0.0,0.0,0.0,0.0,0.0,0.0,0.0,0.0,0.0,0.0,0.0,0.0,0.0,0.0,0.0,0.0,0.0,0.0,0.0,0.0,0.0,0.0,0.0,0.0,0.0,0.0,0.0,0.0,0.999562,,0.0,0.0,0.0,0.0,0.0,0.0,0.0,0.0,0.0,0.0,0.0,0.0,0.0,0.0,0.0,0.0,0.0,0.0,0.0,0.0,0.0
SF11C46894312282050980,22,,2019-05-18T22:00:00-0700,0.005701,0.005701,0.005723,0.042461,0.0,0.0,0.0,0.0,0.0,0.0,0.0,0.0,0.0,0.0,0.0,0.0,0.0,0.0,0.0,0.0,0.0,0.0,0.0,0.0,0.0,0.0,0.0,0.0,0.0,0.0,0.0,0.0,0.0,0.0,0.0,0.0,0.0,0.0,0.0,0.0,0.999565,,0.0,0.0,0.0,0.0,0.0,0.0,0.0,0.0,0.0,0.0,0.0,0.0,0.0,0.0,0.0,0.0,0.0,0.0,0.0,0.0,0.0
SF11C46894312282050980,23,,2019-05-18T23:00:00-0700,0.005701,0.005701,0.005277,0.03989,0.0,0.0,0.0,0.0,0.0,0.0,0.0,0.0,0.0,0.0,0.0,0.0,0.0,0.0,0.0,0.0,0.0,0.0,0.0,0.0,0.0,0.0,0.0,0.0,0.0,0.0,0.0,0.0,0.0,0.0,0.0,0.0,0.0,0.0,0.0,0.0,0.999567,,0.0,0.0,0.0,0.0,0.0,0.0,0.0,0.0,0.0,0.0,0.0,0.0,0.0,0.0,0.0,0.0,0.0,0.0,0.0,0.0,0.0
SF11C46894412282050980,0,,2019-05-18T00:00:00-0700,0.005701,0.005701,0.004756,0.000329,0.0,0.0,0.0,0.0,0.0,0.0,0.0,0.0,0.0,0.0,0.0,0.0,0.0,0.0,0.0,0.0,0.0,0.0,0.0,0.0,0.0,0.0,0.0,0.0,0.0,0.0,0.0,0.0,0.0,0.0,0.0,0.0,0.0,0.0,0.0,0.0,0.903248,,0.0,0.0,0.0,0.0,0.0,0.0,0.0,0.0,0.0,0.0,0.0,0.0,0.0,0.0,0.0,0.0,0.0,0.0,0.0,0.0,0.0
SF11C46894412282050980,1,,2019-05-18T01:00:00-0700,0.005701,0.005701,0.003952,0.000579,0.0,0.0,0.0,0.0,0.0,0.0,0.0,0.0,0.0,0.0,0.0,0.0,0.0,0.0,0.0,0.0,0.0,0.0,0.0,0.0,0.0,0.0,0.0,0.0,0.0,0.0,0.0,0.0,0.0,0.0,0.0,0.0,0.0,0.0,0.0,0.0,0.903248,,0.0,0.0,0.0,0.0,0.0,0.0,0.0,0.0,0.0,0.0,0.0,0.0,0.0,0.0,0.0,0.0,0.0,0.0,0.0,0.0,0.0
SF11C46894412282050980,2,,2019-05-18T02:00:00-0700,0.005701,0.005701,0.0034,0.000774,0.0,0.0,0.0,0.0,0.0,0.0,0.0,0.0,0.0,0.0,0.0,0.0,0.0,0.0,0.0,0.0,0.0,0.0,0.0,0.0,0.0,0.0,0.0,0.0,0.0,0.0,0.0,0.0,0.0,0.0,0.0,0.0,0.0,0.0,0.0,0.0,0.935499,,0.0,0.0,0.0,0.0,0.0,0.0,0.0,0.0,0.0,0.0,0.0,0.0,0.0,0.0,0.0,0.0,0.0,0.0,0.0,0.0,0.0
SF11C46894412282050980,3,,2019-05-18T03:00:00-0700,0.005701,0.005701,0.00302,0.00093,0.0,0.0,0.0,0.0,0.0,0.0,0.0,0.0,0.0,0.0,0.0,0.0,0.0,0.0,0.0,0.0,0.0,0.0,0.0,0.0,0.0,0.0,0.0,0.0,0.0,0.0,0.0,0.0,0.0,0.0,0.0,0.0,0.0,0.0,0.0,0.0,0.951624,,0.0,0.0,0.0,0.0,0.0,0.0,0.0,0.0,0.0,0.0,0.0,0.0,0.0,0.0,0.0,0.0,0.0,0.0,0.0,0.0,0.0
SF11C46894412282050980,4,,2019-05-18T04:00:00-0700,0.005701,0.005701,0.002759,0.001056,0.0,0.0,0.0,0.0,0.0,0.0,0.0,0.0,0.0,0.0,0.0,0.0,0.0,0.0,0.0,0.0,0.0,0.0,0.0,0.0,0.0,0.0,0.0,0.0,0.0,0.0,0.0,0.0,0.0,0.0,0.0,0.0,0.0,0.0,0.0,0.0,0.961299,,0.0,0.0,0.0,0.0,0.0,0.0,0.0,0.0,0.0,0.0,0.0,0.0,0.0,0.0,0.0,0.0,0.0,0.0,0.0,0.0,0.0
SF11C46894412282050980,5,,2019-05-18T05:00:00-0700,0.005701,0.005701,0.00258,0.001162,0.0,0.0,0.0,0.0,0.0,0.0,0.0,0.0,0.0,0.0,0.0,0.0,0.0,0.0,0.0,0.0,0.0,0.0,0.0,0.0,0.0,0.0,0.0,0.0,0.0,0.0,0.0,0.0,0.0,0.0,0.0,0.0,0.0,0.0,0.0,0.0,0.967749,,0.0,0.0,0.0,0.0,0.0,0.0,0.0,0.0,0.0,0.0,0.0,0.0,0.0,0.0,0.0,0.0,0.0,0.0,0.0,0.0,0.0
SF11C46894412282050980,6,,2019-05-18T06:00:00-0700,0.005701,0.005701,0.002457,0.001251,0.0,0.0,0.0,0.0,0.0,0.0,0.0,0.0,0.0,0.0,0.0,0.0,0.0,0.0,0.0,0.0,0.0,0.0,0.0,0.0,0.0,0.0,0.0,0.0,0.0,0.0,0.0,0.0,0.0,0.0,0.0,0.0,0.0,0.0,0.0,0.0,0.972357,,0.0,0.0,0.0,0.0,0.0,0.0,0.0,0.0,0.0,0.0,0.0,0.0,0.0,0.0,0.0,0.0,0.0,0.0,0.0,0.0,0.0
SF11C46894412282050980,7,,2019-05-18T07:00:00-0700,0.005701,0.005701,0.002372,0.001329,0.0,0.0,0.0,0.0,0.0,0.0,0.0,0.0,0.0,0.0,0.0,0.0,0.0,0.0,0.0,0.0,0.0,0.0,0.0,0.0,0.0,0.0,0.0,0.0,0.0,0.0,0.0,0.0,0.0,0.0,0.0,0.0,0.0,0.0,0.0,0.0,0.975812,,0.0,0.0,0.0,0.0,0.0,0.0,0.0,0.0,0.0,0.0,0.0,0.0,0.0,0.0,0.0,0.0,0.0,0.0,0.0,0.0,0.0
SF11C46894412282050980,8,,2019-05-18T08:00:00-0700,0.005701,0.005701,0.002186,0.001388,0.0,0.0,0.0,0.0,0.0,0.0,0.0,0.0,0.0,0.0,0.0,0.0,0.0,0.0,0.0,0.0,0.0,0.0,0.0,0.0,0.0,0.0,0.0,0.0,0.0,0.0,0.0,0.0,0.0,0.0,0.0,0.0,0.0,0.0,0.0,0.0,0.9785,,0.0,0.0,0.0,0.0,0.0,0.0,0.0,0.0,0.0,0.0,0.0,0.0,0.0,0.0,0.0,0.0,0.0,0.0,0.0,0.0,0.0
SF11C46894412282050980,9,,2019-05-18T09:00:00-0700,0.005701,0.005701,0.00287,0.00149,0.0,0.0,0.0,0.0,0.0,0.0,0.0,0.0,0.0,0.0,0.0,0.0,0.0,0.0,0.0,0.0,0.0,0.0,0.0,0.0,0.0,0.0,0.0,0.0,0.0,0.0,0.0,0.0,0.0,0.0,0.0,0.0,0.0,0.0,0.0,0.0,0.98065,,0.0,0.0,0.0,0.0,0.0,0.0,0.0,0.0,0.0,0.0,0.0,0.0,0.0,0.0,0.0,0.0,0.0,0.0,0.0,0.0,0.0
SF11C46894412282050980,10,,2019-05-18T10:00:00-0700,0.020004,0.020004,0.012411,0.002246,0.0,0.0,0.0,0.0,0.0,0.0,0.0,0.0,0.0,0.0,0.0,0.0,0.0,0.0,0.0,0.0,0.0,0.0,0.0,0.0,0.0,0.0,0.0,0.0,0.0,0.0,0.0,0.0,0.0,0.0,0.0,0.0,0.0,0.0,0.0,0.0,0.886689,,0.0,0.0,0.0,0.0,0.0,0.0,0.0,0.0,0.0,0.0,0.0,0.0,0.0,0.0,0.0,0.0,0.0,0.0,0.0,0.0,0.0
SF11C46894412282050980,11,,2019-05-18T11:00:00-0700,0.040008,0.040008,0.029269,0.004114,0.0,0.0,0.0,0.0,0.0,0.0,0.0,0.0,0.0,0.0,0.0,0.0,0.0,0.0,0.0,0.0,0.0,0.0,0.0,0.0,0.0,0.0,0.0,0.0,0.0,0.0,0.0,0.0,0.0,0.0,0.0,0.0,0.0,0.0,0.0,0.0,0.67521,,0.0,0.0,0.0,0.0,0.0,0.0,0.0,0.0,0.0,0.0,0.0,0.0,0.0,0.0,0.0,0.0,0.0,0.0,0.0,0.0,0.0
SF11C46894412282050980,12,,2019-05-18T12:00:00-0700,0.070014,0.070014,0.058404,0.007868,0.0,0.0,0.0,0.0,0.0,0.0,0.0,0.0,0.0,0.0,0.0,0.0,0.0,0.0,0.0,0.0,0.0,0.0,0.0,0.0,0.0,0.0,0.0,0.0,0.0,0.0,0.0,0.0,0.0,0.0,0.0,0.0,0.0,0.0,0.0,0.0,0.644382,,0.0,0.0,0.0,0.0,0.0,0.0,0.0,0.0,0.0,0.0,0.0,0.0,0.0,0.0,0.0,0.0,0.0,0.0,0.0,0.0,0.0
SF11C46894412282050980,13,,2019-05-18T13:00:00-0700,0.10002,0.10002,0.092587,0.013726,0.0,0.0,0.0,0.0,0.0,0.0,0.0,0.0,0.0,0.0,0.0,0.0,0.0,0.0,0.0,0.0,0.0,0.0,0.0,0.0,0.0,0.0,0.0,0.0,0.0,0.0,0.0,0.0,0.0,0.0,0.0,0.0,0.0,0.0,0.0,0.0,0.668988,,0.0,0.0,0.0,0.0,0.0,0.0,0.0,0.0,0.0,0.0,0.0,0.0,0.0,0.0,0.0,0.0,0.0,0.0,0.0,0.0,0.0
SF11C46894412282050980,14,,2019-05-18T14:00:00-0700,0.130026,0.130026,0.130525,0.021803,0.0,0.0,0.0,0.0,0.0,0.0,0.0,0.0,0.0,0.0,0.0,0.0,0.0,0.0,0.0,0.0,0.0,0.0,0.0,0.0,0.0,0.0,0.0,0.0,0.0,0.0,0.0,0.0,0.0,0.0,0.0,0.0,0.0,0.0,0.0,0.0,0.703836,,0.0,0.0,0.0,0.0,0.0,0.0,0.0,0.0,0.0,0.0,0.0,0.0,0.0,0.0,0.0,0.0,0.0,0.0,0.0,0.0,0.0
SF11C46894412282050980,15,,2019-05-18T15:00:00-0700,0.160032,0.160032,0.170708,0.032099,0.0,0.0,0.0,0.0,0.0,0.0,0.0,0.0,0.0,0.0,0.0,0.0,0.0,0.0,0.0,0.0,0.0,0.0,0.0,0.0,0.0,0.0,0.0,0.0,0.0,0.0,0.0,0.0,0.0,0.0,0.0,0.0,0.0,0.0,0.0,0.0,0.736568,,0.0,0.0,0.0,0.0,0.0,0.0,0.0,0.0,0.0,0.0,0.0,0.0,0.0,0.0,0.0,0.0,0.0,0.0,0.0,0.0,0.0
SF11C46894412282050980,16,,2019-05-18T16:00:00-0700,0.170034,0.170034,0.189207,0.042963,0.0,0.0,0.0,0.0,0.0,0.0,0.0,0.0,0.0,0.0,0.0,0.0,0.0,0.0,0.0,0.0,0.0,0.0,0.0,0.0,0.0,0.0,0.0,0.0,0.0,0.0,0.0,0.0,0.0,0.0,0.0,0.0,0.0,0.0,0.0,0.0,0.769148,,0.0,0.0,0.0,0.0,0.0,0.0,0.0,0.0,0.0,0.0,0.0,0.0,0.0,0.0,0.0,0.0,0.0,0.0,0.0,0.0,0.0
SF11C46894412282050980,17,,2019-05-18T17:00:00-0700,0.120024,0.120024,0.13693,0.049461,0.0,0.0,0.0,0.0,0.0,0.0,0.0,0.0,0.0,0.0,0.0,0.0,0.0,0.0,0.0,0.0,0.0,0.0,0.0,0.0,0.0,0.0,0.0,0.0,0.0,0.0,0.0,0.0,0.0,0.0,0.0,0.0,0.0,0.0,0.0,0.0,0.837046,,0.0,0.0,0.0,0.0,0.0,0.0,0.0,0.0,0.0,0.0,0.0,0.0,0.0,0.0,0.0,0.0,0.0,0.0,0.0,0.0,0.0
SF11C46894412282050980,18,,2019-05-18T18:00:00-0700,0.070014,0.070014,0.080537,0.05161,0.0,0.0,0.0,0.0,0.0,0.0,0.0,0.0,0.0,0.0,0.0,0.0,0.0,0.0,0.0,0.0,0.0,0.0,0.0,0.0,0.0,0.0,0.0,0.0,0.0,0.0,0.0,0.0,0.0,0.0,0.0,0.0,0.0,0.0,0.0,0.0,0.904943,,0.0,0.0,0.0,0.0,0.0,0.0,0.0,0.0,0.0,0.0,0.0,0.0,0.0,0.0,0.0,0.0,0.0,0.0,0.0,0.0,0.0
SF11C46894412282050980,19,,2019-05-18T19:00:00-0700,0.040008,0.040008,0.045643,0.051197,0.0,0.0,0.0,0.0,0.0,0.0,0.0,0.0,0.0,0.0,0.0,0.0,0.0,0.0,0.0,0.0,0.0,0.0,0.0,0.0,0.0,0.0,0.0,0.0,0.0,0.0,0.0,0.0,0.0,0.0,0.0,0.0,0.0,0.0,0.0,0.0,0.945682,,0.0,0.0,0.0,0.0,0.0,0.0,0.0,0.0,0.0,0.0,0.0,0.0,0.0,0.0,0.0,0.0,0.0,0.0,0.0,0.0,0.0
SF11C46894412282050980,20,,2019-05-18T20:00:00-0700,0.005701,0.005701,0.006344,0.048096,0.0,0.0,0.0,0.0,0.0,0.0,0.0,0.0,0.0,0.0,0.0,0.0,0.0,0.0,0.0,0.0,0.0,0.0,0.0,0.0,0.0,0.0,0.0,0.0,0.0,0.0,0.0,0.0,0.0,0.0,0.0,0.0,0.0,0.0,0.0,0.0,0.99368,,0.0,0.0,0.0,0.0,0.0,0.0,0.0,0.0,0.0,0.0,0.0,0.0,0.0,0.0,0.0,0.0,0.0,0.0,0.0,0.0,0.0
SF11C46894412282050980,21,,2019-05-18T21:00:00-0700,0.005701,0.005701,0.006081,0.04519,0.0,0.0,0.0,0.0,0.0,0.0,0.0,0.0,0.0,0.0,0.0,0.0,0.0,0.0,0.0,0.0,0.0,0.0,0.0,0.0,0.0,0.0,0.0,0.0,0.0,0.0,0.0,0.0,0.0,0.0,0.0,0.0,0.0,0.0,0.0,0.0,0.998423,,0.0,0.0,0.0,0.0,0.0,0.0,0.0,0.0,0.0,0.0,0.0,0.0,0.0,0.0,0.0,0.0,0.0,0.0,0.0,0.0,0.0
SF11C46894412282050980,22,,2019-05-18T22:00:00-0700,0.005701,0.005701,0.005723,0.042461,0.0,0.0,0.0,0.0,0.0,0.0,0.0,0.0,0.0,0.0,0.0,0.0,0.0,0.0,0.0,0.0,0.0,0.0,0.0,0.0,0.0,0.0,0.0,0.0,0.0,0.0,0.0,0.0,0.0,0.0,0.0,0.0,0.0,0.0,0.0,0.0,0.998423,,0.0,0.0,0.0,0.0,0.0,0.0,0.0,0.0,0.0,0.0,0.0,0.0,0.0,0.0,0.0,0.0,0.0,0.0,0.0,0.0,0.0
SF11C46894412282050980,23,,2019-05-18T23:00:00-0700,0.005701,0.005701,0.005277,0.03989,0.0,0.0,0.0,0.0,0.0,0.0,0.0,0.0,0.0,0.0,0.0,0.0,0.0,0.0,0.0,0.0,0.0,0.0,0.0,0.0,0.0,0.0,0.0,0.0,0.0,0.0,0.0,0.0,0.0,0.0,0.0,0.0,0.0,0.0,0.0,0.0,0.998423,,0.0,0.0,0.0,0.0,0.0,0.0,0.0,0.0,0.0,0.0,0.0,0.0,0.0,0.0,0.0,0.0,0.0,0.0,0.0,0.0,0.0
SF11C46894512282050980,0,,2019-05-18T00:00:00-0700,0.005701,0.005701,0.004756,0.000329,0.0,0.0,0.0,0.0,0.0,0.0,0.0,0.0,0.0,0.0,0.0,0.0,0.0,0.0,0.0,0.0,0.0,0.0,0.0,0.0,0.0,0.0,0.0,0.0,0.0,0.0,0.0,0.0,0.0,0.0,0.0,0.0,0.0,0.0,0.0,0.0,0.96206,,0.0,0.0,0.0,0.0,0.0,0.0,0.0,0.0,0.0,0.0,0.0,0.0,0.0,0.0,0.0,0.0,0.0,0.0,0.0,0.0,0.0
SF11C46894512282050980,1,,2019-05-18T01:00:00-0700,0.005701,0.005701,0.003952,0.000579,0.0,0.0,0.0,0.0,0.0,0.0,0.0,0.0,0.0,0.0,0.0,0.0,0.0,0.0,0.0,0.0,0.0,0.0,0.0,0.0,0.0,0.0,0.0,0.0,0.0,0.0,0.0,0.0,0.0,0.0,0.0,0.0,0.0,0.0,0.0,0.0,0.96206,,0.0,0.0,0.0,0.0,0.0,0.0,0.0,0.0,0.0,0.0,0.0,0.0,0.0,0.0,0.0,0.0,0.0,0.0,0.0,0.0,0.0
SF11C46894512282050980,2,,2019-05-18T02:00:00-0700,0.005701,0.005701,0.0034,0.000774,0.0,0.0,0.0,0.0,0.0,0.0,0.0,0.0,0.0,0.0,0.0,0.0,0.0,0.0,0.0,0.0,0.0,0.0,0.0,0.0,0.0,0.0,0.0,0.0,0.0,0.0,0.0,0.0,0.0,0.0,0.0,0.0,0.0,0.0,0.0,0.0,0.974707,,0.0,0.0,0.0,0.0,0.0,0.0,0.0,0.0,0.0,0.0,0.0,0.0,0.0,0.0,0.0,0.0,0.0,0.0,0.0,0.0,0.0
SF11C46894512282050980,3,,2019-05-18T03:00:00-0700,0.005701,0.005701,0.00302,0.00093,0.0,0.0,0.0,0.0,0.0,0.0,0.0,0.0,0.0,0.0,0.0,0.0,0.0,0.0,0.0,0.0,0.0,0.0,0.0,0.0,0.0,0.0,0.0,0.0,0.0,0.0,0.0,0.0,0.0,0.0,0.0,0.0,0.0,0.0,0.0,0.0,0.98103,,0.0,0.0,0.0,0.0,0.0,0.0,0.0,0.0,0.0,0.0,0.0,0.0,0.0,0.0,0.0,0.0,0.0,0.0,0.0,0.0,0.0
SF11C46894512282050980,4,,2019-05-18T04:00:00-0700,0.005701,0.005701,0.002759,0.001056,0.0,0.0,0.0,0.0,0.0,0.0,0.0,0.0,0.0,0.0,0.0,0.0,0.0,0.0,0.0,0.0,0.0,0.0,0.0,0.0,0.0,0.0,0.0,0.0,0.0,0.0,0.0,0.0,0.0,0.0,0.0,0.0,0.0,0.0,0.0,0.0,0.984824,,0.0,0.0,0.0,0.0,0.0,0.0,0.0,0.0,0.0,0.0,0.0,0.0,0.0,0.0,0.0,0.0,0.0,0.0,0.0,0.0,0.0
SF11C46894512282050980,5,,2019-05-18T05:00:00-0700,0.005701,0.005701,0.00258,0.001162,0.0,0.0,0.0,0.0,0.0,0.0,0.0,0.0,0.0,0.0,0.0,0.0,0.0,0.0,0.0,0.0,0.0,0.0,0.0,0.0,0.0,0.0,0.0,0.0,0.0,0.0,0.0,0.0,0.0,0.0,0.0,0.0,0.0,0.0,0.0,0.0,0.987353,,0.0,0.0,0.0,0.0,0.0,0.0,0.0,0.0,0.0,0.0,0.0,0.0,0.0,0.0,0.0,0.0,0.0,0.0,0.0,0.0,0.0
SF11C46894512282050980,6,,2019-05-18T06:00:00-0700,0.005701,0.005701,0.002457,0.001251,0.0,0.0,0.0,0.0,0.0,0.0,0.0,0.0,0.0,0.0,0.0,0.0,0.0,0.0,0.0,0.0,0.0,0.0,0.0,0.0,0.0,0.0,0.0,0.0,0.0,0.0,0.0,0.0,0.0,0.0,0.0,0.0,0.0,0.0,0.0,0.0,0.98916,,0.0,0.0,0.0,0.0,0.0,0.0,0.0,0.0,0.0,0.0,0.0,0.0,0.0,0.0,0.0,0.0,0.0,0.0,0.0,0.0,0.0
SF11C46894512282050980,7,,2019-05-18T07:00:00-0700,0.005701,0.005701,0.002372,0.001329,0.0,0.0,0.0,0.0,0.0,0.0,0.0,0.0,0.0,0.0,0.0,0.0,0.0,0.0,0.0,0.0,0.0,0.0,0.0,0.0,0.0,0.0,0.0,0.0,0.0,0.0,0.0,0.0,0.0,0.0,0.0,0.0,0.0,0.0,0.0,0.0,0.990515,,0.0,0.0,0.0,0.0,0.0,0.0,0.0,0.0,0.0,0.0,0.0,0.0,0.0,0.0,0.0,0.0,0.0,0.0,0.0,0.0,0.0
SF11C46894512282050980,8,,2019-05-18T08:00:00-0700,0.005701,0.005701,0.002186,0.001388,0.0,0.0,0.0,0.0,0.0,0.0,0.0,0.0,0.0,0.0,0.0,0.0,0.0,0.0,0.0,0.0,0.0,0.0,0.0,0.0,0.0,0.0,0.0,0.0,0.0,0.0,0.0,0.0,0.0,0.0,0.0,0.0,0.0,0.0,0.0,0.0,0.991569,,0.0,0.0,0.0,0.0,0.0,0.0,0.0,0.0,0.0,0.0,0.0,0.0,0.0,0.0,0.0,0.0,0.0,0.0,0.0,0.0,0.0
SF11C46894512282050980,9,,2019-05-18T09:00:00-0700,0.005701,0.005701,0.00287,0.00149,0.0,0.0,0.0,0.0,0.0,0.0,0.0,0.0,0.0,0.0,0.0,0.0,0.0,0.0,0.0,0.0,0.0,0.0,0.0,0.0,0.0,0.0,0.0,0.0,0.0,0.0,0.0,0.0,0.0,0.0,0.0,0.0,0.0,0.0,0.0,0.0,0.992412,,0.0,0.0,0.0,0.0,0.0,0.0,0.0,0.0,0.0,0.0,0.0,0.0,0.0,0.0,0.0,0.0,0.0,0.0,0.0,0.0,0.0
SF11C46894512282050980,10,,2019-05-18T10:00:00-0700,0.020004,0.020004,0.012411,0.002246,0.0,0.0,0.0,0.0,0.0,0.0,0.0,0.0,0.0,0.0,0.0,0.0,0.0,0.0,0.0,0.0,0.0,0.0,0.0,0.0,0.0,0.0,0.0,0.0,0.0,0.0,0.0,0.0,0.0,0.0,0.0,0.0,0.0,0.0,0.0,0.0,0.955567,,0.0,0.0,0.0,0.0,0.0,0.0,0.0,0.0,0.0,0.0,0.0,0.0,0.0,0.0,0.0,0.0,0.0,0.0,0.0,0.0,0.0
SF11C46894512282050980,11,,2019-05-18T11:00:00-0700,0.040008,0.040008,0.029269,0.004114,0.0,0.0,0.0,0.0,0.0,0.0,0.0,0.0,0.0,0.0,0.0,0.0,0.0,0.0,0.0,0.0,0.0,0.0,0.0,0.0,0.0,0.0,0.0,0.0,0.0,0.0,0.0,0.0,0.0,0.0,0.0,0.0,0.0,0.0,0.0,0.0,0.86346,,0.0,0.0,0.0,0.0,0.0,0.0,0.0,0.0,0.0,0.0,0.0,0.0,0.0,0.0,0.0,0.0,0.0,0.0,0.0,0.0,0.0
SF11C46894512282050980,12,,2019-05-18T12:00:00-0700,0.070014,0.070014,0.058404,0.007868,0.0,0.0,0.0,0.0,0.0,0.0,0.0,0.0,0.0,0.0,0.0,0.0,0.0,0.0,0.0,0.0,0.0,0.0,0.0,0.0,0.0,0.0,0.0,0.0,0.0,0.0,0.0,0.0,0.0,0.0,0.0,0.0,0.0,0.0,0.0,0.0,0.725917,,0.0,0.0,0.0,0.0,0.0,0.0,0.0,0.0,0.0,0.0,0.0,0.0,0.0,0.0,0.0,0.0,0.0,0.0,0.0,0.0,0.0
SF11C46894512282050980,13,,2019-05-18T13:00:00-0700,0.10002,0.10002,0.092587,0.013726,0.0,0.0,0.0,0.0,0.0,0.0,0.0,0.0,0.0,0.0,0.0,0.0,0.0,0.0,0.0,0.0,0.0,0.0,0.0,0.0,0.0,0.0,0.0,0.0,0.0,0.0,0.0,0.0,0.0,0.0,0.0,0.0,0.0,0.0,0.0,0.0,0.668988,,0.0,0.0,0.0,0.0,0.0,0.0,0.0,0.0,0.0,0.0,0.0,0.0,0.0,0.0,0.0,0.0,0.0,0.0,0.0,0.0,0.0
SF11C46894512282050980,14,,2019-05-18T14:00:00-0700,0.130026,0.130026,0.130525,0.021803,0.0,0.0,0.0,0.0,0.0,0.0,0.0,0.0,0.0,0.0,0.0,0.0,0.0,0.0,0.0,0.0,0.0,0.0,0.0,0.0,0.0,0.0,0.0,0.0,0.0,0.0,0.0,0.0,0.0,0.0,0.0,0.0,0.0,0.0,0.0,0.0,0.703836,,0.0,0.0,0.0,0.0,0.0,0.0,0.0,0.0,0.0,0.0,0.0,0.0,0.0,0.0,0.0,0.0,0.0,0.0,0.0,0.0,0.0
SF11C46894512282050980,15,,2019-05-18T15:00:00-0700,0.160032,0.160032,0.170708,0.032099,0.0,0.0,0.0,0.0,0.0,0.0,0.0,0.0,0.0,0.0,0.0,0.0,0.0,0.0,0.0,0.0,0.0,0.0,0.0,0.0,0.0,0.0,0.0,0.0,0.0,0.0,0.0,0.0,0.0,0.0,0.0,0.0,0.0,0.0,0.0,0.0,0.736568,,0.0,0.0,0.0,0.0,0.0,0.0,0.0,0.0,0.0,0.0,0.0,0.0,0.0,0.0,0.0,0.0,0.0,0.0,0.0,0.0,0.0
SF11C46894512282050980,16,,2019-05-18T16:00:00-0700,0.170034,0.170034,0.189207,0.042963,0.0,0.0,0.0,0.0,0.0,0.0,0.0,0.0,0.0,0.0,0.0,0.0,0.0,0.0,0.0,0.0,0.0,0.0,0.0,0.0,0.0,0.0,0.0,0.0,0.0,0.0,0.0,0.0,0.0,0.0,0.0,0.0,0.0,0.0,0.0,0.0,0.783801,,0.0,0.0,0.0,0.0,0.0,0.0,0.0,0.0,0.0,0.0,0.0,0.0,0.0,0.0,0.0,0.0,0.0,0.0,0.0,0.0,0.0
SF11C46894512282050980,17,,2019-05-18T17:00:00-0700,0.120024,0.120024,0.13693,0.049461,0.0,0.0,0.0,0.0,0.0,0.0,0.0,0.0,0.0,0.0,0.0,0.0,0.0,0.0,0.0,0.0,0.0,0.0,0.0,0.0,0.0,0.0,0.0,0.0,0.0,0.0,0.0,0.0,0.0,0.0,0.0,0.0,0.0,0.0,0.0,0.0,0.868512,,0.0,0.0,0.0,0.0,0.0,0.0,0.0,0.0,0.0,0.0,0.0,0.0,0.0,0.0,0.0,0.0,0.0,0.0,0.0,0.0,0.0
SF11C46894512282050980,18,,2019-05-18T18:00:00-0700,0.070014,0.070014,0.080537,0.05161,0.0,0.0,0.0,0.0,0.0,0.0,0.0,0.0,0.0,0.0,0.0,0.0,0.0,0.0,0.0,0.0,0.0,0.0,0.0,0.0,0.0,0.0,0.0,0.0,0.0,0.0,0.0,0.0,0.0,0.0,0.0,0.0,0.0,0.0,0.0,0.0,0.929029,,0.0,0.0,0.0,0.0,0.0,0.0,0.0,0.0,0.0,0.0,0.0,0.0,0.0,0.0,0.0,0.0,0.0,0.0,0.0,0.0,0.0
SF11C46894512282050980,19,,2019-05-18T19:00:00-0700,0.040008,0.040008,0.045643,0.051197,0.0,0.0,0.0,0.0,0.0,0.0,0.0,0.0,0.0,0.0,0.0,0.0,0.0,0.0,0.0,0.0,0.0,0.0,0.0,0.0,0.0,0.0,0.0,0.0,0.0,0.0,0.0,0.0,0.0,0.0,0.0,0.0,0.0,0.0,0.0,0.0,0.970023,,0.0,0.0,0.0,0.0,0.0,0.0,0.0,0.0,0.0,0.0,0.0,0.0,0.0,0.0,0.0,0.0,0.0,0.0,0.0,0.0,0.0
SF11C46894512282050980,20,,2019-05-18T20:00:00-0700,0.005701,0.005701,0.006344,0.048096,0.0,0.0,0.0,0.0,0.0,0.0,0.0,0.0,0.0,0.0,0.0,0.0,0.0,0.0,0.0,0.0,0.0,0.0,0.0,0.0,0.0,0.0,0.0,0.0,0.0,0.0,0.0,0.0,0.0,0.0,0.0,0.0,0.0,0.0,0.0,0.0,0.998236,,0.0,0.0,0.0,0.0,0.0,0.0,0.0,0.0,0.0,0.0,0.0,0.0,0.0,0.0,0.0,0.0,0.0,0.0,0.0,0.0,0.0
SF11C46894512282050980,21,,2019-05-18T21:00:00-0700,0.005701,0.005701,0.006081,0.04519,0.0,0.0,0.0,0.0,0.0,0.0,0.0,0.0,0.0,0.0,0.0,0.0,0.0,0.0,0.0,0.0,0.0,0.0,0.0,0.0,0.0,0.0,0.0,0.0,0.0,0.0,0.0,0.0,0.0,0.0,0.0,0.0,0.0,0.0,0.0,0.0,0.999562,,0.0,0.0,0.0,0.0,0.0,0.0,0.0,0.0,0.0,0.0,0.0,0.0,0.0,0.0,0.0,0.0,0.0,0.0,0.0,0.0,0.0
SF11C46894512282050980,22,,2019-05-18T22:00:00-0700,0.005701,0.005701,0.005723,0.042461,0.0,0.0,0.0,0.0,0.0,0.0,0.0,0.0,0.0,0.0,0.0,0.0,0.0,0.0,0.0,0.0,0.0,0.0,0.0,0.0,0.0,0.0,0.0,0.0,0.0,0.0,0.0,0.0,0.0,0.0,0.0,0.0,0.0,0.0,0.0,0.0,0.999565,,0.0,0.0,0.0,0.0,0.0,0.0,0.0,0.0,0.0,0.0,0.0,0.0,0.0,0.0,0.0,0.0,0.0,0.0,0.0,0.0,0.0
SF11C46894512282050980,23,,2019-05-18T23:00:00-0700,0.005701,0.005701,0.005277,0.03989,0.0,0.0,0.0,0.0,0.0,0.0,0.0,0.0,0.0,0.0,0.0,0.0,0.0,0.0,0.0,0.0,0.0,0.0,0.0,0.0,0.0,0.0,0.0,0.0,0.0,0.0,0.0,0.0,0.0,0.0,0.0,0.0,0.0,0.0,0.0,0.0,0.999567,,0.0,0.0,0.0,0.0,0.0,0.0,0.0,0.0,0.0,0.0,0.0,0.0,0.0,0.0,0.0,0.0,0.0,0.0,0.0,0.0,0.0
SF11C46894612282050980,0,,2019-05-18T00:00:00-0700,0.005701,0.005701,0.004756,0.000329,0.0,0.0,0.0,0.0,0.0,0.0,0.0,0.0,0.0,0.0,0.0,0.0,0.0,0.0,0.0,0.0,0.0,0.0,0.0,0.0,0.0,0.0,0.0,0.0,0.0,0.0,0.0,0.0,0.0,0.0,0.0,0.0,0.0,0.0,0.0,0.0,0.96206,,0.0,0.0,0.0,0.0,0.0,0.0,0.0,0.0,0.0,0.0,0.0,0.0,0.0,0.0,0.0,0.0,0.0,0.0,0.0,0.0,0.0
SF11C46894612282050980,1,,2019-05-18T01:00:00-0700,0.005701,0.005701,0.003952,0.000579,0.0,0.0,0.0,0.0,0.0,0.0,0.0,0.0,0.0,0.0,0.0,0.0,0.0,0.0,0.0,0.0,0.0,0.0,0.0,0.0,0.0,0.0,0.0,0.0,0.0,0.0,0.0,0.0,0.0,0.0,0.0,0.0,0.0,0.0,0.0,0.0,0.96206,,0.0,0.0,0.0,0.0,0.0,0.0,0.0,0.0,0.0,0.0,0.0,0.0,0.0,0.0,0.0,0.0,0.0,0.0,0.0,0.0,0.0
SF11C46894612282050980,2,,2019-05-18T02:00:00-0700,0.005701,0.005701,0.0034,0.000774,0.0,0.0,0.0,0.0,0.0,0.0,0.0,0.0,0.0,0.0,0.0,0.0,0.0,0.0,0.0,0.0,0.0,0.0,0.0,0.0,0.0,0.0,0.0,0.0,0.0,0.0,0.0,0.0,0.0,0.0,0.0,0.0,0.0,0.0,0.0,0.0,0.974707,,0.0,0.0,0.0,0.0,0.0,0.0,0.0,0.0,0.0,0.0,0.0,0.0,0.0,0.0,0.0,0.0,0.0,0.0,0.0,0.0,0.0
SF11C46894612282050980,3,,2019-05-18T03:00:00-0700,0.005701,0.005701,0.00302,0.00093,0.0,0.0,0.0,0.0,0.0,0.0,0.0,0.0,0.0,0.0,0.0,0.0,0.0,0.0,0.0,0.0,0.0,0.0,0.0,0.0,0.0,0.0,0.0,0.0,0.0,0.0,0.0,0.0,0.0,0.0,0.0,0.0,0.0,0.0,0.0,0.0,0.98103,,0.0,0.0,0.0,0.0,0.0,0.0,0.0,0.0,0.0,0.0,0.0,0.0,0.0,0.0,0.0,0.0,0.0,0.0,0.0,0.0,0.0
SF11C46894612282050980,4,,2019-05-18T04:00:00-0700,0.005701,0.005701,0.002759,0.001056,0.0,0.0,0.0,0.0,0.0,0.0,0.0,0.0,0.0,0.0,0.0,0.0,0.0,0.0,0.0,0.0,0.0,0.0,0.0,0.0,0.0,0.0,0.0,0.0,0.0,0.0,0.0,0.0,0.0,0.0,0.0,0.0,0.0,0.0,0.0,0.0,0.984824,,0.0,0.0,0.0,0.0,0.0,0.0,0.0,0.0,0.0,0.0,0.0,0.0,0.0,0.0,0.0,0.0,0.0,0.0,0.0,0.0,0.0
SF11C46894612282050980,5,,2019-05-18T05:00:00-0700,0.005701,0.005701,0.00258,0.001162,0.0,0.0,0.0,0.0,0.0,0.0,0.0,0.0,0.0,0.0,0.0,0.0,0.0,0.0,0.0,0.0,0.0,0.0,0.0,0.0,0.0,0.0,0.0,0.0,0.0,0.0,0.0,0.0,0.0,0.0,0.0,0.0,0.0,0.0,0.0,0.0,0.987353,,0.0,0.0,0.0,0.0,0.0,0.0,0.0,0.0,0.0,0.0,0.0,0.0,0.0,0.0,0.0,0.0,0.0,0.0,0.0,0.0,0.0
SF11C46894612282050980,6,,2019-05-18T06:00:00-0700,0.005701,0.005701,0.002457,0.001251,0.0,0.0,0.0,0.0,0.0,0.0,0.0,0.0,0.0,0.0,0.0,0.0,0.0,0.0,0.0,0.0,0.0,0.0,0.0,0.0,0.0,0.0,0.0,0.0,0.0,0.0,0.0,0.0,0.0,0.0,0.0,0.0,0.0,0.0,0.0,0.0,0.98916,,0.0,0.0,0.0,0.0,0.0,0.0,0.0,0.0,0.0,0.0,0.0,0.0,0.0,0.0,0.0,0.0,0.0,0.0,0.0,0.0,0.0
SF11C46894612282050980,7,,2019-05-18T07:00:00-0700,0.005701,0.005701,0.002372,0.001329,0.0,0.0,0.0,0.0,0.0,0.0,0.0,0.0,0.0,0.0,0.0,0.0,0.0,0.0,0.0,0.0,0.0,0.0,0.0,0.0,0.0,0.0,0.0,0.0,0.0,0.0,0.0,0.0,0.0,0.0,0.0,0.0,0.0,0.0,0.0,0.0,0.990515,,0.0,0.0,0.0,0.0,0.0,0.0,0.0,0.0,0.0,0.0,0.0,0.0,0.0,0.0,0.0,0.0,0.0,0.0,0.0,0.0,0.0
SF11C46894612282050980,8,,2019-05-18T08:00:00-0700,0.005701,0.005701,0.002186,0.001388,0.0,0.0,0.0,0.0,0.0,0.0,0.0,0.0,0.0,0.0,0.0,0.0,0.0,0.0,0.0,0.0,0.0,0.0,0.0,0.0,0.0,0.0,0.0,0.0,0.0,0.0,0.0,0.0,0.0,0.0,0.0,0.0,0.0,0.0,0.0,0.0,0.991569,,0.0,0.0,0.0,0.0,0.0,0.0,0.0,0.0,0.0,0.0,0.0,0.0,0.0,0.0,0.0,0.0,0.0,0.0,0.0,0.0,0.0
SF11C46894612282050980,9,,2019-05-18T09:00:00-0700,0.005701,0.005701,0.00287,0.00149,0.0,0.0,0.0,0.0,0.0,0.0,0.0,0.0,0.0,0.0,0.0,0.0,0.0,0.0,0.0,0.0,0.0,0.0,0.0,0.0,0.0,0.0,0.0,0.0,0.0,0.0,0.0,0.0,0.0,0.0,0.0,0.0,0.0,0.0,0.0,0.0,0.992412,,0.0,0.0,0.0,0.0,0.0,0.0,0.0,0.0,0.0,0.0,0.0,0.0,0.0,0.0,0.0,0.0,0.0,0.0,0.0,0.0,0.0
SF11C46894612282050980,10,,2019-05-18T10:00:00-0700,0.020004,0.020004,0.012411,0.002246,0.0,0.0,0.0,0.0,0.0,0.0,0.0,0.0,0.0,0.0,0.0,0.0,0.0,0.0,0.0,0.0,0.0,0.0,0.0,0.0,0.0,0.0,0.0,0.0,0.0,0.0,0.0,0.0,0.0,0.0,0.0,0.0,0.0,0.0,0.0,0.0,0.955567,,0.0,0.0,0.0,0.0,0.0,0.0,0.0,0.0,0.0,0.0,0.0,0.0,0.0,0.0,0.0,0.0,0.0,0.0,0.0,0.0,0.0
SF11C46894612282050980,11,,2019-05-18T11:00:00-0700,0.040008,0.040008,0.029269,0.004114,0.0,0.0,0.0,0.0,0.0,0.0,0.0,0.0,0.0,0.0,0.0,0.0,0.0,0.0,0.0,0.0,0.0,0.0,0.0,0.0,0.0,0.0,0.0,0.0,0.0,0.0,0.0,0.0,0.0,0.0,0.0,0.0,0.0,0.0,0.0,0.0,0.86346,,0.0,0.0,0.0,0.0,0.0,0.0,0.0,0.0,0.0,0.0,0.0,0.0,0.0,0.0,0.0,0.0,0.0,0.0,0.0,0.0,0.0
SF11C46894612282050980,12,,2019-05-18T12:00:00-0700,0.070014,0.070014,0.058404,0.007868,0.0,0.0,0.0,0.0,0.0,0.0,0.0,0.0,0.0,0.0,0.0,0.0,0.0,0.0,0.0,0.0,0.0,0.0,0.0,0.0,0.0,0.0,0.0,0.0,0.0,0.0,0.0,0.0,0.0,0.0,0.0,0.0,0.0,0.0,0.0,0.0,0.725917,,0.0,0.0,0.0,0.0,0.0,0.0,0.0,0.0,0.0,0.0,0.0,0.0,0.0,0.0,0.0,0.0,0.0,0.0,0.0,0.0,0.0
SF11C46894612282050980,13,,2019-05-18T13:00:00-0700,0.10002,0.10002,0.092587,0.013726,0.0,0.0,0.0,0.0,0.0,0.0,0.0,0.0,0.0,0.0,0.0,0.0,0.0,0.0,0.0,0.0,0.0,0.0,0.0,0.0,0.0,0.0,0.0,0.0,0.0,0.0,0.0,0.0,0.0,0.0,0.0,0.0,0.0,0.0,0.0,0.0,0.668988,,0.0,0.0,0.0,0.0,0.0,0.0,0.0,0.0,0.0,0.0,0.0,0.0,0.0,0.0,0.0,0.0,0.0,0.0,0.0,0.0,0.0
SF11C46894612282050980,14,,2019-05-18T14:00:00-0700,0.130026,0.130026,0.130525,0.021803,0.0,0.0,0.0,0.0,0.0,0.0,0.0,0.0,0.0,0.0,0.0,0.0,0.0,0.0,0.0,0.0,0.0,0.0,0.0,0.0,0.0,0.0,0.0,0.0,0.0,0.0,0.0,0.0,0.0,0.0,0.0,0.0,0.0,0.0,0.0,0.0,0.703836,,0.0,0.0,0.0,0.0,0.0,0.0,0.0,0.0,0.0,0.0,0.0,0.0,0.0,0.0,0.0,0.0,0.0,0.0,0.0,0.0,0.0
SF11C46894612282050980,15,,2019-05-18T15:00:00-0700,0.160032,0.160032,0.170708,0.032099,0.0,0.0,0.0,0.0,0.0,0.0,0.0,0.0,0.0,0.0,0.0,0.0,0.0,0.0,0.0,0.0,0.0,0.0,0.0,0.0,0.0,0.0,0.0,0.0,0.0,0.0,0.0,0.0,0.0,0.0,0.0,0.0,0.0,0.0,0.0,0.0,0.736568,,0.0,0.0,0.0,0.0,0.0,0.0,0.0,0.0,0.0,0.0,0.0,0.0,0.0,0.0,0.0,0.0,0.0,0.0,0.0,0.0,0.0
SF11C46894612282050980,16,,2019-05-18T16:00:00-0700,0.170034,0.170034,0.189207,0.042963,0.0,0.0,0.0,0.0,0.0,0.0,0.0,0.0,0.0,0.0,0.0,0.0,0.0,0.0,0.0,0.0,0.0,0.0,0.0,0.0,0.0,0.0,0.0,0.0,0.0,0.0,0.0,0.0,0.0,0.0,0.0,0.0,0.0,0.0,0.0,0.0,0.783801,,0.0,0.0,0.0,0.0,0.0,0.0,0.0,0.0,0.0,0.0,0.0,0.0,0.0,0.0,0.0,0.0,0.0,0.0,0.0,0.0,0.0
SF11C46894612282050980,17,,2019-05-18T17:00:00-0700,0.120024,0.120024,0.13693,0.049461,0.0,0.0,0.0,0.0,0.0,0.0,0.0,0.0,0.0,0.0,0.0,0.0,0.0,0.0,0.0,0.0,0.0,0.0,0.0,0.0,0.0,0.0,0.0,0.0,0.0,0.0,0.0,0.0,0.0,0.0,0.0,0.0,0.0,0.0,0.0,0.0,0.868512,,0.0,0.0,0.0,0.0,0.0,0.0,0.0,0.0,0.0,0.0,0.0,0.0,0.0,0.0,0.0,0.0,0.0,0.0,0.0,0.0,0.0
SF11C46894612282050980,18,,2019-05-18T18:00:00-0700,0.070014,0.070014,0.080537,0.05161,0.0,0.0,0.0,0.0,0.0,0.0,0.0,0.0,0.0,0.0,0.0,0.0,0.0,0.0,0.0,0.0,0.0,0.0,0.0,0.0,0.0,0.0,0.0,0.0,0.0,0.0,0.0,0.0,0.0,0.0,0.0,0.0,0.0,0.0,0.0,0.0,0.929029,,0.0,0.0,0.0,0.0,0.0,0.0,0.0,0.0,0.0,0.0,0.0,0.0,0.0,0.0,0.0,0.0,0.0,0.0,0.0,0.0,0.0
SF11C46894612282050980,19,,2019-05-18T19:00:00-0700,0.040008,0.040008,0.045643,0.051197,0.0,0.0,0.0,0.0,0.0,0.0,0.0,0.0,0.0,0.0,0.0,0.0,0.0,0.0,0.0,0.0,0.0,0.0,0.0,0.0,0.0,0.0,0.0,0.0,0.0,0.0,0.0,0.0,0.0,0.0,0.0,0.0,0.0,0.0,0.0,0.0,0.970023,,0.0,0.0,0.0,0.0,0.0,0.0,0.0,0.0,0.0,0.0,0.0,0.0,0.0,0.0,0.0,0.0,0.0,0.0,0.0,0.0,0.0
SF11C46894612282050980,20,,2019-05-18T20:00:00-0700,0.005701,0.005701,0.006344,0.048096,0.0,0.0,0.0,0.0,0.0,0.0,0.0,0.0,0.0,0.0,0.0,0.0,0.0,0.0,0.0,0.0,0.0,0.0,0.0,0.0,0.0,0.0,0.0,0.0,0.0,0.0,0.0,0.0,0.0,0.0,0.0,0.0,0.0,0.0,0.0,0.0,0.998236,,0.0,0.0,0.0,0.0,0.0,0.0,0.0,0.0,0.0,0.0,0.0,0.0,0.0,0.0,0.0,0.0,0.0,0.0,0.0,0.0,0.0
SF11C46894612282050980,21,,2019-05-18T21:00:00-0700,0.005701,0.005701,0.006081,0.04519,0.0,0.0,0.0,0.0,0.0,0.0,0.0,0.0,0.0,0.0,0.0,0.0,0.0,0.0,0.0,0.0,0.0,0.0,0.0,0.0,0.0,0.0,0.0,0.0,0.0,0.0,0.0,0.0,0.0,0.0,0.0,0.0,0.0,0.0,0.0,0.0,0.999562,,0.0,0.0,0.0,0.0,0.0,0.0,0.0,0.0,0.0,0.0,0.0,0.0,0.0,0.0,0.0,0.0,0.0,0.0,0.0,0.0,0.0
SF11C46894612282050980,22,,2019-05-18T22:00:00-0700,0.005701,0.005701,0.005723,0.042461,0.0,0.0,0.0,0.0,0.0,0.0,0.0,0.0,0.0,0.0,0.0,0.0,0.0,0.0,0.0,0.0,0.0,0.0,0.0,0.0,0.0,0.0,0.0,0.0,0.0,0.0,0.0,0.0,0.0,0.0,0.0,0.0,0.0,0.0,0.0,0.0,0.999565,,0.0,0.0,0.0,0.0,0.0,0.0,0.0,0.0,0.0,0.0,0.0,0.0,0.0,0.0,0.0,0.0,0.0,0.0,0.0,0.0,0.0
SF11C46894612282050980,23,,2019-05-18T23:00:00-0700,0.005701,0.005701,0.005277,0.03989,0.0,0.0,0.0,0.0,0.0,0.0,0.0,0.0,0.0,0.0,0.0,0.0,0.0,0.0,0.0,0.0,0.0,0.0,0.0,0.0,0.0,0.0,0.0,0.0,0.0,0.0,0.0,0.0,0.0,0.0,0.0,0.0,0.0,0.0,0.0,0.0,0.999567,,0.0,0.0,0.0,0.0,0.0,0.0,0.0,0.0,0.0,0.0,0.0,0.0,0.0,0.0,0.0,0.0,0.0,0.0,0.0,0.0,0.0
SF11C46894712282050980,0,,2019-05-18T00:00:00-0700,0.005701,0.005701,0.004755,0.000329,0.005286953473,0.006238610001,0.05214332424700001,1.198061837719,0.002774197816,0.0017574757750000003,0.0008761239790000001,0.0007117071390000001,0.012594284336000001,0.005286953473,0.006238610001,0.05214332424700001,1.198061837719,0.002774197816,0.0017574757750000003,0.0008761239790000001,0.0007117071390000001,0.012594284336000001,0.0,0.0,0.0,0.0,0.0,0.0,0.0,0.0,0.0,0.0,0.0,0.0,0.0,0.0,0.0,0.0,0.0,0.0,0.955812,1703972.3607418095,4.6487,4.76690755,4.8851151,5.003322649999999,5.1215302,5.23973775,5.3579453,5.47615285,5.5943604,5.71256795,5.8307755,5.94898305,6.0671906,6.18539815,6.3036057,6.4218132500000005,6.540020800000001,6.65822835,6.7764359,6.89464345,7.012851
SF11C46894712282050980,1,,2019-05-18T01:00:00-0700,0.005701,0.005701,0.00417,0.000594,0.005286953473,0.006238610001,0.05214332424700001,1.198061837719,0.002774197816,0.0017574757750000003,0.0008761239790000001,0.0007117071390000001,0.012594284336000001,0.005286953473,0.006238610001,0.05214332424700001,1.198061837719,0.002774197816,0.0017574757750000003,0.0008761239790000001,0.0007117071390000001,0.012594284336000001,0.0,0.0,0.0,0.0,0.0,0.0,0.0,0.0,0.0,0.0,0.0,0.0,0.0,0.0,0.0,0.0,0.0,0.0,0.955812,1703972.3607418095,4.6487,4.79243435,4.9361687,5.0799030499999995,5.223637399999999,5.36737175,5.511106099999999,5.65484045,5.7985748,5.94230915,6.0860435,6.22977785,6.3735121999999995,6.517246549999999,6.6609809,6.804715249999999,6.9484496,7.092183949999999,7.2359183,7.37965265,7.523387
SF11C46894712282050980,2,,2019-05-18T02:00:00-0700,0.005701,0.005701,0.003478,0.000794,0.005286953473,0.006238610001,0.05214332424700001,1.198061837719,0.002774197816,0.0017574757750000003,0.0008761239790000001,0.0007117071390000001,0.012594284336000001,0.005286953473,0.006238610001,0.05214332424700001,1.198061837719,0.002774197816,0.0017574757750000003,0.0008761239790000001,0.0007117071390000001,0.012594284336000001,0.0,0.0,0.0,0.0,0.0,0.0,0.0,0.0,0.0,0.0,0.0,0.0,0.0,0.0,0.0,0.0,0.0,0.0,0.970541,1703972.3607418095,4.6487,4.7112016,4.7737032,4.8362048,4.8987064,4.961208,5.0237096,5.0862112,5.1487128,5.2112144,5.273716,5.3362175999999995,5.3987192,5.4612207999999995,5.5237224,5.586224,5.6487256,5.7112272,5.7737288,5.8362304,5.898732
SF11C46894712282050980,3,,2019-05-18T03:00:00-0700,0.005701,0.005701,0.003028,0.000948,0.005286953473,0.006238610001,0.05214332424700001,1.198061837719,0.002774197816,0.0017574757750000003,0.0008761239790000001,0.0007117071390000001,0.012594284336000001,0.005286953473,0.006238610001,0.05214332424700001,1.198061837719,0.002774197816,0.0017574757750000003,0.0008761239790000001,0.0007117071390000001,0.012594284336000001,0.0,0.0,0.0,0.0,0.0,0.0,0.0,0.0,0.0,0.0,0.0,0.0,0.0,0.0,0.0,0.0,0.0,0.0,0.977906,1703972.3607418095,4.6487,4.6644442,4.6801884,4.6959326,4.7116768,4.727421,4.7431652,4.7589094,4.7746536,4.7903978,4.8061419999999995,4.8218862,4.8376304,4.8533745999999995,4.8691188,4.884863,4.9006072,4.9163514,4.9320956,4.9478398,4.963584
SF11C46894712282050980,4,,2019-05-18T04:00:00-0700,0.005701,0.005701,0.002734,0.001072,0.005286953473,0.006238610001,0.05214332424700001,1.198061837719,0.002774197816,0.0017574757750000003,0.0008761239790000001,0.0007117071390000001,0.012594284336000001,0.005286953473,0.006238610001,0.05214332424700001,1.198061837719,0.002774197816,0.0017574757750000003,0.0008761239790000001,0.0007117071390000001,0.012594284336000001,0.0,0.0,0.0,0.0,0.0,0.0,0.0,0.0,0.0,0.0,0.0,0.0,0.0,0.0,0.0,0.0,0.0,0.0,0.982325,1703972.3607418095,4.6487,4.881135,5.11357,5.346005,5.57844,5.810874999999999,6.04331,6.275745,6.508179999999999,6.740615,6.97305,7.2054849999999995,7.43792,7.670355,7.9027899999999995,8.135225,8.36766,8.600095,8.83253,9.064965,9.2974
SF11C46894712282050980,5,,2019-05-18T05:00:00-0700,0.005701,0.005701,0.002543,0.001174,0.005286953473,0.006238610001,0.05214332424700001,1.198061837719,0.002774197816,0.0017574757750000003,0.0008761239790000001,0.0007117071390000001,0.012594284336000001,0.005286953473,0.006238610001,0.05214332424700001,1.198061837719,0.002774197816,0.0017574757750000003,0.0008761239790000001,0.0007117071390000001,0.012594284336000001,0.0,0.0,0.0,0.0,0.0,0.0,0.0,0.0,0.0,0.0,0.0,0.0,0.0,0.0,0.0,0.0,0.0,0.0,0.985271,1703972.3607418095,4.6487,4.881135,5.11357,5.346005,5.57844,5.810874999999999,6.04331,6.275745,6.508179999999999,6.740615,6.97305,7.2054849999999995,7.43792,7.670355,7.9027899999999995,8.135225,8.36766,8.600095,8.83253,9.064965,9.2974
SF11C46894712282050980,6,,2019-05-18T06:00:00-0700,0.005701,0.005701,0.002418,0.00126,0.005286953473,0.006238610001,0.05214332424700001,1.198061837719,0.002774197816,0.0017574757750000003,0.0008761239790000001,0.0007117071390000001,0.012594284336000001,0.005286953473,0.006238610001,0.05214332424700001,1.198061837719,0.002774197816,0.0017574757750000003,0.0008761239790000001,0.0007117071390000001,0.012594284336000001,0.0,0.0,0.0,0.0,0.0,0.0,0.0,0.0,0.0,0.0,0.0,0.0,0.0,0.0,0.0,0.0,0.0,0.0,0.987375,1703972.3607418095,4.6487,4.881135,5.11357,5.346005,5.57844,5.810874999999999,6.04331,6.275745,6.508179999999999,6.740615,6.97305,7.2054849999999995,7.43792,7.670355,7.9027899999999995,8.135225,8.36766,8.600095,8.83253,9.064965,9.2974
SF11C46894712282050980,7,,2019-05-18T07:00:00-0700,0.005701,0.005701,0.002337,0.001334,0.005286953473,0.006238610001,0.05214332424700001,1.198061837719,0.002774197816,0.0017574757750000003,0.0008761239790000001,0.0007117071390000001,0.012594284336000001,0.005286953473,0.006238610001,0.05214332424700001,1.198061837719,0.002774197816,0.0017574757750000003,0.0008761239790000001,0.0007117071390000001,0.012594284336000001,0.0,0.0,0.0,0.0,0.0,0.0,0.0,0.0,0.0,0.0,0.0,0.0,0.0,0.0,0.0,0.0,0.0,0.0,0.988953,1703972.3607418095,4.6487,4.881135,5.11357,5.346005,5.57844,5.810874999999999,6.04331,6.275745,6.508179999999999,6.740615,6.97305,7.2054849999999995,7.43792,7.670355,7.9027899999999995,8.135225,8.36766,8.600095,8.83253,9.064965,9.2974
SF11C46894712282050980,8,,2019-05-18T08:00:00-0700,0.005701,0.005701,0.002186,0.001393,0.005286953473,0.006238610001,0.05214332424700001,1.198061837719,0.002774197816,0.0017574757750000003,0.0008761239790000001,0.0007117071390000001,0.012594284336000001,0.005286953473,0.006238610001,0.05214332424700001,1.198061837719,0.002774197816,0.0017574757750000003,0.0008761239790000001,0.0007117071390000001,0.012594284336000001,0.0,0.0,0.0,0.0,0.0,0.0,0.0,0.0,0.0,0.0,0.0,0.0,0.0,0.0,0.0,0.0,0.0,0.0,0.99018,1703972.3607418095,4.6487,4.881135,5.11357,5.346005,5.57844,5.810874999999999,6.04331,6.275745,6.508179999999999,6.740615,6.97305,7.2054849999999995,7.43792,7.670355,7.9027899999999995,8.135225,8.36766,8.600095,8.83253,9.064965,9.2974
SF11C46894712282050980,9,,2019-05-18T09:00:00-0700,0.005701,0.005701,0.002869,0.001495,0.005286953473,0.006238610001,0.05214332424700001,1.198061837719,0.002774197816,0.0017574757750000003,0.0008761239790000001,0.0007117071390000001,0.012594284336000001,0.005286953473,0.006238610001,0.05214332424700001,1.198061837719,0.002774197816,0.0017574757750000003,0.0008761239790000001,0.0007117071390000001,0.012594284336000001,0.0,0.0,0.0,0.0,0.0,0.0,0.0,0.0,0.0,0.0,0.0,0.0,0.0,0.0,0.0,0.0,0.0,0.0,0.991162,1703972.3607418095,4.6487,4.881135,5.11357,5.346005,5.57844,5.810874999999999,6.04331,6.275745,6.508179999999999,6.740615,6.97305,7.2054849999999995,7.43792,7.670355,7.9027899999999995,8.135225,8.36766,8.600095,8.83253,9.064965,9.2974
SF11C46894712282050980,10,,2019-05-18T10:00:00-0700,0.020004,0.020004,0.012408,0.00225,0.018551169492000003,0.021890397204,0.182963525388,4.203828977676,0.009734266464,0.006166733100000001,0.0030741947160000003,0.002497279356,0.044191556544000005,0.018551169492000003,0.021890397204,0.182963525388,4.203828977676,0.009734266464,0.006166733100000001,0.0030741947160000003,0.002497279356,0.044191556544000005,0.0,0.0,0.0,0.0,0.0,0.0,0.0,0.0,0.0,0.0,0.0,0.0,0.0,0.0,0.0,0.0,0.0,0.0,0.948249,5978997.2117662085,16.287862,16.35178555,16.4157091,16.47963265,16.5435562,16.60747975,16.6714033,16.73532685,16.799250400000002,16.86317395,16.927097500000002,16.99102105,17.0549446,17.11886815,17.1827917,17.24671525,17.3106388,17.37456235,17.4384859,17.502409450000002,17.566333
SF11C46894712282050980,11,,2019-05-18T11:00:00-0700,0.040008,0.040008,0.029264,0.004118,0.037102338984000005,0.043780794408,0.365927050776,8.407657955352,0.019468532928,0.012333466200000002,0.006148389432000001,0.004994558712,0.08838311308800001,0.037102338984000005,0.043780794408,0.365927050776,8.407657955352,0.019468532928,0.012333466200000002,0.006148389432000001,0.004994558712,0.08838311308800001,0.0,0.0,0.0,0.0,0.0,0.0,0.0,0.0,0.0,0.0,0.0,0.0,0.0,0.0,0.0,0.0,0.0,0.0,0.840972,11957994.423532417,32.509401,33.494893899999994,34.4803868,35.465879699999995,36.4513726,37.436865499999996,38.4223584,39.4078513,40.3933442,41.3788371,42.364329999999995,43.3498229,44.335315800000004,45.3208087,46.3063016,47.2917945,48.2772874,49.2627803,50.2482732,51.2337661,52.219259
SF11C46894712282050980,12,,2019-05-18T12:00:00-0700,0.070014,0.070013,0.058394,0.007871,0.064928165849,0.07661529591300001,0.640363192511,14.713191272447,0.034069446008,0.021583257575000004,0.010759527827000001,0.008740352907000001,0.154668238768,0.064928165849,0.07661529591300001,0.640363192511,14.713191272447,0.034069446008,0.021583257575000004,0.010759527827000001,0.008740352907000001,0.154668238768,0.0,0.0,0.0,0.0,0.0,0.0,0.0,0.0,0.0,0.0,0.0,0.0,0.0,0.0,0.0,0.0,0.0,0.0,0.680776,20926490.24118173,56.717943,59.43076695,62.1435909,64.85641485,67.5692388,70.28206275,72.9948867,75.70771065,78.4205346,81.13335855,83.8461825,86.55900645,89.2718304,91.98465435,94.6974783,97.41030225,100.1231262,102.83595015,105.5487741,108.26159805,110.974422
SF11C46894712282050980,13,,2019-05-18T13:00:00-0700,0.10002,0.100019,0.092571,0.013728,0.092754920087,0.10945089171899999,0.914808480593,21.018934738960997,0.048670845703999994,0.030833357225,0.015370819901000001,0.012486271941,0.220955573584,0.092754920087,0.10945089171899999,0.914808480593,21.018934738960997,0.048670845703999994,0.030833357225,0.015370819901000001,0.012486271941,0.220955573584,0.0,0.0,0.0,0.0,0.0,0.0,0.0,0.0,0.0,0.0,0.0,0.0,0.0,0.0,0.0,0.0,0.0,0.0,0.668988,29894986.05883104,80.778771,83.76382445,86.74887790000001,89.73393135,92.7189848,95.70403825,98.6890917,101.67414515,104.6591986,107.64425205,110.6293055,113.61435895,116.5994124,119.58446585,122.5695193,125.55457275,128.5396262,131.52467965,134.5097331,137.49478655000001,140.47984
SF11C46894712282050980,14,,2019-05-18T14:00:00-0700,0.130026,0.130025,0.130502,0.021803,0.120581674325,0.142286487525,1.189253768675,27.324678205475,0.0632722454,0.040083456875000006,0.019982111975,0.016232190975,0.2872429084,0.120581674325,0.142286487525,1.189253768675,27.324678205475,0.0632722454,0.040083456875000006,0.019982111975,0.016232190975,0.2872429084,0.0,0.0,0.0,0.0,0.0,0.0,0.0,0.0,0.0,0.0,0.0,0.0,0.0,0.0,0.0,0.0,0.0,0.0,0.703836,38863481.876480356,104.692786,107.148809,109.604832,112.060855,114.51687799999999,116.972901,119.428924,121.884947,124.34097,126.79699299999999,129.253016,131.709039,134.16506199999998,136.621085,139.077108,141.533131,143.98915399999998,146.445177,148.9012,151.35722299999998,153.813246
SF11C46894712282050980,15,,2019-05-18T15:00:00-0700,0.160032,0.160031,0.170679,0.032097,0.14840842856300002,0.175122083331,1.463699056757,33.630421671989,0.077873645096,0.049333556525,0.024593404049,0.019978110009000002,0.353530243216,0.14840842856300002,0.175122083331,1.463699056757,33.630421671989,0.077873645096,0.049333556525,0.024593404049,0.019978110009000002,0.353530243216,0.0,0.0,0.0,0.0,0.0,0.0,0.0,0.0,0.0,0.0,0.0,0.0,0.0,0.0,0.0,0.0,0.0,0.0,0.736568,47831977.69412967,128.460885,130.15776499999998,131.854645,133.551525,135.248405,136.94528499999998,138.64216499999998,140.339045,142.035925,143.73280499999998,145.429685,147.126565,148.823445,150.52032499999999,152.21720499999998,153.914085,155.610965,157.307845,159.004725,160.701605,162.398485
SF11C46894712282050980,16,,2019-05-18T16:00:00-0700,0.170034,0.170034,0.189175,0.042959,0.15768494068199998,0.186068376234,1.555189965798,35.732546310246,0.082741264944,0.05241723135,0.026130655086,0.021226874526,0.37562823062399997,0.15768494068199998,0.186068376234,1.555189965798,35.732546310246,0.082741264944,0.05241723135,0.026130655086,0.021226874526,0.37562823062399997,0.0,0.0,0.0,0.0,0.0,0.0,0.0,0.0,0.0,0.0,0.0,0.0,0.0,0.0,0.0,0.0,0.0,0.0,0.783801,50821476.30001277,136.351313,137.01305355,137.6747941,138.33653465,138.9982752,139.66001575,140.3217563,140.98349685,141.6452374,142.30697795,142.96871850000002,143.63045905,144.2921996,144.95394015000002,145.6156807,146.27742125,146.93916180000002,147.60090235,148.2626429,148.92438345000002,149.586124
SF11C46894712282050980,17,,2019-05-18T17:00:00-0700,0.120024,0.120025,0.136906,0.049455,0.111307944325,0.131343477525,1.097790298675,25.223184015475002,0.0584060854,0.037000706875000004,0.018445321975,0.014983800975000001,0.2651515484,0.111307944325,0.131343477525,1.097790298675,25.223184015475002,0.0584060854,0.037000706875000004,0.018445321975,0.014983800975000001,0.2651515484,0.0,0.0,0.0,0.0,0.0,0.0,0.0,0.0,0.0,0.0,0.0,0.0,0.0,0.0,0.0,0.0,0.0,0.0,0.868512,35873983.27059725,96.737705,101.57459025,106.41147550000001,111.24836075,116.08524600000001,120.92213125,125.7590165,130.59590175,135.43278700000002,140.26967225,145.1065575,149.94344275,154.780328,159.61721325000002,164.4540985,169.29098375,174.127869,178.96475425,183.80163950000002,188.63852475,193.47541
SF11C46894712282050980,18,,2019-05-18T18:00:00-0700,0.070014,0.070015,0.080523,0.051603,0.064930020595,0.07661748451499999,0.6403814852049999,14.713611571284998,0.03407041924,0.021583874125,0.010759835185,0.008740602585,0.15467265704,0.064930020595,0.07661748451499999,0.6403814852049999,14.713611571284998,0.03407041924,0.021583874125,0.010759835185,0.008740602585,0.15467265704,0.0,0.0,0.0,0.0,0.0,0.0,0.0,0.0,0.0,0.0,0.0,0.0,0.0,0.0,0.0,0.0,0.0,0.0,0.929029,20926490.24118173,56.717943,59.55384015,62.3897373,65.22563445,68.0615316,70.89742875,73.7333259,76.56922305,79.4051202,82.24101734999999,85.0769145,87.91281165,90.7487088,93.58460595,96.42050309999999,99.25640025,102.0922974,104.92819455,107.7640917,110.59998885,113.43588600000001
SF11C46894712282050980,19,,2019-05-18T19:00:00-0700,0.040008,0.040009,0.045635,0.051191,0.037103266357,0.043781888709,0.365936197123,8.407868104771,0.019469019544000002,0.012333774475000002,0.006148543111000001,0.004994683551000001,0.088385322224,0.037103266357,0.043781888709,0.365936197123,8.407868104771,0.019469019544000002,0.012333774475000002,0.006148543111000001,0.004994683551000001,0.088385322224,0.0,0.0,0.0,0.0,0.0,0.0,0.0,0.0,0.0,0.0,0.0,0.0,0.0,0.0,0.0,0.0,0.0,0.0,0.965086,11957994.423532417,32.509401,34.134871049999994,35.7603411,37.385811149999995,39.0112812,40.636751249999996,42.26222129999999,43.88769135,45.513161399999994,47.13863145,48.764101499999995,50.38957155,52.015041599999996,53.64051164999999,55.2659817,56.891451749999995,58.51692179999999,60.142391849999996,61.7678619,63.39333194999999,65.018802
SF11C46894712282050980,20,,2019-05-18T20:00:00-0700,0.005701,0.005702,0.006343,0.048089,0.005287880845999999,0.006239704301999999,0.052152470594,1.1982719871379999,0.002774684432,0.00175778405,0.000876277658,0.000711831978,0.012596493471999998,0.005287880845999999,0.006239704301999999,0.052152470594,1.1982719871379999,0.002774684432,0.00175778405,0.000876277658,0.000711831978,0.012596493471999998,0.0,0.0,0.0,0.0,0.0,0.0,0.0,0.0,0.0,0.0,0.0,0.0,0.0,0.0,0.0,0.0,0.0,0.0,0.997945,1703972.3607418095,4.6487,4.881135,5.11357,5.346005,5.57844,5.810874999999999,6.04331,6.275745,6.508179999999999,6.740615,6.97305,7.2054849999999995,7.43792,7.670355,7.9027899999999995,8.135225,8.36766,8.600095,8.83253,9.064965,9.2974
SF11C46894712282050980,21,,2019-05-18T21:00:00-0700,0.005701,0.005701,0.00608,0.045185,0.005286953473,0.006238610001,0.05214332424700001,1.198061837719,0.002774197816,0.0017574757750000003,0.0008761239790000001,0.0007117071390000001,0.012594284336000001,0.005286953473,0.006238610001,0.05214332424700001,1.198061837719,0.002774197816,0.0017574757750000003,0.0008761239790000001,0.0007117071390000001,0.012594284336000001,0.0,0.0,0.0,0.0,0.0,0.0,0.0,0.0,0.0,0.0,0.0,0.0,0.0,0.0,0.0,0.0,0.0,0.0,0.99949,1703972.3607418095,4.6487,4.881135,5.11357,5.346005,5.57844,5.810874999999999,6.04331,6.275745,6.508179999999999,6.740615,6.97305,7.2054849999999995,7.43792,7.670355,7.9027899999999995,8.135225,8.36766,8.600095,8.83253,9.064965,9.2974
SF11C46894712282050980,22,,2019-05-18T22:00:00-0700,0.005701,0.005701,0.005722,0.042456,0.005286953473,0.006238610001,0.05214332424700001,1.198061837719,0.002774197816,0.0017574757750000003,0.0008761239790000001,0.0007117071390000001,0.012594284336000001,0.005286953473,0.006238610001,0.05214332424700001,1.198061837719,0.002774197816,0.0017574757750000003,0.0008761239790000001,0.0007117071390000001,0.012594284336000001,0.0,0.0,0.0,0.0,0.0,0.0,0.0,0.0,0.0,0.0,0.0,0.0,0.0,0.0,0.0,0.0,0.0,0.0,0.999493,1703972.3607418095,4.6487,4.881135,5.11357,5.346005,5.57844,5.810874999999999,6.04331,6.275745,6.508179999999999,6.740615,6.97305,7.2054849999999995,7.43792,7.670355,7.9027899999999995,8.135225,8.36766,8.600095,8.83253,9.064965,9.2974
SF11C46894712282050980,23,,2019-05-18T23:00:00-0700,0.005701,0.005701,0.005277,0.039885,0.005286953473,0.006238610001,0.05214332424700001,1.198061837719,0.002774197816,0.0017574757750000003,0.0008761239790000001,0.0007117071390000001,0.012594284336000001,0.005286953473,0.006238610001,0.05214332424700001,1.198061837719,0.002774197816,0.0017574757750000003,0.0008761239790000001,0.0007117071390000001,0.012594284336000001,0.0,0.0,0.0,0.0,0.0,0.0,0.0,0.0,0.0,0.0,0.0,0.0,0.0,0.0,0.0,0.0,0.0,0.0,0.999496,1703972.3607418095,4.6487,4.881135,5.11357,5.346005,5.57844,5.810874999999999,6.04331,6.275745,6.508179999999999,6.740615,6.97305,7.2054849999999995,7.43792,7.670355,7.9027899999999995,8.135225,8.36766,8.600095,8.83253,9.064965,9.2974
SF11C46894812282050980,0,,2019-05-18T00:00:00-0700,0.005701,0.005701,0.004756,0.000329,0.005207373214,0.0061447031289999995,0.05135843907200001,1.1800281380670001,0.0027324379910000003,0.001731023135,0.000862937566,0.00070099496,0.012404708983,0.005207373214,0.0061447031289999995,0.05135843907200001,1.1800281380670001,0.0027324379910000003,0.001731023135,0.000862937566,0.00070099496,0.012404708983,0.0,0.0,0.0,0.0,0.0,0.0,0.0,0.0,0.0,0.0,0.0,0.0,0.0,0.0,0.0,0.0,0.0,0.0,0.956477,1674306.1704832958,4.578766,4.6941462,4.8095264,4.9249066,5.0402868,5.155667,5.2710472,5.3864274,5.5018076,5.6171878,5.7325680000000006,5.8479482,5.9633284,6.078708600000001,6.1940888,6.309469,6.424849200000001,6.5402294,6.6556096,6.770989800000001,6.88637
SF11C46894812282050980,1,,2019-05-18T01:00:00-0700,0.005701,0.005701,0.003952,0.000579,0.005207373214,0.0061447031289999995,0.05135843907200001,1.1800281380670001,0.0027324379910000003,0.001731023135,0.000862937566,0.00070099496,0.012404708983,0.005207373214,0.0061447031289999995,0.05135843907200001,1.1800281380670001,0.0027324379910000003,0.001731023135,0.000862937566,0.00070099496,0.012404708983,0.0,0.0,0.0,0.0,0.0,0.0,0.0,0.0,0.0,0.0,0.0,0.0,0.0,0.0,0.0,0.0,0.0,0.0,0.956477,1674306.1704832958,4.578766,4.7192126,4.8596592,5.0001058,5.1405524,5.2809989999999996,5.4214456,5.5618922,5.7023388,5.8427854,5.983232,6.1236786,6.2641252000000005,6.4045718,6.5450184,6.685465000000001,6.8259116,6.9663582,7.106804800000001,7.247251400000001,7.387698
SF11C46894812282050980,2,,2019-05-18T02:00:00-0700,0.005701,0.005701,0.0034,0.000774,0.005207373214,0.0061447031289999995,0.05135843907200001,1.1800281380670001,0.0027324379910000003,0.001731023135,0.000862937566,0.00070099496,0.012404708983,0.005207373214,0.0061447031289999995,0.05135843907200001,1.1800281380670001,0.0027324379910000003,0.001731023135,0.000862937566,0.00070099496,0.012404708983,0.0,0.0,0.0,0.0,0.0,0.0,0.0,0.0,0.0,0.0,0.0,0.0,0.0,0.0,0.0,0.0,0.0,0.0,0.970985,1674306.1704832958,4.578766,4.63944495,4.7001238999999995,4.76080285,4.8214818,4.88216075,4.9428397,5.00351865,5.0641976,5.12487655,5.1855554999999995,5.24623445,5.3069134,5.36759235,5.4282713000000005,5.48895025,5.5496292,5.61030815,5.6709871,5.73166605,5.792345
SF11C46894812282050980,3,,2019-05-18T03:00:00-0700,0.005701,0.005701,0.00302,0.00093,0.005207373214,0.0061447031289999995,0.05135843907200001,1.1800281380670001,0.0027324379910000003,0.001731023135,0.000862937566,0.00070099496,0.012404708983,0.005207373214,0.0061447031289999995,0.05135843907200001,1.1800281380670001,0.0027324379910000003,0.001731023135,0.000862937566,0.00070099496,0.012404708983,0.0,0.0,0.0,0.0,0.0,0.0,0.0,0.0,0.0,0.0,0.0,0.0,0.0,0.0,0.0,0.0,0.0,0.0,0.978238,1674306.1704832958,4.578766,4.59353085,4.6082957,4.62306055,4.6378254,4.652590249999999,4.6673551,4.68211995,4.696884799999999,4.71164965,4.7264145,4.7411793499999995,4.7559442,4.77070905,4.7854738999999995,4.80023875,4.8150036,4.8297684499999995,4.844533299999999,4.85929815,4.874063
SF11C46894812282050980,4,,2019-05-18T04:00:00-0700,0.005701,0.005701,0.002759,0.001056,0.005207373214,0.0061447031289999995,0.05135843907200001,1.1800281380670001,0.0027324379910000003,0.001731023135,0.000862937566,0.00070099496,0.012404708983,0.005207373214,0.0061447031289999995,0.05135843907200001,1.1800281380670001,0.0027324379910000003,0.001731023135,0.000862937566,0.00070099496,0.012404708983,0.0,0.0,0.0,0.0,0.0,0.0,0.0,0.0,0.0,0.0,0.0,0.0,0.0,0.0,0.0,0.0,0.0,0.0,0.982591,1674306.1704832958,4.578766,4.8077043,5.0366425999999995,5.2655809,5.4945192,5.7234575,5.9523958,6.1813341,6.4102724,6.6392107,6.868149,7.0970873,7.3260255999999995,7.5549639,7.7839022,8.0128405,8.241778799999999,8.4707171,8.6996554,8.9285937,9.157532
SF11C46894812282050980,5,,2019-05-18T05:00:00-0700,0.005701,0.005701,0.00258,0.001162,0.005207373214,0.0061447031289999995,0.05135843907200001,1.1800281380670001,0.0027324379910000003,0.001731023135,0.000862937566,0.00070099496,0.012404708983,0.005207373214,0.0061447031289999995,0.05135843907200001,1.1800281380670001,0.0027324379910000003,0.001731023135,0.000862937566,0.00070099496,0.012404708983,0.0,0.0,0.0,0.0,0.0,0.0,0.0,0.0,0.0,0.0,0.0,0.0,0.0,0.0,0.0,0.0,0.0,0.0,0.985492,1674306.1704832958,4.578766,4.8077043,5.0366425999999995,5.2655809,5.4945192,5.7234575,5.9523958,6.1813341,6.4102724,6.6392107,6.868149,7.0970873,7.3260255999999995,7.5549639,7.7839022,8.0128405,8.241778799999999,8.4707171,8.6996554,8.9285937,9.157532
SF11C46894812282050980,6,,2019-05-18T06:00:00-0700,0.005701,0.005701,0.002457,0.001251,0.005207373214,0.0061447031289999995,0.05135843907200001,1.1800281380670001,0.0027324379910000003,0.001731023135,0.000862937566,0.00070099496,0.012404708983,0.005207373214,0.0061447031289999995,0.05135843907200001,1.1800281380670001,0.0027324379910000003,0.001731023135,0.000862937566,0.00070099496,0.012404708983,0.0,0.0,0.0,0.0,0.0,0.0,0.0,0.0,0.0,0.0,0.0,0.0,0.0,0.0,0.0,0.0,0.0,0.0,0.987565,1674306.1704832958,4.578766,4.8077043,5.0366425999999995,5.2655809,5.4945192,5.7234575,5.9523958,6.1813341,6.4102724,6.6392107,6.868149,7.0970873,7.3260255999999995,7.5549639,7.7839022,8.0128405,8.241778799999999,8.4707171,8.6996554,8.9285937,9.157532
SF11C46894812282050980,7,,2019-05-18T07:00:00-0700,0.005701,0.005701,0.002372,0.001329,0.005207373214,0.0061447031289999995,0.05135843907200001,1.1800281380670001,0.0027324379910000003,0.001731023135,0.000862937566,0.00070099496,0.012404708983,0.005207373214,0.0061447031289999995,0.05135843907200001,1.1800281380670001,0.0027324379910000003,0.001731023135,0.000862937566,0.00070099496,0.012404708983,0.0,0.0,0.0,0.0,0.0,0.0,0.0,0.0,0.0,0.0,0.0,0.0,0.0,0.0,0.0,0.0,0.0,0.0,0.989119,1674306.1704832958,4.578766,4.8077043,5.0366425999999995,5.2655809,5.4945192,5.7234575,5.9523958,6.1813341,6.4102724,6.6392107,6.868149,7.0970873,7.3260255999999995,7.5549639,7.7839022,8.0128405,8.241778799999999,8.4707171,8.6996554,8.9285937,9.157532
SF11C46894812282050980,8,,2019-05-18T08:00:00-0700,0.005701,0.005701,0.002186,0.001388,0.005207373214,0.0061447031289999995,0.05135843907200001,1.1800281380670001,0.0027324379910000003,0.001731023135,0.000862937566,0.00070099496,0.012404708983,0.005207373214,0.0061447031289999995,0.05135843907200001,1.1800281380670001,0.0027324379910000003,0.001731023135,0.000862937566,0.00070099496,0.012404708983,0.0,0.0,0.0,0.0,0.0,0.0,0.0,0.0,0.0,0.0,0.0,0.0,0.0,0.0,0.0,0.0,0.0,0.0,0.990328,1674306.1704832958,4.578766,4.8077043,5.0366425999999995,5.2655809,5.4945192,5.7234575,5.9523958,6.1813341,6.4102724,6.6392107,6.868149,7.0970873,7.3260255999999995,7.5549639,7.7839022,8.0128405,8.241778799999999,8.4707171,8.6996554,8.9285937,9.157532
SF11C46894812282050980,9,,2019-05-18T09:00:00-0700,0.005701,0.005701,0.00287,0.00149,0.005207373214,0.0061447031289999995,0.05135843907200001,1.1800281380670001,0.0027324379910000003,0.001731023135,0.000862937566,0.00070099496,0.012404708983,0.005207373214,0.0061447031289999995,0.05135843907200001,1.1800281380670001,0.0027324379910000003,0.001731023135,0.000862937566,0.00070099496,0.012404708983,0.0,0.0,0.0,0.0,0.0,0.0,0.0,0.0,0.0,0.0,0.0,0.0,0.0,0.0,0.0,0.0,0.0,0.0,0.991295,1674306.1704832958,4.578766,4.8077043,5.0366425999999995,5.2655809,5.4945192,5.7234575,5.9523958,6.1813341,6.4102724,6.6392107,6.868149,7.0970873,7.3260255999999995,7.5549639,7.7839022,8.0128405,8.241778799999999,8.4707171,8.6996554,8.9285937,9.157532
SF11C46894812282050980,10,,2019-05-18T10:00:00-0700,0.020004,0.020004,0.012411,0.002246,0.018271933656,0.021560891316,0.18020947468800003,4.140551284668,0.009587737164000002,0.00607391454,0.003027925464,0.00245969184,0.043526363532,0.018271933656,0.021560891316,0.18020947468800003,4.140551284668,0.009587737164000002,0.00607391454,0.003027925464,0.00245969184,0.043526363532,0.0,0.0,0.0,0.0,0.0,0.0,0.0,0.0,0.0,0.0,0.0,0.0,0.0,0.0,0.0,0.0,0.0,0.0,0.949028,5874902.759927706,16.043183,16.10349955,16.1638161,16.224132649999998,16.2844492,16.34476575,16.4050823,16.46539885,16.5257154,16.58603195,16.646348500000002,16.70666505,16.7669816,16.82729815,16.8876147,16.94793125,17.0082478,17.068564350000003,17.128880900000002,17.18919745,17.249514
SF11C46894812282050980,11,,2019-05-18T11:00:00-0700,0.040008,0.040008,0.029269,0.004114,0.036543867312,0.043121782632,0.36041894937600005,8.281102569336,0.019175474328000004,0.01214782908,0.006055850928,0.00491938368,0.087052727064,0.036543867312,0.043121782632,0.36041894937600005,8.281102569336,0.019175474328000004,0.01214782908,0.006055850928,0.00491938368,0.087052727064,0.0,0.0,0.0,0.0,0.0,0.0,0.0,0.0,0.0,0.0,0.0,0.0,0.0,0.0,0.0,0.0,0.0,0.0,0.843366,11749805.519855412,32.022021,32.9847927,33.947564400000005,34.9103361,35.8731078,36.835879500000004,37.7986512,38.7614229,39.724194600000004,40.6869663,41.649738,42.612509700000004,43.5752814,44.5380531,45.500824800000004,46.4635965,47.4263682,48.3891399,49.3519116,50.3146833,51.277455
SF11C46894812282050980,12,,2019-05-18T12:00:00-0700,0.070014,0.070013,0.058404,0.007868,0.063950854382,0.075462041777,0.6307241527360001,14.491722510171002,0.033556600783000004,0.021258397255000002,0.010597587758000002,0.00860879848,0.152340096479,0.063950854382,0.075462041777,0.6307241527360001,14.491722510171002,0.033556600783000004,0.021258397255000002,0.010597587758000002,0.00860879848,0.152340096479,0.0,0.0,0.0,0.0,0.0,0.0,0.0,0.0,0.0,0.0,0.0,0.0,0.0,0.0,0.0,0.0,0.0,0.0,0.685581,20562159.65974697,55.870193,58.52533005,61.1804671,63.83560415,66.4907412,69.14587825,71.8010153,74.45615235,77.1112894,79.76642645,82.42156349999999,85.07670055,87.73183759999999,90.38697464999998,93.04211169999999,95.69724875,98.3523858,101.00752284999999,103.6626599,106.31779695,108.972934
SF11C46894812282050980,13,,2019-05-18T13:00:00-0700,0.10002,0.100019,0.092587,0.013726,0.091358754866,0.10780337875099999,0.901038364768,20.702549437172998,0.047938206529,0.030369269065,0.015139475954,0.012298336239999999,0.21762964177699998,0.091358754866,0.10780337875099999,0.901038364768,20.702549437172998,0.047938206529,0.030369269065,0.015139475954,0.012298336239999999,0.21762964177699998,0.0,0.0,0.0,0.0,0.0,0.0,0.0,0.0,0.0,0.0,0.0,0.0,0.0,0.0,0.0,0.0,0.0,0.0,0.668988,29374513.799638525,79.575033,82.5566443,85.5382556,88.51986690000001,91.50147820000001,94.4830895,97.4647008,100.4463121,103.4279234,106.4095347,109.39114599999999,112.37275729999999,115.3543686,118.3359799,121.3175912,124.2992025,127.2808138,130.2624251,133.2440364,136.2256477,139.207259
SF11C46894812282050980,14,,2019-05-18T14:00:00-0700,0.130026,0.130025,0.130525,0.021803,0.11876665535,0.14014471572499998,1.1713525768000002,26.913376364175,0.062319812275000004,0.039480140875,0.019681364150000002,0.015987874,0.28291918707499997,0.11876665535,0.14014471572499998,1.1713525768000002,26.913376364175,0.062319812275000004,0.039480140875,0.019681364150000002,0.015987874,0.28291918707499997,0.0,0.0,0.0,0.0,0.0,0.0,0.0,0.0,0.0,0.0,0.0,0.0,0.0,0.0,0.0,0.0,0.0,0.0,0.703836,38186867.93953008,103.137404,105.6015278,108.06565160000001,110.5297754,112.9938992,115.458023,117.92214680000001,120.3862706,122.8503944,125.31451820000001,127.778642,130.2427658,132.7068896,135.1710134,137.6351372,140.099261,142.5633848,145.0275086,147.49163240000001,149.9557562,152.41988
SF11C46894812282050980,15,,2019-05-18T15:00:00-0700,0.160032,0.160031,0.170708,0.032099,0.146174555834,0.172486052699,1.4416667888320003,33.124203291177004,0.076701418021,0.048591012685,0.024223252346,0.01967741176,0.348208732373,0.146174555834,0.172486052699,1.4416667888320003,33.124203291177004,0.076701418021,0.048591012685,0.024223252346,0.01967741176,0.348208732373,0.0,0.0,0.0,0.0,0.0,0.0,0.0,0.0,0.0,0.0,0.0,0.0,0.0,0.0,0.0,0.0,0.0,0.0,0.736568,46999222.07942165,126.558161,128.27662025,129.9950795,131.71353875,133.431998,135.15045725,136.8689165,138.58737575,140.305835,142.02429425,143.7427535,145.46121275,147.17967199999998,148.89813125,150.6165905,152.33504975,154.053509,155.77196825,157.4904275,159.20888675,160.927346
SF11C46894812282050980,16,,2019-05-18T16:00:00-0700,0.170034,0.170034,0.189207,0.042963,0.15531143607599998,0.18326757618599998,1.531780534848,35.194685919677994,0.081495765894,0.051628273589999996,0.025737366443999998,0.020907380639999997,0.36997409002199994,0.15531143607599998,0.18326757618599998,1.531780534848,35.194685919677994,0.081495765894,0.051628273589999996,0.025737366443999998,0.020907380639999997,0.36997409002199994,0.0,0.0,0.0,0.0,0.0,0.0,0.0,0.0,0.0,0.0,0.0,0.0,0.0,0.0,0.0,0.0,0.0,0.0,0.783801,49936673.45938549,134.333758,135.02862265,135.7234873,136.41835195,137.1132166,137.80808125,138.5029459,139.19781054999999,139.89267519999999,140.58753984999998,141.28240449999998,141.97726915,142.6721338,143.36699845,144.0618631,144.75672775,145.4515924,146.14645705,146.8413217,147.53618635,148.231051
SF11C46894812282050980,17,,2019-05-18T17:00:00-0700,0.120024,0.120025,0.13693,0.049461,0.10963251535,0.129366425725,1.0812658568000002,24.843514694175,0.05752690227500001,0.036443790875,0.018167704150000002,0.014758274,0.261160357075,0.10963251535,0.129366425725,1.0812658568000002,24.843514694175,0.05752690227500001,0.036443790875,0.018167704150000002,0.014758274,0.261160357075,0.0,0.0,0.0,0.0,0.0,0.0,0.0,0.0,0.0,0.0,0.0,0.0,0.0,0.0,0.0,0.0,0.0,0.0,0.868512,35249416.55956624,95.299057,100.06400985,104.8289627,109.59391555,114.3588684,119.12382125,123.8887741,128.65372695000002,133.4186798,138.18363265,142.9485855,147.71353835000002,152.4784912,157.24344405,162.0083969,166.77334975000002,171.5383026,176.30325545,181.0682083,185.83316115000002,190.598114
SF11C46894812282050980,18,,2019-05-18T18:00:00-0700,0.070014,0.070015,0.080537,0.05161,0.06395268120999999,0.07546419743499999,0.63074217008,14.492136482504998,0.033557559364999996,0.021259004524999996,0.01059789049,0.0086090444,0.15234444824499996,0.06395268120999999,0.07546419743499999,0.63074217008,14.492136482504998,0.033557559364999996,0.021259004524999996,0.01059789049,0.0086090444,0.15234444824499996,0.0,0.0,0.0,0.0,0.0,0.0,0.0,0.0,0.0,0.0,0.0,0.0,0.0,0.0,0.0,0.0,0.0,0.0,0.929029,20562159.65974697,55.870193,58.66370265,61.4572123,64.25072195,67.0442316,69.83774125,72.6312509,75.42476055,78.2182702,81.01177985,83.8052895,86.59879914999999,89.3923088,92.18581845,94.9793281,97.77283775000001,100.5663474,103.35985704999999,106.15336669999999,108.94687635,111.740386
SF11C46894812282050980,19,,2019-05-18T19:00:00-0700,0.040008,0.040009,0.045643,0.051197,0.036544780726,0.043122860461,0.36042795804800004,8.281309555503,0.019175953619000003,0.012148132715000001,0.006056002294,0.004919506640000001,0.087054902947,0.036544780726,0.043122860461,0.36042795804800004,8.281309555503,0.019175953619000003,0.012148132715000001,0.006056002294,0.004919506640000001,0.087054902947,0.0,0.0,0.0,0.0,0.0,0.0,0.0,0.0,0.0,0.0,0.0,0.0,0.0,0.0,0.0,0.0,0.0,0.0,0.965611,11749805.519855412,32.022021,33.62312205,35.2242231,36.82532415,38.426425200000004,40.02752625,41.628627300000005,43.22972835,44.8308294,46.43193045,48.03303150000001,49.634132550000004,51.2352336,52.83633465,54.4374357,56.038536750000006,57.6396378,59.24073885,60.841839900000004,62.44294095000001,64.044042
SF11C46894812282050980,20,,2019-05-18T20:00:00-0700,0.005701,0.005702,0.006344,0.048096,0.0052082866279999996,0.006145780957999999,0.051367447744,1.180235124234,0.002732917282,0.0017313267699999998,0.000863088932,0.0007011179199999999,0.012406884865999997,0.0052082866279999996,0.006145780957999999,0.051367447744,1.180235124234,0.002732917282,0.0017313267699999998,0.000863088932,0.0007011179199999999,0.012406884865999997,0.0,0.0,0.0,0.0,0.0,0.0,0.0,0.0,0.0,0.0,0.0,0.0,0.0,0.0,0.0,0.0,0.0,0.0,0.997976,1674306.1704832958,4.578766,4.8077043,5.0366425999999995,5.2655809,5.4945192,5.7234575,5.9523958,6.1813341,6.4102724,6.6392107,6.868149,7.0970873,7.3260255999999995,7.5549639,7.7839022,8.0128405,8.241778799999999,8.4707171,8.6996554,8.9285937,9.157532
SF11C46894812282050980,21,,2019-05-18T21:00:00-0700,0.005701,0.005701,0.006081,0.04519,0.005207373214,0.0061447031289999995,0.05135843907200001,1.1800281380670001,0.0027324379910000003,0.001731023135,0.000862937566,0.00070099496,0.012404708983,0.005207373214,0.0061447031289999995,0.05135843907200001,1.1800281380670001,0.0027324379910000003,0.001731023135,0.000862937566,0.00070099496,0.012404708983,0.0,0.0,0.0,0.0,0.0,0.0,0.0,0.0,0.0,0.0,0.0,0.0,0.0,0.0,0.0,0.0,0.0,0.0,0.999498,1674306.1704832958,4.578766,4.8077043,5.0366425999999995,5.2655809,5.4945192,5.7234575,5.9523958,6.1813341,6.4102724,6.6392107,6.868149,7.0970873,7.3260255999999995,7.5549639,7.7839022,8.0128405,8.241778799999999,8.4707171,8.6996554,8.9285937,9.157532
SF11C46894812282050980,22,,2019-05-18T22:00:00-0700,0.005701,0.005701,0.005723,0.042461,0.005207373214,0.0061447031289999995,0.05135843907200001,1.1800281380670001,0.0027324379910000003,0.001731023135,0.000862937566,0.00070099496,0.012404708983,0.005207373214,0.0061447031289999995,0.05135843907200001,1.1800281380670001,0.0027324379910000003,0.001731023135,0.000862937566,0.00070099496,0.012404708983,0.0,0.0,0.0,0.0,0.0,0.0,0.0,0.0,0.0,0.0,0.0,0.0,0.0,0.0,0.0,0.0,0.0,0.0,0.999501,1674306.1704832958,4.578766,4.8077043,5.0366425999999995,5.2655809,5.4945192,5.7234575,5.9523958,6.1813341,6.4102724,6.6392107,6.868149,7.0970873,7.3260255999999995,7.5549639,7.7839022,8.0128405,8.241778799999999,8.4707171,8.6996554,8.9285937,9.157532
SF11C46894812282050980,23,,2019-05-18T23:00:00-0700,0.005701,0.005701,0.005277,0.03989,0.005207373214,0.0061447031289999995,0.05135843907200001,1.1800281380670001,0.0027324379910000003,0.001731023135,0.000862937566,0.00070099496,0.012404708983,0.005207373214,0.0061447031289999995,0.05135843907200001,1.1800281380670001,0.0027324379910000003,0.001731023135,0.000862937566,0.00070099496,0.012404708983,0.0,0.0,0.0,0.0,0.0,0.0,0.0,0.0,0.0,0.0,0.0,0.0,0.0,0.0,0.0,0.0,0.0,0.0,0.999504,1674306.1704832958,4.578766,4.8077043,5.0366425999999995,5.2655809,5.4945192,5.7234575,5.9523958,6.1813341,6.4102724,6.6392107,6.868149,7.0970873,7.3260255999999995,7.5549639,7.7839022,8.0128405,8.241778799999999,8.4707171,8.6996554,8.9285937,9.157532
SF11C46894912282050980,0,,2019-05-18T00:00:00-0600,0.005701,0.005701,0.004755,0.000329,0.000269007386,0.000317425979,0.0026531199780000002,0.060958991484000004,0.00014115676,8.942018500000001e-05,4.4576119e-05,3.6212752e-05,0.000640815204,0.000269007386,0.000317425979,0.0026531199780000002,0.060958991484000004,0.00014115676,8.942018500000001e-05,4.4576119e-05,3.6212752e-05,0.000640815204,0.0,0.0,0.0,0.0,0.0,0.0,0.0,0.0,0.0,0.0,0.0,0.0,0.0,0.0,0.0,0.0,0.0,0.0,0.997752,8542.731338887643,0.236663,0.24849615000000003,0.2603293,0.27216245,0.2839956,0.29582875000000003,0.30766190000000004,0.31949505,0.3313282,0.34316135000000003,0.3549945,0.36682765,0.3786608,0.39049395000000003,0.40232710000000005,0.41416025,0.4259934,0.43782655000000004,0.4496597,0.46149285,0.473326
SF11C46894912282050980,1,,2019-05-18T01:00:00-0600,0.005701,0.005701,0.00417,0.000594,0.000269007386,0.000317425979,0.0026531199780000002,0.060958991484000004,0.00014115676,8.942018500000001e-05,4.4576119e-05,3.6212752e-05,0.000640815204,0.000269007386,0.000317425979,0.0026531199780000002,0.060958991484000004,0.00014115676,8.942018500000001e-05,4.4576119e-05,3.6212752e-05,0.000640815204,0.0,0.0,0.0,0.0,0.0,0.0,0.0,0.0,0.0,0.0,0.0,0.0,0.0,0.0,0.0,0.0,0.0,0.0,0.997752,8542.731338887643,0.236663,0.24849615000000003,0.2603293,0.27216245,0.2839956,0.29582875000000003,0.30766190000000004,0.31949505,0.3313282,0.34316135000000003,0.3549945,0.36682765,0.3786608,0.39049395000000003,0.40232710000000005,0.41416025,0.4259934,0.43782655000000004,0.4496597,0.46149285,0.473326
SF11C46894912282050980,2,,2019-05-18T02:00:00-0600,0.005701,0.005701,0.003478,0.000794,0.000269007386,0.000317425979,0.0026531199780000002,0.060958991484000004,0.00014115676,8.942018500000001e-05,4.4576119e-05,3.6212752e-05,0.000640815204,0.000269007386,0.000317425979,0.0026531199780000002,0.060958991484000004,0.00014115676,8.942018500000001e-05,4.4576119e-05,3.6212752e-05,0.000640815204,0.0,0.0,0.0,0.0,0.0,0.0,0.0,0.0,0.0,0.0,0.0,0.0,0.0,0.0,0.0,0.0,0.0,0.0,0.998501,8542.731338887643,0.236663,0.24849615000000003,0.2603293,0.27216245,0.2839956,0.29582875000000003,0.30766190000000004,0.31949505,0.3313282,0.34316135000000003,0.3549945,0.36682765,0.3786608,0.39049395000000003,0.40232710000000005,0.41416025,0.4259934,0.43782655000000004,0.4496597,0.46149285,0.473326
SF11C46894912282050980,3,,2019-05-18T03:00:00-0600,0.005701,0.005701,0.003028,0.000948,0.000269007386,0.000317425979,0.0026531199780000002,0.060958991484000004,0.00014115676,8.942018500000001e-05,4.4576119e-05,3.6212752e-05,0.000640815204,0.000269007386,0.000317425979,0.0026531199780000002,0.060958991484000004,0.00014115676,8.942018500000001e-05,4.4576119e-05,3.6212752e-05,0.000640815204,0.0,0.0,0.0,0.0,0.0,0.0,0.0,0.0,0.0,0.0,0.0,0.0,0.0,0.0,0.0,0.0,0.0,0.0,0.998876,8542.731338887643,0.236663,0.24849615000000003,0.2603293,0.27216245,0.2839956,0.29582875000000003,0.30766190000000004,0.31949505,0.3313282,0.34316135000000003,0.3549945,0.36682765,0.3786608,0.39049395000000003,0.40232710000000005,0.41416025,0.4259934,0.43782655000000004,0.4496597,0.46149285,0.473326
SF11C46894912282050980,4,,2019-05-18T04:00:00-0600,0.005701,0.005701,0.002734,0.001072,0.000269007386,0.000317425979,0.0026531199780000002,0.060958991484000004,0.00014115676,8.942018500000001e-05,4.4576119e-05,3.6212752e-05,0.000640815204,0.000269007386,0.000317425979,0.0026531199780000002,0.060958991484000004,0.00014115676,8.942018500000001e-05,4.4576119e-05,3.6212752e-05,0.000640815204,0.0,0.0,0.0,0.0,0.0,0.0,0.0,0.0,0.0,0.0,0.0,0.0,0.0,0.0,0.0,0.0,0.0,0.0,0.999101,8542.731338887643,0.236663,0.24849615000000003,0.2603293,0.27216245,0.2839956,0.29582875000000003,0.30766190000000004,0.31949505,0.3313282,0.34316135000000003,0.3549945,0.36682765,0.3786608,0.39049395000000003,0.40232710000000005,0.41416025,0.4259934,0.43782655000000004,0.4496597,0.46149285,0.473326
SF11C46894912282050980,5,,2019-05-18T05:00:00-0600,0.005701,0.005701,0.002543,0.001174,0.000269007386,0.000317425979,0.0026531199780000002,0.060958991484000004,0.00014115676,8.942018500000001e-05,4.4576119e-05,3.6212752e-05,0.000640815204,0.000269007386,0.000317425979,0.0026531199780000002,0.060958991484000004,0.00014115676,8.942018500000001e-05,4.4576119e-05,3.6212752e-05,0.000640815204,0.0,0.0,0.0,0.0,0.0,0.0,0.0,0.0,0.0,0.0,0.0,0.0,0.0,0.0,0.0,0.0,0.0,0.0,0.999251,8542.731338887643,0.236663,0.24849615000000003,0.2603293,0.27216245,0.2839956,0.29582875000000003,0.30766190000000004,0.31949505,0.3313282,0.34316135000000003,0.3549945,0.36682765,0.3786608,0.39049395000000003,0.40232710000000005,0.41416025,0.4259934,0.43782655000000004,0.4496597,0.46149285,0.473326
SF11C46894912282050980,6,,2019-05-18T06:00:00-0600,0.005701,0.005701,0.002418,0.00126,0.000269007386,0.000317425979,0.0026531199780000002,0.060958991484000004,0.00014115676,8.942018500000001e-05,4.4576119e-05,3.6212752e-05,0.000640815204,0.000269007386,0.000317425979,0.0026531199780000002,0.060958991484000004,0.00014115676,8.942018500000001e-05,4.4576119e-05,3.6212752e-05,0.000640815204,0.0,0.0,0.0,0.0,0.0,0.0,0.0,0.0,0.0,0.0,0.0,0.0,0.0,0.0,0.0,0.0,0.0,0.0,0.999358,8542.731338887643,0.236663,0.24849615000000003,0.2603293,0.27216245,0.2839956,0.29582875000000003,0.30766190000000004,0.31949505,0.3313282,0.34316135000000003,0.3549945,0.36682765,0.3786608,0.39049395000000003,0.40232710000000005,0.41416025,0.4259934,0.43782655000000004,0.4496597,0.46149285,0.473326
SF11C46894912282050980,7,,2019-05-18T07:00:00-0600,0.005701,0.005701,0.002337,0.001334,0.000269007386,0.000317425979,0.0026531199780000002,0.060958991484000004,0.00014115676,8.942018500000001e-05,4.4576119e-05,3.6212752e-05,0.000640815204,0.000269007386,0.000317425979,0.0026531199780000002,0.060958991484000004,0.00014115676,8.942018500000001e-05,4.4576119e-05,3.6212752e-05,0.000640815204,0.0,0.0,0.0,0.0,0.0,0.0,0.0,0.0,0.0,0.0,0.0,0.0,0.0,0.0,0.0,0.0,0.0,0.0,0.999438,8542.731338887643,0.236663,0.24849615000000003,0.2603293,0.27216245,0.2839956,0.29582875000000003,0.30766190000000004,0.31949505,0.3313282,0.34316135000000003,0.3549945,0.36682765,0.3786608,0.39049395000000003,0.40232710000000005,0.41416025,0.4259934,0.43782655000000004,0.4496597,0.46149285,0.473326
SF11C46894912282050980,8,,2019-05-18T08:00:00-0600,0.005701,0.005701,0.002186,0.001393,0.000269007386,0.000317425979,0.0026531199780000002,0.060958991484000004,0.00014115676,8.942018500000001e-05,4.4576119e-05,3.6212752e-05,0.000640815204,0.000269007386,0.000317425979,0.0026531199780000002,0.060958991484000004,0.00014115676,8.942018500000001e-05,4.4576119e-05,3.6212752e-05,0.000640815204,0.0,0.0,0.0,0.0,0.0,0.0,0.0,0.0,0.0,0.0,0.0,0.0,0.0,0.0,0.0,0.0,0.0,0.0,0.9995,8542.731338887643,0.236663,0.24849615000000003,0.2603293,0.27216245,0.2839956,0.29582875000000003,0.30766190000000004,0.31949505,0.3313282,0.34316135000000003,0.3549945,0.36682765,0.3786608,0.39049395000000003,0.40232710000000005,0.41416025,0.4259934,0.43782655000000004,0.4496597,0.46149285,0.473326
SF11C46894912282050980,9,,2019-05-18T09:00:00-0600,0.005701,0.005701,0.002869,0.001495,0.000269007386,0.000317425979,0.0026531199780000002,0.060958991484000004,0.00014115676,8.942018500000001e-05,4.4576119e-05,3.6212752e-05,0.000640815204,0.000269007386,0.000317425979,0.0026531199780000002,0.060958991484000004,0.00014115676,8.942018500000001e-05,4.4576119e-05,3.6212752e-05,0.000640815204,0.0,0.0,0.0,0.0,0.0,0.0,0.0,0.0,0.0,0.0,0.0,0.0,0.0,0.0,0.0,0.0,0.0,0.0,0.99955,8542.731338887643,0.236663,0.24849615000000003,0.2603293,0.27216245,0.2839956,0.29582875000000003,0.30766190000000004,0.31949505,0.3313282,0.34316135000000003,0.3549945,0.36682765,0.3786608,0.39049395000000003,0.40232710000000005,0.41416025,0.4259934,0.43782655000000004,0.4496597,0.46149285,0.473326
SF11C46894912282050980,10,,2019-05-18T10:00:00-0600,0.020004,0.020004,0.012409,0.00225,0.000943908744,0.001113802716,0.009309421512000001,0.213896450736,0.00049529904,0.00031376274000000006,0.000156411276,0.00012706540800000001,0.002248529616,0.000943908744,0.001113802716,0.009309421512000001,0.213896450736,0.00049529904,0.00031376274000000006,0.000156411276,0.00012706540800000001,0.002248529616,0.0,0.0,0.0,0.0,0.0,0.0,0.0,0.0,0.0,0.0,0.0,0.0,0.0,0.0,0.0,0.0,0.0,0.0,0.997367,29975.23201247297,0.830354,0.8718717,0.9133894,0.9549071,0.9964248,1.0379425,1.0794602,1.1209779000000002,1.1624956000000002,1.2040133000000002,1.2455310000000002,1.2870487000000002,1.3285664000000001,1.3700841000000001,1.4116018000000001,1.4531195000000001,1.4946372,1.5361549,1.5776726,1.6191903,1.660708
SF11C46894912282050980,11,,2019-05-18T11:00:00-0600,0.040008,0.040007,0.029264,0.004118,0.001887770302,0.002227549753,0.018618377646000002,0.427782208788,0.00099057332,0.000627509795,0.000312814733,0.000254124464,0.004496946828,0.001887770302,0.002227549753,0.018618377646000002,0.427782208788,0.00099057332,0.000627509795,0.000312814733,0.000254124464,0.004496946828,0.0,0.0,0.0,0.0,0.0,0.0,0.0,0.0,0.0,0.0,0.0,0.0,0.0,0.0,0.0,0.0,0.0,0.0,0.991908,59950.46402494594,1.660536,1.7435628,1.8265896,1.9096164,1.9926432,2.07567,2.1586968,2.2417236000000003,2.3247504,2.4077772,2.490804,2.5738308,2.6568576,2.7398844,2.8229112,2.905938,2.9889647999999998,3.0719916,3.1550184,3.2380452,3.321072
SF11C46894912282050980,12,,2019-05-18T12:00:00-0600,0.070014,0.070013,0.058394,0.007871,0.0033036334180000003,0.003898253827,0.032582509914,0.748626884892,0.0017335218800000002,0.0010981539050000002,0.000547431647,0.000444722576,0.007869741252,0.0033036334180000003,0.003898253827,0.032582509914,0.748626884892,0.0017335218800000002,0.0010981539050000002,0.000547431647,0.000444722576,0.007869741252,0.0,0.0,0.0,0.0,0.0,0.0,0.0,0.0,0.0,0.0,0.0,0.0,0.0,0.0,0.0,0.0,0.0,0.0,0.983757,104913.3120436554,2.905485,2.91582995,2.9261749,2.9365198500000003,2.9468648,2.95720975,2.9675547,2.97789965,2.9882446000000003,2.99858955,3.0089345,3.01927945,3.0296244,3.0399693500000002,3.0503143,3.06065925,3.0710042,3.08134915,3.0916941000000002,3.10203905,3.112384
SF11C46894912282050980,13,,2019-05-18T13:00:00-0600,0.10002,0.100019,0.092571,0.013728,0.004719496534,0.005568957901,0.046546642182,1.069471560996,0.00247647044,0.001568798015,0.000782048561,0.0006353206879999999,0.011242535676,0.004719496534,0.005568957901,0.046546642182,1.069471560996,0.00247647044,0.001568798015,0.000782048561,0.0006353206879999999,0.011242535676,0.0,0.0,0.0,0.0,0.0,0.0,0.0,0.0,0.0,0.0,0.0,0.0,0.0,0.0,0.0,0.0,0.0,0.0,0.976635,149876.16006236483,4.150046,4.18229195,4.2145379,4.24678385,4.2790298,4.31127575,4.3435217,4.37576765,4.4080136,4.44025955,4.4725055000000005,4.5047514500000005,4.5369974,4.56924335,4.6014893,4.63373525,4.6659812,4.69822715,4.7304731,4.76271905,4.794965
SF11C46894912282050980,14,,2019-05-18T14:00:00-0600,0.130026,0.130025,0.130502,0.021803,0.00613535965,0.007239661975,0.060510774450000006,1.3903162371,0.0032194190000000003,0.002039442125,0.001016665475,0.0008259188,0.0146153301,0.00613535965,0.007239661975,0.060510774450000006,1.3903162371,0.0032194190000000003,0.002039442125,0.001016665475,0.0008259188,0.0146153301,0.0,0.0,0.0,0.0,0.0,0.0,0.0,0.0,0.0,0.0,0.0,0.0,0.0,0.0,0.0,0.0,0.0,0.0,0.971716,194839.0080810743,5.39422,5.4392132,5.4842064,5.5291996,5.5741928,5.619186,5.6641791999999995,5.7091724,5.754165599999999,5.7991588,5.844151999999999,5.8891452,5.9341384,5.9791316,6.0241248,6.069118,6.1141112,6.1591043999999995,6.2040976,6.249090799999999,6.294084
SF11C46894912282050980,15,,2019-05-18T15:00:00-0600,0.160032,0.160031,0.170679,0.032097,0.007551222766,0.008910366049,0.074474906718,1.711160913204,0.00396236756,0.0025100862350000003,0.001251282389,0.0010165169120000001,0.017988124524,0.007551222766,0.008910366049,0.074474906718,1.711160913204,0.00396236756,0.0025100862350000003,0.001251282389,0.0010165169120000001,0.017988124524,0.0,0.0,0.0,0.0,0.0,0.0,0.0,0.0,0.0,0.0,0.0,0.0,0.0,0.0,0.0,0.0,0.0,0.0,0.968279,239801.85609978376,6.638007,6.68795675,6.7379065,6.78785625,6.837806,6.88775575,6.9377055,6.9876552499999995,7.037605,7.08755475,7.1375045,7.18745425,7.237404,7.28735375,7.3373035,7.38725325,7.437203,7.48715275,7.5371025,7.58705225,7.637002
SF11C46894912282050980,16,,2019-05-18T16:00:00-0600,0.170034,0.170034,0.189175,0.042959,0.008023224324,0.009467323086,0.079130082852,1.8181198312559999,0.0042100418399999995,0.00266698329,0.0013294958459999999,0.001080055968,0.019112501736,0.008023224324,0.009467323086,0.079130082852,1.8181198312559999,0.0042100418399999995,0.00266698329,0.0013294958459999999,0.001080055968,0.019112501736,0.0,0.0,0.0,0.0,0.0,0.0,0.0,0.0,0.0,0.0,0.0,0.0,0.0,0.0,0.0,0.0,0.0,0.0,0.970376,254789.47210602023,7.052517,7.07996835,7.1074196999999995,7.13487105,7.1623224,7.18977375,7.2172251,7.24467645,7.2721278,7.29957915,7.327030499999999,7.35448185,7.3819332,7.4093845499999995,7.4368359,7.46428725,7.4917386,7.5191899499999995,7.546641299999999,7.57409265,7.601544
SF11C46894912282050980,17,,2019-05-18T17:00:00-0600,0.120024,0.120025,0.136906,0.049455,0.00566349965,0.006682871975,0.05585699445,1.2833893971,0.002971819,0.0018825921250000001,0.000938475475,0.0007623988,0.013491290100000001,0.00566349965,0.006682871975,0.05585699445,1.2833893971,0.002971819,0.0018825921250000001,0.000938475475,0.0007623988,0.013491290100000001,0.0,0.0,0.0,0.0,0.0,0.0,0.0,0.0,0.0,0.0,0.0,0.0,0.0,0.0,0.0,0.0,0.0,0.0,0.984167,179851.39207483782,4.979539,5.22851595,5.4774929,5.72646985,5.9754468,6.22442375,6.4734007,6.72237765,6.9713546,7.22033155,7.4693085,7.71828545,7.9672624,8.21623935,8.4652163,8.714193250000001,8.9631702,9.21214715,9.4611241,9.710101049999999,9.959078
SF11C46894912282050980,18,,2019-05-18T18:00:00-0600,0.070014,0.070015,0.080523,0.051603,0.0033037277899999997,0.0038983651849999997,0.03258344067,0.7486482702599999,0.0017335713999999999,0.001098185275,0.0005474472849999999,0.00044473527999999994,0.007869966059999999,0.0033037277899999997,0.0038983651849999997,0.03258344067,0.7486482702599999,0.0017335713999999999,0.001098185275,0.0005474472849999999,0.00044473527999999994,0.007869966059999999,0.0,0.0,0.0,0.0,0.0,0.0,0.0,0.0,0.0,0.0,0.0,0.0,0.0,0.0,0.0,0.0,0.0,0.0,0.994401,104913.3120436554,2.905485,3.05075925,3.1960335,3.34130775,3.4865820000000003,3.6318562500000002,3.7771305,3.92240475,4.067679,4.21295325,4.3582275,4.50350175,4.648776,4.79405025,4.9393245,5.08459875,5.2298729999999995,5.3751472499999995,5.520421499999999,5.665695749999999,5.810969999999999
SF11C46894912282050980,19,,2019-05-18T19:00:00-0600,0.040008,0.040009,0.045635,0.051191,0.001887864674,0.002227661111,0.018619308402,0.427803594156,0.0009906228400000001,0.0006275411650000001,0.000312830371,0.000254137168,0.004497171636,0.001887864674,0.002227661111,0.018619308402,0.427803594156,0.0009906228400000001,0.0006275411650000001,0.000312830371,0.000254137168,0.004497171636,0.0,0.0,0.0,0.0,0.0,0.0,0.0,0.0,0.0,0.0,0.0,0.0,0.0,0.0,0.0,0.0,0.0,0.0,0.998224,59950.46402494594,1.660536,1.7435628,1.8265896,1.9096164,1.9926432,2.07567,2.1586968,2.2417236000000003,2.3247504,2.4077772,2.490804,2.5738308,2.6568576,2.7398844,2.8229112,2.905938,2.9889647999999998,3.0719916,3.1550184,3.2380452,3.321072
SF11C46894912282050980,20,,2019-05-18T20:00:00-0600,0.005701,0.005702,0.006343,0.048089,0.00026905457199999995,0.00031748165799999996,0.002653585356,0.06096968416799999,0.00014118152,8.943586999999999e-05,4.4583937999999996e-05,3.6219104e-05,0.000640927608,0.00026905457199999995,0.00031748165799999996,0.002653585356,0.06096968416799999,0.00014118152,8.943586999999999e-05,4.4583937999999996e-05,3.6219104e-05,0.000640927608,0.0,0.0,0.0,0.0,0.0,0.0,0.0,0.0,0.0,0.0,0.0,0.0,0.0,0.0,0.0,0.0,0.0,0.0,0.999895,8542.731338887643,0.236663,0.24849615000000003,0.2603293,0.27216245,0.2839956,0.29582875000000003,0.30766190000000004,0.31949505,0.3313282,0.34316135000000003,0.3549945,0.36682765,0.3786608,0.39049395000000003,0.40232710000000005,0.41416025,0.4259934,0.43782655000000004,0.4496597,0.46149285,0.473326
SF11C46894912282050980,21,,2019-05-18T21:00:00-0600,0.005701,0.005701,0.00608,0.045185,0.000269007386,0.000317425979,0.0026531199780000002,0.060958991484000004,0.00014115676,8.942018500000001e-05,4.4576119e-05,3.6212752e-05,0.000640815204,0.000269007386,0.000317425979,0.0026531199780000002,0.060958991484000004,0.00014115676,8.942018500000001e-05,4.4576119e-05,3.6212752e-05,0.000640815204,0.0,0.0,0.0,0.0,0.0,0.0,0.0,0.0,0.0,0.0,0.0,0.0,0.0,0.0,0.0,0.0,0.0,0.0,0.999974,8542.731338887643,0.236663,0.24849615000000003,0.2603293,0.27216245,0.2839956,0.29582875000000003,0.30766190000000004,0.31949505,0.3313282,0.34316135000000003,0.3549945,0.36682765,0.3786608,0.39049395000000003,0.40232710000000005,0.41416025,0.4259934,0.43782655000000004,0.4496597,0.46149285,0.473326
SF11C46894912282050980,22,,2019-05-18T22:00:00-0600,0.005701,0.005701,0.005722,0.042456,0.000269007386,0.000317425979,0.0026531199780000002,0.060958991484000004,0.00014115676,8.942018500000001e-05,4.4576119e-05,3.6212752e-05,0.000640815204,0.000269007386,0.000317425979,0.0026531199780000002,0.060958991484000004,0.00014115676,8.942018500000001e-05,4.4576119e-05,3.6212752e-05,0.000640815204,0.0,0.0,0.0,0.0,0.0,0.0,0.0,0.0,0.0,0.0,0.0,0.0,0.0,0.0,0.0,0.0,0.0,0.0,0.999974,8542.731338887643,0.236663,0.24849615000000003,0.2603293,0.27216245,0.2839956,0.29582875000000003,0.30766190000000004,0.31949505,0.3313282,0.34316135000000003,0.3549945,0.36682765,0.3786608,0.39049395000000003,0.40232710000000005,0.41416025,0.4259934,0.43782655000000004,0.4496597,0.46149285,0.473326
SF11C46894912282050980,23,,2019-05-18T23:00:00-0600,0.005701,0.005701,0.005277,0.039885,0.000269007386,0.000317425979,0.0026531199780000002,0.060958991484000004,0.00014115676,8.942018500000001e-05,4.4576119e-05,3.6212752e-05,0.000640815204,0.000269007386,0.000317425979,0.0026531199780000002,0.060958991484000004,0.00014115676,8.942018500000001e-05,4.4576119e-05,3.6212752e-05,0.000640815204,0.0,0.0,0.0,0.0,0.0,0.0,0.0,0.0,0.0,0.0,0.0,0.0,0.0,0.0,0.0,0.0,0.0,0.0,0.999974,8542.731338887643,0.236663,0.24849615000000003,0.2603293,0.27216245,0.2839956,0.29582875000000003,0.30766190000000004,0.31949505,0.3313282,0.34316135000000003,0.3549945,0.36682765,0.3786608,0.39049395000000003,0.40232710000000005,0.41416025,0.4259934,0.43782655000000004,0.4496597,0.46149285,0.473326
SF11C46895012282050980,0,,2019-05-18T00:00:00-0600,0.005701,0.005701,0.004755,0.000329,0.000235382888,0.00027775272000000003,0.0023214814060000004,0.053339114698,0.000123512165,7.8246225e-05,3.9006242e-05,3.1686158e-05,0.000560710453,0.000235382888,0.00027775272000000003,0.0023214814060000004,0.053339114698,0.000123512165,7.8246225e-05,3.9006242e-05,3.1686158e-05,0.000560710453,0.0,0.0,0.0,0.0,0.0,0.0,0.0,0.0,0.0,0.0,0.0,0.0,0.0,0.0,0.0,0.0,0.0,0.0,0.998033,6540.531318938954,0.207081,0.21743505,0.2277891,0.23814315,0.24849719999999997,0.25885125,0.2692053,0.27955935,0.2899134,0.30026745,0.3106215,0.32097555,0.3313296,0.34168365,0.3520377,0.36239175,0.3727458,0.38309985,0.3934539,0.40380795,0.41416200000000003
SF11C46895012282050980,1,,2019-05-18T01:00:00-0600,0.005701,0.005701,0.00417,0.000594,0.000235382888,0.00027775272000000003,0.0023214814060000004,0.053339114698,0.000123512165,7.8246225e-05,3.9006242e-05,3.1686158e-05,0.000560710453,0.000235382888,0.00027775272000000003,0.0023214814060000004,0.053339114698,0.000123512165,7.8246225e-05,3.9006242e-05,3.1686158e-05,0.000560710453,0.0,0.0,0.0,0.0,0.0,0.0,0.0,0.0,0.0,0.0,0.0,0.0,0.0,0.0,0.0,0.0,0.0,0.0,0.998033,6540.531318938954,0.207081,0.21743505,0.2277891,0.23814315,0.24849719999999997,0.25885125,0.2692053,0.27955935,0.2899134,0.30026745,0.3106215,0.32097555,0.3313296,0.34168365,0.3520377,0.36239175,0.3727458,0.38309985,0.3934539,0.40380795,0.41416200000000003
SF11C46895012282050980,2,,2019-05-18T02:00:00-0600,0.005701,0.005701,0.003478,0.000794,0.000235382888,0.00027775272000000003,0.0023214814060000004,0.053339114698,0.000123512165,7.8246225e-05,3.9006242e-05,3.1686158e-05,0.000560710453,0.000235382888,0.00027775272000000003,0.0023214814060000004,0.053339114698,0.000123512165,7.8246225e-05,3.9006242e-05,3.1686158e-05,0.000560710453,0.0,0.0,0.0,0.0,0.0,0.0,0.0,0.0,0.0,0.0,0.0,0.0,0.0,0.0,0.0,0.0,0.0,0.0,0.998688,6540.531318938954,0.207081,0.21743505,0.2277891,0.23814315,0.24849719999999997,0.25885125,0.2692053,0.27955935,0.2899134,0.30026745,0.3106215,0.32097555,0.3313296,0.34168365,0.3520377,0.36239175,0.3727458,0.38309985,0.3934539,0.40380795,0.41416200000000003
SF11C46895012282050980,3,,2019-05-18T03:00:00-0600,0.005701,0.005701,0.003028,0.000948,0.000235382888,0.00027775272000000003,0.0023214814060000004,0.053339114698,0.000123512165,7.8246225e-05,3.9006242e-05,3.1686158e-05,0.000560710453,0.000235382888,0.00027775272000000003,0.0023214814060000004,0.053339114698,0.000123512165,7.8246225e-05,3.9006242e-05,3.1686158e-05,0.000560710453,0.0,0.0,0.0,0.0,0.0,0.0,0.0,0.0,0.0,0.0,0.0,0.0,0.0,0.0,0.0,0.0,0.0,0.0,0.999016,6540.531318938954,0.207081,0.21743505,0.2277891,0.23814315,0.24849719999999997,0.25885125,0.2692053,0.27955935,0.2899134,0.30026745,0.3106215,0.32097555,0.3313296,0.34168365,0.3520377,0.36239175,0.3727458,0.38309985,0.3934539,0.40380795,0.41416200000000003
SF11C46895012282050980,4,,2019-05-18T04:00:00-0600,0.005701,0.005701,0.002734,0.001072,0.000235382888,0.00027775272000000003,0.0023214814060000004,0.053339114698,0.000123512165,7.8246225e-05,3.9006242e-05,3.1686158e-05,0.000560710453,0.000235382888,0.00027775272000000003,0.0023214814060000004,0.053339114698,0.000123512165,7.8246225e-05,3.9006242e-05,3.1686158e-05,0.000560710453,0.0,0.0,0.0,0.0,0.0,0.0,0.0,0.0,0.0,0.0,0.0,0.0,0.0,0.0,0.0,0.0,0.0,0.0,0.999213,6540.531318938954,0.207081,0.21743505,0.2277891,0.23814315,0.24849719999999997,0.25885125,0.2692053,0.27955935,0.2899134,0.30026745,0.3106215,0.32097555,0.3313296,0.34168365,0.3520377,0.36239175,0.3727458,0.38309985,0.3934539,0.40380795,0.41416200000000003
SF11C46895012282050980,5,,2019-05-18T05:00:00-0600,0.005701,0.005701,0.002543,0.001174,0.000235382888,0.00027775272000000003,0.0023214814060000004,0.053339114698,0.000123512165,7.8246225e-05,3.9006242e-05,3.1686158e-05,0.000560710453,0.000235382888,0.00027775272000000003,0.0023214814060000004,0.053339114698,0.000123512165,7.8246225e-05,3.9006242e-05,3.1686158e-05,0.000560710453,0.0,0.0,0.0,0.0,0.0,0.0,0.0,0.0,0.0,0.0,0.0,0.0,0.0,0.0,0.0,0.0,0.0,0.0,0.999344,6540.531318938954,0.207081,0.21743505,0.2277891,0.23814315,0.24849719999999997,0.25885125,0.2692053,0.27955935,0.2899134,0.30026745,0.3106215,0.32097555,0.3313296,0.34168365,0.3520377,0.36239175,0.3727458,0.38309985,0.3934539,0.40380795,0.41416200000000003
SF11C46895012282050980,6,,2019-05-18T06:00:00-0600,0.005701,0.005701,0.002418,0.00126,0.000235382888,0.00027775272000000003,0.0023214814060000004,0.053339114698,0.000123512165,7.8246225e-05,3.9006242e-05,3.1686158e-05,0.000560710453,0.000235382888,0.00027775272000000003,0.0023214814060000004,0.053339114698,0.000123512165,7.8246225e-05,3.9006242e-05,3.1686158e-05,0.000560710453,0.0,0.0,0.0,0.0,0.0,0.0,0.0,0.0,0.0,0.0,0.0,0.0,0.0,0.0,0.0,0.0,0.0,0.0,0.999438,6540.531318938954,0.207081,0.21743505,0.2277891,0.23814315,0.24849719999999997,0.25885125,0.2692053,0.27955935,0.2899134,0.30026745,0.3106215,0.32097555,0.3313296,0.34168365,0.3520377,0.36239175,0.3727458,0.38309985,0.3934539,0.40380795,0.41416200000000003
SF11C46895012282050980,7,,2019-05-18T07:00:00-0600,0.005701,0.005701,0.002337,0.001334,0.000235382888,0.00027775272000000003,0.0023214814060000004,0.053339114698,0.000123512165,7.8246225e-05,3.9006242e-05,3.1686158e-05,0.000560710453,0.000235382888,0.00027775272000000003,0.0023214814060000004,0.053339114698,0.000123512165,7.8246225e-05,3.9006242e-05,3.1686158e-05,0.000560710453,0.0,0.0,0.0,0.0,0.0,0.0,0.0,0.0,0.0,0.0,0.0,0.0,0.0,0.0,0.0,0.0,0.0,0.0,0.999508,6540.531318938954,0.207081,0.21743505,0.2277891,0.23814315,0.24849719999999997,0.25885125,0.2692053,0.27955935,0.2899134,0.30026745,0.3106215,0.32097555,0.3313296,0.34168365,0.3520377,0.36239175,0.3727458,0.38309985,0.3934539,0.40380795,0.41416200000000003
SF11C46895012282050980,8,,2019-05-18T08:00:00-0600,0.005701,0.005701,0.002186,0.001393,0.000235382888,0.00027775272000000003,0.0023214814060000004,0.053339114698,0.000123512165,7.8246225e-05,3.9006242e-05,3.1686158e-05,0.000560710453,0.000235382888,0.00027775272000000003,0.0023214814060000004,0.053339114698,0.000123512165,7.8246225e-05,3.9006242e-05,3.1686158e-05,0.000560710453,0.0,0.0,0.0,0.0,0.0,0.0,0.0,0.0,0.0,0.0,0.0,0.0,0.0,0.0,0.0,0.0,0.0,0.0,0.999563,6540.531318938954,0.207081,0.21743505,0.2277891,0.23814315,0.24849719999999997,0.25885125,0.2692053,0.27955935,0.2899134,0.30026745,0.3106215,0.32097555,0.3313296,0.34168365,0.3520377,0.36239175,0.3727458,0.38309985,0.3934539,0.40380795,0.41416200000000003
SF11C46895012282050980,9,,2019-05-18T09:00:00-0600,0.005701,0.005701,0.002869,0.001495,0.000235382888,0.00027775272000000003,0.0023214814060000004,0.053339114698,0.000123512165,7.8246225e-05,3.9006242e-05,3.1686158e-05,0.000560710453,0.000235382888,0.00027775272000000003,0.0023214814060000004,0.053339114698,0.000123512165,7.8246225e-05,3.9006242e-05,3.1686158e-05,0.000560710453,0.0,0.0,0.0,0.0,0.0,0.0,0.0,0.0,0.0,0.0,0.0,0.0,0.0,0.0,0.0,0.0,0.0,0.0,0.999607,6540.531318938954,0.207081,0.21743505,0.2277891,0.23814315,0.24849719999999997,0.25885125,0.2692053,0.27955935,0.2899134,0.30026745,0.3106215,0.32097555,0.3313296,0.34168365,0.3520377,0.36239175,0.3727458,0.38309985,0.3934539,0.40380795,0.41416200000000003
SF11C46895012282050980,10,,2019-05-18T10:00:00-0600,0.020004,0.020004,0.012408,0.00225,0.000825925152,0.00097459488,0.008145748824000001,0.187159384392,0.00043338666000000003,0.0002745549,0.000136867368,0.000111182232,0.001967453412,0.000825925152,0.00097459488,0.008145748824000001,0.187159384392,0.00043338666000000003,0.0002745549,0.000136867368,0.000111182232,0.001967453412,0.0,0.0,0.0,0.0,0.0,0.0,0.0,0.0,0.0,0.0,0.0,0.0,0.0,0.0,0.0,0.0,0.0,0.0,0.997696,22949.79626452462,0.726569,0.76289745,0.7992259,0.83555435,0.8718828000000001,0.90821125,0.9445397,0.98086815,1.0171966000000001,1.05352505,1.0898535,1.1261819499999999,1.1625104,1.19883885,1.2351673,1.2714957500000001,1.3078242,1.3441526499999998,1.3804811,1.41680955,1.453138
SF11C46895012282050980,11,,2019-05-18T11:00:00-0600,0.040008,0.040008,0.029264,0.004118,0.001651850304,0.00194918976,0.016291497648000003,0.374318768784,0.0008667733200000001,0.0005491098,0.000273734736,0.000222364464,0.003934906824,0.001651850304,0.00194918976,0.016291497648000003,0.374318768784,0.0008667733200000001,0.0005491098,0.000273734736,0.000222364464,0.003934906824,0.0,0.0,0.0,0.0,0.0,0.0,0.0,0.0,0.0,0.0,0.0,0.0,0.0,0.0,0.0,0.0,0.0,0.0,0.99292,45899.59252904924,1.453006,1.5256563,1.5983066,1.6709569,1.7436072,1.8162575,1.8889078000000001,1.9615581,2.0342084,2.1068587,2.179509,2.2521592999999998,2.3248096,2.3974599000000003,2.4701101999999997,2.5427605,2.6154108000000003,2.6880611,2.7607114,2.8333617,2.906012
SF11C46895012282050980,12,,2019-05-18T12:00:00-0600,0.070014,0.070013,0.058394,0.007871,0.002890696744,0.0034110333600000002,0.028509713678000002,0.6550484892740001,0.0015168316450000002,0.000960928425,0.00047902894600000006,0.000389132254,0.006885988589000001,0.002890696744,0.0034110333600000002,0.028509713678000002,0.6550484892740001,0.0015168316450000002,0.000960928425,0.00047902894600000006,0.000389132254,0.006885988589000001,0.0,0.0,0.0,0.0,0.0,0.0,0.0,0.0,0.0,0.0,0.0,0.0,0.0,0.0,0.0,0.0,0.0,0.0,0.985788,80324.28692583616,2.542415,2.54787265,2.5533303000000003,2.55878795,2.5642456,2.56970325,2.5751609,2.58061855,2.5860762,2.5915338500000002,2.5969915,2.60244915,2.6079068000000003,2.61336445,2.6188221,2.6242797500000004,2.6297374000000002,2.63519505,2.6406527,2.6461103500000003,2.651568
SF11C46895012282050980,13,,2019-05-18T13:00:00-0600,0.10002,0.100019,0.092571,0.013728,0.004129584471999999,0.00487292568,0.040728336914,0.935787565862,0.002166911635,0.001372760775,0.0006843299979999999,0.000555905602,0.009837168706999999,0.004129584471999999,0.00487292568,0.040728336914,0.935787565862,0.002166911635,0.001372760775,0.0006843299979999999,0.000555905602,0.009837168706999999,0.0,0.0,0.0,0.0,0.0,0.0,0.0,0.0,0.0,0.0,0.0,0.0,0.0,0.0,0.0,0.0,0.0,0.0,0.979555,114748.98132262308,3.631526,3.65420115,3.6768763,3.69955145,3.7222266,3.74490175,3.7675769,3.79025205,3.8129272,3.83560235,3.8582775,3.88095265,3.9036277999999998,3.9263029499999997,3.9489780999999997,3.9716532499999997,3.9943283999999997,4.01700355,4.0396787,4.062353849999999,4.085029
SF11C46895012282050980,14,,2019-05-18T14:00:00-0600,0.130026,0.130025,0.130502,0.021803,0.0053684722,0.006334818,0.05294696015,1.2165266424499999,0.002816991625,0.0017845931249999998,0.00088963105,0.0007226789499999999,0.012788348825,0.0053684722,0.006334818,0.05294696015,1.2165266424499999,0.002816991625,0.0017845931249999998,0.00088963105,0.0007226789499999999,0.012788348825,0.0,0.0,0.0,0.0,0.0,0.0,0.0,0.0,0.0,0.0,0.0,0.0,0.0,0.0,0.0,0.0,0.0,0.0,0.975252,149173.67571941,4.720341,4.752433450000001,4.7845259,4.816618350000001,4.8487108,4.8808032500000005,4.9128957,4.94498815,4.9770806,5.00917305,5.0412655,5.07335795,5.1054504000000005,5.13754285,5.1696353,5.20172775,5.2338202,5.26591265,5.2980051,5.33009755,5.36219
SF11C46895012282050980,15,,2019-05-18T15:00:00-0600,0.160032,0.160031,0.170679,0.032097,0.006607359928,0.0077967103200000006,0.06516558338600001,1.4972657190379999,0.003467071615,0.002196425475,0.001094932102,0.000889452298,0.015739528943,0.006607359928,0.0077967103200000006,0.06516558338600001,1.4972657190379999,0.003467071615,0.002196425475,0.001094932102,0.000889452298,0.015739528943,0.0,0.0,0.0,0.0,0.0,0.0,0.0,0.0,0.0,0.0,0.0,0.0,0.0,0.0,0.0,0.0,0.0,0.0,0.972244,183598.37011619695,5.808859,5.8437299,5.8786008,5.9134717,5.9483426,5.9832135,6.0180844,6.0529553,6.0878262,6.1226971,6.1575679999999995,6.1924389,6.2273098,6.2621807,6.2970516,6.3319225,6.3667934,6.4016643,6.4365352,6.4714061,6.506277
SF11C46895012282050980,16,,2019-05-18T16:00:00-0600,0.170034,0.170034,0.189175,0.042959,0.007020363791999999,0.00828405648,0.06923886500399999,1.5908547673319997,0.00368378661,0.0023337166499999996,0.0011633726279999998,0.0009450489719999999,0.016723354001999997,0.007020363791999999,0.00828405648,0.06923886500399999,1.5908547673319997,0.00368378661,0.0023337166499999996,0.0011633726279999998,0.0009450489719999999,0.016723354001999997,0.0,0.0,0.0,0.0,0.0,0.0,0.0,0.0,0.0,0.0,0.0,0.0,0.0,0.0,0.0,0.0,0.0,0.0,0.974079,195073.26824845924,6.171632,6.186853849999999,6.2020757,6.21729755,6.2325194,6.24774125,6.2629630999999995,6.27818495,6.2934068,6.30862865,6.3238505,6.3390723499999995,6.3542942,6.36951605,6.3847379,6.39995975,6.4151815999999995,6.43040345,6.4456253,6.46084715,6.476069
SF11C46895012282050980,17,,2019-05-18T17:00:00-0600,0.120024,0.120025,0.136906,0.049455,0.0049555922,0.005847618000000001,0.048874900150000004,1.12296566245,0.002600341625,0.001647343125,0.0008212110500000001,0.00066709895,0.011804818825,0.0049555922,0.005847618000000001,0.048874900150000004,1.12296566245,0.002600341625,0.001647343125,0.0008212110500000001,0.00066709895,0.011804818825,0.0,0.0,0.0,0.0,0.0,0.0,0.0,0.0,0.0,0.0,0.0,0.0,0.0,0.0,0.0,0.0,0.0,0.0,0.986146,137698.77758714772,4.357436,4.5753078,4.7931796,5.0110513999999995,5.2289232,5.446795,5.6646668,5.8825386,6.1004103999999995,6.3182822,6.536154,6.7540258,6.9718976,7.189769399999999,7.4076412000000005,7.625513,7.8433848,8.0612566,8.2791284,8.497000199999999,8.714872
SF11C46895012282050980,18,,2019-05-18T18:00:00-0600,0.070014,0.070015,0.080523,0.051603,0.0028907793199999996,0.0034111307999999995,0.028510528089999997,0.6550672014699999,0.0015168749749999999,0.0009609558749999999,0.00047904263,0.00038914336999999993,0.006886185294999999,0.0028907793199999996,0.0034111307999999995,0.028510528089999997,0.6550672014699999,0.0015168749749999999,0.0009609558749999999,0.00047904263,0.00038914336999999993,0.006886185294999999,0.0,0.0,0.0,0.0,0.0,0.0,0.0,0.0,0.0,0.0,0.0,0.0,0.0,0.0,0.0,0.0,0.0,0.0,0.995101,80324.28692583616,2.542415,2.66953575,2.7966565,2.92377725,3.050898,3.17801875,3.3051395,3.43226025,3.559381,3.68650175,3.8136225,3.94074325,4.067864,4.19498475,4.3221055,4.449226250000001,4.576347,4.70346775,4.8305885,4.957709250000001,5.08483
SF11C46895012282050980,19,,2019-05-18T19:00:00-0600,0.040008,0.040009,0.045635,0.051191,0.001651891592,0.00194923848,0.016291904854000002,0.374328124882,0.0008667949850000001,0.0005491235250000001,0.000273741578,0.000222370022,0.003935005177,0.001651891592,0.00194923848,0.016291904854000002,0.374328124882,0.0008667949850000001,0.0005491235250000001,0.000273741578,0.000222370022,0.003935005177,0.0,0.0,0.0,0.0,0.0,0.0,0.0,0.0,0.0,0.0,0.0,0.0,0.0,0.0,0.0,0.0,0.0,0.0,0.998446,45899.59252904924,1.453006,1.5256563,1.5983066,1.6709569,1.7436072,1.8162575,1.8889078000000001,1.9615581,2.0342084,2.1068587,2.179509,2.2521592999999998,2.3248096,2.3974599000000003,2.4701101999999997,2.5427605,2.6154108000000003,2.6880611,2.7607114,2.8333617,2.906012
SF11C46895012282050980,20,,2019-05-18T20:00:00-0600,0.005701,0.005702,0.006343,0.048089,0.00023542417599999998,0.00027780143999999997,0.002321888612,0.05334847079599999,0.00012353383,7.825995e-05,3.9013084e-05,3.1691716e-05,0.0005608088059999999,0.00023542417599999998,0.00027780143999999997,0.002321888612,0.05334847079599999,0.00012353383,7.825995e-05,3.9013084e-05,3.1691716e-05,0.0005608088059999999,0.0,0.0,0.0,0.0,0.0,0.0,0.0,0.0,0.0,0.0,0.0,0.0,0.0,0.0,0.0,0.0,0.0,0.0,0.999909,6540.531318938954,0.207081,0.21743505,0.2277891,0.23814315,0.24849719999999997,0.25885125,0.2692053,0.27955935,0.2899134,0.30026745,0.3106215,0.32097555,0.3313296,0.34168365,0.3520377,0.36239175,0.3727458,0.38309985,0.3934539,0.40380795,0.41416200000000003
SF11C46895012282050980,21,,2019-05-18T21:00:00-0600,0.005701,0.005701,0.00608,0.045185,0.000235382888,0.00027775272000000003,0.0023214814060000004,0.053339114698,0.000123512165,7.8246225e-05,3.9006242e-05,3.1686158e-05,0.000560710453,0.000235382888,0.00027775272000000003,0.0023214814060000004,0.053339114698,0.000123512165,7.8246225e-05,3.9006242e-05,3.1686158e-05,0.000560710453,0.0,0.0,0.0,0.0,0.0,0.0,0.0,0.0,0.0,0.0,0.0,0.0,0.0,0.0,0.0,0.0,0.0,0.0,0.999977,6540.531318938954,0.207081,0.21743505,0.2277891,0.23814315,0.24849719999999997,0.25885125,0.2692053,0.27955935,0.2899134,0.30026745,0.3106215,0.32097555,0.3313296,0.34168365,0.3520377,0.36239175,0.3727458,0.38309985,0.3934539,0.40380795,0.41416200000000003
SF11C46895012282050980,22,,2019-05-18T22:00:00-0600,0.005701,0.005701,0.005722,0.042456,0.000235382888,0.00027775272000000003,0.0023214814060000004,0.053339114698,0.000123512165,7.8246225e-05,3.9006242e-05,3.1686158e-05,0.000560710453,0.000235382888,0.00027775272000000003,0.0023214814060000004,0.053339114698,0.000123512165,7.8246225e-05,3.9006242e-05,3.1686158e-05,0.000560710453,0.0,0.0,0.0,0.0,0.0,0.0,0.0,0.0,0.0,0.0,0.0,0.0,0.0,0.0,0.0,0.0,0.0,0.0,0.999977,6540.531318938954,0.207081,0.21743505,0.2277891,0.23814315,0.24849719999999997,0.25885125,0.2692053,0.27955935,0.2899134,0.30026745,0.3106215,0.32097555,0.3313296,0.34168365,0.3520377,0.36239175,0.3727458,0.38309985,0.3934539,0.40380795,0.41416200000000003
SF11C46895012282050980,23,,2019-05-18T23:00:00-0600,0.005701,0.005701,0.005277,0.039885,0.000235382888,0.00027775272000000003,0.0023214814060000004,0.053339114698,0.000123512165,7.8246225e-05,3.9006242e-05,3.1686158e-05,0.000560710453,0.000235382888,0.00027775272000000003,0.0023214814060000004,0.053339114698,0.000123512165,7.8246225e-05,3.9006242e-05,3.1686158e-05,0.000560710453,0.0,0.0,0.0,0.0,0.0,0.0,0.0,0.0,0.0,0.0,0.0,0.0,0.0,0.0,0.0,0.0,0.0,0.0,0.999978,6540.531318938954,0.207081,0.21743505,0.2277891,0.23814315,0.24849719999999997,0.25885125,0.2692053,0.27955935,0.2899134,0.30026745,0.3106215,0.32097555,0.3313296,0.34168365,0.3520377,0.36239175,0.3727458,0.38309985,0.3934539,0.40380795,0.41416200000000003
SF11C46895112282050980,0,,2019-05-18T00:00:00-0600,0.005701,0.005701,0.004755,0.000329,0.000269007386,0.000317425979,0.0026531199780000002,0.060958991484000004,0.00014115676,8.942018500000001e-05,4.4576119e-05,3.6212752e-05,0.000640815204,0.000269007386,0.000317425979,0.0026531199780000002,0.060958991484000004,0.00014115676,8.942018500000001e-05,4.4576119e-05,3.6212752e-05,0.000640815204,0.0,0.0,0.0,0.0,0.0,0.0,0.0,0.0,0.0,0.0,0.0,0.0,0.0,0.0,0.0,0.0,0.0,0.0,0.997752,8542.731338887643,0.236663,0.24849615000000003,0.2603293,0.27216245,0.2839956,0.29582875000000003,0.30766190000000004,0.31949505,0.3313282,0.34316135000000003,0.3549945,0.36682765,0.3786608,0.39049395000000003,0.40232710000000005,0.41416025,0.4259934,0.43782655000000004,0.4496597,0.46149285,0.473326
SF11C46895112282050980,1,,2019-05-18T01:00:00-0600,0.005701,0.005701,0.00417,0.000594,0.000269007386,0.000317425979,0.0026531199780000002,0.060958991484000004,0.00014115676,8.942018500000001e-05,4.4576119e-05,3.6212752e-05,0.000640815204,0.000269007386,0.000317425979,0.0026531199780000002,0.060958991484000004,0.00014115676,8.942018500000001e-05,4.4576119e-05,3.6212752e-05,0.000640815204,0.0,0.0,0.0,0.0,0.0,0.0,0.0,0.0,0.0,0.0,0.0,0.0,0.0,0.0,0.0,0.0,0.0,0.0,0.997752,8542.731338887643,0.236663,0.24849615000000003,0.2603293,0.27216245,0.2839956,0.29582875000000003,0.30766190000000004,0.31949505,0.3313282,0.34316135000000003,0.3549945,0.36682765,0.3786608,0.39049395000000003,0.40232710000000005,0.41416025,0.4259934,0.43782655000000004,0.4496597,0.46149285,0.473326
SF11C46895112282050980,2,,2019-05-18T02:00:00-0600,0.005701,0.005701,0.003478,0.000794,0.000269007386,0.000317425979,0.0026531199780000002,0.060958991484000004,0.00014115676,8.942018500000001e-05,4.4576119e-05,3.6212752e-05,0.000640815204,0.000269007386,0.000317425979,0.0026531199780000002,0.060958991484000004,0.00014115676,8.942018500000001e-05,4.4576119e-05,3.6212752e-05,0.000640815204,0.0,0.0,0.0,0.0,0.0,0.0,0.0,0.0,0.0,0.0,0.0,0.0,0.0,0.0,0.0,0.0,0.0,0.0,0.998501,8542.731338887643,0.236663,0.24849615000000003,0.2603293,0.27216245,0.2839956,0.29582875000000003,0.30766190000000004,0.31949505,0.3313282,0.34316135000000003,0.3549945,0.36682765,0.3786608,0.39049395000000003,0.40232710000000005,0.41416025,0.4259934,0.43782655000000004,0.4496597,0.46149285,0.473326
SF11C46895112282050980,3,,2019-05-18T03:00:00-0600,0.005701,0.005701,0.003028,0.000948,0.000269007386,0.000317425979,0.0026531199780000002,0.060958991484000004,0.00014115676,8.942018500000001e-05,4.4576119e-05,3.6212752e-05,0.000640815204,0.000269007386,0.000317425979,0.0026531199780000002,0.060958991484000004,0.00014115676,8.942018500000001e-05,4.4576119e-05,3.6212752e-05,0.000640815204,0.0,0.0,0.0,0.0,0.0,0.0,0.0,0.0,0.0,0.0,0.0,0.0,0.0,0.0,0.0,0.0,0.0,0.0,0.998876,8542.731338887643,0.236663,0.24849615000000003,0.2603293,0.27216245,0.2839956,0.29582875000000003,0.30766190000000004,0.31949505,0.3313282,0.34316135000000003,0.3549945,0.36682765,0.3786608,0.39049395000000003,0.40232710000000005,0.41416025,0.4259934,0.43782655000000004,0.4496597,0.46149285,0.473326
SF11C46895112282050980,4,,2019-05-18T04:00:00-0600,0.005701,0.005701,0.002734,0.001072,0.000269007386,0.000317425979,0.0026531199780000002,0.060958991484000004,0.00014115676,8.942018500000001e-05,4.4576119e-05,3.6212752e-05,0.000640815204,0.000269007386,0.000317425979,0.0026531199780000002,0.060958991484000004,0.00014115676,8.942018500000001e-05,4.4576119e-05,3.6212752e-05,0.000640815204,0.0,0.0,0.0,0.0,0.0,0.0,0.0,0.0,0.0,0.0,0.0,0.0,0.0,0.0,0.0,0.0,0.0,0.0,0.999101,8542.731338887643,0.236663,0.24849615000000003,0.2603293,0.27216245,0.2839956,0.29582875000000003,0.30766190000000004,0.31949505,0.3313282,0.34316135000000003,0.3549945,0.36682765,0.3786608,0.39049395000000003,0.40232710000000005,0.41416025,0.4259934,0.43782655000000004,0.4496597,0.46149285,0.473326
SF11C46895112282050980,5,,2019-05-18T05:00:00-0600,0.005701,0.005701,0.002543,0.001174,0.000269007386,0.000317425979,0.0026531199780000002,0.060958991484000004,0.00014115676,8.942018500000001e-05,4.4576119e-05,3.6212752e-05,0.000640815204,0.000269007386,0.000317425979,0.0026531199780000002,0.060958991484000004,0.00014115676,8.942018500000001e-05,4.4576119e-05,3.6212752e-05,0.000640815204,0.0,0.0,0.0,0.0,0.0,0.0,0.0,0.0,0.0,0.0,0.0,0.0,0.0,0.0,0.0,0.0,0.0,0.0,0.999251,8542.731338887643,0.236663,0.24849615000000003,0.2603293,0.27216245,0.2839956,0.29582875000000003,0.30766190000000004,0.31949505,0.3313282,0.34316135000000003,0.3549945,0.36682765,0.3786608,0.39049395000000003,0.40232710000000005,0.41416025,0.4259934,0.43782655000000004,0.4496597,0.46149285,0.473326
SF11C46895112282050980,6,,2019-05-18T06:00:00-0600,0.005701,0.005701,0.002418,0.00126,0.000269007386,0.000317425979,0.0026531199780000002,0.060958991484000004,0.00014115676,8.942018500000001e-05,4.4576119e-05,3.6212752e-05,0.000640815204,0.000269007386,0.000317425979,0.0026531199780000002,0.060958991484000004,0.00014115676,8.942018500000001e-05,4.4576119e-05,3.6212752e-05,0.000640815204,0.0,0.0,0.0,0.0,0.0,0.0,0.0,0.0,0.0,0.0,0.0,0.0,0.0,0.0,0.0,0.0,0.0,0.0,0.999358,8542.731338887643,0.236663,0.24849615000000003,0.2603293,0.27216245,0.2839956,0.29582875000000003,0.30766190000000004,0.31949505,0.3313282,0.34316135000000003,0.3549945,0.36682765,0.3786608,0.39049395000000003,0.40232710000000005,0.41416025,0.4259934,0.43782655000000004,0.4496597,0.46149285,0.473326
SF11C46895112282050980,7,,2019-05-18T07:00:00-0600,0.005701,0.005701,0.002337,0.001334,0.000269007386,0.000317425979,0.0026531199780000002,0.060958991484000004,0.00014115676,8.942018500000001e-05,4.4576119e-05,3.6212752e-05,0.000640815204,0.000269007386,0.000317425979,0.0026531199780000002,0.060958991484000004,0.00014115676,8.942018500000001e-05,4.4576119e-05,3.6212752e-05,0.000640815204,0.0,0.0,0.0,0.0,0.0,0.0,0.0,0.0,0.0,0.0,0.0,0.0,0.0,0.0,0.0,0.0,0.0,0.0,0.999438,8542.731338887643,0.236663,0.24849615000000003,0.2603293,0.27216245,0.2839956,0.29582875000000003,0.30766190000000004,0.31949505,0.3313282,0.34316135000000003,0.3549945,0.36682765,0.3786608,0.39049395000000003,0.40232710000000005,0.41416025,0.4259934,0.43782655000000004,0.4496597,0.46149285,0.473326
SF11C46895112282050980,8,,2019-05-18T08:00:00-0600,0.005701,0.005701,0.002186,0.001393,0.000269007386,0.000317425979,0.0026531199780000002,0.060958991484000004,0.00014115676,8.942018500000001e-05,4.4576119e-05,3.6212752e-05,0.000640815204,0.000269007386,0.000317425979,0.0026531199780000002,0.060958991484000004,0.00014115676,8.942018500000001e-05,4.4576119e-05,3.6212752e-05,0.000640815204,0.0,0.0,0.0,0.0,0.0,0.0,0.0,0.0,0.0,0.0,0.0,0.0,0.0,0.0,0.0,0.0,0.0,0.0,0.9995,8542.731338887643,0.236663,0.24849615000000003,0.2603293,0.27216245,0.2839956,0.29582875000000003,0.30766190000000004,0.31949505,0.3313282,0.34316135000000003,0.3549945,0.36682765,0.3786608,0.39049395000000003,0.40232710000000005,0.41416025,0.4259934,0.43782655000000004,0.4496597,0.46149285,0.473326
SF11C46895112282050980,9,,2019-05-18T09:00:00-0600,0.005701,0.005701,0.002869,0.001495,0.000269007386,0.000317425979,0.0026531199780000002,0.060958991484000004,0.00014115676,8.942018500000001e-05,4.4576119e-05,3.6212752e-05,0.000640815204,0.000269007386,0.000317425979,0.0026531199780000002,0.060958991484000004,0.00014115676,8.942018500000001e-05,4.4576119e-05,3.6212752e-05,0.000640815204,0.0,0.0,0.0,0.0,0.0,0.0,0.0,0.0,0.0,0.0,0.0,0.0,0.0,0.0,0.0,0.0,0.0,0.0,0.99955,8542.731338887643,0.236663,0.24849615000000003,0.2603293,0.27216245,0.2839956,0.29582875000000003,0.30766190000000004,0.31949505,0.3313282,0.34316135000000003,0.3549945,0.36682765,0.3786608,0.39049395000000003,0.40232710000000005,0.41416025,0.4259934,0.43782655000000004,0.4496597,0.46149285,0.473326
SF11C46895112282050980,10,,2019-05-18T10:00:00-0600,0.020004,0.020004,0.012409,0.00225,0.000943908744,0.001113802716,0.009309421512000001,0.213896450736,0.00049529904,0.00031376274000000006,0.000156411276,0.00012706540800000001,0.002248529616,0.000943908744,0.001113802716,0.009309421512000001,0.213896450736,0.00049529904,0.00031376274000000006,0.000156411276,0.00012706540800000001,0.002248529616,0.0,0.0,0.0,0.0,0.0,0.0,0.0,0.0,0.0,0.0,0.0,0.0,0.0,0.0,0.0,0.0,0.0,0.0,0.997367,29975.23201247297,0.830354,0.8718717,0.9133894,0.9549071,0.9964248,1.0379425,1.0794602,1.1209779000000002,1.1624956000000002,1.2040133000000002,1.2455310000000002,1.2870487000000002,1.3285664000000001,1.3700841000000001,1.4116018000000001,1.4531195000000001,1.4946372,1.5361549,1.5776726,1.6191903,1.660708
SF11C46895112282050980,11,,2019-05-18T11:00:00-0600,0.040008,0.040007,0.029264,0.004118,0.001887770302,0.002227549753,0.018618377646000002,0.427782208788,0.00099057332,0.000627509795,0.000312814733,0.000254124464,0.004496946828,0.001887770302,0.002227549753,0.018618377646000002,0.427782208788,0.00099057332,0.000627509795,0.000312814733,0.000254124464,0.004496946828,0.0,0.0,0.0,0.0,0.0,0.0,0.0,0.0,0.0,0.0,0.0,0.0,0.0,0.0,0.0,0.0,0.0,0.0,0.991908,59950.46402494594,1.660536,1.7435628,1.8265896,1.9096164,1.9926432,2.07567,2.1586968,2.2417236000000003,2.3247504,2.4077772,2.490804,2.5738308,2.6568576,2.7398844,2.8229112,2.905938,2.9889647999999998,3.0719916,3.1550184,3.2380452,3.321072
SF11C46895112282050980,12,,2019-05-18T12:00:00-0600,0.070014,0.070013,0.058394,0.007871,0.0033036334180000003,0.003898253827,0.032582509914,0.748626884892,0.0017335218800000002,0.0010981539050000002,0.000547431647,0.000444722576,0.007869741252,0.0033036334180000003,0.003898253827,0.032582509914,0.748626884892,0.0017335218800000002,0.0010981539050000002,0.000547431647,0.000444722576,0.007869741252,0.0,0.0,0.0,0.0,0.0,0.0,0.0,0.0,0.0,0.0,0.0,0.0,0.0,0.0,0.0,0.0,0.0,0.0,0.983757,104913.3120436554,2.905485,2.91582995,2.9261749,2.9365198500000003,2.9468648,2.95720975,2.9675547,2.97789965,2.9882446000000003,2.99858955,3.0089345,3.01927945,3.0296244,3.0399693500000002,3.0503143,3.06065925,3.0710042,3.08134915,3.0916941000000002,3.10203905,3.112384
SF11C46895112282050980,13,,2019-05-18T13:00:00-0600,0.10002,0.100019,0.092571,0.013728,0.004719496534,0.005568957901,0.046546642182,1.069471560996,0.00247647044,0.001568798015,0.000782048561,0.0006353206879999999,0.011242535676,0.004719496534,0.005568957901,0.046546642182,1.069471560996,0.00247647044,0.001568798015,0.000782048561,0.0006353206879999999,0.011242535676,0.0,0.0,0.0,0.0,0.0,0.0,0.0,0.0,0.0,0.0,0.0,0.0,0.0,0.0,0.0,0.0,0.0,0.0,0.976635,149876.16006236483,4.150046,4.18229195,4.2145379,4.24678385,4.2790298,4.31127575,4.3435217,4.37576765,4.4080136,4.44025955,4.4725055000000005,4.5047514500000005,4.5369974,4.56924335,4.6014893,4.63373525,4.6659812,4.69822715,4.7304731,4.76271905,4.794965
SF11C46895112282050980,14,,2019-05-18T14:00:00-0600,0.130026,0.130025,0.130502,0.021803,0.00613535965,0.007239661975,0.060510774450000006,1.3903162371,0.0032194190000000003,0.002039442125,0.001016665475,0.0008259188,0.0146153301,0.00613535965,0.007239661975,0.060510774450000006,1.3903162371,0.0032194190000000003,0.002039442125,0.001016665475,0.0008259188,0.0146153301,0.0,0.0,0.0,0.0,0.0,0.0,0.0,0.0,0.0,0.0,0.0,0.0,0.0,0.0,0.0,0.0,0.0,0.0,0.971716,194839.0080810743,5.39422,5.4392132,5.4842064,5.5291996,5.5741928,5.619186,5.6641791999999995,5.7091724,5.754165599999999,5.7991588,5.844151999999999,5.8891452,5.9341384,5.9791316,6.0241248,6.069118,6.1141112,6.1591043999999995,6.2040976,6.249090799999999,6.294084
SF11C46895112282050980,15,,2019-05-18T15:00:00-0600,0.160032,0.160031,0.170679,0.032097,0.007551222766,0.008910366049,0.074474906718,1.711160913204,0.00396236756,0.0025100862350000003,0.001251282389,0.0010165169120000001,0.017988124524,0.007551222766,0.008910366049,0.074474906718,1.711160913204,0.00396236756,0.0025100862350000003,0.001251282389,0.0010165169120000001,0.017988124524,0.0,0.0,0.0,0.0,0.0,0.0,0.0,0.0,0.0,0.0,0.0,0.0,0.0,0.0,0.0,0.0,0.0,0.0,0.968279,239801.85609978376,6.638007,6.68795675,6.7379065,6.78785625,6.837806,6.88775575,6.9377055,6.9876552499999995,7.037605,7.08755475,7.1375045,7.18745425,7.237404,7.28735375,7.3373035,7.38725325,7.437203,7.48715275,7.5371025,7.58705225,7.637002
SF11C46895112282050980,16,,2019-05-18T16:00:00-0600,0.170034,0.170034,0.189175,0.042959,0.008023224324,0.009467323086,0.079130082852,1.8181198312559999,0.0042100418399999995,0.00266698329,0.0013294958459999999,0.001080055968,0.019112501736,0.008023224324,0.009467323086,0.079130082852,1.8181198312559999,0.0042100418399999995,0.00266698329,0.0013294958459999999,0.001080055968,0.019112501736,0.0,0.0,0.0,0.0,0.0,0.0,0.0,0.0,0.0,0.0,0.0,0.0,0.0,0.0,0.0,0.0,0.0,0.0,0.970376,254789.47210602023,7.052517,7.07996835,7.1074196999999995,7.13487105,7.1623224,7.18977375,7.2172251,7.24467645,7.2721278,7.29957915,7.327030499999999,7.35448185,7.3819332,7.4093845499999995,7.4368359,7.46428725,7.4917386,7.5191899499999995,7.546641299999999,7.57409265,7.601544
SF11C46895112282050980,17,,2019-05-18T17:00:00-0600,0.120024,0.120025,0.136906,0.049455,0.00566349965,0.006682871975,0.05585699445,1.2833893971,0.002971819,0.0018825921250000001,0.000938475475,0.0007623988,0.013491290100000001,0.00566349965,0.006682871975,0.05585699445,1.2833893971,0.002971819,0.0018825921250000001,0.000938475475,0.0007623988,0.013491290100000001,0.0,0.0,0.0,0.0,0.0,0.0,0.0,0.0,0.0,0.0,0.0,0.0,0.0,0.0,0.0,0.0,0.0,0.0,0.984167,179851.39207483782,4.979539,5.22851595,5.4774929,5.72646985,5.9754468,6.22442375,6.4734007,6.72237765,6.9713546,7.22033155,7.4693085,7.71828545,7.9672624,8.21623935,8.4652163,8.714193250000001,8.9631702,9.21214715,9.4611241,9.710101049999999,9.959078
SF11C46895112282050980,18,,2019-05-18T18:00:00-0600,0.070014,0.070015,0.080523,0.051603,0.0033037277899999997,0.0038983651849999997,0.03258344067,0.7486482702599999,0.0017335713999999999,0.001098185275,0.0005474472849999999,0.00044473527999999994,0.007869966059999999,0.0033037277899999997,0.0038983651849999997,0.03258344067,0.7486482702599999,0.0017335713999999999,0.001098185275,0.0005474472849999999,0.00044473527999999994,0.007869966059999999,0.0,0.0,0.0,0.0,0.0,0.0,0.0,0.0,0.0,0.0,0.0,0.0,0.0,0.0,0.0,0.0,0.0,0.0,0.994401,104913.3120436554,2.905485,3.05075925,3.1960335,3.34130775,3.4865820000000003,3.6318562500000002,3.7771305,3.92240475,4.067679,4.21295325,4.3582275,4.50350175,4.648776,4.79405025,4.9393245,5.08459875,5.2298729999999995,5.3751472499999995,5.520421499999999,5.665695749999999,5.810969999999999
SF11C46895112282050980,19,,2019-05-18T19:00:00-0600,0.040008,0.040009,0.045635,0.051191,0.001887864674,0.002227661111,0.018619308402,0.427803594156,0.0009906228400000001,0.0006275411650000001,0.000312830371,0.000254137168,0.004497171636,0.001887864674,0.002227661111,0.018619308402,0.427803594156,0.0009906228400000001,0.0006275411650000001,0.000312830371,0.000254137168,0.004497171636,0.0,0.0,0.0,0.0,0.0,0.0,0.0,0.0,0.0,0.0,0.0,0.0,0.0,0.0,0.0,0.0,0.0,0.0,0.998224,59950.46402494594,1.660536,1.7435628,1.8265896,1.9096164,1.9926432,2.07567,2.1586968,2.2417236000000003,2.3247504,2.4077772,2.490804,2.5738308,2.6568576,2.7398844,2.8229112,2.905938,2.9889647999999998,3.0719916,3.1550184,3.2380452,3.321072
SF11C46895112282050980,20,,2019-05-18T20:00:00-0600,0.005701,0.005702,0.006343,0.048089,0.00026905457199999995,0.00031748165799999996,0.002653585356,0.06096968416799999,0.00014118152,8.943586999999999e-05,4.4583937999999996e-05,3.6219104e-05,0.000640927608,0.00026905457199999995,0.00031748165799999996,0.002653585356,0.06096968416799999,0.00014118152,8.943586999999999e-05,4.4583937999999996e-05,3.6219104e-05,0.000640927608,0.0,0.0,0.0,0.0,0.0,0.0,0.0,0.0,0.0,0.0,0.0,0.0,0.0,0.0,0.0,0.0,0.0,0.0,0.999895,8542.731338887643,0.236663,0.24849615000000003,0.2603293,0.27216245,0.2839956,0.29582875000000003,0.30766190000000004,0.31949505,0.3313282,0.34316135000000003,0.3549945,0.36682765,0.3786608,0.39049395000000003,0.40232710000000005,0.41416025,0.4259934,0.43782655000000004,0.4496597,0.46149285,0.473326
SF11C46895112282050980,21,,2019-05-18T21:00:00-0600,0.005701,0.005701,0.00608,0.045185,0.000269007386,0.000317425979,0.0026531199780000002,0.060958991484000004,0.00014115676,8.942018500000001e-05,4.4576119e-05,3.6212752e-05,0.000640815204,0.000269007386,0.000317425979,0.0026531199780000002,0.060958991484000004,0.00014115676,8.942018500000001e-05,4.4576119e-05,3.6212752e-05,0.000640815204,0.0,0.0,0.0,0.0,0.0,0.0,0.0,0.0,0.0,0.0,0.0,0.0,0.0,0.0,0.0,0.0,0.0,0.0,0.999974,8542.731338887643,0.236663,0.24849615000000003,0.2603293,0.27216245,0.2839956,0.29582875000000003,0.30766190000000004,0.31949505,0.3313282,0.34316135000000003,0.3549945,0.36682765,0.3786608,0.39049395000000003,0.40232710000000005,0.41416025,0.4259934,0.43782655000000004,0.4496597,0.46149285,0.473326
SF11C46895112282050980,22,,2019-05-18T22:00:00-0600,0.005701,0.005701,0.005722,0.042456,0.000269007386,0.000317425979,0.0026531199780000002,0.060958991484000004,0.00014115676,8.942018500000001e-05,4.4576119e-05,3.6212752e-05,0.000640815204,0.000269007386,0.000317425979,0.0026531199780000002,0.060958991484000004,0.00014115676,8.942018500000001e-05,4.4576119e-05,3.6212752e-05,0.000640815204,0.0,0.0,0.0,0.0,0.0,0.0,0.0,0.0,0.0,0.0,0.0,0.0,0.0,0.0,0.0,0.0,0.0,0.0,0.999974,8542.731338887643,0.236663,0.24849615000000003,0.2603293,0.27216245,0.2839956,0.29582875000000003,0.30766190000000004,0.31949505,0.3313282,0.34316135000000003,0.3549945,0.36682765,0.3786608,0.39049395000000003,0.40232710000000005,0.41416025,0.4259934,0.43782655000000004,0.4496597,0.46149285,0.473326
SF11C46895112282050980,23,,2019-05-18T23:00:00-0600,0.005701,0.005701,0.005277,0.039885,0.000269007386,0.000317425979,0.0026531199780000002,0.060958991484000004,0.00014115676,8.942018500000001e-05,4.4576119e-05,3.6212752e-05,0.000640815204,0.000269007386,0.000317425979,0.0026531199780000002,0.060958991484000004,0.00014115676,8.942018500000001e-05,4.4576119e-05,3.6212752e-05,0.000640815204,0.0,0.0,0.0,0.0,0.0,0.0,0.0,0.0,0.0,0.0,0.0,0.0,0.0,0.0,0.0,0.0,0.0,0.0,0.999974,8542.731338887643,0.236663,0.24849615000000003,0.2603293,0.27216245,0.2839956,0.29582875000000003,0.30766190000000004,0.31949505,0.3313282,0.34316135000000003,0.3549945,0.36682765,0.3786608,0.39049395000000003,0.40232710000000005,0.41416025,0.4259934,0.43782655000000004,0.4496597,0.46149285,0.473326
SF11C46895212282050980,0,,2019-05-18T00:00:00-0600,0.005701,0.005701,0.004755,0.000329,0.000269007386,0.000317425979,0.0026531199780000002,0.060958991484000004,0.00014115676,8.942018500000001e-05,4.4576119e-05,3.6212752e-05,0.000640815204,0.000269007386,0.000317425979,0.0026531199780000002,0.060958991484000004,0.00014115676,8.942018500000001e-05,4.4576119e-05,3.6212752e-05,0.000640815204,0.0,0.0,0.0,0.0,0.0,0.0,0.0,0.0,0.0,0.0,0.0,0.0,0.0,0.0,0.0,0.0,0.0,0.0,0.997752,8542.731338887643,0.236663,0.24849615000000003,0.2603293,0.27216245,0.2839956,0.29582875000000003,0.30766190000000004,0.31949505,0.3313282,0.34316135000000003,0.3549945,0.36682765,0.3786608,0.39049395000000003,0.40232710000000005,0.41416025,0.4259934,0.43782655000000004,0.4496597,0.46149285,0.473326
SF11C46895212282050980,1,,2019-05-18T01:00:00-0600,0.005701,0.005701,0.00417,0.000594,0.000269007386,0.000317425979,0.0026531199780000002,0.060958991484000004,0.00014115676,8.942018500000001e-05,4.4576119e-05,3.6212752e-05,0.000640815204,0.000269007386,0.000317425979,0.0026531199780000002,0.060958991484000004,0.00014115676,8.942018500000001e-05,4.4576119e-05,3.6212752e-05,0.000640815204,0.0,0.0,0.0,0.0,0.0,0.0,0.0,0.0,0.0,0.0,0.0,0.0,0.0,0.0,0.0,0.0,0.0,0.0,0.997752,8542.731338887643,0.236663,0.24849615000000003,0.2603293,0.27216245,0.2839956,0.29582875000000003,0.30766190000000004,0.31949505,0.3313282,0.34316135000000003,0.3549945,0.36682765,0.3786608,0.39049395000000003,0.40232710000000005,0.41416025,0.4259934,0.43782655000000004,0.4496597,0.46149285,0.473326
SF11C46895212282050980,2,,2019-05-18T02:00:00-0600,0.005701,0.005701,0.003478,0.000794,0.000269007386,0.000317425979,0.0026531199780000002,0.060958991484000004,0.00014115676,8.942018500000001e-05,4.4576119e-05,3.6212752e-05,0.000640815204,0.000269007386,0.000317425979,0.0026531199780000002,0.060958991484000004,0.00014115676,8.942018500000001e-05,4.4576119e-05,3.6212752e-05,0.000640815204,0.0,0.0,0.0,0.0,0.0,0.0,0.0,0.0,0.0,0.0,0.0,0.0,0.0,0.0,0.0,0.0,0.0,0.0,0.998501,8542.731338887643,0.236663,0.24849615000000003,0.2603293,0.27216245,0.2839956,0.29582875000000003,0.30766190000000004,0.31949505,0.3313282,0.34316135000000003,0.3549945,0.36682765,0.3786608,0.39049395000000003,0.40232710000000005,0.41416025,0.4259934,0.43782655000000004,0.4496597,0.46149285,0.473326
SF11C46895212282050980,3,,2019-05-18T03:00:00-0600,0.005701,0.005701,0.003028,0.000948,0.000269007386,0.000317425979,0.0026531199780000002,0.060958991484000004,0.00014115676,8.942018500000001e-05,4.4576119e-05,3.6212752e-05,0.000640815204,0.000269007386,0.000317425979,0.0026531199780000002,0.060958991484000004,0.00014115676,8.942018500000001e-05,4.4576119e-05,3.6212752e-05,0.000640815204,0.0,0.0,0.0,0.0,0.0,0.0,0.0,0.0,0.0,0.0,0.0,0.0,0.0,0.0,0.0,0.0,0.0,0.0,0.998876,8542.731338887643,0.236663,0.24849615000000003,0.2603293,0.27216245,0.2839956,0.29582875000000003,0.30766190000000004,0.31949505,0.3313282,0.34316135000000003,0.3549945,0.36682765,0.3786608,0.39049395000000003,0.40232710000000005,0.41416025,0.4259934,0.43782655000000004,0.4496597,0.46149285,0.473326
SF11C46895212282050980,4,,2019-05-18T04:00:00-0600,0.005701,0.005701,0.002734,0.001072,0.000269007386,0.000317425979,0.0026531199780000002,0.060958991484000004,0.00014115676,8.942018500000001e-05,4.4576119e-05,3.6212752e-05,0.000640815204,0.000269007386,0.000317425979,0.0026531199780000002,0.060958991484000004,0.00014115676,8.942018500000001e-05,4.4576119e-05,3.6212752e-05,0.000640815204,0.0,0.0,0.0,0.0,0.0,0.0,0.0,0.0,0.0,0.0,0.0,0.0,0.0,0.0,0.0,0.0,0.0,0.0,0.999101,8542.731338887643,0.236663,0.24849615000000003,0.2603293,0.27216245,0.2839956,0.29582875000000003,0.30766190000000004,0.31949505,0.3313282,0.34316135000000003,0.3549945,0.36682765,0.3786608,0.39049395000000003,0.40232710000000005,0.41416025,0.4259934,0.43782655000000004,0.4496597,0.46149285,0.473326
SF11C46895212282050980,5,,2019-05-18T05:00:00-0600,0.005701,0.005701,0.002543,0.001174,0.000269007386,0.000317425979,0.0026531199780000002,0.060958991484000004,0.00014115676,8.942018500000001e-05,4.4576119e-05,3.6212752e-05,0.000640815204,0.000269007386,0.000317425979,0.0026531199780000002,0.060958991484000004,0.00014115676,8.942018500000001e-05,4.4576119e-05,3.6212752e-05,0.000640815204,0.0,0.0,0.0,0.0,0.0,0.0,0.0,0.0,0.0,0.0,0.0,0.0,0.0,0.0,0.0,0.0,0.0,0.0,0.999251,8542.731338887643,0.236663,0.24849615000000003,0.2603293,0.27216245,0.2839956,0.29582875000000003,0.30766190000000004,0.31949505,0.3313282,0.34316135000000003,0.3549945,0.36682765,0.3786608,0.39049395000000003,0.40232710000000005,0.41416025,0.4259934,0.43782655000000004,0.4496597,0.46149285,0.473326
SF11C46895212282050980,6,,2019-05-18T06:00:00-0600,0.005701,0.005701,0.002418,0.00126,0.000269007386,0.000317425979,0.0026531199780000002,0.060958991484000004,0.00014115676,8.942018500000001e-05,4.4576119e-05,3.6212752e-05,0.000640815204,0.000269007386,0.000317425979,0.0026531199780000002,0.060958991484000004,0.00014115676,8.942018500000001e-05,4.4576119e-05,3.6212752e-05,0.000640815204,0.0,0.0,0.0,0.0,0.0,0.0,0.0,0.0,0.0,0.0,0.0,0.0,0.0,0.0,0.0,0.0,0.0,0.0,0.999358,8542.731338887643,0.236663,0.24849615000000003,0.2603293,0.27216245,0.2839956,0.29582875000000003,0.30766190000000004,0.31949505,0.3313282,0.34316135000000003,0.3549945,0.36682765,0.3786608,0.39049395000000003,0.40232710000000005,0.41416025,0.4259934,0.43782655000000004,0.4496597,0.46149285,0.473326
SF11C46895212282050980,7,,2019-05-18T07:00:00-0600,0.005701,0.005701,0.002337,0.001334,0.000269007386,0.000317425979,0.0026531199780000002,0.060958991484000004,0.00014115676,8.942018500000001e-05,4.4576119e-05,3.6212752e-05,0.000640815204,0.000269007386,0.000317425979,0.0026531199780000002,0.060958991484000004,0.00014115676,8.942018500000001e-05,4.4576119e-05,3.6212752e-05,0.000640815204,0.0,0.0,0.0,0.0,0.0,0.0,0.0,0.0,0.0,0.0,0.0,0.0,0.0,0.0,0.0,0.0,0.0,0.0,0.999438,8542.731338887643,0.236663,0.24849615000000003,0.2603293,0.27216245,0.2839956,0.29582875000000003,0.30766190000000004,0.31949505,0.3313282,0.34316135000000003,0.3549945,0.36682765,0.3786608,0.39049395000000003,0.40232710000000005,0.41416025,0.4259934,0.43782655000000004,0.4496597,0.46149285,0.473326
SF11C46895212282050980,8,,2019-05-18T08:00:00-0600,0.005701,0.005701,0.002186,0.001393,0.000269007386,0.000317425979,0.0026531199780000002,0.060958991484000004,0.00014115676,8.942018500000001e-05,4.4576119e-05,3.6212752e-05,0.000640815204,0.000269007386,0.000317425979,0.0026531199780000002,0.060958991484000004,0.00014115676,8.942018500000001e-05,4.4576119e-05,3.6212752e-05,0.000640815204,0.0,0.0,0.0,0.0,0.0,0.0,0.0,0.0,0.0,0.0,0.0,0.0,0.0,0.0,0.0,0.0,0.0,0.0,0.9995,8542.731338887643,0.236663,0.24849615000000003,0.2603293,0.27216245,0.2839956,0.29582875000000003,0.30766190000000004,0.31949505,0.3313282,0.34316135000000003,0.3549945,0.36682765,0.3786608,0.39049395000000003,0.40232710000000005,0.41416025,0.4259934,0.43782655000000004,0.4496597,0.46149285,0.473326
SF11C46895212282050980,9,,2019-05-18T09:00:00-0600,0.005701,0.005701,0.002869,0.001495,0.000269007386,0.000317425979,0.0026531199780000002,0.060958991484000004,0.00014115676,8.942018500000001e-05,4.4576119e-05,3.6212752e-05,0.000640815204,0.000269007386,0.000317425979,0.0026531199780000002,0.060958991484000004,0.00014115676,8.942018500000001e-05,4.4576119e-05,3.6212752e-05,0.000640815204,0.0,0.0,0.0,0.0,0.0,0.0,0.0,0.0,0.0,0.0,0.0,0.0,0.0,0.0,0.0,0.0,0.0,0.0,0.99955,8542.731338887643,0.236663,0.24849615000000003,0.2603293,0.27216245,0.2839956,0.29582875000000003,0.30766190000000004,0.31949505,0.3313282,0.34316135000000003,0.3549945,0.36682765,0.3786608,0.39049395000000003,0.40232710000000005,0.41416025,0.4259934,0.43782655000000004,0.4496597,0.46149285,0.473326
SF11C46895212282050980,10,,2019-05-18T10:00:00-0600,0.020004,0.020004,0.012409,0.00225,0.000943908744,0.001113802716,0.009309421512000001,0.213896450736,0.00049529904,0.00031376274000000006,0.000156411276,0.00012706540800000001,0.002248529616,0.000943908744,0.001113802716,0.009309421512000001,0.213896450736,0.00049529904,0.00031376274000000006,0.000156411276,0.00012706540800000001,0.002248529616,0.0,0.0,0.0,0.0,0.0,0.0,0.0,0.0,0.0,0.0,0.0,0.0,0.0,0.0,0.0,0.0,0.0,0.0,0.997367,29975.23201247297,0.830354,0.8718717,0.9133894,0.9549071,0.9964248,1.0379425,1.0794602,1.1209779000000002,1.1624956000000002,1.2040133000000002,1.2455310000000002,1.2870487000000002,1.3285664000000001,1.3700841000000001,1.4116018000000001,1.4531195000000001,1.4946372,1.5361549,1.5776726,1.6191903,1.660708
SF11C46895212282050980,11,,2019-05-18T11:00:00-0600,0.040008,0.040007,0.029264,0.004118,0.001887770302,0.002227549753,0.018618377646000002,0.427782208788,0.00099057332,0.000627509795,0.000312814733,0.000254124464,0.004496946828,0.001887770302,0.002227549753,0.018618377646000002,0.427782208788,0.00099057332,0.000627509795,0.000312814733,0.000254124464,0.004496946828,0.0,0.0,0.0,0.0,0.0,0.0,0.0,0.0,0.0,0.0,0.0,0.0,0.0,0.0,0.0,0.0,0.0,0.0,0.991908,59950.46402494594,1.660536,1.7435628,1.8265896,1.9096164,1.9926432,2.07567,2.1586968,2.2417236000000003,2.3247504,2.4077772,2.490804,2.5738308,2.6568576,2.7398844,2.8229112,2.905938,2.9889647999999998,3.0719916,3.1550184,3.2380452,3.321072
SF11C46895212282050980,12,,2019-05-18T12:00:00-0600,0.070014,0.070013,0.058394,0.007871,0.0033036334180000003,0.003898253827,0.032582509914,0.748626884892,0.0017335218800000002,0.0010981539050000002,0.000547431647,0.000444722576,0.007869741252,0.0033036334180000003,0.003898253827,0.032582509914,0.748626884892,0.0017335218800000002,0.0010981539050000002,0.000547431647,0.000444722576,0.007869741252,0.0,0.0,0.0,0.0,0.0,0.0,0.0,0.0,0.0,0.0,0.0,0.0,0.0,0.0,0.0,0.0,0.0,0.0,0.983757,104913.3120436554,2.905485,2.91582995,2.9261749,2.9365198500000003,2.9468648,2.95720975,2.9675547,2.97789965,2.9882446000000003,2.99858955,3.0089345,3.01927945,3.0296244,3.0399693500000002,3.0503143,3.06065925,3.0710042,3.08134915,3.0916941000000002,3.10203905,3.112384
SF11C46895212282050980,13,,2019-05-18T13:00:00-0600,0.10002,0.100019,0.092571,0.013728,0.004719496534,0.005568957901,0.046546642182,1.069471560996,0.00247647044,0.001568798015,0.000782048561,0.0006353206879999999,0.011242535676,0.004719496534,0.005568957901,0.046546642182,1.069471560996,0.00247647044,0.001568798015,0.000782048561,0.0006353206879999999,0.011242535676,0.0,0.0,0.0,0.0,0.0,0.0,0.0,0.0,0.0,0.0,0.0,0.0,0.0,0.0,0.0,0.0,0.0,0.0,0.976635,149876.16006236483,4.150046,4.18229195,4.2145379,4.24678385,4.2790298,4.31127575,4.3435217,4.37576765,4.4080136,4.44025955,4.4725055000000005,4.5047514500000005,4.5369974,4.56924335,4.6014893,4.63373525,4.6659812,4.69822715,4.7304731,4.76271905,4.794965
SF11C46895212282050980,14,,2019-05-18T14:00:00-0600,0.130026,0.130025,0.130502,0.021803,0.00613535965,0.007239661975,0.060510774450000006,1.3903162371,0.0032194190000000003,0.002039442125,0.001016665475,0.0008259188,0.0146153301,0.00613535965,0.007239661975,0.060510774450000006,1.3903162371,0.0032194190000000003,0.002039442125,0.001016665475,0.0008259188,0.0146153301,0.0,0.0,0.0,0.0,0.0,0.0,0.0,0.0,0.0,0.0,0.0,0.0,0.0,0.0,0.0,0.0,0.0,0.0,0.971716,194839.0080810743,5.39422,5.4392132,5.4842064,5.5291996,5.5741928,5.619186,5.6641791999999995,5.7091724,5.754165599999999,5.7991588,5.844151999999999,5.8891452,5.9341384,5.9791316,6.0241248,6.069118,6.1141112,6.1591043999999995,6.2040976,6.249090799999999,6.294084
SF11C46895212282050980,15,,2019-05-18T15:00:00-0600,0.160032,0.160031,0.170679,0.032097,0.007551222766,0.008910366049,0.074474906718,1.711160913204,0.00396236756,0.0025100862350000003,0.001251282389,0.0010165169120000001,0.017988124524,0.007551222766,0.008910366049,0.074474906718,1.711160913204,0.00396236756,0.0025100862350000003,0.001251282389,0.0010165169120000001,0.017988124524,0.0,0.0,0.0,0.0,0.0,0.0,0.0,0.0,0.0,0.0,0.0,0.0,0.0,0.0,0.0,0.0,0.0,0.0,0.968279,239801.85609978376,6.638007,6.68795675,6.7379065,6.78785625,6.837806,6.88775575,6.9377055,6.9876552499999995,7.037605,7.08755475,7.1375045,7.18745425,7.237404,7.28735375,7.3373035,7.38725325,7.437203,7.48715275,7.5371025,7.58705225,7.637002
SF11C46895212282050980,16,,2019-05-18T16:00:00-0600,0.170034,0.170034,0.189175,0.042959,0.008023224324,0.009467323086,0.079130082852,1.8181198312559999,0.0042100418399999995,0.00266698329,0.0013294958459999999,0.001080055968,0.019112501736,0.008023224324,0.009467323086,0.079130082852,1.8181198312559999,0.0042100418399999995,0.00266698329,0.0013294958459999999,0.001080055968,0.019112501736,0.0,0.0,0.0,0.0,0.0,0.0,0.0,0.0,0.0,0.0,0.0,0.0,0.0,0.0,0.0,0.0,0.0,0.0,0.970376,254789.47210602023,7.052517,7.07996835,7.1074196999999995,7.13487105,7.1623224,7.18977375,7.2172251,7.24467645,7.2721278,7.29957915,7.327030499999999,7.35448185,7.3819332,7.4093845499999995,7.4368359,7.46428725,7.4917386,7.5191899499999995,7.546641299999999,7.57409265,7.601544
SF11C46895212282050980,17,,2019-05-18T17:00:00-0600,0.120024,0.120025,0.136906,0.049455,0.00566349965,0.006682871975,0.05585699445,1.2833893971,0.002971819,0.0018825921250000001,0.000938475475,0.0007623988,0.013491290100000001,0.00566349965,0.006682871975,0.05585699445,1.2833893971,0.002971819,0.0018825921250000001,0.000938475475,0.0007623988,0.013491290100000001,0.0,0.0,0.0,0.0,0.0,0.0,0.0,0.0,0.0,0.0,0.0,0.0,0.0,0.0,0.0,0.0,0.0,0.0,0.984167,179851.39207483782,4.979539,5.22851595,5.4774929,5.72646985,5.9754468,6.22442375,6.4734007,6.72237765,6.9713546,7.22033155,7.4693085,7.71828545,7.9672624,8.21623935,8.4652163,8.714193250000001,8.9631702,9.21214715,9.4611241,9.710101049999999,9.959078
SF11C46895212282050980,18,,2019-05-18T18:00:00-0600,0.070014,0.070015,0.080523,0.051603,0.0033037277899999997,0.0038983651849999997,0.03258344067,0.7486482702599999,0.0017335713999999999,0.001098185275,0.0005474472849999999,0.00044473527999999994,0.007869966059999999,0.0033037277899999997,0.0038983651849999997,0.03258344067,0.7486482702599999,0.0017335713999999999,0.001098185275,0.0005474472849999999,0.00044473527999999994,0.007869966059999999,0.0,0.0,0.0,0.0,0.0,0.0,0.0,0.0,0.0,0.0,0.0,0.0,0.0,0.0,0.0,0.0,0.0,0.0,0.994401,104913.3120436554,2.905485,3.05075925,3.1960335,3.34130775,3.4865820000000003,3.6318562500000002,3.7771305,3.92240475,4.067679,4.21295325,4.3582275,4.50350175,4.648776,4.79405025,4.9393245,5.08459875,5.2298729999999995,5.3751472499999995,5.520421499999999,5.665695749999999,5.810969999999999
SF11C46895212282050980,19,,2019-05-18T19:00:00-0600,0.040008,0.040009,0.045635,0.051191,0.001887864674,0.002227661111,0.018619308402,0.427803594156,0.0009906228400000001,0.0006275411650000001,0.000312830371,0.000254137168,0.004497171636,0.001887864674,0.002227661111,0.018619308402,0.427803594156,0.0009906228400000001,0.0006275411650000001,0.000312830371,0.000254137168,0.004497171636,0.0,0.0,0.0,0.0,0.0,0.0,0.0,0.0,0.0,0.0,0.0,0.0,0.0,0.0,0.0,0.0,0.0,0.0,0.998224,59950.46402494594,1.660536,1.7435628,1.8265896,1.9096164,1.9926432,2.07567,2.1586968,2.2417236000000003,2.3247504,2.4077772,2.490804,2.5738308,2.6568576,2.7398844,2.8229112,2.905938,2.9889647999999998,3.0719916,3.1550184,3.2380452,3.321072
SF11C46895212282050980,20,,2019-05-18T20:00:00-0600,0.005701,0.005702,0.006343,0.048089,0.00026905457199999995,0.00031748165799999996,0.002653585356,0.06096968416799999,0.00014118152,8.943586999999999e-05,4.4583937999999996e-05,3.6219104e-05,0.000640927608,0.00026905457199999995,0.00031748165799999996,0.002653585356,0.06096968416799999,0.00014118152,8.943586999999999e-05,4.4583937999999996e-05,3.6219104e-05,0.000640927608,0.0,0.0,0.0,0.0,0.0,0.0,0.0,0.0,0.0,0.0,0.0,0.0,0.0,0.0,0.0,0.0,0.0,0.0,0.999895,8542.731338887643,0.236663,0.24849615000000003,0.2603293,0.27216245,0.2839956,0.29582875000000003,0.30766190000000004,0.31949505,0.3313282,0.34316135000000003,0.3549945,0.36682765,0.3786608,0.39049395000000003,0.40232710000000005,0.41416025,0.4259934,0.43782655000000004,0.4496597,0.46149285,0.473326
SF11C46895212282050980,21,,2019-05-18T21:00:00-0600,0.005701,0.005701,0.00608,0.045185,0.000269007386,0.000317425979,0.0026531199780000002,0.060958991484000004,0.00014115676,8.942018500000001e-05,4.4576119e-05,3.6212752e-05,0.000640815204,0.000269007386,0.000317425979,0.0026531199780000002,0.060958991484000004,0.00014115676,8.942018500000001e-05,4.4576119e-05,3.6212752e-05,0.000640815204,0.0,0.0,0.0,0.0,0.0,0.0,0.0,0.0,0.0,0.0,0.0,0.0,0.0,0.0,0.0,0.0,0.0,0.0,0.999974,8542.731338887643,0.236663,0.24849615000000003,0.2603293,0.27216245,0.2839956,0.29582875000000003,0.30766190000000004,0.31949505,0.3313282,0.34316135000000003,0.3549945,0.36682765,0.3786608,0.39049395000000003,0.40232710000000005,0.41416025,0.4259934,0.43782655000000004,0.4496597,0.46149285,0.473326
SF11C46895212282050980,22,,2019-05-18T22:00:00-0600,0.005701,0.005701,0.005722,0.042456,0.000269007386,0.000317425979,0.0026531199780000002,0.060958991484000004,0.00014115676,8.942018500000001e-05,4.4576119e-05,3.6212752e-05,0.000640815204,0.000269007386,0.000317425979,0.0026531199780000002,0.060958991484000004,0.00014115676,8.942018500000001e-05,4.4576119e-05,3.6212752e-05,0.000640815204,0.0,0.0,0.0,0.0,0.0,0.0,0.0,0.0,0.0,0.0,0.0,0.0,0.0,0.0,0.0,0.0,0.0,0.0,0.999974,8542.731338887643,0.236663,0.24849615000000003,0.2603293,0.27216245,0.2839956,0.29582875000000003,0.30766190000000004,0.31949505,0.3313282,0.34316135000000003,0.3549945,0.36682765,0.3786608,0.39049395000000003,0.40232710000000005,0.41416025,0.4259934,0.43782655000000004,0.4496597,0.46149285,0.473326
SF11C46895212282050980,23,,2019-05-18T23:00:00-0600,0.005701,0.005701,0.005277,0.039885,0.000269007386,0.000317425979,0.0026531199780000002,0.060958991484000004,0.00014115676,8.942018500000001e-05,4.4576119e-05,3.6212752e-05,0.000640815204,0.000269007386,0.000317425979,0.0026531199780000002,0.060958991484000004,0.00014115676,8.942018500000001e-05,4.4576119e-05,3.6212752e-05,0.000640815204,0.0,0.0,0.0,0.0,0.0,0.0,0.0,0.0,0.0,0.0,0.0,0.0,0.0,0.0,0.0,0.0,0.0,0.0,0.999974,8542.731338887643,0.236663,0.24849615000000003,0.2603293,0.27216245,0.2839956,0.29582875000000003,0.30766190000000004,0.31949505,0.3313282,0.34316135000000003,0.3549945,0.36682765,0.3786608,0.39049395000000003,0.40232710000000005,0.41416025,0.4259934,0.43782655000000004,0.4496597,0.46149285,0.473326
SF11C46895312282050980,0,,2019-05-18T00:00:00-0400,0.005701,0.005701,0.004404,0.000304,0.000404665359,0.0004775065599999999,0.005081753238,0.035470277553,0.000239335039,2.5157262999999996e-05,8.2546533e-05,2.4683829e-05,0.001186607894,1.1031435000000002e-05,1.3021084000000001e-05,0.000108809286,0.002500031025,5.786515000000001e-06,3.6657430000000005e-06,1.830021e-06,1.4879610000000002e-06,2.6281610000000003e-05,0.000393633924,0.00046448547599999994,0.004972943952,0.032970246528,0.000233548524,2.1491519999999997e-05,8.0716512e-05,2.3195868e-05,0.001160326284,0.0,0.0,0.0,0.0,0.0,0.0,0.0,0.0,0.0,0.979901,21896.918524610846,2.115098,2.2208529,2.3266078,2.4323627,2.5381176,2.6438725,2.7496274000000005,2.8553823000000005,2.9611372000000005,3.0668921000000005,3.1726470000000004,3.2784019000000004,3.3841568000000004,3.4899117000000004,3.5956666000000004,3.7014215000000004,3.8071764000000003,3.9129313000000003,4.0186862,4.1244411,4.230196
SF11C46895312282050980,1,,2019-05-18T01:00:00-0400,0.005701,0.005701,0.003775,0.000544,0.00034844471000000004,0.00041116655899999996,0.004371493986000001,0.030761311825,0.00020597854,2.2087743e-05,7.1018221e-05,2.1370886e-05,0.001020884635,1.1031435000000002e-05,1.3021084000000001e-05,0.000108809286,0.002500031025,5.786515000000001e-06,3.6657430000000005e-06,1.830021e-06,1.4879610000000002e-06,2.6281610000000003e-05,0.00033741327500000004,0.000398145475,0.004262684700000001,0.0282612808,0.000200192025,1.8422e-05,6.91882e-05,1.9882925e-05,0.000994603025,0.0,0.0,0.0,0.0,0.0,0.0,0.0,0.0,0.0,0.979901,21896.918524610846,2.115098,2.2208529,2.3266078,2.4323627,2.5381176,2.6438725,2.7496274000000005,2.8553823000000005,2.9611372000000005,3.0668921000000005,3.1726470000000004,3.2784019000000004,3.3841568000000004,3.4899117000000004,3.5956666000000004,3.7014215000000004,3.8071764000000003,3.9129313000000003,4.0186862,4.1244411,4.230196
SF11C46895312282050980,2,,2019-05-18T02:00:00-0400,0.005701,0.005701,0.003325,0.000737,0.00030822326,0.00036370550899999995,0.003863359386,0.027392417424999996,0.00018211459,1.9891743000000002e-05,6.2770621e-05,1.9000735999999998e-05,0.000902322685,1.1031435000000002e-05,1.3021084000000001e-05,0.000108809286,0.002500031025,5.786515000000001e-06,3.6657430000000005e-06,1.830021e-06,1.4879610000000002e-06,2.6281610000000003e-05,0.000297191825,0.00035068442499999996,0.0037545501,0.024892386399999997,0.000176328075,1.6226e-05,6.09406e-05,1.7512774999999998e-05,0.000876041075,0.0,0.0,0.0,0.0,0.0,0.0,0.0,0.0,0.0,0.986601,21896.918524610846,2.115098,2.2208529,2.3266078,2.4323627,2.5381176,2.6438725,2.7496274000000005,2.8553823000000005,2.9611372000000005,3.0668921000000005,3.1726470000000004,3.2784019000000004,3.3841568000000004,3.4899117000000004,3.5956666000000004,3.7014215000000004,3.8071764000000003,3.9129313000000003,4.0186862,4.1244411,4.230196
SF11C46895312282050980,3,,2019-05-18T03:00:00-0400,0.005701,0.005701,0.003003,0.000893,0.000279442578,0.00032974449099999997,0.0034997608500000003,0.024981786320999996,0.000165038608,1.8320383000000002e-05,5.6869005e-05,1.7304762e-05,0.0008174850230000001,1.1031435000000002e-05,1.3021084000000001e-05,0.000108809286,0.002500031025,5.786515000000001e-06,3.6657430000000005e-06,1.830021e-06,1.4879610000000002e-06,2.6281610000000003e-05,0.000268411143,0.000316723407,0.0033909515640000005,0.022481755295999998,0.000159252093,1.465464e-05,5.5038984e-05,1.5816801e-05,0.0007912034130000001,0.0,0.0,0.0,0.0,0.0,0.0,0.0,0.0,0.0,0.989951,21896.918524610846,2.115098,2.2208529,2.3266078,2.4323627,2.5381176,2.6438725,2.7496274000000005,2.8553823000000005,2.9611372000000005,3.0668921000000005,3.1726470000000004,3.2784019000000004,3.3841568000000004,3.4899117000000004,3.5956666000000004,3.7014215000000004,3.8071764000000003,3.9129313000000003,4.0186862,4.1244411,4.230196
SF11C46895312282050980,4,,2019-05-18T04:00:00-0400,0.005701,0.005701,0.002771,0.001023,0.000258706186,0.00030527568299999996,0.003237789234,0.023244934097,0.000152735416,1.7188223000000002e-05,5.2616909e-05,1.6082818e-05,0.0007563597510000001,1.1031435000000002e-05,1.3021084000000001e-05,0.000108809286,0.002500031025,5.786515000000001e-06,3.6657430000000005e-06,1.830021e-06,1.4879610000000002e-06,2.6281610000000003e-05,0.000247674751,0.000292254599,0.003128979948,0.020744903072,0.000146948901,1.352248e-05,5.0786888e-05,1.4594857e-05,0.0007300781410000001,0.0,0.0,0.0,0.0,0.0,0.0,0.0,0.0,0.0,0.991961,21896.918524610846,2.115098,2.2208529,2.3266078,2.4323627,2.5381176,2.6438725,2.7496274000000005,2.8553823000000005,2.9611372000000005,3.0668921000000005,3.1726470000000004,3.2784019000000004,3.3841568000000004,3.4899117000000004,3.5956666000000004,3.7014215000000004,3.8071764000000003,3.9129313000000003,4.0186862,4.1244411,4.230196
SF11C46895312282050980,5,,2019-05-18T05:00:00-0400,0.005701,0.005701,0.002606,0.001133,0.00024395832099999998,0.00028787329799999996,0.003051473214,0.022009672816999996,0.000143985301,1.6383023e-05,4.9592788999999994e-05,1.5213762999999999e-05,0.000712887036,1.1031435000000002e-05,1.3021084000000001e-05,0.000108809286,0.002500031025,5.786515000000001e-06,3.6657430000000005e-06,1.830021e-06,1.4879610000000002e-06,2.6281610000000003e-05,0.00023292688599999998,0.000274852214,0.002942663928,0.019509641791999998,0.000138198786,1.2717279999999998e-05,4.7762767999999995e-05,1.3725801999999999e-05,0.000686605426,0.0,0.0,0.0,0.0,0.0,0.0,0.0,0.0,0.0,0.9933,21896.918524610846,2.115098,2.2208529,2.3266078,2.4323627,2.5381176,2.6438725,2.7496274000000005,2.8553823000000005,2.9611372000000005,3.0668921000000005,3.1726470000000004,3.2784019000000004,3.3841568000000004,3.4899117000000004,3.5956666000000004,3.7014215000000004,3.8071764000000003,3.9129313000000003,4.0186862,4.1244411,4.230196
SF11C46895312282050980,6,,2019-05-18T06:00:00-0400,0.005701,0.005701,0.002487,0.001226,0.000233321982,0.000275322487,0.002917099842,0.021118787409,0.000137674612,1.5802303e-05,4.7411757e-05,1.458699e-05,0.0006815339870000001,1.1031435000000002e-05,1.3021084000000001e-05,0.000108809286,0.002500031025,5.786515000000001e-06,3.6657430000000005e-06,1.830021e-06,1.4879610000000002e-06,2.6281610000000003e-05,0.000222290547,0.000262301403,0.002808290556,0.018618756384,0.000131888097,1.213656e-05,4.5581736e-05,1.3099029e-05,0.0006552523770000001,0.0,0.0,0.0,0.0,0.0,0.0,0.0,0.0,0.0,0.994258,21896.918524610846,2.115098,2.2208529,2.3266078,2.4323627,2.5381176,2.6438725,2.7496274000000005,2.8553823000000005,2.9611372000000005,3.0668921000000005,3.1726470000000004,3.2784019000000004,3.3841568000000004,3.4899117000000004,3.5956666000000004,3.7014215000000004,3.8071764000000003,3.9129313000000003,4.0186862,4.1244411,4.230196
SF11C46895312282050980,7,,2019-05-18T07:00:00-0400,0.005701,0.005701,0.002402,0.001308,0.000225724597,0.00026635762199999995,0.002821118862,0.020482440689,0.00013316697700000002,1.5387503e-05,4.5853877e-05,1.4139295e-05,0.0006591389520000001,1.1031435000000002e-05,1.3021084000000001e-05,0.000108809286,0.002500031025,5.786515000000001e-06,3.6657430000000005e-06,1.830021e-06,1.4879610000000002e-06,2.6281610000000003e-05,0.00021469316200000002,0.00025333653799999997,0.0027123095760000003,0.017982409664,0.00012738046200000001,1.1721759999999999e-05,4.4023856000000003e-05,1.2651334e-05,0.0006328573420000001,0.0,0.0,0.0,0.0,0.0,0.0,0.0,0.0,0.0,0.994975,21896.918524610846,2.115098,2.2208529,2.3266078,2.4323627,2.5381176,2.6438725,2.7496274000000005,2.8553823000000005,2.9611372000000005,3.0668921000000005,3.1726470000000004,3.2784019000000004,3.3841568000000004,3.4899117000000004,3.5956666000000004,3.7014215000000004,3.8071764000000003,3.9129313000000003,4.0186862,4.1244411,4.230196
SF11C46895312282050980,8,,2019-05-18T08:00:00-0400,0.005701,0.005701,0.002187,0.001368,0.00020650768200000002,0.000243681787,0.0025783434420000003,0.018872857809,0.00012176531200000001,1.4338303000000001e-05,4.1913357e-05,1.300689e-05,0.0006024926870000001,1.1031435000000002e-05,1.3021084000000001e-05,0.000108809286,0.002500031025,5.786515000000001e-06,3.6657430000000005e-06,1.830021e-06,1.4879610000000002e-06,2.6281610000000003e-05,0.00019547624700000003,0.000230660703,0.0024695341560000005,0.016372826784,0.00011597879700000001,1.067256e-05,4.0083336e-05,1.1518929e-05,0.0005762110770000001,0.0,0.0,0.0,0.0,0.0,0.0,0.0,0.0,0.0,0.995534,21896.918524610846,2.115098,2.2208529,2.3266078,2.4323627,2.5381176,2.6438725,2.7496274000000005,2.8553823000000005,2.9611372000000005,3.0668921000000005,3.1726470000000004,3.2784019000000004,3.3841568000000004,3.4899117000000004,3.5956666000000004,3.7014215000000004,3.8071764000000003,3.9129313000000003,4.0186862,4.1244411,4.230196
SF11C46895312282050980,9,,2019-05-18T09:00:00-0400,0.005701,0.005701,0.002871,0.001472,0.000267644286,0.00031582258299999995,0.003350708034,0.023993577296999996,0.000158038516,1.7676223e-05,5.4449709e-05,1.6609518e-05,0.000782706851,1.1031435000000002e-05,1.3021084000000001e-05,0.000108809286,0.002500031025,5.786515000000001e-06,3.6657430000000005e-06,1.830021e-06,1.4879610000000002e-06,2.6281610000000003e-05,0.000256612851,0.00030280149899999996,0.003241898748,0.021493546271999998,0.000152252001,1.401048e-05,5.2619688e-05,1.5121556999999998e-05,0.000756425241,0.0,0.0,0.0,0.0,0.0,0.0,0.0,0.0,0.0,0.99598,21896.918524610846,2.115098,2.2208529,2.3266078,2.4323627,2.5381176,2.6438725,2.7496274000000005,2.8553823000000005,2.9611372000000005,3.0668921000000005,3.1726470000000004,3.2784019000000004,3.3841568000000004,3.4899117000000004,3.5956666000000004,3.7014215000000004,3.8071764000000003,3.9129313000000003,4.0186862,4.1244411,4.230196
SF11C46895312282050980,10,,2019-05-18T10:00:00-0400,0.020004,0.020004,0.012417,0.002229,0.001148551617,0.0013552977089999997,0.01440292374,0.101731280244,0.000678789987,7.3457532e-05,0.00023400006,7.062138299999999e-05,0.003363737847,3.8707740000000005e-05,4.5689136e-05,0.000381796344,0.0087722541,2.030406e-05,1.2862572000000001e-05,6.421284e-06,5.221044e-06,9.221844000000001e-05,0.0011098438769999999,0.0013096085729999997,0.014021127396,0.09295902614399999,0.000658485927,6.0594959999999996e-05,0.000227578776,6.540033899999999e-05,0.0032715194069999998,0.0,0.0,0.0,0.0,0.0,0.0,0.0,0.0,0.0,0.976461,76833.17982219179,7.416657,7.78748985,8.1583227,8.52915555,8.8999884,9.27082125,9.6416541,10.01248695,10.383319799999999,10.75415265,11.1249855,11.49581835,11.8666512,12.237484049999999,12.608316899999998,12.97914975,13.3499826,13.72081545,14.0916483,14.462481149999999,14.833314
SF11C46895312282050980,11,,2019-05-18T11:00:00-0400,0.040008,0.040008,0.029285,0.0041,0.002694938065,0.0031800379369999994,0.033831863268,0.23678466931999997,0.001593620955,0.00016863594399999998,0.000549578048,0.000164686183,0.007900185115,7.741548000000001e-05,9.1378272e-05,0.000763592688,0.0175445082,4.060812e-05,2.5725144000000002e-05,1.2842568e-05,1.0442088e-05,0.00018443688000000001,0.002617522585,0.0030886596649999996,0.03306827058,0.21924016111999997,0.001553012835,0.00014291079999999997,0.00053673548,0.000154244095,0.007715748235,0.0,0.0,0.0,0.0,0.0,0.0,0.0,0.0,0.0,0.927667,153666.35964438357,14.819563,15.56054115,16.3015193,17.04249745,17.7834756,18.52445375,19.2654319,20.00641005,20.7473882,21.48836635,22.2293445,22.97032265,23.7113008,24.45227895,25.1932571,25.93423525,26.6752134,27.41619155,28.1571697,28.89814785,29.639126
SF11C46895312282050980,12,,2019-05-18T12:00:00-0400,0.070014,0.070014,0.058436,0.007857,0.005358545206,0.00632309846,0.06732151717200001,0.468180029702,0.003169983726,0.000330186682,0.001093489502,0.00032605606600000003,0.015718955896,0.00013547709000000002,0.00015991197600000002,0.001336287204,0.030702889350000002,7.106421000000001e-05,4.5019002e-05,2.2474494000000003e-05,1.8273654000000002e-05,0.0003227645400000001,0.005223068116,0.006163186484,0.065985229968,0.437477140352,0.003098919516,0.00028516768,0.001071015008,0.000307782412,0.015396191356,0.0,0.0,0.0,0.0,0.0,0.0,0.0,0.0,0.0,0.854803,268916.1293776713,25.898193,27.19310265,28.488012299999998,29.78292195,31.0778316,32.37274125,33.6676509,34.96256055,36.2574702,37.552379849999994,38.8472895,40.142199149999996,41.4371088,42.73201845,44.0269281,45.32183775,46.616747399999994,47.91165705,49.206566699999996,50.50147635,51.796386
SF11C46895312282050980,13,,2019-05-18T13:00:00-0400,0.10002,0.10002,0.092637,0.01372,0.008473526397000001,0.009998777432999999,0.106513570476,0.7373818716839999,0.005014153047,0.00051638142,0.001729957356,0.000514024299,0.024868255226999997,0.0001935387,0.00022844568,0.0019089817199999999,0.0438612705,0.0001015203,6.431286e-05,3.2106419999999996e-05,2.610522e-05,0.00046109220000000004,0.008279987697,0.009770331753,0.10460458875600001,0.6935206011839999,0.004912632747,0.00045206855999999995,0.001697850936,0.00048791907899999997,0.024407163027,0.0,0.0,0.0,0.0,0.0,0.0,0.0,0.0,0.0,0.791131,384165.8991109589,36.946024,38.7933252,40.6406264,42.4879276,44.3352288,46.18253,48.029831200000004,49.8771324,51.7244336,53.5717348,55.419036000000006,57.2663372,59.1136384,60.9609396,62.8082408,64.655542,66.5028432,68.3501444,70.19744560000001,72.0447468,73.892048
SF11C46895312282050980,14,,2019-05-18T14:00:00-0400,0.130026,0.130026,0.130595,0.021801,0.011924312005,0.014070703438999998,0.14994798309600002,1.0347102386899998,0.007057559834999999,0.000720910318,0.0024352835059999996,0.000721780651,0.035007415104999995,0.00025160031,0.000296979384,0.002481676236,0.05701965165,0.00013197639,8.3606718e-05,4.1738346e-05,3.3936786e-05,0.00059941986,0.011672711694999999,0.013773724054999999,0.14746630686,0.9776905870399999,0.0069255834449999994,0.0006373036,0.0023935451599999998,0.000687843865,0.034407995244999996,0.0,0.0,0.0,0.0,0.0,0.0,0.0,0.0,0.0,0.747163,499415.6688442466,47.963143,50.361300150000005,52.7594573,55.157614450000004,57.5557716,59.95392875,62.352085900000006,64.75024305000001,67.1484002,69.54655735,71.9447145,74.34287165,76.74102880000001,79.13918595000001,81.53734310000002,83.93550025,86.3336574,88.73181455000001,91.1299717,93.52812885,95.926286
SF11C46895312282050980,15,,2019-05-18T15:00:00-0400,0.160032,0.160032,0.1708,0.032104,0.015575936720000003,0.018379618288,0.195919681152,1.3488606183999998,0.00922012728,0.000936404576,0.003181792672,0.000941371952,0.04573859432,0.00030966192000000004,0.000365513088,0.003054370752,0.0701780328,0.00016243248,0.00010290057600000001,5.1370272e-05,4.1768352e-05,0.0007377475200000001,0.015266274800000002,0.018014105199999998,0.19286531040000002,1.2786825856,0.0090576948,0.000833504,0.0031304224,0.0008996036,0.0450008468,0.0,0.0,0.0,0.0,0.0,0.0,0.0,0.0,0.0,0.736568,614665.4385775343,58.949635,61.89711675,64.8445985,67.79208025,70.739562,73.68704375,76.6345255,79.58200725,82.529489,85.47697075,88.4244525,91.37193425000001,94.319416,97.26689775,100.2143795,103.16186125,106.109343,109.05682475,112.00430650000001,114.95178824999999,117.89927
SF11C46895312282050980,16,,2019-05-18T16:00:00-0400,0.170034,0.170034,0.189309,0.042975,0.017249643519,0.020354588577,0.21701072001600002,1.4918131153379999,0.010211830089000002,0.001033159782,0.0035242362660000003,0.0010414693770000002,0.050661288279,0.00032901579,0.00038835765599999996,0.0032452689239999997,0.07456415984999999,0.00017258451,0.000109331862,5.4580913999999996e-05,4.4378874e-05,0.0007838567400000001,0.016920627729,0.019966230921,0.21376545109200001,1.417248955488,0.010039245579000001,0.00092382792,0.003469655352,0.0009970905030000001,0.049877431539000004,0.0,0.0,0.0,0.0,0.0,0.0,0.0,0.0,0.0,0.783801,653082.0284886302,62.605008,65.73525839999999,68.8655088,71.9957592,75.1260096,78.25626,81.38651039999999,84.5167608,87.6470112,90.7772616,93.907512,97.03776239999999,100.1680128,103.29826320000001,106.4285136,109.558764,112.68901439999999,115.8192648,118.94951520000001,122.0797656,125.210016
SF11C46895312282050980,17,,2019-05-18T17:00:00-0400,0.120024,0.120024,0.137003,0.049477,0.012477711583000001,0.014723704223000001,0.15699292162800002,1.078297167896,0.007387230453000001,0.000745750072,0.002549518688,0.000752921065,0.036649628053000004,0.00023224644000000003,0.00027413481600000003,0.002290778064,0.0526335246,0.00012182436000000002,7.7175432e-05,3.8527704e-05,3.1326264e-05,0.00055331064,0.012245465143000001,0.014449569407,0.15470214356400003,1.025663643296,0.007265406093000001,0.0006685746400000001,0.0025109909840000002,0.000721594801,0.036096317413000005,0.0,0.0,0.0,0.0,0.0,0.0,0.0,0.0,0.0,0.868512,460999.07893315074,44.294177,46.50888585,48.7235947,50.93830355,53.153012399999994,55.36772125,57.582430099999996,59.79713895,62.0118478,64.22655664999999,66.4412655,68.65597435,70.8706832,73.08539205,75.30010089999999,77.51480975,79.7295186,81.94422745,84.1589363,86.37364515,88.58835400000001
SF11C46895312282050980,18,,2019-05-18T18:00:00-0400,0.070014,0.070014,0.08058,0.051627,0.00733779807,0.008658603995999999,0.09232625624400001,0.63395957991,0.0043443021900000005,0.00043824940199999995,0.001499344734,0.000442688514,0.02155325772,0.00013547709000000002,0.00015991197600000002,0.001336287204,0.030702889350000002,7.106421000000001e-05,4.5019002e-05,2.2474494000000003e-05,1.8273654000000002e-05,0.0003227645400000001,0.00720232098,0.008498692019999999,0.09098996904000001,0.60325669056,0.0042732379800000005,0.0003932304,0.00147687024,0.00042441486,0.02123049318,0.0,0.0,0.0,0.0,0.0,0.0,0.0,0.0,0.0,0.949948,268916.1293776713,25.898193,27.19310265,28.488012299999998,29.78292195,31.0778316,32.37274125,33.6676509,34.96256055,36.2574702,37.552379849999994,38.8472895,40.142199149999996,41.4371088,42.73201845,44.0269281,45.32183775,46.616747399999994,47.91165705,49.206566699999996,50.50147635,51.796386
SF11C46895312282050980,19,,2019-05-18T19:00:00-0400,0.040008,0.040008,0.045668,0.051215,0.0041592669879999995,0.004907936564,0.052331350272000005,0.35943488477599994,0.0024624278280000003,0.00024858498399999996,0.000849845672,0.00025097544400000003,0.012216630508,7.741548000000001e-05,9.1378272e-05,0.000763592688,0.0175445082,4.060812e-05,2.5725144000000002e-05,1.2842568e-05,1.0442088e-05,0.00018443688000000001,0.004081851508,0.004816558292,0.05156775758400001,0.34189037657599997,0.002421819708,0.00022285983999999998,0.000837003104,0.000240533356,0.012032193628000001,0.0,0.0,0.0,0.0,0.0,0.0,0.0,0.0,0.0,0.98412,153666.35964438357,14.819563,15.56054115,16.3015193,17.04249745,17.7834756,18.52445375,19.2654319,20.00641005,20.7473882,21.48836635,22.2293445,22.97032265,23.7113008,24.45227895,25.1932571,25.93423525,26.6752134,27.41619155,28.1571697,28.89814785,29.639126
SF11C46895312282050980,20,,2019-05-18T20:00:00-0400,0.005701,0.005701,0.006347,0.048113,0.000578332642,0.000682432827,0.007275765522000001,0.050016414929000004,0.000342374272,3.4639103e-05,0.000118157837,3.491761000000001e-05,0.001698532047,1.1031435000000002e-05,1.3021084000000001e-05,0.000108809286,0.002500031025,5.786515000000001e-06,3.6657430000000005e-06,1.830021e-06,1.4879610000000002e-06,2.6281610000000003e-05,0.000567301207,0.000669411743,0.007166956236000001,0.047516383904,0.000336587757,3.097336e-05,0.000116327816,3.3429649e-05,0.0016722504370000001,0.0,0.0,0.0,0.0,0.0,0.0,0.0,0.0,0.0,0.999065,21896.918524610846,2.115098,2.2208529,2.3266078,2.4323627,2.5381176,2.6438725,2.7496274000000005,2.8553823000000005,2.9611372000000005,3.0668921000000005,3.1726470000000004,3.2784019000000004,3.3841568000000004,3.4899117000000004,3.5956666000000004,3.7014215000000004,3.8071764000000003,3.9129313000000003,4.0186862,4.1244411,4.230196
SF11C46895312282050980,21,,2019-05-18T21:00:00-0400,0.005701,0.005701,0.006085,0.045207,0.00055491482,0.000654799949,0.0069799182660000006,0.048054969745,0.00032848014999999997,3.3360543e-05,0.000113355901,3.3537656e-05,0.001629502645,1.1031435000000002e-05,1.3021084000000001e-05,0.000108809286,0.002500031025,5.786515000000001e-06,3.6657430000000005e-06,1.830021e-06,1.4879610000000002e-06,2.6281610000000003e-05,0.000543883385,0.000641778865,0.00687110898,0.04555493872,0.000322693635,2.96948e-05,0.00011152588000000001,3.2049695e-05,0.001603221035,0.0,0.0,0.0,0.0,0.0,0.0,0.0,0.0,0.0,0.999768,21896.918524610846,2.115098,2.2208529,2.3266078,2.4323627,2.5381176,2.6438725,2.7496274000000005,2.8553823000000005,2.9611372000000005,3.0668921000000005,3.1726470000000004,3.2784019000000004,3.3841568000000004,3.4899117000000004,3.5956666000000004,3.7014215000000004,3.8071764000000003,3.9129313000000003,4.0186862,4.1244411,4.230196
SF11C46895312282050980,22,,2019-05-18T22:00:00-0400,0.005701,0.005701,0.005726,0.042477,0.0005228270410000001,0.000616936578,0.006574539774000001,0.045367340657,0.000309442021,3.1608623e-05,0.00010677614900000001,3.1646803000000005e-05,0.001534916556,1.1031435000000002e-05,1.3021084000000001e-05,0.000108809286,0.002500031025,5.786515000000001e-06,3.6657430000000005e-06,1.830021e-06,1.4879610000000002e-06,2.6281610000000003e-05,0.0005117956060000001,0.000603915494,0.006465730488000001,0.042867309632,0.00030365550600000004,2.794288e-05,0.00010494612800000001,3.0158842e-05,0.0015086349460000001,0.0,0.0,0.0,0.0,0.0,0.0,0.0,0.0,0.0,0.99977,21896.918524610846,2.115098,2.2208529,2.3266078,2.4323627,2.5381176,2.6438725,2.7496274000000005,2.8553823000000005,2.9611372000000005,3.0668921000000005,3.1726470000000004,3.2784019000000004,3.3841568000000004,3.4899117000000004,3.5956666000000004,3.7014215000000004,3.8071764000000003,3.9129313000000003,4.0186862,4.1244411,4.230196
SF11C46895312282050980,23,,2019-05-18T23:00:00-0400,0.005701,0.005701,0.00528,0.039905,0.000482963115,0.000569897404,0.006070921926000001,0.042028391985,0.000285790195,2.9432142999999997e-05,9.8601861e-05,2.9297721e-05,0.00141740849,1.1031435000000002e-05,1.3021084000000001e-05,0.000108809286,0.002500031025,5.786515000000001e-06,3.6657430000000005e-06,1.830021e-06,1.4879610000000002e-06,2.6281610000000003e-05,0.00047193168,0.00055687632,0.00596211264,0.03952836096,0.00028000368,2.5766399999999998e-05,9.677184e-05,2.780976e-05,0.00139112688,0.0,0.0,0.0,0.0,0.0,0.0,0.0,0.0,0.0,0.999771,21896.918524610846,2.115098,2.2208529,2.3266078,2.4323627,2.5381176,2.6438725,2.7496274000000005,2.8553823000000005,2.9611372000000005,3.0668921000000005,3.1726470000000004,3.2784019000000004,3.3841568000000004,3.4899117000000004,3.5956666000000004,3.7014215000000004,3.8071764000000003,3.9129313000000003,4.0186862,4.1244411,4.230196
SF11C46895412282050980,0,,2019-05-18T00:00:00-0400,0.005701,0.005701,0.004404,0.000304,5.359668e-06,6.324144e-06,6.770217900000001e-05,0.000449097745,3.179688e-06,2.9066400000000004e-07,1.096596e-06,3.17088e-07,1.5798444999999997e-05,0.0,0.0,1.7103e-08,3.47761e-07,0.0,0.0,0.0,0.0,5.701e-09,5.359668e-06,6.324144e-06,6.768507600000001e-05,0.000448749984,3.179688e-06,2.9066400000000004e-07,1.096596e-06,3.17088e-07,1.5792744e-05,0.0,0.0,0.0,0.0,0.0,0.0,0.0,0.0,0.0,0.979901,262.462475778045,2.115098,2.2208529,2.3266078,2.4323627,2.5381176,2.6438725,2.7496274000000005,2.8553823000000005,2.9611372000000005,3.0668921000000005,3.1726470000000004,3.2784019000000004,3.3841568000000004,3.4899117000000004,3.5956666000000004,3.7014215000000004,3.8071764000000003,3.9129313000000003,4.0186862,4.1244411,4.230196
SF11C46895412282050980,1,,2019-05-18T01:00:00-0400,0.005701,0.005701,0.003775,0.000544,4.594175e-06,5.4209e-06,5.8035078e-05,0.000385005161,2.72555e-06,2.4915000000000003e-07,9.399749999999999e-07,2.7180000000000004e-07,1.3542851000000001e-05,0.0,0.0,1.7103e-08,3.47761e-07,0.0,0.0,0.0,0.0,5.701e-09,4.594175e-06,5.4209e-06,5.8017975000000004e-05,0.00038465740000000003,2.72555e-06,2.4915000000000003e-07,9.399749999999999e-07,2.7180000000000004e-07,1.3537150000000001e-05,0.0,0.0,0.0,0.0,0.0,0.0,0.0,0.0,0.0,0.979901,262.462475778045,2.115098,2.2208529,2.3266078,2.4323627,2.5381176,2.6438725,2.7496274000000005,2.8553823000000005,2.9611372000000005,3.0668921000000005,3.1726470000000004,3.2784019000000004,3.3841568000000004,3.4899117000000004,3.5956666000000004,3.7014215000000004,3.8071764000000003,3.9129313000000003,4.0186862,4.1244411,4.230196
SF11C46895412282050980,2,,2019-05-18T02:00:00-0400,0.005701,0.005701,0.003325,0.000737,4.046524999999999e-06,4.774699999999999e-06,5.1119028e-05,0.00033915196099999995,2.4006499999999996e-06,2.1945e-07,8.279249999999999e-07,2.394e-07,1.1929151e-05,0.0,0.0,1.7103e-08,3.47761e-07,0.0,0.0,0.0,0.0,5.701e-09,4.046524999999999e-06,4.774699999999999e-06,5.1101925e-05,0.00033880419999999996,2.4006499999999996e-06,2.1945e-07,8.279249999999999e-07,2.394e-07,1.192345e-05,0.0,0.0,0.0,0.0,0.0,0.0,0.0,0.0,0.0,0.986601,262.462475778045,2.115098,2.2208529,2.3266078,2.4323627,2.5381176,2.6438725,2.7496274000000005,2.8553823000000005,2.9611372000000005,3.0668921000000005,3.1726470000000004,3.2784019000000004,3.3841568000000004,3.4899117000000004,3.5956666000000004,3.7014215000000004,3.8071764000000003,3.9129313000000003,4.0186862,4.1244411,4.230196
SF11C46895412282050980,3,,2019-05-18T03:00:00-0400,0.005701,0.005701,0.003003,0.000893,3.654651e-06,4.312308e-06,4.617021e-05,0.000306341449,2.168166e-06,1.98198e-07,7.47747e-07,2.16216e-07,1.0774459000000001e-05,0.0,0.0,1.7103e-08,3.47761e-07,0.0,0.0,0.0,0.0,5.701e-09,3.654651e-06,4.312308e-06,4.6153107e-05,0.000305993688,2.168166e-06,1.98198e-07,7.47747e-07,2.16216e-07,1.0768758000000001e-05,0.0,0.0,0.0,0.0,0.0,0.0,0.0,0.0,0.0,0.989951,262.462475778045,2.115098,2.2208529,2.3266078,2.4323627,2.5381176,2.6438725,2.7496274000000005,2.8553823000000005,2.9611372000000005,3.0668921000000005,3.1726470000000004,3.2784019000000004,3.3841568000000004,3.4899117000000004,3.5956666000000004,3.7014215000000004,3.8071764000000003,3.9129313000000003,4.0186862,4.1244411,4.230196
SF11C46895412282050980,4,,2019-05-18T04:00:00-0400,0.005701,0.005701,0.002771,0.001023,3.372307e-06,3.9791560000000004e-06,4.2604602e-05,0.000282701577,2.000662e-06,1.8288600000000001e-07,6.899789999999999e-07,1.9951200000000002e-07,9.942507000000001e-06,0.0,0.0,1.7103e-08,3.47761e-07,0.0,0.0,0.0,0.0,5.701e-09,3.372307e-06,3.9791560000000004e-06,4.2587499e-05,0.000282353816,2.000662e-06,1.8288600000000001e-07,6.899789999999999e-07,1.9951200000000002e-07,9.936806000000001e-06,0.0,0.0,0.0,0.0,0.0,0.0,0.0,0.0,0.0,0.991961,262.462475778045,2.115098,2.2208529,2.3266078,2.4323627,2.5381176,2.6438725,2.7496274000000005,2.8553823000000005,2.9611372000000005,3.0668921000000005,3.1726470000000004,3.2784019000000004,3.3841568000000004,3.4899117000000004,3.5956666000000004,3.7014215000000004,3.8071764000000003,3.9129313000000003,4.0186862,4.1244411,4.230196
SF11C46895412282050980,5,,2019-05-18T05:00:00-0400,0.005701,0.005701,0.002606,0.001133,3.1715019999999997e-06,3.7422159999999995e-06,4.0068717e-05,0.00026588873699999997,1.8815319999999997e-06,1.71996e-07,6.488939999999999e-07,1.87632e-07,9.350817e-06,0.0,0.0,1.7103e-08,3.47761e-07,0.0,0.0,0.0,0.0,5.701e-09,3.1715019999999997e-06,3.7422159999999995e-06,4.0051614e-05,0.000265540976,1.8815319999999997e-06,1.71996e-07,6.488939999999999e-07,1.87632e-07,9.345116e-06,0.0,0.0,0.0,0.0,0.0,0.0,0.0,0.0,0.0,0.9933,262.462475778045,2.115098,2.2208529,2.3266078,2.4323627,2.5381176,2.6438725,2.7496274000000005,2.8553823000000005,2.9611372000000005,3.0668921000000005,3.1726470000000004,3.2784019000000004,3.3841568000000004,3.4899117000000004,3.5956666000000004,3.7014215000000004,3.8071764000000003,3.9129313000000003,4.0186862,4.1244411,4.230196
SF11C46895412282050980,6,,2019-05-18T06:00:00-0400,0.005701,0.005701,0.002487,0.001226,3.0266790000000002e-06,3.571332e-06,3.8239806e-05,0.000253763113,1.795614e-06,1.6414200000000001e-07,6.19263e-07,1.7906400000000002e-07,8.924083e-06,0.0,0.0,1.7103e-08,3.47761e-07,0.0,0.0,0.0,0.0,5.701e-09,3.0266790000000002e-06,3.571332e-06,3.8222703000000004e-05,0.000253415352,1.795614e-06,1.6414200000000001e-07,6.19263e-07,1.7906400000000002e-07,8.918382e-06,0.0,0.0,0.0,0.0,0.0,0.0,0.0,0.0,0.0,0.994258,262.462475778045,2.115098,2.2208529,2.3266078,2.4323627,2.5381176,2.6438725,2.7496274000000005,2.8553823000000005,2.9611372000000005,3.0668921000000005,3.1726470000000004,3.2784019000000004,3.3841568000000004,3.4899117000000004,3.5956666000000004,3.7014215000000004,3.8071764000000003,3.9129313000000003,4.0186862,4.1244411,4.230196
SF11C46895412282050980,7,,2019-05-18T07:00:00-0400,0.005701,0.005701,0.002402,0.001308,2.923234e-06,3.4492720000000002e-06,3.6933441e-05,0.000245101953,1.734244e-06,1.58532e-07,5.98098e-07,1.7294400000000002e-07,8.619273e-06,0.0,0.0,1.7103e-08,3.47761e-07,0.0,0.0,0.0,0.0,5.701e-09,2.923234e-06,3.4492720000000002e-06,3.6916338e-05,0.000244754192,1.734244e-06,1.58532e-07,5.98098e-07,1.7294400000000002e-07,8.613572e-06,0.0,0.0,0.0,0.0,0.0,0.0,0.0,0.0,0.0,0.994975,262.462475778045,2.115098,2.2208529,2.3266078,2.4323627,2.5381176,2.6438725,2.7496274000000005,2.8553823000000005,2.9611372000000005,3.0668921000000005,3.1726470000000004,3.2784019000000004,3.3841568000000004,3.4899117000000004,3.5956666000000004,3.7014215000000004,3.8071764000000003,3.9129313000000003,4.0186862,4.1244411,4.230196
SF11C46895412282050980,8,,2019-05-18T08:00:00-0400,0.005701,0.005701,0.002187,0.001368,2.661579e-06,3.1405320000000003e-06,3.3629106e-05,0.00022319431300000001,1.579014e-06,1.44342e-07,5.44563e-07,1.57464e-07,7.848283000000001e-06,0.0,0.0,1.7103e-08,3.47761e-07,0.0,0.0,0.0,0.0,5.701e-09,2.661579e-06,3.1405320000000003e-06,3.3612003000000004e-05,0.000222846552,1.579014e-06,1.44342e-07,5.44563e-07,1.57464e-07,7.842582000000001e-06,0.0,0.0,0.0,0.0,0.0,0.0,0.0,0.0,0.0,0.995534,262.462475778045,2.115098,2.2208529,2.3266078,2.4323627,2.5381176,2.6438725,2.7496274000000005,2.8553823000000005,2.9611372000000005,3.0668921000000005,3.1726470000000004,3.2784019000000004,3.3841568000000004,3.4899117000000004,3.5956666000000004,3.7014215000000004,3.8071764000000003,3.9129313000000003,4.0186862,4.1244411,4.230196
SF11C46895412282050980,9,,2019-05-18T09:00:00-0400,0.005701,0.005701,0.002871,0.001472,3.494007e-06,4.122755999999999e-06,4.4141501999999996e-05,0.000292891177,2.072862e-06,1.89486e-07,7.148789999999999e-07,2.06712e-07,1.0301107e-05,0.0,0.0,1.7103e-08,3.47761e-07,0.0,0.0,0.0,0.0,5.701e-09,3.494007e-06,4.122755999999999e-06,4.4124399e-05,0.000292543416,2.072862e-06,1.89486e-07,7.148789999999999e-07,2.06712e-07,1.0295406e-05,0.0,0.0,0.0,0.0,0.0,0.0,0.0,0.0,0.0,0.99598,262.462475778045,2.115098,2.2208529,2.3266078,2.4323627,2.5381176,2.6438725,2.7496274000000005,2.8553823000000005,2.9611372000000005,3.0668921000000005,3.1726470000000004,3.2784019000000004,3.3841568000000004,3.4899117000000004,3.5956666000000004,3.7014215000000004,3.8071764000000003,3.9129313000000003,4.0186862,4.1244411,4.230196
SF11C46895412282050980,10,,2019-05-18T10:00:00-0400,0.020004,0.020004,0.012417,0.002229,1.5111488999999999e-05,1.7830811999999998e-05,0.000190896885,0.0012664628759999999,8.965073999999999e-06,8.19522e-07,3.0918329999999996e-06,8.94024e-07,4.4547366e-05,0.0,0.0,6.001200000000001e-08,1.2202440000000001e-06,0.0,0.0,0.0,0.0,2.0004e-08,1.5111488999999999e-05,1.7830811999999998e-05,0.000190836873,0.0012652426319999998,8.965073999999999e-06,8.19522e-07,3.0918329999999996e-06,8.94024e-07,4.4527362e-05,0.0,0.0,0.0,0.0,0.0,0.0,0.0,0.0,0.0,0.976461,920.9435827861801,7.416657,7.78748985,8.1583227,8.52915555,8.8999884,9.27082125,9.6416541,10.01248695,10.383319799999999,10.75415265,11.1249855,11.49581835,11.8666512,12.237484049999999,12.608316899999998,12.97914975,13.3499826,13.72081545,14.0916483,14.462481149999999,14.833314
SF11C46895412282050980,11,,2019-05-18T11:00:00-0400,0.040008,0.040008,0.029285,0.0041,3.5639845e-05,4.2053259999999997e-05,0.000450201189,0.002986464848,2.1143769999999997e-05,1.9328100000000002e-06,7.291964999999999e-06,2.10852e-06,0.000105056018,0.0,0.0,1.2002400000000002e-07,2.4404880000000003e-06,0.0,0.0,0.0,0.0,4.0008e-08,3.5639845e-05,4.2053259999999997e-05,0.000450081165,0.00298402436,2.1143769999999997e-05,1.9328100000000002e-06,7.291964999999999e-06,2.10852e-06,0.00010501601,0.0,0.0,0.0,0.0,0.0,0.0,0.0,0.0,0.0,0.927667,1841.8871655723601,14.819563,15.56054115,16.3015193,17.04249745,17.7834756,18.52445375,19.2654319,20.00641005,20.7473882,21.48836635,22.2293445,22.97032265,23.7113008,24.45227895,25.1932571,25.93423525,26.6752134,27.41619155,28.1571697,28.89814785,29.639126
SF11C46895412282050980,12,,2019-05-18T12:00:00-0400,0.070014,0.070014,0.058436,0.007857,7.1116612e-05,8.3914096e-05,0.0008983129260000001,0.00595866551,4.2190792e-05,3.856776e-06,1.4550563999999999e-05,4.207392e-06,0.00020962151,0.0,0.0,2.1004200000000002e-07,4.270854e-06,0.0,0.0,0.0,0.0,7.001400000000001e-08,7.1116612e-05,8.3914096e-05,0.0008981028840000001,0.005954394656,4.2190792e-05,3.856776e-06,1.4550563999999999e-05,4.207392e-06,0.000209551496,0.0,0.0,0.0,0.0,0.0,0.0,0.0,0.0,0.0,0.854803,3223.3025397516303,25.898193,27.19310265,28.488012299999998,29.78292195,31.0778316,32.37274125,33.6676509,34.96256055,36.2574702,37.552379849999994,38.8472895,40.142199149999996,41.4371088,42.73201845,44.0269281,45.32183775,46.616747399999994,47.91165705,49.206566699999996,50.50147635,51.796386
SF11C46895412282050980,13,,2019-05-18T13:00:00-0400,0.10002,0.10002,0.092637,0.01372,0.000112739229,0.00013302673199999999,0.0014240381129999998,0.009445440972,6.6883914e-05,6.114042e-06,2.3066612999999996e-05,6.669864e-06,0.000332296302,0.0,0.0,3.0006e-07,6.10122e-06,0.0,0.0,0.0,0.0,1.0001999999999999e-07,0.000112739229,0.00013302673199999999,0.001423738053,0.009439339752,6.6883914e-05,6.114042e-06,2.3066612999999996e-05,6.669864e-06,0.000332196282,0.0,0.0,0.0,0.0,0.0,0.0,0.0,0.0,0.0,0.791131,4604.7179139309,36.946024,38.7933252,40.6406264,42.4879276,44.3352288,46.18253,48.029831200000004,49.8771324,51.7244336,53.5717348,55.419036000000006,57.2663372,59.1136384,60.9609396,62.8082408,64.655542,66.5028432,68.3501444,70.19744560000001,72.0447468,73.892048
SF11C46895412282050980,14,,2019-05-18T14:00:00-0400,0.130026,0.130026,0.130595,0.021801,0.00015893411499999998,0.00018753441999999997,0.002007504633,0.013315039705999999,9.428958999999999e-05,8.61927e-06,3.251815499999999e-05,9.40284e-06,0.00046844369599999996,0.0,0.0,3.90078e-07,7.931586e-06,0.0,0.0,0.0,0.0,1.30026e-07,0.00015893411499999998,0.00018753441999999997,0.002007114555,0.01330710812,9.428958999999999e-05,8.61927e-06,3.251815499999999e-05,9.40284e-06,0.00046831366999999997,0.0,0.0,0.0,0.0,0.0,0.0,0.0,0.0,0.0,0.747163,5986.13328811017,47.963143,50.361300150000005,52.7594573,55.157614450000004,57.5557716,59.95392875,62.352085900000006,64.75024305000001,67.1484002,69.54655735,71.9447145,74.34287165,76.74102880000001,79.13918595000001,81.53734310000002,83.93550025,86.3336574,88.73181455000001,91.1299717,93.52812885,95.926286
SF11C46895412282050980,15,,2019-05-18T15:00:00-0400,0.160032,0.160032,0.1708,0.032104,0.0002078636,0.0002452688,0.002625505296,0.017413598752,0.0001233176,1.1272800000000002e-05,4.25292e-05,1.22976e-05,0.0006126488320000001,0.0,0.0,4.800960000000001e-07,9.761952000000001e-06,0.0,0.0,0.0,0.0,1.60032e-07,0.0002078636,0.0002452688,0.0026250252,0.0174038368,0.0001233176,1.1272800000000002e-05,4.25292e-05,1.22976e-05,0.0006124888000000001,0.0,0.0,0.0,0.0,0.0,0.0,0.0,0.0,0.0,0.736568,7367.5486622894405,58.949635,61.89711675,64.8445985,67.79208025,70.739562,73.68704375,76.6345255,79.58200725,82.529489,85.47697075,88.4244525,91.37193425000001,94.319416,97.26689775,100.2143795,103.16186125,106.109343,109.05682475,112.00430650000001,114.95178824999999,117.89927
SF11C46895412282050980,16,,2019-05-18T16:00:00-0400,0.170034,0.170034,0.189309,0.042975,0.000230389053,0.000271847724,0.002910000123,0.019300201938,0.000136681098,1.2494394000000002e-05,4.7137941e-05,1.3630248e-05,0.0006790321080000001,0.0,0.0,5.101019999999999e-07,1.0372073999999999e-05,0.0,0.0,0.0,0.0,1.7003399999999997e-07,0.000230389053,0.000271847724,0.002909490021,0.019289829864,0.000136681098,1.2494394000000002e-05,4.7137941e-05,1.3630248e-05,0.000678862074,0.0,0.0,0.0,0.0,0.0,0.0,0.0,0.0,0.0,0.783801,7828.0204536825295,62.605008,65.73525839999999,68.8655088,71.9957592,75.1260096,78.25626,81.38651039999999,84.5167608,87.6470112,90.7772616,93.907512,97.03776239999999,100.1680128,103.29826320000001,106.4285136,109.558764,112.68901439999999,115.8192648,118.94951520000001,122.0797656,125.210016
SF11C46895412282050980,17,,2019-05-18T17:00:00-0400,0.120024,0.120024,0.137003,0.049477,0.000166732651,0.00019673630800000002,0.0021059591790000003,0.013967379152000001,9.891616600000001e-05,9.042198e-06,3.4113747e-05,9.864216000000002e-06,0.000491412782,0.0,0.0,3.60072e-07,7.321464e-06,0.0,0.0,0.0,0.0,1.20024e-07,0.000166732651,0.00019673630800000002,0.002105599107,0.013960057688000002,9.891616600000001e-05,9.042198e-06,3.4113747e-05,9.864216000000002e-06,0.0004912927580000001,0.0,0.0,0.0,0.0,0.0,0.0,0.0,0.0,0.0,0.868512,5525.66149671708,44.294177,46.50888585,48.7235947,50.93830355,53.153012399999994,55.36772125,57.582430099999996,59.79713895,62.0118478,64.22655664999999,66.4412655,68.65597435,70.8706832,73.08539205,75.30010089999999,77.51480975,79.7295186,81.94422745,84.1589363,86.37364515,88.58835400000001
SF11C46895412282050980,18,,2019-05-18T18:00:00-0400,0.070014,0.070014,0.08058,0.051627,9.806586e-05,0.00011571288,0.001238644062,0.008215050534,5.8178759999999997e-05,5.318280000000001e-06,2.006442e-05,5.80176e-06,0.000289029894,0.0,0.0,2.1004200000000002e-07,4.270854e-06,0.0,0.0,0.0,0.0,7.001400000000001e-08,9.806586e-05,0.00011571288,0.00123843402,0.00821077968,5.8178759999999997e-05,5.318280000000001e-06,2.006442e-05,5.80176e-06,0.00028895988,0.0,0.0,0.0,0.0,0.0,0.0,0.0,0.0,0.0,0.949948,3223.3025397516303,25.898193,27.19310265,28.488012299999998,29.78292195,31.0778316,32.37274125,33.6676509,34.96256055,36.2574702,37.552379849999994,38.8472895,40.142199149999996,41.4371088,42.73201845,44.0269281,45.32183775,46.616747399999994,47.91165705,49.206566699999996,50.50147635,51.796386
SF11C46895412282050980,19,,2019-05-18T19:00:00-0400,0.040008,0.040008,0.045668,0.051215,5.5577956e-05,6.5579248e-05,0.000701991516,0.004655827016,3.2972296e-05,3.014088e-06,1.1371332e-05,3.2880960000000002e-06,0.00016380545600000002,0.0,0.0,1.2002400000000002e-07,2.4404880000000003e-06,0.0,0.0,0.0,0.0,4.0008e-08,5.5577956e-05,6.5579248e-05,0.0007018714920000001,0.004653386528,3.2972296e-05,3.014088e-06,1.1371332e-05,3.2880960000000002e-06,0.00016376544800000001,0.0,0.0,0.0,0.0,0.0,0.0,0.0,0.0,0.0,0.98412,1841.8871655723601,14.819563,15.56054115,16.3015193,17.04249745,17.7834756,18.52445375,19.2654319,20.00641005,20.7473882,21.48836635,22.2293445,22.97032265,23.7113008,24.45227895,25.1932571,25.93423525,26.6752134,27.41619155,28.1571697,28.89814785,29.639126
SF11C46895412282050980,20,,2019-05-18T20:00:00-0400,0.005701,0.005701,0.006347,0.048113,7.724299e-06,9.114292e-06,9.756414600000002e-05,0.0006470816730000001,4.582534e-06,4.1890200000000003e-07,1.580403e-06,4.56984e-07,2.2766043e-05,0.0,0.0,1.7103e-08,3.47761e-07,0.0,0.0,0.0,0.0,5.701e-09,7.724299e-06,9.114292e-06,9.754704300000001e-05,0.0006467339120000001,4.582534e-06,4.1890200000000003e-07,1.580403e-06,4.56984e-07,2.2760342e-05,0.0,0.0,0.0,0.0,0.0,0.0,0.0,0.0,0.0,0.999065,262.462475778045,2.115098,2.2208529,2.3266078,2.4323627,2.5381176,2.6438725,2.7496274000000005,2.8553823000000005,2.9611372000000005,3.0668921000000005,3.1726470000000004,3.2784019000000004,3.3841568000000004,3.4899117000000004,3.5956666000000004,3.7014215000000004,3.8071764000000003,3.9129313000000003,4.0186862,4.1244411,4.230196
SF11C46895412282050980,21,,2019-05-18T21:00:00-0400,0.005701,0.005701,0.006085,0.045207,7.405445e-06,8.73806e-06,9.353746800000001e-05,0.0006203849210000001,4.39337e-06,4.0161000000000006e-07,1.515165e-06,4.3812e-07,2.1826511e-05,0.0,0.0,1.7103e-08,3.47761e-07,0.0,0.0,0.0,0.0,5.701e-09,7.405445e-06,8.73806e-06,9.3520365e-05,0.00062003716,4.39337e-06,4.0161000000000006e-07,1.515165e-06,4.3812e-07,2.182081e-05,0.0,0.0,0.0,0.0,0.0,0.0,0.0,0.0,0.0,0.999768,262.462475778045,2.115098,2.2208529,2.3266078,2.4323627,2.5381176,2.6438725,2.7496274000000005,2.8553823000000005,2.9611372000000005,3.0668921000000005,3.1726470000000004,3.2784019000000004,3.3841568000000004,3.4899117000000004,3.5956666000000004,3.7014215000000004,3.8071764000000003,3.9129313000000003,4.0186862,4.1244411,4.230196
SF11C46895412282050980,22,,2019-05-18T22:00:00-0400,0.005701,0.005701,0.005726,0.042477,6.968542e-06,8.222536e-06,8.801999700000001e-05,0.0005838042570000001,4.134172e-06,3.7791600000000003e-07,1.4257739999999999e-06,4.1227200000000003e-07,2.0539137e-05,0.0,0.0,1.7103e-08,3.47761e-07,0.0,0.0,0.0,0.0,5.701e-09,6.968542e-06,8.222536e-06,8.800289400000001e-05,0.0005834564960000001,4.134172e-06,3.7791600000000003e-07,1.4257739999999999e-06,4.1227200000000003e-07,2.0533436e-05,0.0,0.0,0.0,0.0,0.0,0.0,0.0,0.0,0.0,0.99977,262.462475778045,2.115098,2.2208529,2.3266078,2.4323627,2.5381176,2.6438725,2.7496274000000005,2.8553823000000005,2.9611372000000005,3.0668921000000005,3.1726470000000004,3.2784019000000004,3.3841568000000004,3.4899117000000004,3.5956666000000004,3.7014215000000004,3.8071764000000003,3.9129313000000003,4.0186862,4.1244411,4.230196
SF11C46895412282050980,23,,2019-05-18T23:00:00-0400,0.005701,0.005701,0.00528,0.039905,6.42576e-06,7.58208e-06,8.1165423e-05,0.000538358641,3.81216e-06,3.4848e-07,1.3147199999999998e-06,3.8016e-07,1.8939781e-05,0.0,0.0,1.7103e-08,3.47761e-07,0.0,0.0,0.0,0.0,5.701e-09,6.42576e-06,7.58208e-06,8.114832e-05,0.00053801088,3.81216e-06,3.4848e-07,1.3147199999999998e-06,3.8016e-07,1.893408e-05,0.0,0.0,0.0,0.0,0.0,0.0,0.0,0.0,0.0,0.999771,262.462475778045,2.115098,2.2208529,2.3266078,2.4323627,2.5381176,2.6438725,2.7496274000000005,2.8553823000000005,2.9611372000000005,3.0668921000000005,3.1726470000000004,3.2784019000000004,3.3841568000000004,3.4899117000000004,3.5956666000000004,3.7014215000000004,3.8071764000000003,3.9129313000000003,4.0186862,4.1244411,4.230196
SF11C46895512282050980,0,,2019-05-18T00:00:00-0500,0.005701,0.005701,0.004403,0.000304,3.0608669e-05,3.6121536e-05,0.000301907857,0.006936686049000001,1.6059717e-05,1.0176285e-05,5.07389e-06,4.1218230000000005e-06,7.2921491e-05,3.0608669e-05,3.6121536e-05,0.000301907857,0.006936686049000001,1.6059717e-05,1.0176285e-05,5.07389e-06,4.1218230000000005e-06,7.2921491e-05,0.0,0.0,0.0,0.0,0.0,0.0,0.0,0.0,0.0,0.0,0.0,0.0,0.0,0.0,0.0,0.0,0.0,0.0,0.999269,315.93129379592204,0.076917,0.08076285,0.0846087,0.08845454999999999,0.0923004,0.09614625,0.0999921,0.10383795,0.1076838,0.11152965000000001,0.11537549999999999,0.11922135,0.1230672,0.12691305,0.1307589,0.13460475,0.1384506,0.14229645000000002,0.1461423,0.14998815,0.153834
SF11C46895512282050980,1,,2019-05-18T01:00:00-0500,0.005702,0.005702,0.003776,0.000544,3.061403799999999e-05,3.6127871999999993e-05,0.000301960814,0.0069379027979999995,1.6062534e-05,1.017807e-05,5.0747799999999995e-06,4.122546e-06,7.2934282e-05,3.061403799999999e-05,3.6127871999999993e-05,0.000301960814,0.0069379027979999995,1.6062534e-05,1.017807e-05,5.0747799999999995e-06,4.122546e-06,7.2934282e-05,0.0,0.0,0.0,0.0,0.0,0.0,0.0,0.0,0.0,0.0,0.0,0.0,0.0,0.0,0.0,0.0,0.0,0.0,0.999269,315.986710616444,0.07693,0.0807765,0.084623,0.0884695,0.092316,0.0961625,0.100009,0.1038555,0.10770199999999999,0.1115485,0.115395,0.1192415,0.123088,0.1269345,0.130781,0.1346275,0.13847399999999999,0.14232050000000002,0.146167,0.1500135,0.15386
SF11C46895512282050980,2,,2019-05-18T02:00:00-0500,0.005701,0.005701,0.003325,0.000737,3.0608669e-05,3.6121536e-05,0.000301907857,0.006936686049000001,1.6059717e-05,1.0176285e-05,5.07389e-06,4.1218230000000005e-06,7.2921491e-05,3.0608669e-05,3.6121536e-05,0.000301907857,0.006936686049000001,1.6059717e-05,1.0176285e-05,5.07389e-06,4.1218230000000005e-06,7.2921491e-05,0.0,0.0,0.0,0.0,0.0,0.0,0.0,0.0,0.0,0.0,0.0,0.0,0.0,0.0,0.0,0.0,0.0,0.0,0.999513,315.93129379592204,0.076917,0.08076285,0.0846087,0.08845454999999999,0.0923004,0.09614625,0.0999921,0.10383795,0.1076838,0.11152965000000001,0.11537549999999999,0.11922135,0.1230672,0.12691305,0.1307589,0.13460475,0.1384506,0.14229645000000002,0.1461423,0.14998815,0.153834
SF11C46895512282050980,3,,2019-05-18T03:00:00-0500,0.005702,0.005702,0.003003,0.000893,3.061403799999999e-05,3.6127871999999993e-05,0.000301960814,0.0069379027979999995,1.6062534e-05,1.017807e-05,5.0747799999999995e-06,4.122546e-06,7.2934282e-05,3.061403799999999e-05,3.6127871999999993e-05,0.000301960814,0.0069379027979999995,1.6062534e-05,1.017807e-05,5.0747799999999995e-06,4.122546e-06,7.2934282e-05,0.0,0.0,0.0,0.0,0.0,0.0,0.0,0.0,0.0,0.0,0.0,0.0,0.0,0.0,0.0,0.0,0.0,0.0,0.999635,315.986710616444,0.07693,0.0807765,0.084623,0.0884695,0.092316,0.0961625,0.100009,0.1038555,0.10770199999999999,0.1115485,0.115395,0.1192415,0.123088,0.1269345,0.130781,0.1346275,0.13847399999999999,0.14232050000000002,0.146167,0.1500135,0.15386
SF11C46895512282050980,4,,2019-05-18T04:00:00-0500,0.005701,0.005701,0.002771,0.001023,3.0608669e-05,3.6121536e-05,0.000301907857,0.006936686049000001,1.6059717e-05,1.0176285e-05,5.07389e-06,4.1218230000000005e-06,7.2921491e-05,3.0608669e-05,3.6121536e-05,0.000301907857,0.006936686049000001,1.6059717e-05,1.0176285e-05,5.07389e-06,4.1218230000000005e-06,7.2921491e-05,0.0,0.0,0.0,0.0,0.0,0.0,0.0,0.0,0.0,0.0,0.0,0.0,0.0,0.0,0.0,0.0,0.0,0.0,0.999708,315.93129379592204,0.076917,0.08076285,0.0846087,0.08845454999999999,0.0923004,0.09614625,0.0999921,0.10383795,0.1076838,0.11152965000000001,0.11537549999999999,0.11922135,0.1230672,0.12691305,0.1307589,0.13460475,0.1384506,0.14229645000000002,0.1461423,0.14998815,0.153834
SF11C46895512282050980,5,,2019-05-18T05:00:00-0500,0.005701,0.005701,0.002606,0.001133,3.0608669e-05,3.6121536e-05,0.000301907857,0.006936686049000001,1.6059717e-05,1.0176285e-05,5.07389e-06,4.1218230000000005e-06,7.2921491e-05,3.0608669e-05,3.6121536e-05,0.000301907857,0.006936686049000001,1.6059717e-05,1.0176285e-05,5.07389e-06,4.1218230000000005e-06,7.2921491e-05,0.0,0.0,0.0,0.0,0.0,0.0,0.0,0.0,0.0,0.0,0.0,0.0,0.0,0.0,0.0,0.0,0.0,0.0,0.999756,315.93129379592204,0.076917,0.08076285,0.0846087,0.08845454999999999,0.0923004,0.09614625,0.0999921,0.10383795,0.1076838,0.11152965000000001,0.11537549999999999,0.11922135,0.1230672,0.12691305,0.1307589,0.13460475,0.1384506,0.14229645000000002,0.1461423,0.14998815,0.153834
SF11C46895512282050980,6,,2019-05-18T06:00:00-0500,0.005702,0.005702,0.002487,0.001226,3.061403799999999e-05,3.6127871999999993e-05,0.000301960814,0.0069379027979999995,1.6062534e-05,1.017807e-05,5.0747799999999995e-06,4.122546e-06,7.2934282e-05,3.061403799999999e-05,3.6127871999999993e-05,0.000301960814,0.0069379027979999995,1.6062534e-05,1.017807e-05,5.0747799999999995e-06,4.122546e-06,7.2934282e-05,0.0,0.0,0.0,0.0,0.0,0.0,0.0,0.0,0.0,0.0,0.0,0.0,0.0,0.0,0.0,0.0,0.0,0.0,0.999791,315.986710616444,0.07693,0.0807765,0.084623,0.0884695,0.092316,0.0961625,0.100009,0.1038555,0.10770199999999999,0.1115485,0.115395,0.1192415,0.123088,0.1269345,0.130781,0.1346275,0.13847399999999999,0.14232050000000002,0.146167,0.1500135,0.15386
SF11C46895512282050980,7,,2019-05-18T07:00:00-0500,0.005701,0.005701,0.002402,0.001308,3.0608669e-05,3.6121536e-05,0.000301907857,0.006936686049000001,1.6059717e-05,1.0176285e-05,5.07389e-06,4.1218230000000005e-06,7.2921491e-05,3.0608669e-05,3.6121536e-05,0.000301907857,0.006936686049000001,1.6059717e-05,1.0176285e-05,5.07389e-06,4.1218230000000005e-06,7.2921491e-05,0.0,0.0,0.0,0.0,0.0,0.0,0.0,0.0,0.0,0.0,0.0,0.0,0.0,0.0,0.0,0.0,0.0,0.0,0.999817,315.93129379592204,0.076917,0.08076285,0.0846087,0.08845454999999999,0.0923004,0.09614625,0.0999921,0.10383795,0.1076838,0.11152965000000001,0.11537549999999999,0.11922135,0.1230672,0.12691305,0.1307589,0.13460475,0.1384506,0.14229645000000002,0.1461423,0.14998815,0.153834
SF11C46895512282050980,8,,2019-05-18T08:00:00-0500,0.005702,0.005702,0.002187,0.001368,3.061403799999999e-05,3.6127871999999993e-05,0.000301960814,0.0069379027979999995,1.6062534e-05,1.017807e-05,5.0747799999999995e-06,4.122546e-06,7.2934282e-05,3.061403799999999e-05,3.6127871999999993e-05,0.000301960814,0.0069379027979999995,1.6062534e-05,1.017807e-05,5.0747799999999995e-06,4.122546e-06,7.2934282e-05,0.0,0.0,0.0,0.0,0.0,0.0,0.0,0.0,0.0,0.0,0.0,0.0,0.0,0.0,0.0,0.0,0.0,0.0,0.999838,315.986710616444,0.07693,0.0807765,0.084623,0.0884695,0.092316,0.0961625,0.100009,0.1038555,0.10770199999999999,0.1115485,0.115395,0.1192415,0.123088,0.1269345,0.130781,0.1346275,0.13847399999999999,0.14232050000000002,0.146167,0.1500135,0.15386
SF11C46895512282050980,9,,2019-05-18T09:00:00-0500,0.005701,0.005701,0.002871,0.001472,3.0608669e-05,3.6121536e-05,0.000301907857,0.006936686049000001,1.6059717e-05,1.0176285e-05,5.07389e-06,4.1218230000000005e-06,7.2921491e-05,3.0608669e-05,3.6121536e-05,0.000301907857,0.006936686049000001,1.6059717e-05,1.0176285e-05,5.07389e-06,4.1218230000000005e-06,7.2921491e-05,0.0,0.0,0.0,0.0,0.0,0.0,0.0,0.0,0.0,0.0,0.0,0.0,0.0,0.0,0.0,0.0,0.0,0.0,0.999854,315.93129379592204,0.076917,0.08076285,0.0846087,0.08845454999999999,0.0923004,0.09614625,0.0999921,0.10383795,0.1076838,0.11152965000000001,0.11537549999999999,0.11922135,0.1230672,0.12691305,0.1307589,0.13460475,0.1384506,0.14229645000000002,0.1461423,0.14998815,0.153834
SF11C46895512282050980,10,,2019-05-18T10:00:00-0500,0.020004,0.020004,0.012417,0.002229,0.00010740147599999999,0.000126745344,0.001059351828,0.024339846996000003,5.6351268e-05,3.570714e-05,1.780356e-05,1.4462892000000002e-05,0.000255871164,0.00010740147599999999,0.000126745344,0.001059351828,0.024339846996000003,5.6351268e-05,3.570714e-05,1.780356e-05,1.4462892000000002e-05,0.000255871164,0.0,0.0,0.0,0.0,0.0,0.0,0.0,0.0,0.0,0.0,0.0,0.0,0.0,0.0,0.0,0.0,0.0,0.0,0.999144,1108.558077722088,0.269884,0.2833782,0.29687240000000004,0.31036660000000005,0.3238608,0.337355,0.3508492,0.36434340000000004,0.3778376,0.3913318,0.404826,0.41832020000000003,0.43181440000000004,0.44530860000000005,0.45880280000000007,0.472297,0.48579120000000003,0.49928540000000005,0.5127796,0.5262738,0.539768
SF11C46895512282050980,11,,2019-05-18T11:00:00-0500,0.040008,0.040008,0.029285,0.0041,0.00021480295199999998,0.000253490688,0.002118703656,0.048679693992000006,0.000112702536,7.141428e-05,3.560712e-05,2.8925784000000003e-05,0.000511742328,0.00021480295199999998,0.000253490688,0.002118703656,0.048679693992000006,0.000112702536,7.141428e-05,3.560712e-05,2.8925784000000003e-05,0.000511742328,0.0,0.0,0.0,0.0,0.0,0.0,0.0,0.0,0.0,0.0,0.0,0.0,0.0,0.0,0.0,0.0,0.0,0.0,0.99737,2217.116155444176,0.53975,0.5667374999999999,0.593725,0.6207125,0.6476999999999999,0.6746874999999999,0.7016749999999999,0.7286625,0.7556499999999999,0.7826374999999999,0.8096249999999999,0.8366125,0.8635999999999999,0.8905874999999999,0.9175749999999999,0.9445625,0.9715499999999999,0.9985374999999999,1.025525,1.0525125,1.0795
SF11C46895512282050980,12,,2019-05-18T12:00:00-0500,0.070014,0.070014,0.058436,0.007857,0.000375905166,0.000443608704,0.0037077313980000003,0.08518946448600001,0.00019722943800000003,0.00012497499,6.231246e-05,5.062012200000001e-05,0.0008955490740000001,0.000375905166,0.000443608704,0.0037077313980000003,0.08518946448600001,0.00019722943800000003,0.00012497499,6.231246e-05,5.062012200000001e-05,0.0008955490740000001,0.0,0.0,0.0,0.0,0.0,0.0,0.0,0.0,0.0,0.0,0.0,0.0,0.0,0.0,0.0,0.0,0.0,0.0,0.994721,3879.9532720273087,0.944514,0.9917397,1.0389654,1.0861911,1.1334168,1.1806424999999998,1.2278682,1.2750939,1.3223196,1.3695453,1.4167709999999998,1.4639967,1.5112223999999999,1.5584481,1.6056738,1.6528994999999997,1.7001252,1.7473508999999998,1.7945765999999999,1.8418023,1.8890279999999997
SF11C46895512282050980,13,,2019-05-18T13:00:00-0500,0.10002,0.10002,0.092636,0.01372,0.0005370073799999999,0.00063372672,0.005296759139999999,0.12169923498,0.00028175634,0.00017853569999999998,8.90178e-05,7.231446e-05,0.00127935582,0.0005370073799999999,0.00063372672,0.005296759139999999,0.12169923498,0.00028175634,0.00017853569999999998,8.90178e-05,7.231446e-05,0.00127935582,0.0,0.0,0.0,0.0,0.0,0.0,0.0,0.0,0.0,0.0,0.0,0.0,0.0,0.0,0.0,0.0,0.0,0.0,0.992406,5542.7903886104405,1.349238,1.4166999,1.4841617999999999,1.5516237,1.6190856,1.6865474999999999,1.7540094,1.8214712999999998,1.8889331999999999,1.9563951,2.0238569999999996,2.0913189,2.1587807999999997,2.2262427,2.2937046,2.3611664999999995,2.4286284,2.4960902999999997,2.5635521999999997,2.6310141,2.6984759999999994
SF11C46895512282050980,14,,2019-05-18T14:00:00-0500,0.130026,0.130026,0.130595,0.021801,0.0006981095939999999,0.000823844736,0.006885786882,0.15820900547400002,0.000366283242,0.00023209640999999998,0.00011572314,9.400879800000001e-05,0.001663162566,0.0006981095939999999,0.000823844736,0.006885786882,0.15820900547400002,0.000366283242,0.00023209640999999998,0.00011572314,9.400879800000001e-05,0.001663162566,0.0,0.0,0.0,0.0,0.0,0.0,0.0,0.0,0.0,0.0,0.0,0.0,0.0,0.0,0.0,0.0,0.0,0.0,0.990808,7205.627505193573,1.75392,1.841616,1.929312,2.0170079999999997,2.104704,2.1924,2.280096,2.3677919999999997,2.455488,2.543184,2.63088,2.7185759999999997,2.806272,2.893968,2.981664,3.0693599999999996,3.157056,3.244752,3.332448,3.4201439999999996,3.50784
SF11C46895512282050980,15,,2019-05-18T15:00:00-0500,0.160032,0.160032,0.1708,0.032104,0.0008592118079999999,0.001013962752,0.008474814624,0.19471877596800002,0.000450810144,0.00028565712,0.00014242848,0.00011570313600000001,0.002046969312,0.0008592118079999999,0.001013962752,0.008474814624,0.19471877596800002,0.000450810144,0.00028565712,0.00014242848,0.00011570313600000001,0.002046969312,0.0,0.0,0.0,0.0,0.0,0.0,0.0,0.0,0.0,0.0,0.0,0.0,0.0,0.0,0.0,0.0,0.0,0.0,0.989691,8868.464621776704,2.158562,2.2664901,2.3744182,2.4823462999999997,2.5902743999999998,2.6982025,2.8061306,2.9140587,3.0219867999999996,3.1299148999999997,3.237843,3.3457711,3.4536992,3.5616272999999996,3.6695554,3.7774834999999998,3.8854116,3.9933397,4.1012678,4.209195899999999,4.317124
SF11C46895512282050980,16,,2019-05-18T16:00:00-0500,0.170034,0.170034,0.189309,0.042975,0.0009129125459999999,0.0010773354239999998,0.009004490537999999,0.206888699466,0.000478985778,0.00030351068999999995,0.00015133026,0.000122934582,0.002174904894,0.0009129125459999999,0.0010773354239999998,0.009004490537999999,0.206888699466,0.000478985778,0.00030351068999999995,0.00015133026,0.000122934582,0.002174904894,0.0,0.0,0.0,0.0,0.0,0.0,0.0,0.0,0.0,0.0,0.0,0.0,0.0,0.0,0.0,0.0,0.0,0.0,0.990372,9422.743660637749,2.293433,2.40810465,2.5227763,2.63744795,2.7521196,2.86679125,2.9814628999999995,3.0961345499999995,3.2108061999999995,3.3254778499999995,3.4401494999999995,3.5548211499999995,3.6694927999999996,3.7841644499999996,3.8988360999999996,4.01350775,4.1281794,4.24285105,4.3575227,4.47219435,4.586866
SF11C46895512282050980,17,,2019-05-18T17:00:00-0500,0.120024,0.120024,0.137003,0.049477,0.000644408856,0.000760472064,0.006356110968,0.14603908197600002,0.00033810760800000004,0.00021424284,0.00010682136,8.6777352e-05,0.0015352269840000002,0.000644408856,0.000760472064,0.006356110968,0.14603908197600002,0.00033810760800000004,0.00021424284,0.00010682136,8.6777352e-05,0.0015352269840000002,0.0,0.0,0.0,0.0,0.0,0.0,0.0,0.0,0.0,0.0,0.0,0.0,0.0,0.0,0.0,0.0,0.0,0.0,0.994854,6651.348466332529,1.619031,1.69998255,1.7809341,1.86188565,1.9428372,2.02378875,2.1047403,2.1856918500000004,2.2666434000000004,2.3475949500000004,2.4285465000000004,2.5094980500000004,2.5904496000000004,2.6714011500000003,2.7523527000000003,2.8333042500000003,2.9142558000000003,2.9952073500000003,3.0761589000000003,3.1571104500000002,3.238062
SF11C46895512282050980,18,,2019-05-18T18:00:00-0500,0.070014,0.070014,0.08058,0.051627,0.000375905166,0.000443608704,0.0037077313980000003,0.08518946448600001,0.00019722943800000003,0.00012497499,6.231246e-05,5.062012200000001e-05,0.0008955490740000001,0.000375905166,0.000443608704,0.0037077313980000003,0.08518946448600001,0.00019722943800000003,0.00012497499,6.231246e-05,5.062012200000001e-05,0.0008955490740000001,0.0,0.0,0.0,0.0,0.0,0.0,0.0,0.0,0.0,0.0,0.0,0.0,0.0,0.0,0.0,0.0,0.0,0.0,0.99818,3879.9532720273087,0.944514,0.9917397,1.0389654,1.0861911,1.1334168,1.1806424999999998,1.2278682,1.2750939,1.3223196,1.3695453,1.4167709999999998,1.4639967,1.5112223999999999,1.5584481,1.6056738,1.6528994999999997,1.7001252,1.7473508999999998,1.7945765999999999,1.8418023,1.8890279999999997
SF11C46895512282050980,19,,2019-05-18T19:00:00-0500,0.040008,0.040008,0.045668,0.051215,0.00021480295199999998,0.000253490688,0.002118703656,0.048679693992000006,0.000112702536,7.141428e-05,3.560712e-05,2.8925784000000003e-05,0.000511742328,0.00021480295199999998,0.000253490688,0.002118703656,0.048679693992000006,0.000112702536,7.141428e-05,3.560712e-05,2.8925784000000003e-05,0.000511742328,0.0,0.0,0.0,0.0,0.0,0.0,0.0,0.0,0.0,0.0,0.0,0.0,0.0,0.0,0.0,0.0,0.0,0.0,0.999423,2217.116155444176,0.53975,0.5667374999999999,0.593725,0.6207125,0.6476999999999999,0.6746874999999999,0.7016749999999999,0.7286625,0.7556499999999999,0.7826374999999999,0.8096249999999999,0.8366125,0.8635999999999999,0.8905874999999999,0.9175749999999999,0.9445625,0.9715499999999999,0.9985374999999999,1.025525,1.0525125,1.0795
SF11C46895512282050980,20,,2019-05-18T20:00:00-0500,0.005701,0.005701,0.006347,0.048113,3.0608669e-05,3.6121536e-05,0.000301907857,0.006936686049000001,1.6059717e-05,1.0176285e-05,5.07389e-06,4.1218230000000005e-06,7.2921491e-05,3.0608669e-05,3.6121536e-05,0.000301907857,0.006936686049000001,1.6059717e-05,1.0176285e-05,5.07389e-06,4.1218230000000005e-06,7.2921491e-05,0.0,0.0,0.0,0.0,0.0,0.0,0.0,0.0,0.0,0.0,0.0,0.0,0.0,0.0,0.0,0.0,0.0,0.0,0.999966,315.93129379592204,0.076917,0.08076285,0.0846087,0.08845454999999999,0.0923004,0.09614625,0.0999921,0.10383795,0.1076838,0.11152965000000001,0.11537549999999999,0.11922135,0.1230672,0.12691305,0.1307589,0.13460475,0.1384506,0.14229645000000002,0.1461423,0.14998815,0.153834
SF11C46895512282050980,21,,2019-05-18T21:00:00-0500,0.005702,0.005702,0.006085,0.045207,3.061403799999999e-05,3.6127871999999993e-05,0.000301960814,0.0069379027979999995,1.6062534e-05,1.017807e-05,5.0747799999999995e-06,4.122546e-06,7.2934282e-05,3.061403799999999e-05,3.6127871999999993e-05,0.000301960814,0.0069379027979999995,1.6062534e-05,1.017807e-05,5.0747799999999995e-06,4.122546e-06,7.2934282e-05,0.0,0.0,0.0,0.0,0.0,0.0,0.0,0.0,0.0,0.0,0.0,0.0,0.0,0.0,0.0,0.0,0.0,0.0,0.999992,315.986710616444,0.07693,0.0807765,0.084623,0.0884695,0.092316,0.0961625,0.100009,0.1038555,0.10770199999999999,0.1115485,0.115395,0.1192415,0.123088,0.1269345,0.130781,0.1346275,0.13847399999999999,0.14232050000000002,0.146167,0.1500135,0.15386
SF11C46895512282050980,22,,2019-05-18T22:00:00-0500,0.005701,0.005701,0.005726,0.042477,3.0608669e-05,3.6121536e-05,0.000301907857,0.006936686049000001,1.6059717e-05,1.0176285e-05,5.07389e-06,4.1218230000000005e-06,7.2921491e-05,3.0608669e-05,3.6121536e-05,0.000301907857,0.006936686049000001,1.6059717e-05,1.0176285e-05,5.07389e-06,4.1218230000000005e-06,7.2921491e-05,0.0,0.0,0.0,0.0,0.0,0.0,0.0,0.0,0.0,0.0,0.0,0.0,0.0,0.0,0.0,0.0,0.0,0.0,0.999992,315.93129379592204,0.076917,0.08076285,0.0846087,0.08845454999999999,0.0923004,0.09614625,0.0999921,0.10383795,0.1076838,0.11152965000000001,0.11537549999999999,0.11922135,0.1230672,0.12691305,0.1307589,0.13460475,0.1384506,0.14229645000000002,0.1461423,0.14998815,0.153834
SF11C46895512282050980,23,,2019-05-18T23:00:00-0500,0.005702,0.005702,0.005281,0.039905,3.061403799999999e-05,3.6127871999999993e-05,0.000301960814,0.0069379027979999995,1.6062534e-05,1.017807e-05,5.0747799999999995e-06,4.122546e-06,7.2934282e-05,3.061403799999999e-05,3.6127871999999993e-05,0.000301960814,0.0069379027979999995,1.6062534e-05,1.017807e-05,5.0747799999999995e-06,4.122546e-06,7.2934282e-05,0.0,0.0,0.0,0.0,0.0,0.0,0.0,0.0,0.0,0.0,0.0,0.0,0.0,0.0,0.0,0.0,0.0,0.0,0.999992,315.986710616444,0.07693,0.0807765,0.084623,0.0884695,0.092316,0.0961625,0.100009,0.1038555,0.10770199999999999,0.1115485,0.115395,0.1192415,0.123088,0.1269345,0.130781,0.1346275,0.13847399999999999,0.14232050000000002,0.146167,0.1500135,0.15386
SF11C46895612282050980,0,,2019-05-18T00:00:00-0400,0.005701,0.0057,0.004403,0.000304,0.0029874896999999997,0.0035252391,0.029464554,0.6769871190000001,0.001567614,0.0009930939,0.0004950678,0.00040216350000000004,0.0071166324000000005,0.0029874896999999997,0.0035252391,0.029464554,0.6769871190000001,0.001567614,0.0009930939,0.0004950678,0.00040216350000000004,0.0071166324000000005,0.0,0.0,0.0,0.0,0.0,0.0,0.0,0.0,0.0,0.0,0.0,0.0,0.0,0.0,0.0,0.0,0.0,0.0,0.990423,404172.5789261009,1.007973,1.0570409,1.1061088,1.1551767,1.2042446,1.2533125,1.3023804,1.3514483,1.4005162,1.4495841,1.4986519999999999,1.5477199,1.5967878,1.6458557,1.6949236,1.7439915,1.7930594,1.8421273,1.8911951999999999,1.9402631,1.989331
SF11C46895612282050980,1,,2019-05-18T01:00:00-0400,0.005701,0.005701,0.003775,0.000544,0.002988013821,0.003525857563,0.029469723220000004,0.6771058886700001,0.00156788902,0.000993268127,0.000495154654,0.00040223405500000006,0.007117880932000001,0.002988013821,0.003525857563,0.029469723220000004,0.6771058886700001,0.00156788902,0.000993268127,0.000495154654,0.00040223405500000006,0.007117880932000001,0.0,0.0,0.0,0.0,0.0,0.0,0.0,0.0,0.0,0.0,0.0,0.0,0.0,0.0,0.0,0.0,0.0,0.0,0.990423,404172.5789261009,1.007973,1.0642933,1.1206136,1.1769339,1.2332542,1.2895745,1.3458948,1.4022151,1.4585354000000001,1.5148557,1.571176,1.6274963,1.6838166,1.7401369,1.7964572,1.8527775000000002,1.9090978,1.9654181,2.0217384000000003,2.0780587,2.134379
SF11C46895612282050980,2,,2019-05-18T02:00:00-0400,0.005701,0.005701,0.003325,0.000737,0.002988013821,0.003525857563,0.029469723220000004,0.6771058886700001,0.00156788902,0.000993268127,0.000495154654,0.00040223405500000006,0.007117880932000001,0.002988013821,0.003525857563,0.029469723220000004,0.6771058886700001,0.00156788902,0.000993268127,0.000495154654,0.00040223405500000006,0.007117880932000001,0.0,0.0,0.0,0.0,0.0,0.0,0.0,0.0,0.0,0.0,0.0,0.0,0.0,0.0,0.0,0.0,0.0,0.0,0.993615,404172.5789261009,1.007973,1.04124765,1.0745223,1.10779695,1.1410716,1.17434625,1.2076209,1.24089555,1.2741702,1.30744485,1.3407195,1.37399415,1.4072688,1.4405434499999998,1.4738181,1.50709275,1.5403674,1.57364205,1.6069167,1.6401913499999998,1.673466
SF11C46895612282050980,3,,2019-05-18T03:00:00-0400,0.005701,0.005701,0.003003,0.000893,0.002988013821,0.003525857563,0.029469723220000004,0.6771058886700001,0.00156788902,0.000993268127,0.000495154654,0.00040223405500000006,0.007117880932000001,0.002988013821,0.003525857563,0.029469723220000004,0.6771058886700001,0.00156788902,0.000993268127,0.000495154654,0.00040223405500000006,0.007117880932000001,0.0,0.0,0.0,0.0,0.0,0.0,0.0,0.0,0.0,0.0,0.0,0.0,0.0,0.0,0.0,0.0,0.0,0.0,0.995212,404172.5789261009,1.007973,1.0279826,1.0479922,1.0680018,1.0880114,1.108021,1.1280306,1.1480402,1.1680498,1.1880594,1.208069,1.2280786,1.2480882,1.2680978,1.2881074,1.308117,1.3281266,1.3481362,1.3681458,1.3881554,1.408165
SF11C46895612282050980,4,,2019-05-18T04:00:00-0400,0.005701,0.005701,0.002771,0.001023,0.002988013821,0.003525857563,0.029469723220000004,0.6771058886700001,0.00156788902,0.000993268127,0.000495154654,0.00040223405500000006,0.007117880932000001,0.002988013821,0.003525857563,0.029469723220000004,0.6771058886700001,0.00156788902,0.000993268127,0.000495154654,0.00040223405500000006,0.007117880932000001,0.0,0.0,0.0,0.0,0.0,0.0,0.0,0.0,0.0,0.0,0.0,0.0,0.0,0.0,0.0,0.0,0.0,0.0,0.996169,404172.5789261009,1.007973,1.0191597000000001,1.0303464,1.0415331,1.0527198,1.0639065,1.0750932,1.0862799,1.0974666,1.1086533,1.11984,1.1310267,1.1422134000000002,1.1534001,1.1645868000000001,1.1757735,1.1869602000000001,1.1981469,1.2093336000000001,1.2205203,1.231707
SF11C46895612282050980,5,,2019-05-18T05:00:00-0400,0.005701,0.005701,0.002606,0.001133,0.002988013821,0.003525857563,0.029469723220000004,0.6771058886700001,0.00156788902,0.000993268127,0.000495154654,0.00040223405500000006,0.007117880932000001,0.002988013821,0.003525857563,0.029469723220000004,0.6771058886700001,0.00156788902,0.000993268127,0.000495154654,0.00040223405500000006,0.007117880932000001,0.0,0.0,0.0,0.0,0.0,0.0,0.0,0.0,0.0,0.0,0.0,0.0,0.0,0.0,0.0,0.0,0.0,0.0,0.996808,404172.5789261009,1.007973,1.01277815,1.0175833,1.02238845,1.0271936,1.03199875,1.0368039,1.04160905,1.0464142,1.05121935,1.0560245,1.06082965,1.0656348,1.0704399500000001,1.0752451,1.08005025,1.0848554000000001,1.08966055,1.0944657,1.0992708500000001,1.104076
SF11C46895612282050980,6,,2019-05-18T06:00:00-0400,0.005701,0.005701,0.002487,0.001226,0.002988013821,0.003525857563,0.029469723220000004,0.6771058886700001,0.00156788902,0.000993268127,0.000495154654,0.00040223405500000006,0.007117880932000001,0.002988013821,0.003525857563,0.029469723220000004,0.6771058886700001,0.00156788902,0.000993268127,0.000495154654,0.00040223405500000006,0.007117880932000001,0.0,0.0,0.0,0.0,0.0,0.0,0.0,0.0,0.0,0.0,0.0,0.0,0.0,0.0,0.0,0.0,0.0,0.0,0.997264,404172.5789261009,1.007973,1.05837165,1.1087703,1.15916895,1.2095676,1.25996625,1.3103649000000002,1.3607635500000002,1.4111622000000001,1.4615608500000001,1.5119595000000001,1.5623581500000001,1.6127568,1.66315545,1.7135541,1.76395275,1.8143514,1.86475005,1.9151487,1.96554735,2.015946
SF11C46895612282050980,7,,2019-05-18T07:00:00-0400,0.005701,0.005701,0.002402,0.001308,0.002988013821,0.003525857563,0.029469723220000004,0.6771058886700001,0.00156788902,0.000993268127,0.000495154654,0.00040223405500000006,0.007117880932000001,0.002988013821,0.003525857563,0.029469723220000004,0.6771058886700001,0.00156788902,0.000993268127,0.000495154654,0.00040223405500000006,0.007117880932000001,0.0,0.0,0.0,0.0,0.0,0.0,0.0,0.0,0.0,0.0,0.0,0.0,0.0,0.0,0.0,0.0,0.0,0.0,0.997606,404172.5789261009,1.007973,1.05837165,1.1087703,1.15916895,1.2095676,1.25996625,1.3103649000000002,1.3607635500000002,1.4111622000000001,1.4615608500000001,1.5119595000000001,1.5623581500000001,1.6127568,1.66315545,1.7135541,1.76395275,1.8143514,1.86475005,1.9151487,1.96554735,2.015946
SF11C46895612282050980,8,,2019-05-18T08:00:00-0400,0.005701,0.005701,0.002187,0.001368,0.002988013821,0.003525857563,0.029469723220000004,0.6771058886700001,0.00156788902,0.000993268127,0.000495154654,0.00040223405500000006,0.007117880932000001,0.002988013821,0.003525857563,0.029469723220000004,0.6771058886700001,0.00156788902,0.000993268127,0.000495154654,0.00040223405500000006,0.007117880932000001,0.0,0.0,0.0,0.0,0.0,0.0,0.0,0.0,0.0,0.0,0.0,0.0,0.0,0.0,0.0,0.0,0.0,0.0,0.997872,404172.5789261009,1.007973,1.05837165,1.1087703,1.15916895,1.2095676,1.25996625,1.3103649000000002,1.3607635500000002,1.4111622000000001,1.4615608500000001,1.5119595000000001,1.5623581500000001,1.6127568,1.66315545,1.7135541,1.76395275,1.8143514,1.86475005,1.9151487,1.96554735,2.015946
SF11C46895612282050980,9,,2019-05-18T09:00:00-0400,0.005701,0.005701,0.002871,0.001472,0.002988013821,0.003525857563,0.029469723220000004,0.6771058886700001,0.00156788902,0.000993268127,0.000495154654,0.00040223405500000006,0.007117880932000001,0.002988013821,0.003525857563,0.029469723220000004,0.6771058886700001,0.00156788902,0.000993268127,0.000495154654,0.00040223405500000006,0.007117880932000001,0.0,0.0,0.0,0.0,0.0,0.0,0.0,0.0,0.0,0.0,0.0,0.0,0.0,0.0,0.0,0.0,0.0,0.0,0.998085,404172.5789261009,1.007973,1.05837165,1.1087703,1.15916895,1.2095676,1.25996625,1.3103649000000002,1.3607635500000002,1.4111622000000001,1.4615608500000001,1.5119595000000001,1.5623581500000001,1.6127568,1.66315545,1.7135541,1.76395275,1.8143514,1.86475005,1.9151487,1.96554735,2.015946
SF11C46895612282050980,10,,2019-05-18T10:00:00-0400,0.020004,0.020001,0.012417,0.002229,0.010482944121,0.012369878463,0.10338956922,2.3755121696700003,0.00550067502,0.0034847142270000003,0.0017371668540000001,0.0014111705550000002,0.024971888532,0.010482944121,0.012369878463,0.10338956922,2.3755121696700003,0.00550067502,0.0034847142270000003,0.0017371668540000001,0.0014111705550000002,0.024971888532,0.0,0.0,0.0,0.0,0.0,0.0,0.0,0.0,0.0,0.0,0.0,0.0,0.0,0.0,0.0,0.0,0.0,0.0,0.988784,1418184.2253705882,3.535716,3.6080855499999998,3.6804551,3.75282465,3.8251942,3.8975637499999998,3.9699333,4.0423028500000004,4.1146724,4.18704195,4.259411500000001,4.33178105,4.4041506,4.476520150000001,4.5488897,4.6212592500000005,4.693628800000001,4.76599835,4.838367900000001,4.910737450000001,4.983107
SF11C46895612282050980,11,,2019-05-18T11:00:00-0400,0.040008,0.040003,0.029285,0.0041,0.020966412362999995,0.024740375388999997,0.20678430766,4.75114310901,0.011001625059999999,0.0069696026809999995,0.0034744205619999997,0.002822411665,0.049945025595999996,0.020966412362999995,0.024740375388999997,0.20678430766,4.75114310901,0.011001625059999999,0.0069696026809999995,0.0034744205619999997,0.002822411665,0.049945025595999996,0.0,0.0,0.0,0.0,0.0,0.0,0.0,0.0,0.0,0.0,0.0,0.0,0.0,0.0,0.0,0.0,0.0,0.0,0.965534,2836368.4507411765,7.068307,7.4555643,7.8428216,8.2300789,8.6173362,9.0045935,9.3918508,9.7791081,10.1663654,10.5536227,10.94088,11.3281373,11.7153946,12.102651900000001,12.4899092,12.877166500000001,13.2644238,13.651681100000001,14.0389384,14.426195700000001,14.813452999999999
SF11C46895612282050980,12,,2019-05-18T12:00:00-0400,0.070014,0.070007,0.058436,0.007857,0.036692138847,0.043296739241,0.36188158454,8.314708287690001,0.01925332514,0.012197109589,0.006080387978,0.004939343885,0.087405979724,0.036692138847,0.043296739241,0.36188158454,8.314708287690001,0.01925332514,0.012197109589,0.006080387978,0.004939343885,0.087405979724,0.0,0.0,0.0,0.0,0.0,0.0,0.0,0.0,0.0,0.0,0.0,0.0,0.0,0.0,0.0,0.0,0.0,0.0,0.930814,4963644.788797059,12.361339,13.317359,14.273379,15.229399,16.185419,17.141439,18.097459,19.053479,20.009499,20.965519,21.921539000000003,22.877559,23.833579,24.789599000000003,25.745619,26.701639,27.657659000000002,28.613679000000005,29.569699,30.525719000000002,31.481739000000005
SF11C46895612282050980,13,,2019-05-18T13:00:00-0400,0.10002,0.100013,0.092637,0.01372,0.052418913573,0.061854340019000004,0.51698919986,11.878511005710001,0.02750557526,0.017424964951,0.008686529102,0.007056417215000001,0.124869430916,0.052418913573,0.061854340019000004,0.51698919986,11.878511005710001,0.02750557526,0.017424964951,0.008686529102,0.007056417215000001,0.124869430916,0.0,0.0,0.0,0.0,0.0,0.0,0.0,0.0,0.0,0.0,0.0,0.0,0.0,0.0,0.0,0.0,0.0,0.0,0.900475,7090921.12685294,17.647354,19.1900758,20.7327976,22.2755194,23.8182412,25.360962999999998,26.9036848,28.4464066,29.9891284,31.5318502,33.074572,34.6172938,36.1600156,37.702737400000004,39.2454592,40.788181,42.330902800000004,43.8736246,45.4163464,46.959068200000004,48.50179
SF11C46895612282050980,14,,2019-05-18T14:00:00-0400,0.130026,0.130019,0.130595,0.021801,0.06814568829899999,0.080411940797,0.67209681518,15.44231372373,0.03575782538,0.022652820312999998,0.011292670226,0.009173490545000001,0.16233288210799998,0.06814568829899999,0.080411940797,0.67209681518,15.44231372373,0.03575782538,0.022652820312999998,0.011292670226,0.009173490545000001,0.16233288210799998,0.0,0.0,0.0,0.0,0.0,0.0,0.0,0.0,0.0,0.0,0.0,0.0,0.0,0.0,0.0,0.0,0.0,0.0,0.879524,9218197.464908823,22.926363,24.963351399999997,27.0003398,29.037328199999997,31.074316599999996,33.111305,35.1482934,37.1852818,39.2222702,41.259258599999995,43.296246999999994,45.33323539999999,47.37022379999999,49.4072122,51.444200599999995,53.481189,55.5181774,57.5551658,59.592154199999996,61.629142599999994,63.66613099999999
SF11C46895612282050980,15,,2019-05-18T15:00:00-0400,0.160032,0.160025,0.1708,0.032104,0.083872463025,0.098969541575,0.8272044305,19.006116441750002,0.044010075499999995,0.027880675674999997,0.01389881135,0.011290563875000001,0.1997963333,0.083872463025,0.098969541575,0.8272044305,19.006116441750002,0.044010075499999995,0.027880675674999997,0.01389881135,0.011290563875000001,0.1997963333,0.0,0.0,0.0,0.0,0.0,0.0,0.0,0.0,0.0,0.0,0.0,0.0,0.0,0.0,0.0,0.0,0.0,0.0,0.864884,11345473.802964706,28.198373,30.6509771,33.1035812,35.556185299999996,38.0087894,40.4613935,42.9139976,45.366601700000004,47.8192058,50.271809899999994,52.724413999999996,55.1770181,57.6296222,60.0822263,62.534830400000004,64.98743449999999,67.4400386,69.8926427,72.3452468,74.7978509,77.250455
SF11C46895612282050980,16,,2019-05-18T16:00:00-0400,0.170034,0.170032,0.189309,0.042975,0.08911734187199999,0.10515850081599999,0.87893281504,20.194644529439998,0.046762200639999994,0.029624165263999996,0.014767959328,0.01199660776,0.212290393024,0.08911734187199999,0.10515850081599999,0.87893281504,20.194644529439998,0.046762200639999994,0.029624165263999996,0.014767959328,0.01199660776,0.212290393024,0.0,0.0,0.0,0.0,0.0,0.0,0.0,0.0,0.0,0.0,0.0,0.0,0.0,0.0,0.0,0.0,0.0,0.0,0.873815,12054565.915649999,29.954156,32.30109685,34.6480377,36.99497855,39.3419194,41.688860250000005,44.0358011,46.38274195,48.729682800000006,51.07662365,53.4235645,55.77050535000001,58.1174462,60.46438705,62.81132790000001,65.15826875,67.5052096,69.85215045000001,72.1990913,74.54603215,76.892973
SF11C46895612282050980,17,,2019-05-18T17:00:00-0400,0.120024,0.120036,0.137003,0.049477,0.062913388356,0.074237824668,0.62049249192,14.25663610812,0.03301230072,0.020913512172,0.010425606744000001,0.008469139980000002,0.149868787152,0.062913388356,0.074237824668,0.62049249192,14.25663610812,0.03301230072,0.020913512172,0.010425606744000001,0.008469139980000002,0.149868787152,0.0,0.0,0.0,0.0,0.0,0.0,0.0,0.0,0.0,0.0,0.0,0.0,0.0,0.0,0.0,0.0,0.0,0.0,0.932559,8509105.352223529,21.167471,22.251375449999998,23.3352799,24.41918435,25.5030888,26.58699325,27.670897699999998,28.754802149999996,29.8387066,30.92261105,32.0065155,33.09041995,34.174324399999996,35.258228849999995,36.3421333,37.42603775,38.5099422,39.593846649999996,40.677751099999995,41.76165555,42.84556
SF11C46895612282050980,18,,2019-05-18T18:00:00-0400,0.070014,0.070026,0.08058,0.051627,0.036702097146,0.043308490038000004,0.36197979972000005,8.316964911420001,0.01925855052,0.012200419902,0.006082038204000001,0.004940684430000001,0.08742970183200001,0.036702097146,0.043308490038000004,0.36197979972000005,8.316964911420001,0.01925855052,0.012200419902,0.006082038204000001,0.004940684430000001,0.08742970183200001,0.0,0.0,0.0,0.0,0.0,0.0,0.0,0.0,0.0,0.0,0.0,0.0,0.0,0.0,0.0,0.0,0.0,0.0,0.976151,4963644.788797059,12.361339,12.57422345,12.787107899999999,12.99999235,13.2128768,13.425761249999999,13.6386457,13.85153015,14.0644146,14.27729905,14.4901835,14.70306795,14.9159524,15.128836849999999,15.3417213,15.55460575,15.767490200000001,15.98037465,16.1932591,16.40614355,16.619028
SF11C46895612282050980,19,,2019-05-18T19:00:00-0400,0.040008,0.040015,0.045668,0.051215,0.020972701814999998,0.024747796945,0.20684633830000002,4.75256834505,0.0110049253,0.006971693405,0.00347546281,0.0028232583250000004,0.04996000798,0.020972701814999998,0.024747796945,0.20684633830000002,4.75256834505,0.0110049253,0.006971693405,0.00347546281,0.0028232583250000004,0.04996000798,0.0,0.0,0.0,0.0,0.0,0.0,0.0,0.0,0.0,0.0,0.0,0.0,0.0,0.0,0.0,0.0,0.0,0.0,0.992433,2836368.4507411765,7.068307,7.42172235,7.7751377,8.12855305,8.4819684,8.83538375,9.1887991,9.54221445,9.8956298,10.24904515,10.6024605,10.95587585,11.3092912,11.66270655,12.0161219,12.36953725,12.7229526,13.07636795,13.4297833,13.78319865,14.136614000000002
SF11C46895612282050980,20,,2019-05-18T20:00:00-0400,0.005701,0.005709,0.006347,0.048113,0.0029922067889999997,0.0035308052669999995,0.02951107698,0.67805604603,0.00157008918,0.000994661943,0.0004958494859999999,0.00040279849500000003,0.0071278691879999995,0.0029922067889999997,0.0035308052669999995,0.02951107698,0.67805604603,0.00157008918,0.000994661943,0.0004958494859999999,0.00040279849500000003,0.0071278691879999995,0.0,0.0,0.0,0.0,0.0,0.0,0.0,0.0,0.0,0.0,0.0,0.0,0.0,0.0,0.0,0.0,0.0,0.0,0.999555,404172.5789261009,1.007973,1.05837165,1.1087703,1.15916895,1.2095676,1.25996625,1.3103649000000002,1.3607635500000002,1.4111622000000001,1.4615608500000001,1.5119595000000001,1.5623581500000001,1.6127568,1.66315545,1.7135541,1.76395275,1.8143514,1.86475005,1.9151487,1.96554735,2.015946
SF11C46895612282050980,21,,2019-05-18T21:00:00-0400,0.005701,0.005701,0.006085,0.045207,0.002988013821,0.003525857563,0.029469723220000004,0.6771058886700001,0.00156788902,0.000993268127,0.000495154654,0.00040223405500000006,0.007117880932000001,0.002988013821,0.003525857563,0.029469723220000004,0.6771058886700001,0.00156788902,0.000993268127,0.000495154654,0.00040223405500000006,0.007117880932000001,0.0,0.0,0.0,0.0,0.0,0.0,0.0,0.0,0.0,0.0,0.0,0.0,0.0,0.0,0.0,0.0,0.0,0.0,0.99989,404172.5789261009,1.007973,1.05837165,1.1087703,1.15916895,1.2095676,1.25996625,1.3103649000000002,1.3607635500000002,1.4111622000000001,1.4615608500000001,1.5119595000000001,1.5623581500000001,1.6127568,1.66315545,1.7135541,1.76395275,1.8143514,1.86475005,1.9151487,1.96554735,2.015946
SF11C46895612282050980,22,,2019-05-18T22:00:00-0400,0.005701,0.005701,0.005726,0.042477,0.002988013821,0.003525857563,0.029469723220000004,0.6771058886700001,0.00156788902,0.000993268127,0.000495154654,0.00040223405500000006,0.007117880932000001,0.002988013821,0.003525857563,0.029469723220000004,0.6771058886700001,0.00156788902,0.000993268127,0.000495154654,0.00040223405500000006,0.007117880932000001,0.0,0.0,0.0,0.0,0.0,0.0,0.0,0.0,0.0,0.0,0.0,0.0,0.0,0.0,0.0,0.0,0.0,0.0,0.99989,404172.5789261009,1.007973,1.05837165,1.1087703,1.15916895,1.2095676,1.25996625,1.3103649000000002,1.3607635500000002,1.4111622000000001,1.4615608500000001,1.5119595000000001,1.5623581500000001,1.6127568,1.66315545,1.7135541,1.76395275,1.8143514,1.86475005,1.9151487,1.96554735,2.015946
SF11C46895612282050980,23,,2019-05-18T23:00:00-0400,0.005701,0.005701,0.00528,0.039905,0.002988013821,0.003525857563,0.029469723220000004,0.6771058886700001,0.00156788902,0.000993268127,0.000495154654,0.00040223405500000006,0.007117880932000001,0.002988013821,0.003525857563,0.029469723220000004,0.6771058886700001,0.00156788902,0.000993268127,0.000495154654,0.00040223405500000006,0.007117880932000001,0.0,0.0,0.0,0.0,0.0,0.0,0.0,0.0,0.0,0.0,0.0,0.0,0.0,0.0,0.0,0.0,0.0,0.0,0.999891,404172.5789261009,1.007973,1.05837165,1.1087703,1.15916895,1.2095676,1.25996625,1.3103649000000002,1.3607635500000002,1.4111622000000001,1.4615608500000001,1.5119595000000001,1.5623581500000001,1.6127568,1.66315545,1.7135541,1.76395275,1.8143514,1.86475005,1.9151487,1.96554735,2.015946
SF11C46895712282050980,0,,2019-05-18T00:00:00-0400,0.005701,0.005696,0.004403,0.000304,0.003011891008,0.0035540305919999995,0.029705164032,0.6825154933119999,0.0015804121599999998,0.001001203008,0.0004991119999999999,0.00040544697599999996,0.007174749951999999,0.003011891008,0.0035540305919999995,0.029705164032,0.6825154933119999,0.0015804121599999998,0.001001203008,0.0004991119999999999,0.00040544697599999996,0.007174749951999999,0.0,0.0,0.0,0.0,0.0,0.0,0.0,0.0,0.0,0.0,0.0,0.0,0.0,0.0,0.0,0.0,0.0,0.0,0.995212,203863.2086005158,0.504018,0.5447615499999999,0.5855051,0.62624865,0.6669921999999999,0.70773575,0.7484793,0.78922285,0.8299664,0.87070995,0.9114535,0.95219705,0.9929406000000001,1.03368415,1.0744277,1.11517125,1.1559148000000001,1.1966583499999999,1.2374019,1.27814545,1.318889
SF11C46895712282050980,1,,2019-05-18T01:00:00-0400,0.005701,0.005701,0.003775,0.000544,0.0030145348730000006,0.003557150352,0.029731239492000003,0.683114611547,0.00158179946,0.0010020818730000001,0.000499550125,0.000405802881,0.007181048012000001,0.0030145348730000006,0.003557150352,0.029731239492000003,0.683114611547,0.00158179946,0.0010020818730000001,0.000499550125,0.000405802881,0.007181048012000001,0.0,0.0,0.0,0.0,0.0,0.0,0.0,0.0,0.0,0.0,0.0,0.0,0.0,0.0,0.0,0.0,0.0,0.0,0.995212,203863.2086005158,0.504018,0.5495996,0.5951812,0.6407628,0.6863444,0.731926,0.7775076000000001,0.8230892000000001,0.8686708000000001,0.9142524000000001,0.9598340000000001,1.0054156,1.0509972,1.0965788,1.1421604,1.187742,1.2333236,1.2789052,1.3244868,1.3700684,1.41565
SF11C46895712282050980,2,,2019-05-18T02:00:00-0400,0.005701,0.005701,0.003325,0.000737,0.0030145348730000006,0.003557150352,0.029731239492000003,0.683114611547,0.00158179946,0.0010020818730000001,0.000499550125,0.000405802881,0.007181048012000001,0.0030145348730000006,0.003557150352,0.029731239492000003,0.683114611547,0.00158179946,0.0010020818730000001,0.000499550125,0.000405802881,0.007181048012000001,0.0,0.0,0.0,0.0,0.0,0.0,0.0,0.0,0.0,0.0,0.0,0.0,0.0,0.0,0.0,0.0,0.0,0.0,0.996808,203863.2086005158,0.504018,0.5343143,0.5646106,0.5949069,0.6252032,0.6554995,0.6857958,0.7160921,0.7463884000000001,0.7766847,0.806981,0.8372773,0.8675736000000001,0.8978699000000001,0.9281662,0.9584625,0.9887588,1.0190551,1.0493514,1.0796477000000002,1.109944
SF11C46895712282050980,3,,2019-05-18T03:00:00-0400,0.005701,0.005701,0.003003,0.000893,0.0030145348730000006,0.003557150352,0.029731239492000003,0.683114611547,0.00158179946,0.0010020818730000001,0.000499550125,0.000405802881,0.007181048012000001,0.0030145348730000006,0.003557150352,0.029731239492000003,0.683114611547,0.00158179946,0.0010020818730000001,0.000499550125,0.000405802881,0.007181048012000001,0.0,0.0,0.0,0.0,0.0,0.0,0.0,0.0,0.0,0.0,0.0,0.0,0.0,0.0,0.0,0.0,0.0,0.0,0.997606,203863.2086005158,0.504018,0.5255160999999999,0.5470142,0.5685123,0.5900103999999999,0.6115085,0.6330066,0.6545046999999999,0.6760028,0.6975009,0.7189989999999999,0.7404971,0.7619952,0.7834933,0.8049914,0.8264895,0.8479876,0.8694857,0.8909838,0.9124819,0.93398
SF11C46895712282050980,4,,2019-05-18T04:00:00-0400,0.005701,0.005701,0.002771,0.001023,0.0030145348730000006,0.003557150352,0.029731239492000003,0.683114611547,0.00158179946,0.0010020818730000001,0.000499550125,0.000405802881,0.007181048012000001,0.0030145348730000006,0.003557150352,0.029731239492000003,0.683114611547,0.00158179946,0.0010020818730000001,0.000499550125,0.000405802881,0.007181048012000001,0.0,0.0,0.0,0.0,0.0,0.0,0.0,0.0,0.0,0.0,0.0,0.0,0.0,0.0,0.0,0.0,0.0,0.0,0.998085,203863.2086005158,0.504018,0.5196642499999999,0.5353105,0.55095675,0.566603,0.5822492499999999,0.5978954999999999,0.61354175,0.629188,0.6448342499999999,0.6604805,0.67612675,0.691773,0.7074192499999999,0.7230654999999999,0.73871175,0.754358,0.77000425,0.7856505,0.80129675,0.816943
SF11C46895712282050980,5,,2019-05-18T05:00:00-0400,0.005701,0.005701,0.002606,0.001133,0.0030145348730000006,0.003557150352,0.029731239492000003,0.683114611547,0.00158179946,0.0010020818730000001,0.000499550125,0.000405802881,0.007181048012000001,0.0030145348730000006,0.003557150352,0.029731239492000003,0.683114611547,0.00158179946,0.0010020818730000001,0.000499550125,0.000405802881,0.007181048012000001,0.0,0.0,0.0,0.0,0.0,0.0,0.0,0.0,0.0,0.0,0.0,0.0,0.0,0.0,0.0,0.0,0.0,0.0,0.998404,203863.2086005158,0.504018,0.5154316,0.5268452,0.5382587999999999,0.5496724,0.561086,0.5724996,0.5839132,0.5953267999999999,0.6067404,0.618154,0.6295676,0.6409811999999999,0.6523947999999999,0.6638084,0.675222,0.6866356,0.6980492,0.7094628,0.7208764,0.73229
SF11C46895712282050980,6,,2019-05-18T06:00:00-0400,0.005701,0.005701,0.002487,0.001226,0.0030145348730000006,0.003557150352,0.029731239492000003,0.683114611547,0.00158179946,0.0010020818730000001,0.000499550125,0.000405802881,0.007181048012000001,0.0030145348730000006,0.003557150352,0.029731239492000003,0.683114611547,0.00158179946,0.0010020818730000001,0.000499550125,0.000405802881,0.007181048012000001,0.0,0.0,0.0,0.0,0.0,0.0,0.0,0.0,0.0,0.0,0.0,0.0,0.0,0.0,0.0,0.0,0.0,0.0,0.998632,203863.2086005158,0.504018,0.512197,0.520376,0.528555,0.5367339999999999,0.544913,0.553092,0.561271,0.56945,0.577629,0.585808,0.593987,0.602166,0.610345,0.618524,0.626703,0.634882,0.643061,0.65124,0.659419,0.667598
SF11C46895712282050980,7,,2019-05-18T07:00:00-0400,0.005701,0.005701,0.002402,0.001308,0.0030145348730000006,0.003557150352,0.029731239492000003,0.683114611547,0.00158179946,0.0010020818730000001,0.000499550125,0.000405802881,0.007181048012000001,0.0030145348730000006,0.003557150352,0.029731239492000003,0.683114611547,0.00158179946,0.0010020818730000001,0.000499550125,0.000405802881,0.007181048012000001,0.0,0.0,0.0,0.0,0.0,0.0,0.0,0.0,0.0,0.0,0.0,0.0,0.0,0.0,0.0,0.0,0.0,0.0,0.998803,203863.2086005158,0.504018,0.5096269499999999,0.5152359,0.52084485,0.5264538,0.5320627499999999,0.5376717,0.54328065,0.5488896,0.5544985499999999,0.5601075,0.56571645,0.5713254,0.5769343499999999,0.5825433,0.58815225,0.5937612,0.5993701499999999,0.6049791,0.61058805,0.616197
SF11C46895712282050980,8,,2019-05-18T08:00:00-0400,0.005701,0.005701,0.002187,0.001368,0.0030145348730000006,0.003557150352,0.029731239492000003,0.683114611547,0.00158179946,0.0010020818730000001,0.000499550125,0.000405802881,0.007181048012000001,0.0030145348730000006,0.003557150352,0.029731239492000003,0.683114611547,0.00158179946,0.0010020818730000001,0.000499550125,0.000405802881,0.007181048012000001,0.0,0.0,0.0,0.0,0.0,0.0,0.0,0.0,0.0,0.0,0.0,0.0,0.0,0.0,0.0,0.0,0.0,0.0,0.998936,203863.2086005158,0.504018,0.5075248,0.5110315999999999,0.5145384,0.5180452,0.521552,0.5250588,0.5285656,0.5320724,0.5355792,0.539086,0.5425928,0.5460996,0.5496064,0.5531132000000001,0.55662,0.5601268,0.5636336000000001,0.5671404,0.5706472,0.574154
SF11C46895712282050980,9,,2019-05-18T09:00:00-0400,0.005701,0.005701,0.002872,0.001472,0.0030145348730000006,0.003557150352,0.029731239492000003,0.683114611547,0.00158179946,0.0010020818730000001,0.000499550125,0.000405802881,0.007181048012000001,0.0030145348730000006,0.003557150352,0.029731239492000003,0.683114611547,0.00158179946,0.0010020818730000001,0.000499550125,0.000405802881,0.007181048012000001,0.0,0.0,0.0,0.0,0.0,0.0,0.0,0.0,0.0,0.0,0.0,0.0,0.0,0.0,0.0,0.0,0.0,0.0,0.999042,203863.2086005158,0.504018,0.5057661499999999,0.5075143,0.50926245,0.5110106,0.5127587499999999,0.5145069,0.51625505,0.5180032,0.51975135,0.5214995,0.5232476500000001,0.5249958,0.52674395,0.5284921,0.5302402500000001,0.5319884,0.53373655,0.5354847,0.5372328500000001,0.538981
SF11C46895712282050980,10,,2019-05-18T10:00:00-0400,0.020004,0.019991,0.012417,0.002229,0.010570701043,0.012473424431999999,0.10425490417199999,2.395394527177,0.005546702859999999,0.003513878043,0.0017517113749999998,0.0014229793709999998,0.025180903491999997,0.010570701043,0.012473424431999999,0.10425490417199999,2.395394527177,0.005546702859999999,0.003513878043,0.0017517113749999998,0.0014229793709999998,0.025180903491999997,0.0,0.0,0.0,0.0,0.0,0.0,0.0,0.0,0.0,0.0,0.0,0.0,0.0,0.0,0.0,0.0,0.0,0.0,0.994392,715327.0697850758,1.768249,1.8450419,1.9218348,1.9986277000000001,2.0754206,2.1522135000000002,2.2290064000000003,2.3057993,2.3825922,2.4593851,2.536178,2.6129709,2.6897638,2.7665567,2.8433496,2.9201425,2.9969354,3.0737283,3.1505212,3.2273141,3.304107
SF11C46895712282050980,11,,2019-05-18T11:00:00-0400,0.040008,0.03999,0.029285,0.0041,0.02114563227,0.024951840479999998,0.20855152908,4.79174764353,0.011095625399999998,0.00702916227,0.0035041237499999997,0.0028465281899999998,0.050371883879999996,0.02114563227,0.024951840479999998,0.20855152908,4.79174764353,0.011095625399999998,0.00702916227,0.0035041237499999997,0.0028465281899999998,0.050371883879999996,0.0,0.0,0.0,0.0,0.0,0.0,0.0,0.0,0.0,0.0,0.0,0.0,0.0,0.0,0.0,0.0,0.0,0.0,0.982767,1430654.1395701517,3.535716,3.85009335,4.1644707,4.47884805,4.7932254,5.10760275,5.421980100000001,5.73635745,6.050734800000001,6.36511215,6.679489500000001,6.99386685,7.308244200000001,7.622621550000001,7.936998900000001,8.25137625,8.5657536,8.880130950000002,9.1945083,9.50888565,9.823263
SF11C46895712282050980,12,,2019-05-18T12:00:00-0400,0.070014,0.069987,0.058436,0.007857,0.037007235951,0.043668528623999996,0.364988643804,8.386097582588999,0.019418593019999996,0.012301824951,0.006132610874999999,0.004981744646999999,0.08815646504399999,0.037007235951,0.043668528623999996,0.364988643804,8.386097582588999,0.019418593019999996,0.012301824951,0.006132610874999999,0.004981744646999999,0.08815646504399999,0.0,0.0,0.0,0.0,0.0,0.0,0.0,0.0,0.0,0.0,0.0,0.0,0.0,0.0,0.0,0.0,0.0,0.0,0.965407,2503644.7442477657,6.185452,6.92003025,7.6546085,8.38918675,9.123764999999999,9.85834325,10.5929215,11.32749975,12.062078,12.79665625,13.5312345,14.26581275,15.000390999999999,15.734969249999999,16.469547499999997,17.20412575,17.938704,18.67328225,19.407860499999998,20.14243875,20.877017000000002
SF11C46895712282050980,13,,2019-05-18T13:00:00-0400,0.10002,0.099993,0.092637,0.01372,0.052873598589,0.06239083233599999,0.521472694356,11.981525934471,0.027744057779999998,0.017576069589,0.008761886625,0.0071176017329999995,0.12595238271599998,0.052873598589,0.06239083233599999,0.521472694356,11.981525934471,0.027744057779999998,0.017576069589,0.008761886625,0.0071176017329999995,0.12595238271599998,0.0,0.0,0.0,0.0,0.0,0.0,0.0,0.0,0.0,0.0,0.0,0.0,0.0,0.0,0.0,0.0,0.0,0.0,0.950238,3576635.348925379,8.833431,10.000032749999999,11.1666345,12.33323625,13.499838,14.66643975,15.8330415,16.999643250000002,18.166245000000004,19.33284675,20.4994485,21.666050250000005,22.832652000000003,23.99925375,25.165855500000006,26.332457250000004,27.499059000000003,28.665660750000008,29.832262500000006,30.998864250000004,32.165466
SF11C46895712282050980,14,,2019-05-18T14:00:00-0400,0.130026,0.129999,0.130595,0.021801,0.068739961227,0.081113136048,0.6779567449080001,15.576954286352999,0.036069522539999996,0.022850314227000002,0.011391162375,0.009253458818999999,0.163748300388,0.068739961227,0.081113136048,0.6779567449080001,15.576954286352999,0.036069522539999996,0.022850314227000002,0.011391162375,0.009253458818999999,0.163748300388,0.0,0.0,0.0,0.0,0.0,0.0,0.0,0.0,0.0,0.0,0.0,0.0,0.0,0.0,0.0,0.0,0.0,0.0,0.939762,4649625.953602993,11.479654,13.0168382,14.554022400000001,16.0912066,17.6283908,19.165575,20.7027592,22.2399434,23.7771276,25.3143118,26.851496,28.3886802,29.9258644,31.4630486,33.0002328,34.537417000000005,36.074601200000004,37.6117854,39.1489696,40.6861538,42.223338
SF11C46895712282050980,15,,2019-05-18T15:00:00-0400,0.160032,0.160005,0.1708,0.032104,0.08460632386500001,0.09983543975999999,0.83444079546,19.172382638235,0.0443949873,0.028124558865000003,0.014020438125,0.011389315904999999,0.20154421806,0.08460632386500001,0.09983543975999999,0.83444079546,19.172382638235,0.0443949873,0.028124558865000003,0.014020438125,0.011389315904999999,0.20154421806,0.0,0.0,0.0,0.0,0.0,0.0,0.0,0.0,0.0,0.0,0.0,0.0,0.0,0.0,0.0,0.0,0.0,0.0,0.932442,5722616.558280607,14.124123,15.979583850000001,17.8350447,19.69050555,21.5459664,23.40142725,25.2568881,27.11234895,28.9678098,30.82327065,32.6787315,34.53419235,36.3896532,38.24511405,40.1005749,41.95603575,43.8114966,45.66695745,47.5224183,49.37787915,51.23334
SF11C46895712282050980,16,,2019-05-18T16:00:00-0400,0.170034,0.170025,0.189309,0.042975,0.08990462932500001,0.1060874388,0.8866960173000001,20.373015581175,0.0471751365,0.029885804325000005,0.014898440625,0.012102549524999999,0.21416553030000002,0.08990462932500001,0.1060874388,0.8866960173000001,20.373015581175,0.0471751365,0.029885804325000005,0.014898440625,0.012102549524999999,0.21416553030000002,0.0,0.0,0.0,0.0,0.0,0.0,0.0,0.0,0.0,0.0,0.0,0.0,0.0,0.0,0.0,0.0,0.0,0.0,0.936908,6080280.093173144,15.005223,16.8049028,18.6045826,20.4042624,22.2039422,24.003622,25.8033018,27.6029816,29.4026614,31.2023412,33.002021,34.8017008,36.6013806,38.4010604,40.2007402,42.00042,43.8000998,45.5997796,47.3994594,49.1991392,50.998819
SF11C46895712282050980,17,,2019-05-18T17:00:00-0400,0.120024,0.120068,0.137003,0.049477,0.063488716564,0.07491666873599999,0.626165666256,14.386985647996,0.03331406728,0.021104712564,0.010520958499999998,0.008546560307999999,0.151239093616,0.063488716564,0.07491666873599999,0.626165666256,14.386985647996,0.03331406728,0.021104712564,0.010520958499999998,0.008546560307999999,0.151239093616,0.0,0.0,0.0,0.0,0.0,0.0,0.0,0.0,0.0,0.0,0.0,0.0,0.0,0.0,0.0,0.0,0.0,0.0,0.96628,4291962.418710455,10.597775,11.4890021,12.3802292,13.2714563,14.1626834,15.0539105,15.9451376,16.8363647,17.7275918,18.6188189,19.510046000000003,20.4012731,21.2925002,22.1837273,23.074954400000003,23.9661815,24.8574086,25.7486357,26.639862800000003,27.531089899999998,28.422317
SF11C46895712282050980,18,,2019-05-18T18:00:00-0400,0.070014,0.070058,0.08058,0.051627,0.037044778834,0.04371282921599999,0.365358915336,8.394605061525999,0.019438292679999997,0.012314304834000001,0.006138832249999999,0.0049867984979999995,0.088245897496,0.037044778834,0.04371282921599999,0.365358915336,8.394605061525999,0.019438292679999997,0.012314304834000001,0.006138832249999999,0.0049867984979999995,0.088245897496,0.0,0.0,0.0,0.0,0.0,0.0,0.0,0.0,0.0,0.0,0.0,0.0,0.0,0.0,0.0,0.0,0.0,0.0,0.988075,2503644.7442477657,6.185452,6.4274678,6.6694835999999995,6.911499399999999,7.153515199999999,7.395531,7.637546799999999,7.8795626,8.121578399999999,8.3635942,8.605609999999999,8.8476258,9.0896416,9.3316574,9.5736732,9.815688999999999,10.0577048,10.2997206,10.5417364,10.783752199999999,11.025768
SF11C46895712282050980,19,,2019-05-18T19:00:00-0400,0.040008,0.040035,0.045668,0.051215,0.021169427055000002,0.02497991832,0.20878620822000002,4.797139707645,0.0111081111,0.007037072055,0.0035080668749999998,0.002849731335,0.05042856642,0.021169427055000002,0.02497991832,0.20878620822000002,4.797139707645,0.0111081111,0.007037072055,0.0035080668749999998,0.002849731335,0.05042856642,0.0,0.0,0.0,0.0,0.0,0.0,0.0,0.0,0.0,0.0,0.0,0.0,0.0,0.0,0.0,0.0,0.0,0.0,0.996217,1430654.1395701517,3.535716,3.5568256,3.5779351999999998,3.5990447999999997,3.6201544,3.641264,3.6623736,3.6834832,3.7045928,3.7257024,3.7468120000000003,3.7679216,3.7890312,3.8101408,3.8312504,3.85236,3.8734696,3.8945792,3.9156888000000003,3.9367984000000003,3.957908
SF11C46895712282050980,20,,2019-05-18T20:00:00-0400,0.005701,0.005732,0.006347,0.048113,0.0030309268360000003,0.0035764928639999997,0.029892907344000002,0.686829144604,0.00159040072,0.001007530836,0.0005022665,0.00040800949199999996,0.007220095984,0.0030309268360000003,0.0035764928639999997,0.029892907344000002,0.686829144604,0.00159040072,0.001007530836,0.0005022665,0.00040800949199999996,0.007220095984,0.0,0.0,0.0,0.0,0.0,0.0,0.0,0.0,0.0,0.0,0.0,0.0,0.0,0.0,0.0,0.0,0.0,0.0,0.999777,203863.2086005158,0.504018,0.5292188999999999,0.5544198,0.5796207,0.6048216,0.6300224999999999,0.6552233999999999,0.6804243,0.7056252,0.7308260999999999,0.756027,0.7812279,0.8064288,0.8316296999999999,0.8568305999999999,0.8820315,0.9072323999999999,0.9324332999999999,0.9576342,0.9828351,1.008036
SF11C46895712282050980,21,,2019-05-18T21:00:00-0400,0.005701,0.005701,0.006085,0.045207,0.0030145348730000006,0.003557150352,0.029731239492000003,0.683114611547,0.00158179946,0.0010020818730000001,0.000499550125,0.000405802881,0.007181048012000001,0.0030145348730000006,0.003557150352,0.029731239492000003,0.683114611547,0.00158179946,0.0010020818730000001,0.000499550125,0.000405802881,0.007181048012000001,0.0,0.0,0.0,0.0,0.0,0.0,0.0,0.0,0.0,0.0,0.0,0.0,0.0,0.0,0.0,0.0,0.0,0.0,0.999945,203863.2086005158,0.504018,0.5292188999999999,0.5544198,0.5796207,0.6048216,0.6300224999999999,0.6552233999999999,0.6804243,0.7056252,0.7308260999999999,0.756027,0.7812279,0.8064288,0.8316296999999999,0.8568305999999999,0.8820315,0.9072323999999999,0.9324332999999999,0.9576342,0.9828351,1.008036
SF11C46895712282050980,22,,2019-05-18T22:00:00-0400,0.005701,0.005701,0.005726,0.042477,0.0030145348730000006,0.003557150352,0.029731239492000003,0.683114611547,0.00158179946,0.0010020818730000001,0.000499550125,0.000405802881,0.007181048012000001,0.0030145348730000006,0.003557150352,0.029731239492000003,0.683114611547,0.00158179946,0.0010020818730000001,0.000499550125,0.000405802881,0.007181048012000001,0.0,0.0,0.0,0.0,0.0,0.0,0.0,0.0,0.0,0.0,0.0,0.0,0.0,0.0,0.0,0.0,0.0,0.0,0.999945,203863.2086005158,0.504018,0.5292188999999999,0.5544198,0.5796207,0.6048216,0.6300224999999999,0.6552233999999999,0.6804243,0.7056252,0.7308260999999999,0.756027,0.7812279,0.8064288,0.8316296999999999,0.8568305999999999,0.8820315,0.9072323999999999,0.9324332999999999,0.9576342,0.9828351,1.008036
SF11C46895712282050980,23,,2019-05-18T23:00:00-0400,0.005701,0.005701,0.00528,0.039905,0.0030145348730000006,0.003557150352,0.029731239492000003,0.683114611547,0.00158179946,0.0010020818730000001,0.000499550125,0.000405802881,0.007181048012000001,0.0030145348730000006,0.003557150352,0.029731239492000003,0.683114611547,0.00158179946,0.0010020818730000001,0.000499550125,0.000405802881,0.007181048012000001,0.0,0.0,0.0,0.0,0.0,0.0,0.0,0.0,0.0,0.0,0.0,0.0,0.0,0.0,0.0,0.0,0.0,0.0,0.999945,203863.2086005158,0.504018,0.5292188999999999,0.5544198,0.5796207,0.6048216,0.6300224999999999,0.6552233999999999,0.6804243,0.7056252,0.7308260999999999,0.756027,0.7812279,0.8064288,0.8316296999999999,0.8568305999999999,0.8820315,0.9072323999999999,0.9324332999999999,0.9576342,0.9828351,1.008036
SF11C46895812282050980,0,,2019-05-18T00:00:00-0500,0.005701,0.005701,0.004404,0.000304,0.00015633748200000002,0.00018447684,0.0017818463650000002,0.023057974264,8.7977484e-05,2.7911459000000003e-05,2.9312855e-05,1.4493783e-05,0.00042139567899999997,6.9746034e-05,8.2299636e-05,0.0006878883610000001,0.01580511034,3.6600420000000004e-05,2.3185967000000004e-05,1.1555927000000001e-05,9.389547e-06,0.000166144243,8.6591448e-05,0.00010217720399999999,0.0010939580040000001,0.007252863924,5.1377063999999995e-05,4.725492e-06,1.7756928e-05,5.104236e-06,0.000255251436,0.0,0.0,0.0,0.0,0.0,0.0,0.0,0.0,0.0,0.996524,4075.8292566062914,0.365835,0.38412675,0.4024185,0.42071025,0.439002,0.45729375000000005,0.47558550000000005,0.49387725000000005,0.5121690000000001,0.53046075,0.5487525,0.56704425,0.5853360000000001,0.60362775,0.6219195000000001,0.6402112500000001,0.6585030000000001,0.67679475,0.6950865,0.7133782500000001,0.73167
SF11C46895812282050980,1,,2019-05-18T01:00:00-0500,0.005701,0.005701,0.003775,0.000544,0.000143970084,0.000169883411,0.0016256021360000002,0.022022086115000002,8.063957e-05,2.7236542000000004e-05,2.6776727e-05,1.3764772e-05,0.000384939468,6.9746034e-05,8.2299636e-05,0.0006878883610000001,0.01580511034,3.6600420000000004e-05,2.3185967000000004e-05,1.1555927000000001e-05,9.389547e-06,0.000166144243,7.422405e-05,8.7583775e-05,0.0009377137750000001,0.006216975775,4.403915e-05,4.050575e-06,1.52208e-05,4.375225e-06,0.000218795225,0.0,0.0,0.0,0.0,0.0,0.0,0.0,0.0,0.0,0.996524,4075.8292566062914,0.365835,0.38412675,0.4024185,0.42071025,0.439002,0.45729375000000005,0.47558550000000005,0.49387725000000005,0.5121690000000001,0.53046075,0.5487525,0.56704425,0.5853360000000001,0.60362775,0.6219195000000001,0.6402112500000001,0.6585030000000001,0.67679475,0.6950865,0.7133782500000001,0.73167
SF11C46895812282050980,2,,2019-05-18T02:00:00-0500,0.005701,0.005701,0.003325,0.000737,0.000135122184,0.000159442961,0.0015138216860000001,0.021280989665,7.538987e-05,2.6753692000000006e-05,2.4962327e-05,1.3243222e-05,0.000358857918,6.9746034e-05,8.2299636e-05,0.0006878883610000001,0.01580511034,3.6600420000000004e-05,2.3185967000000004e-05,1.1555927000000001e-05,9.389547e-06,0.000166144243,6.537614999999999e-05,7.714332499999999e-05,0.0008259333249999999,0.0054758793249999995,3.8789449999999995e-05,3.567725e-06,1.34064e-05,3.853675e-06,0.00019271367499999997,0.0,0.0,0.0,0.0,0.0,0.0,0.0,0.0,0.0,0.997683,4075.8292566062914,0.365835,0.38412675,0.4024185,0.42071025,0.439002,0.45729375000000005,0.47558550000000005,0.49387725000000005,0.5121690000000001,0.53046075,0.5487525,0.56704425,0.5853360000000001,0.60362775,0.6219195000000001,0.6402112500000001,0.6585030000000001,0.67679475,0.6950865,0.7133782500000001,0.73167
SF11C46895812282050980,3,,2019-05-18T03:00:00-0500,0.005701,0.005701,0.003003,0.000893,0.00012879102,0.000151972239,0.001433836564,0.020750693983,7.1633418e-05,2.6408186000000004e-05,2.3664023000000002e-05,1.2870024000000001e-05,0.00034019512,6.9746034e-05,8.2299636e-05,0.0006878883610000001,0.01580511034,3.6600420000000004e-05,2.3185967000000004e-05,1.1555927000000001e-05,9.389547e-06,0.000166144243,5.9044985999999996e-05,6.9672603e-05,0.000745948203,0.004945583643,3.5032997999999996e-05,3.2222189999999997e-06,1.2108096000000001e-05,3.4804770000000004e-06,0.000174050877,0.0,0.0,0.0,0.0,0.0,0.0,0.0,0.0,0.0,0.998262,4075.8292566062914,0.365835,0.38412675,0.4024185,0.42071025,0.439002,0.45729375000000005,0.47558550000000005,0.49387725000000005,0.5121690000000001,0.53046075,0.5487525,0.56704425,0.5853360000000001,0.60362775,0.6219195000000001,0.6402112500000001,0.6585030000000001,0.67679475,0.6950865,0.7133782500000001,0.73167
SF11C46895812282050980,4,,2019-05-18T04:00:00-0500,0.005701,0.005701,0.002771,0.001023,0.000124229436,0.000146589607,0.001376207532,0.020368617591,6.892690600000001e-05,2.6159250000000005e-05,2.2728599000000002e-05,1.2601136e-05,0.000326748632,6.9746034e-05,8.2299636e-05,0.0006878883610000001,0.01580511034,3.6600420000000004e-05,2.3185967000000004e-05,1.1555927000000001e-05,9.389547e-06,0.000166144243,5.4483402e-05,6.4289971e-05,0.000688319171,0.004563507251,3.2326486e-05,2.9732829999999997e-06,1.1172672e-05,3.211589e-06,0.000160604389,0.0,0.0,0.0,0.0,0.0,0.0,0.0,0.0,0.0,0.99861,4075.8292566062914,0.365835,0.38412675,0.4024185,0.42071025,0.439002,0.45729375000000005,0.47558550000000005,0.49387725000000005,0.5121690000000001,0.53046075,0.5487525,0.56704425,0.5853360000000001,0.60362775,0.6219195000000001,0.6402112500000001,0.6585030000000001,0.67679475,0.6950865,0.7133782500000001,0.73167
SF11C46895812282050980,5,,2019-05-18T05:00:00-0500,0.005701,0.005701,0.002606,0.001133,0.000120985206,0.000142761442,0.001335221367,0.020096882226,6.7002016e-05,2.5982205000000004e-05,2.2063319e-05,1.2409901e-05,0.000317185397,6.9746034e-05,8.2299636e-05,0.0006878883610000001,0.01580511034,3.6600420000000004e-05,2.3185967000000004e-05,1.1555927000000001e-05,9.389547e-06,0.000166144243,5.123917199999999e-05,6.0461805999999994e-05,0.000647333006,0.004291771886,3.0401595999999996e-05,2.796238e-06,1.0507391999999998e-05,3.020354e-06,0.000151041154,0.0,0.0,0.0,0.0,0.0,0.0,0.0,0.0,0.0,0.998841,4075.8292566062914,0.365835,0.38412675,0.4024185,0.42071025,0.439002,0.45729375000000005,0.47558550000000005,0.49387725000000005,0.5121690000000001,0.53046075,0.5487525,0.56704425,0.5853360000000001,0.60362775,0.6219195000000001,0.6402112500000001,0.6585030000000001,0.67679475,0.6950865,0.7133782500000001,0.73167
SF11C46895812282050980,6,,2019-05-18T06:00:00-0500,0.005701,0.005701,0.002487,0.001226,0.00011864542800000001,0.000140000523,0.001305661648,0.019900903387000003,6.5613762e-05,2.5854518000000004e-05,2.1583511e-05,1.227198e-05,0.000310288276,6.9746034e-05,8.2299636e-05,0.0006878883610000001,0.01580511034,3.6600420000000004e-05,2.3185967000000004e-05,1.1555927000000001e-05,9.389547e-06,0.000166144243,4.8899394e-05,5.7700887e-05,0.000617773287,0.004095793047000001,2.9013342e-05,2.668551e-06,1.0027584e-05,2.8824330000000004e-06,0.000144144033,0.0,0.0,0.0,0.0,0.0,0.0,0.0,0.0,0.0,0.999007,4075.8292566062914,0.365835,0.38412675,0.4024185,0.42071025,0.439002,0.45729375000000005,0.47558550000000005,0.49387725000000005,0.5121690000000001,0.53046075,0.5487525,0.56704425,0.5853360000000001,0.60362775,0.6219195000000001,0.6402112500000001,0.6585030000000001,0.67679475,0.6950865,0.7133782500000001,0.73167
SF11C46895812282050980,7,,2019-05-18T07:00:00-0500,0.005701,0.005701,0.002402,0.001308,0.00011697415800000001,0.00013802843799999999,0.001284547563,0.019760918502,6.462215200000001e-05,2.5763313000000003e-05,2.1240791000000004e-05,1.2173465e-05,0.000305361761,6.9746034e-05,8.2299636e-05,0.0006878883610000001,0.01580511034,3.6600420000000004e-05,2.3185967000000004e-05,1.1555927000000001e-05,9.389547e-06,0.000166144243,4.7228124e-05,5.5728802e-05,0.000596659202,0.003955808162,2.8021732e-05,2.577346e-06,9.684864000000001e-06,2.7839180000000002e-06,0.00013921751799999998,0.0,0.0,0.0,0.0,0.0,0.0,0.0,0.0,0.0,0.999131,4075.8292566062914,0.365835,0.38412675,0.4024185,0.42071025,0.439002,0.45729375000000005,0.47558550000000005,0.49387725000000005,0.5121690000000001,0.53046075,0.5487525,0.56704425,0.5853360000000001,0.60362775,0.6219195000000001,0.6402112500000001,0.6585030000000001,0.67679475,0.6950865,0.7133782500000001,0.73167
SF11C46895812282050980,8,,2019-05-18T08:00:00-0500,0.005701,0.005701,0.002187,0.001368,0.000112746828,0.000133040223,0.0012311413480000002,0.019406839087,6.211396200000001e-05,2.5532618000000003e-05,2.0373911e-05,1.192428e-05,0.000292900576,6.9746034e-05,8.2299636e-05,0.0006878883610000001,0.01580511034,3.6600420000000004e-05,2.3185967000000004e-05,1.1555927000000001e-05,9.389547e-06,0.000166144243,4.3000794e-05,5.0740587000000005e-05,0.0005432529870000001,0.0036017287470000003,2.5513542e-05,2.346651e-06,8.817984e-06,2.5347330000000003e-06,0.000126756333,0.0,0.0,0.0,0.0,0.0,0.0,0.0,0.0,0.0,0.999228,4075.8292566062914,0.365835,0.38412675,0.4024185,0.42071025,0.439002,0.45729375000000005,0.47558550000000005,0.49387725000000005,0.5121690000000001,0.53046075,0.5487525,0.56704425,0.5853360000000001,0.60362775,0.6219195000000001,0.6402112500000001,0.6585030000000001,0.67679475,0.6950865,0.7133782500000001,0.73167
SF11C46895812282050980,9,,2019-05-18T09:00:00-0500,0.005701,0.005701,0.002871,0.001472,0.00012619563600000001,0.000148909707,0.001401047632,0.020533305691000002,7.0093506e-05,2.6266550000000003e-05,2.3131798999999998e-05,1.2717036e-05,0.000332544532,6.9746034e-05,8.2299636e-05,0.0006878883610000001,0.01580511034,3.6600420000000004e-05,2.3185967000000004e-05,1.1555927000000001e-05,9.389547e-06,0.000166144243,5.6449601999999994e-05,6.661007099999999e-05,0.000713159271,0.004728195351,3.3493085999999995e-05,3.0805829999999995e-06,1.1575871999999999e-05,3.3274890000000002e-06,0.000166400289,0.0,0.0,0.0,0.0,0.0,0.0,0.0,0.0,0.0,0.999305,4075.8292566062914,0.365835,0.38412675,0.4024185,0.42071025,0.439002,0.45729375000000005,0.47558550000000005,0.49387725000000005,0.5121690000000001,0.53046075,0.5487525,0.56704425,0.5853360000000001,0.60362775,0.6219195000000001,0.6402112500000001,0.6585030000000001,0.67679475,0.6950865,0.7133782500000001,0.73167
SF11C46895812282050980,10,,2019-05-18T10:00:00-0500,0.020004,0.020004,0.012417,0.002229,0.00048887199,0.000576864561,0.005498097861,0.07590721073699999,0.000273282402,9.4679709e-05,9.0613452e-05,4.7337891e-05,0.0013026534749999998,0.000244728936,0.000288777744,0.0024137026440000002,0.05545788936,0.00012842568,8.135626800000001e-05,4.054810800000001e-05,3.2946588e-05,0.000582976572,0.000244143054,0.000288086817,0.0030843952169999998,0.020449321377,0.00014485672199999997,1.3323440999999999e-05,5.0065344e-05,1.4391303e-05,0.0007196769029999999,0.0,0.0,0.0,0.0,0.0,0.0,0.0,0.0,0.0,0.99593,14301.506481170365,1.283516,1.3476918000000002,1.4118676000000001,1.4760434,1.5402192000000001,1.6043950000000002,1.6685708000000001,1.7327466,1.7969224000000001,1.8610982000000003,1.9252740000000002,1.9894498,2.0536256,2.1178014000000003,2.1819772000000004,2.246153,2.3103288,2.3745046000000003,2.4386804,2.5028562,2.567032
SF11C46895812282050980,11,,2019-05-18T11:00:00-0500,0.040008,0.040008,0.029285,0.0041,0.0010652595419999998,0.001256996773,0.012101828573,0.159144688805,0.00059849017,0.000194135341,0.000199173336,9.9834491e-05,0.002863282459,0.000489457872,0.000577555488,0.0048274052880000005,0.11091577872,0.00025685136,0.00016271253600000002,8.109621600000002e-05,6.5893176e-05,0.001165953144,0.00057580167,0.000679441285,0.007274423285,0.048228910085,0.00034163881,3.1422804999999994e-05,0.00011807712,3.3941315e-05,0.0016973293149999999,0.0,0.0,0.0,0.0,0.0,0.0,0.0,0.0,0.0,0.987492,28603.01296234073,2.56662,2.694951,2.823282,2.951613,3.079944,3.208275,3.3366059999999997,3.464937,3.593268,3.721599,3.8499299999999996,3.978261,4.106592,4.234923,4.3632539999999995,4.491585,4.619916,4.748247,4.876578,5.004909,5.13324
SF11C46895812282050980,12,,2019-05-18T12:00:00-0500,0.070014,0.070014,0.058436,0.007857,0.002005519908,0.0023664957400000002,0.02296352009,0.290339750876,0.001131204256,0.00034744876600000007,0.00037753233000000007,0.00018304038200000003,0.005427310126,0.0008565512760000001,0.001010722104,0.008447959254000001,0.19410261276000002,0.0004494898800000001,0.00028474693800000005,0.00014191837800000003,0.00011531305800000001,0.002040418002,0.001148968632,0.001355773636,0.014515560836,0.096237138116,0.000681714376,6.270182799999999e-05,0.000235613952,6.7727324e-05,0.003386892124,0.0,0.0,0.0,0.0,0.0,0.0,0.0,0.0,0.0,0.974892,50055.27268409628,4.490505,4.71503025,4.9395555,5.16408075,5.388605999999999,5.6131312499999995,5.8376565,6.06218175,6.286707,6.511232249999999,6.7357575,6.960282749999999,7.184807999999999,7.4093332499999995,7.6338585,7.85838375,8.082908999999999,8.30743425,8.5319595,8.756484749999998,8.98101
SF11C46895812282050980,13,,2019-05-18T13:00:00-0500,0.10002,0.10002,0.092637,0.01372,0.003045073374,0.0035931597569999994,0.035079636657,0.4298515619969999,0.0017228316419999998,0.0005061808410000001,0.000576252924,0.000272099223,0.008284030743,0.00122364468,0.0014438887199999999,0.01206851322,0.27728944679999995,0.0006421284,0.00040678134000000004,0.00020274054,0.00016473294,0.0029148828599999997,0.0018214286939999998,0.0021492710369999998,0.023011123437,0.152562115197,0.0010807032419999998,9.939950099999999e-05,0.000373512384,0.00010736628300000001,0.005369147883,0.0,0.0,0.0,0.0,0.0,0.0,0.0,0.0,0.0,0.963881,71507.53240585182,6.413463,6.73413615,7.0548093000000005,7.37548245,7.6961556,8.01682875,8.3375019,8.65817505,8.9788482,9.299521350000001,9.6201945,9.940867650000001,10.2615408,10.58221395,10.902887100000001,11.22356025,11.5442334,11.86490655,12.185579700000002,12.50625285,12.826926
SF11C46895812282050980,14,,2019-05-18T14:00:00-0500,0.130026,0.130026,0.130595,0.021801,0.004158496974,0.004906989931,0.048128995781,0.5755507050349999,0.0023582881899999997,0.000668944177,0.000790121742,0.000365512427,0.011358503322999999,0.001590738084,0.0018770553359999998,0.015689067186,0.36047628084,0.00083476692,0.000528815742,0.000263562702,0.000214152822,0.003789347718,0.0025677588899999998,0.0030299345949999995,0.032439928595,0.21507442419499997,0.0015235212699999997,0.000140128435,0.00052655904,0.000151359605,0.007569155604999999,0.0,0.0,0.0,0.0,0.0,0.0,0.0,0.0,0.0,0.956278,92959.79212760738,8.335496,8.7522708,9.169045599999999,9.5858204,10.002595199999998,10.419369999999999,10.8361448,11.252919599999998,11.6696944,12.086469199999998,12.503243999999999,12.920018799999998,13.336793599999998,13.753568399999999,14.170343199999998,14.587117999999998,15.0038928,15.420667599999998,15.837442399999997,16.2542172,16.670992
SF11C46895812282050980,15,,2019-05-18T15:00:00-0500,0.160032,0.160032,0.1708,0.032104,0.005316101088,0.006272952752,0.06173651195200001,0.72495038968,0.0030199582400000004,0.0008341185440000001,0.001013050464,0.00046152990400000004,0.014563209776000001,0.001957831488,0.002310221952,0.019309621152000002,0.44366311488,0.00102740544,0.0006508501440000001,0.00032438486400000006,0.000263572704,0.004663812576,0.0033582696,0.0039627308,0.042426890800000006,0.28128727480000004,0.0019925528,0.0001832684,0.0006886656000000001,0.00019795720000000003,0.0098993972,0.0,0.0,0.0,0.0,0.0,0.0,0.0,0.0,0.0,0.950965,114412.05184936292,10.256604,10.7694342,11.282264399999999,11.795094599999999,12.307924799999999,12.820754999999998,13.3335852,13.8464154,14.3592456,14.8720758,15.384905999999999,15.8977362,16.4105664,16.9233966,17.4362268,17.949057,18.4618872,18.9747174,19.4875476,20.0003778,20.513208
SF11C46895812282050980,16,,2019-05-18T16:00:00-0500,0.170034,0.170034,0.189309,0.042975,0.005802389514,0.006846768933,0.067541017383,0.783161454789,0.003300097074,0.0008946568350000001,0.001107952806,0.000499455129,0.015927461193,0.002080195956,0.0024546108239999996,0.020516472474,0.47139205955999997,0.00109161828,0.000691528278,0.000344658918,0.000280045998,0.004955300861999999,0.003722193558,0.004392158109,0.047024544909,0.311769395229,0.002208478794,0.000203128557,0.000763293888,0.00021940913100000002,0.010972160331,0.0,0.0,0.0,0.0,0.0,0.0,0.0,0.0,0.0,0.954206,121562.80508994809,10.896768,11.4416064,11.9864448,12.531283199999999,13.0761216,13.62096,14.1657984,14.7106368,15.2554752,15.800313599999999,16.345152,16.8899904,17.4348288,17.979667199999998,18.524505599999998,19.069344,19.614182399999997,20.1590208,20.703859199999997,21.2486976,21.793535999999996
SF11C46895812282050980,17,,2019-05-18T17:00:00-0500,0.120024,0.120024,0.137003,0.049477,0.0041621266020000006,0.004911273067,0.04851389806700001,0.558374973803,0.002368831078,0.000635141827,0.0007956847440000001,0.00035646600500000003,0.011438416308999999,0.0014683736160000002,0.001732666464,0.014482215864000001,0.33274733616,0.0007705540800000001,0.00048813760800000004,0.00024328864800000002,0.000197679528,0.003497859432,0.002693752986,0.0031786066030000002,0.034031682203000006,0.22562763764300003,0.0015982769980000002,0.000147004219,0.0005523960960000001,0.00015878647700000003,0.007940556877,0.0,0.0,0.0,0.0,0.0,0.0,0.0,0.0,0.0,0.975525,85809.0388870222,7.694921,8.07966705,8.4644131,8.84915915,9.2339052,9.61865125,10.0033973,10.38814335,10.7728894,11.15763545,11.5423815,11.92712755,12.3118736,12.696619649999999,13.0813657,13.46611175,13.8508578,14.23560385,14.6203499,15.005095950000001,15.389842
SF11C46895812282050980,18,,2019-05-18T18:00:00-0500,0.070014,0.070014,0.08058,0.051627,0.002440915236,0.002880258684,0.028464111834,0.32680828374000004,0.00138953616,0.00037120927800000003,0.00046681693800000004,0.00020870527800000003,0.006710754221999999,0.0008565512760000001,0.001010722104,0.008447959254000001,0.19410261276000002,0.0004494898800000001,0.00028474693800000005,0.00014191837800000003,0.00011531305800000001,0.002040418002,0.00158436396,0.0018695365799999998,0.020016152580000002,0.13270567098,0.0009400462799999999,8.646234e-05,0.00032489856,9.339222e-05,0.00467033622,0.0,0.0,0.0,0.0,0.0,0.0,0.0,0.0,0.0,0.991345,50055.27268409628,4.490505,4.71503025,4.9395555,5.16408075,5.388605999999999,5.6131312499999995,5.8376565,6.06218175,6.286707,6.511232249999999,6.7357575,6.960282749999999,7.184807999999999,7.4093332499999995,7.6338585,7.85838375,8.082908999999999,8.30743425,8.5319595,8.756484749999998,8.98101
SF11C46895812282050980,19,,2019-05-18T19:00:00-0500,0.040008,0.040008,0.045668,0.051215,0.001387382088,0.001637098756,0.016171382156000003,0.18612554022799999,0.000789614248,0.00021171430000000002,0.000265229592,0.000118822388,0.003812824756,0.000489457872,0.000577555488,0.0048274052880000005,0.11091577872,0.00025685136,0.00016271253600000002,8.109621600000002e-05,6.5893176e-05,0.001165953144,0.0008979242159999999,0.001059543268,0.011343976868,0.075209761508,0.000532762888,4.9001764e-05,0.000184133376,5.292921200000001e-05,0.002646871612,0.0,0.0,0.0,0.0,0.0,0.0,0.0,0.0,0.0,0.997254,28603.01296234073,2.56662,2.694951,2.823282,2.951613,3.079944,3.208275,3.3366059999999997,3.464937,3.593268,3.721599,3.8499299999999996,3.978261,4.106592,4.234923,4.3632539999999995,4.491585,4.619916,4.748247,4.876578,5.004909,5.13324
SF11C46895812282050980,20,,2019-05-18T20:00:00-0500,0.005701,0.005701,0.006347,0.048113,0.000194540748,0.000229556383,0.0022644895080000003,0.026257864047,0.000110644522,2.9996298000000004e-05,3.7147031e-05,1.6745720000000003e-05,0.000534010016,6.9746034e-05,8.2299636e-05,0.0006878883610000001,0.01580511034,3.6600420000000004e-05,2.3185967000000004e-05,1.1555927000000001e-05,9.389547e-06,0.000166144243,0.000124794714,0.000147256747,0.001576601147,0.010452753707,7.4044102e-05,6.810331e-06,2.5591104e-05,7.356173000000001e-06,0.000367865773,0.0,0.0,0.0,0.0,0.0,0.0,0.0,0.0,0.0,0.999838,4075.8292566062914,0.365835,0.38412675,0.4024185,0.42071025,0.439002,0.45729375000000005,0.47558550000000005,0.49387725000000005,0.5121690000000001,0.53046075,0.5487525,0.56704425,0.5853360000000001,0.60362775,0.6219195000000001,0.6402112500000001,0.6585030000000001,0.67679475,0.6950865,0.7133782500000001,0.73167
SF11C46895812282050980,21,,2019-05-18T21:00:00-0500,0.005701,0.005701,0.006085,0.045207,0.00018938930400000002,0.00022347772100000002,0.002199408446,0.025826381225,0.00010758803,2.9715172000000003e-05,3.6090647000000005e-05,1.6442062000000002e-05,0.000518824758,6.9746034e-05,8.2299636e-05,0.0006878883610000001,0.01580511034,3.6600420000000004e-05,2.3185967000000004e-05,1.1555927000000001e-05,9.389547e-06,0.000166144243,0.00011964327,0.000141178085,0.001511520085,0.010021270885000001,7.098760999999999e-05,6.529205e-06,2.4534720000000002e-05,7.052515000000001e-06,0.00035268051499999997,0.0,0.0,0.0,0.0,0.0,0.0,0.0,0.0,0.0,0.99996,4075.8292566062914,0.365835,0.38412675,0.4024185,0.42071025,0.439002,0.45729375000000005,0.47558550000000005,0.49387725000000005,0.5121690000000001,0.53046075,0.5487525,0.56704425,0.5853360000000001,0.60362775,0.6219195000000001,0.6402112500000001,0.6585030000000001,0.67679475,0.6950865,0.7133782500000001,0.73167
SF11C46895812282050980,22,,2019-05-18T22:00:00-0500,0.005701,0.005701,0.005726,0.042477,0.000182330646,0.000215148562,0.0021102324870000003,0.025235150946000002,0.000103399936,2.9329965000000003e-05,3.4643159e-05,1.6025981e-05,0.000498017477,6.9746034e-05,8.2299636e-05,0.0006878883610000001,0.01580511034,3.6600420000000004e-05,2.3185967000000004e-05,1.1555927000000001e-05,9.389547e-06,0.000166144243,0.000112584612,0.000132848926,0.001422344126,0.009430040606,6.6799516e-05,6.143998e-06,2.3087232000000002e-05,6.636434000000001e-06,0.000331873234,0.0,0.0,0.0,0.0,0.0,0.0,0.0,0.0,0.0,0.99996,4075.8292566062914,0.365835,0.38412675,0.4024185,0.42071025,0.439002,0.45729375000000005,0.47558550000000005,0.49387725000000005,0.5121690000000001,0.53046075,0.5487525,0.56704425,0.5853360000000001,0.60362775,0.6219195000000001,0.6402112500000001,0.6585030000000001,0.67679475,0.6950865,0.7133782500000001,0.73167
SF11C46895812282050980,23,,2019-05-18T23:00:00-0500,0.005701,0.005701,0.00528,0.039905,0.000173561394,0.00020480091600000002,0.0019994456410000003,0.02450064202,9.81969e-05,2.8851407000000006e-05,3.2844887e-05,1.5509067e-05,0.000472167763,6.9746034e-05,8.2299636e-05,0.0006878883610000001,0.01580511034,3.6600420000000004e-05,2.3185967000000004e-05,1.1555927000000001e-05,9.389547e-06,0.000166144243,0.00010381535999999999,0.00012250128,0.00131155728,0.00869553168,6.159647999999999e-05,5.665439999999999e-06,2.128896e-05,6.11952e-06,0.00030602352,0.0,0.0,0.0,0.0,0.0,0.0,0.0,0.0,0.0,0.99996,4075.8292566062914,0.365835,0.38412675,0.4024185,0.42071025,0.439002,0.45729375000000005,0.47558550000000005,0.49387725000000005,0.5121690000000001,0.53046075,0.5487525,0.56704425,0.5853360000000001,0.60362775,0.6219195000000001,0.6402112500000001,0.6585030000000001,0.67679475,0.6950865,0.7133782500000001,0.73167
SF11C46895912282050980,0,,2019-05-18T00:00:00-0400,0.005701,0.005701,0.004403,0.000304,8.4715969e-05,9.996815e-05,0.000905671276,0.015581044153999999,4.6185999999999995e-05,2.1130806e-05,1.5036764e-05,9.49112e-06,0.000216120864,5.9398719e-05,7.0093795e-05,0.0005858461620000001,0.013460625399,3.1167367e-05,1.9748264e-05,9.845627e-06,7.998503e-06,0.00014149882,2.531725e-05,2.9874355e-05,0.00031982511399999996,0.002120418755,1.5018632999999999e-05,1.3825419999999998e-06,5.191137e-06,1.492617e-06,7.4622044e-05,0.0,0.0,0.0,0.0,0.0,0.0,0.0,0.0,0.0,0.997843,1918.5560971904742,0.227084,0.23843820000000002,0.2497924,0.2611466,0.2725008,0.283855,0.2952092,0.30656340000000004,0.3179176,0.3292718,0.340626,0.3519802,0.3633344,0.37468860000000004,0.3860428,0.397397,0.4087512,0.4201054,0.4314596,0.44281380000000004,0.454168
SF11C46895912282050980,1,,2019-05-18T01:00:00-0400,0.005701,0.005701,0.003775,0.000544,8.1104969e-05,9.570717000000001e-05,0.0008600546120000001,0.015278608774,4.4043892e-05,2.0933614e-05,1.4296352e-05,9.278228e-06,0.00020547752,5.9398719e-05,7.0093795e-05,0.0005858461620000001,0.013460625399,3.1167367e-05,1.9748264e-05,9.845627e-06,7.998503e-06,0.00014149882,2.170625e-05,2.5613375000000003e-05,0.00027420845,0.001817983375,1.2876525000000001e-05,1.18535e-06,4.450725e-06,1.279725e-06,6.397870000000001e-05,0.0,0.0,0.0,0.0,0.0,0.0,0.0,0.0,0.0,0.997843,1918.5560971904742,0.227084,0.23843820000000002,0.2497924,0.2611466,0.2725008,0.283855,0.2952092,0.30656340000000004,0.3179176,0.3292718,0.340626,0.3519802,0.3633344,0.37468860000000004,0.3860428,0.397397,0.4087512,0.4201054,0.4314596,0.44281380000000004,0.454168
SF11C46895912282050980,2,,2019-05-18T02:00:00-0400,0.005701,0.005701,0.003325,0.000737,7.8517469e-05,9.265392e-05,0.0008273675120000001,0.015061895524,4.2508942e-05,2.0792314e-05,1.3765801999999998e-05,9.125678e-06,0.00019785092,5.9398719e-05,7.0093795e-05,0.0005858461620000001,0.013460625399,3.1167367e-05,1.9748264e-05,9.845627e-06,7.998503e-06,0.00014149882,1.9118749999999997e-05,2.2560125e-05,0.00024152134999999998,0.0016012701249999998,1.1341575e-05,1.04405e-06,3.920174999999999e-06,1.127175e-06,5.63521e-05,0.0,0.0,0.0,0.0,0.0,0.0,0.0,0.0,0.0,0.998562,1918.5560971904742,0.227084,0.23843820000000002,0.2497924,0.2611466,0.2725008,0.283855,0.2952092,0.30656340000000004,0.3179176,0.3292718,0.340626,0.3519802,0.3633344,0.37468860000000004,0.3860428,0.397397,0.4087512,0.4201054,0.4314596,0.44281380000000004,0.454168
SF11C46895912282050980,3,,2019-05-18T03:00:00-0400,0.005701,0.005701,0.003003,0.000893,7.6665969e-05,9.046915e-05,0.0008039780760000001,0.014906825154,4.14106e-05,2.0691206e-05,1.3386163999999999e-05,9.016519999999999e-06,0.00019239366400000002,5.9398719e-05,7.0093795e-05,0.0005858461620000001,0.013460625399,3.1167367e-05,1.9748264e-05,9.845627e-06,7.998503e-06,0.00014149882,1.726725e-05,2.0375355000000002e-05,0.000218131914,0.001446199755,1.0243233e-05,9.42942e-07,3.5405369999999998e-06,1.018017e-06,5.0894844000000006e-05,0.0,0.0,0.0,0.0,0.0,0.0,0.0,0.0,0.0,0.998921,1918.5560971904742,0.227084,0.23843820000000002,0.2497924,0.2611466,0.2725008,0.283855,0.2952092,0.30656340000000004,0.3179176,0.3292718,0.340626,0.3519802,0.3633344,0.37468860000000004,0.3860428,0.397397,0.4087512,0.4201054,0.4314596,0.44281380000000004,0.454168
SF11C46895912282050980,4,,2019-05-18T04:00:00-0400,0.005701,0.005701,0.002771,0.001023,7.5331969e-05,8.889503000000001e-05,0.0007871260600000002,0.014795097434,4.0619248e-05,2.0618358e-05,1.3112635999999999e-05,8.937872e-06,0.000188461728,5.9398719e-05,7.0093795e-05,0.0005858461620000001,0.013460625399,3.1167367e-05,1.9748264e-05,9.845627e-06,7.998503e-06,0.00014149882,1.593325e-05,1.8801235e-05,0.000201279898,0.001334472035,9.451881e-06,8.70094e-07,3.267009e-06,9.39369e-07,4.6962908000000006e-05,0.0,0.0,0.0,0.0,0.0,0.0,0.0,0.0,0.0,0.999137,1918.5560971904742,0.227084,0.23843820000000002,0.2497924,0.2611466,0.2725008,0.283855,0.2952092,0.30656340000000004,0.3179176,0.3292718,0.340626,0.3519802,0.3633344,0.37468860000000004,0.3860428,0.397397,0.4087512,0.4201054,0.4314596,0.44281380000000004,0.454168
SF11C46895912282050980,5,,2019-05-18T05:00:00-0400,0.005701,0.005701,0.002606,0.001133,7.4383219e-05,8.7775505e-05,0.0007751407900000001,0.014715635909,4.0056433e-05,2.0566548e-05,1.2918101e-05,8.881937e-06,0.000185665308,5.9398719e-05,7.0093795e-05,0.0005858461620000001,0.013460625399,3.1167367e-05,1.9748264e-05,9.845627e-06,7.998503e-06,0.00014149882,1.4984499999999999e-05,1.7681709999999998e-05,0.00018929462799999996,0.00125501051,8.889066e-06,8.182839999999999e-07,3.0724739999999995e-06,8.83434e-07,4.4166488e-05,0.0,0.0,0.0,0.0,0.0,0.0,0.0,0.0,0.0,0.999281,1918.5560971904742,0.227084,0.23843820000000002,0.2497924,0.2611466,0.2725008,0.283855,0.2952092,0.30656340000000004,0.3179176,0.3292718,0.340626,0.3519802,0.3633344,0.37468860000000004,0.3860428,0.397397,0.4087512,0.4201054,0.4314596,0.44281380000000004,0.454168
SF11C46895912282050980,6,,2019-05-18T06:00:00-0400,0.005701,0.005701,0.002487,0.001226,7.3698969e-05,8.696809e-05,0.0007664968680000001,0.014658327294,3.9650523999999995e-05,2.0529182e-05,1.27778e-05,8.841596e-06,0.00018364849599999998,5.9398719e-05,7.0093795e-05,0.0005858461620000001,0.013460625399,3.1167367e-05,1.9748264e-05,9.845627e-06,7.998503e-06,0.00014149882,1.4300250000000001e-05,1.6874295000000002e-05,0.000180650706,0.001197701895,8.483157e-06,7.80918e-07,2.932173e-06,8.43093e-07,4.2149676e-05,0.0,0.0,0.0,0.0,0.0,0.0,0.0,0.0,0.0,0.999384,1918.5560971904742,0.227084,0.23843820000000002,0.2497924,0.2611466,0.2725008,0.283855,0.2952092,0.30656340000000004,0.3179176,0.3292718,0.340626,0.3519802,0.3633344,0.37468860000000004,0.3860428,0.397397,0.4087512,0.4201054,0.4314596,0.44281380000000004,0.454168
SF11C46895912282050980,7,,2019-05-18T07:00:00-0400,0.005701,0.005701,0.002402,0.001308,7.3210219e-05,8.639136500000001e-05,0.0007603226380000001,0.014617392569,3.9360589e-05,2.0502492e-05,1.2677585e-05,8.812781e-06,0.000182207916,5.9398719e-05,7.0093795e-05,0.0005858461620000001,0.013460625399,3.1167367e-05,1.9748264e-05,9.845627e-06,7.998503e-06,0.00014149882,1.38115e-05,1.6297570000000003e-05,0.00017447647599999998,0.00115676717,8.193222e-06,7.542279999999999e-07,2.831958e-06,8.14278e-07,4.0709096e-05,0.0,0.0,0.0,0.0,0.0,0.0,0.0,0.0,0.0,0.999461,1918.5560971904742,0.227084,0.23843820000000002,0.2497924,0.2611466,0.2725008,0.283855,0.2952092,0.30656340000000004,0.3179176,0.3292718,0.340626,0.3519802,0.3633344,0.37468860000000004,0.3860428,0.397397,0.4087512,0.4201054,0.4314596,0.44281380000000004,0.454168
SF11C46895912282050980,8,,2019-05-18T08:00:00-0400,0.005701,0.005701,0.002187,0.001368,7.1973969e-05,8.493259e-05,0.0007447054680000001,0.014513851794,3.8627224e-05,2.0434982e-05,1.24241e-05,8.739896e-06,0.000178564096,5.9398719e-05,7.0093795e-05,0.0005858461620000001,0.013460625399,3.1167367e-05,1.9748264e-05,9.845627e-06,7.998503e-06,0.00014149882,1.2575250000000001e-05,1.4838795e-05,0.000158859306,0.001053226395,7.459857e-06,6.86718e-07,2.578473e-06,7.41393e-07,3.706527600000001e-05,0.0,0.0,0.0,0.0,0.0,0.0,0.0,0.0,0.0,0.999521,1918.5560971904742,0.227084,0.23843820000000002,0.2497924,0.2611466,0.2725008,0.283855,0.2952092,0.30656340000000004,0.3179176,0.3292718,0.340626,0.3519802,0.3633344,0.37468860000000004,0.3860428,0.397397,0.4087512,0.4201054,0.4314596,0.44281380000000004,0.454168
SF11C46895912282050980,9,,2019-05-18T09:00:00-0400,0.005701,0.005701,0.002871,0.001472,7.5906969e-05,8.957353e-05,0.0007943898600000001,0.014843255934,4.0960348e-05,2.0649758e-05,1.3230536e-05,8.971772e-06,0.000190156528,5.9398719e-05,7.0093795e-05,0.0005858461620000001,0.013460625399,3.1167367e-05,1.9748264e-05,9.845627e-06,7.998503e-06,0.00014149882,1.650825e-05,1.9479734999999998e-05,0.00020854369799999997,0.001382630535,9.792980999999999e-06,9.014939999999999e-07,3.3849089999999996e-06,9.732689999999998e-07,4.8657708e-05,0.0,0.0,0.0,0.0,0.0,0.0,0.0,0.0,0.0,0.999569,1918.5560971904742,0.227084,0.23843820000000002,0.2497924,0.2611466,0.2725008,0.283855,0.2952092,0.30656340000000004,0.3179176,0.3292718,0.340626,0.3519802,0.3633344,0.37468860000000004,0.3860428,0.397397,0.4087512,0.4201054,0.4314596,0.44281380000000004,0.454168
SF11C46895912282050980,10,,2019-05-18T10:00:00-0400,0.020004,0.020004,0.012417,0.002229,0.000279819426,0.00033019852500000004,0.002957597094,0.053211265341,0.000151716255,7.319279400000001e-05,4.9186551e-05,3.2274975000000003e-05,0.000706942596,0.000208421676,0.00024594918,0.002055651048,0.047231424396,0.000109361868,6.929385600000001e-05,3.4546908e-05,2.8065612e-05,0.00049649928,7.139774999999999e-05,8.4249345e-05,0.0009019460459999999,0.005979840944999999,4.2354387e-05,3.898938e-06,1.4639642999999999e-05,4.2093629999999995e-06,0.000210443316,0.0,0.0,0.0,0.0,0.0,0.0,0.0,0.0,0.0,0.997473,6731.941092474697,0.796748,0.8365854,0.8764228000000001,0.9162602,0.9560976,0.995935,1.0357724,1.0756098,1.1154472,1.1552846,1.195122,1.2349594000000002,1.2747968,1.3146342,1.3544716,1.394309,1.4341464,1.4739838,1.5138212000000002,1.5536586,1.593496
SF11C46895912282050980,11,,2019-05-18T11:00:00-0400,0.040008,0.040008,0.029285,0.0041,0.000585232102,0.000690597085,0.006238505926,0.10856606551699999,0.000318614871,0.00014778320200000002,0.000103620831,6.6058839e-05,0.0014893207400000002,0.000416843352,0.00049189836,0.004111302096,0.094462848792,0.000218723736,0.00013858771200000002,6.9093816e-05,5.6131224e-05,0.00099299856,0.00016838874999999999,0.000198698725,0.0021272038299999995,0.014103216725,9.9891135e-05,9.19549e-06,3.4527015e-05,9.927614999999999e-06,0.00049632218,0.0,0.0,0.0,0.0,0.0,0.0,0.0,0.0,0.0,0.992236,13463.882184949394,1.593337,1.67300385,1.7526707,1.83233755,1.9120044,1.99167125,2.0713381,2.15100495,2.2306718,2.31033865,2.3900055,2.4696723499999997,2.5493392,2.62900605,2.7086729,2.78833975,2.8680066,2.94767345,3.0273402999999997,3.1070071500000003,3.186674
SF11C46895912282050980,12,,2019-05-18T12:00:00-0400,0.070014,0.070014,0.058436,0.007857,0.001065482866,0.0012573103900000002,0.011439452836000001,0.193451886446,0.000582091734,0.0002608774,0.000189810222,0.000118039446,0.002728120808,0.0007294758660000001,0.0008608221300000002,0.007194778668000001,0.165309985386,0.000382766538,0.00024252849600000002,0.00012091417800000001,9.822964200000001e-05,0.00173774748,0.000336007,0.00039648826,0.004244674168,0.02814190106,0.000199325196,1.8348904e-05,6.8896044e-05,1.9809804000000002e-05,0.0009903733280000001,0.0,0.0,0.0,0.0,0.0,0.0,0.0,0.0,0.0,0.984415,23561.79382366144,2.787923,2.92731915,3.0667153000000003,3.2061114500000003,3.3455076000000004,3.48490375,3.6242999,3.76369605,3.9030922,4.04248835,4.181884500000001,4.32128065,4.4606768,4.60007295,4.7394691,4.8788652500000005,5.0182614,5.15765755,5.2970537,5.436449850000001,5.575846
SF11C46895912282050980,13,,2019-05-18T13:00:00-0400,0.10002,0.10002,0.092637,0.01372,0.00157477113,0.001858287945,0.017007221646,0.280769711625,0.0008627941469999999,0.000375557298,0.00028195356299999996,0.00017173200299999998,0.0040525082760000004,0.00104210838,0.0012297459,0.01027825524,0.23615712197999997,0.0005468093399999999,0.00034646928,0.00017273454,0.00014032805999999998,0.0024824964,0.00053266275,0.000628542045,0.0067289664059999995,0.044612589645,0.000315984807,2.9088018e-05,0.00010921902299999999,3.1403943e-05,0.001570011876,0.0,0.0,0.0,0.0,0.0,0.0,0.0,0.0,0.0,0.97758,33659.70546237348,3.982152,4.1812596,4.3803672,4.5794748,4.7785824,4.97769,5.1767976,5.3759052,5.5750128,5.7741204,5.973228000000001,6.1723356,6.3714432,6.5705507999999995,6.7696584,6.9687660000000005,7.1678736,7.3669812,7.5660888,7.765196400000001,7.964304
SF11C46895912282050980,14,,2019-05-18T14:00:00-0400,0.130026,0.130026,0.130595,0.021801,0.0021056621439999998,0.0024847567450000003,0.022847891422,0.369896851649,0.001156311687,0.0004914168940000001,0.000378526407,0.000226698183,0.0054405693799999995,0.001354740894,0.0015986696700000002,0.013361731812000002,0.307004258574,0.000710852142,0.000450410064,0.00022455490200000002,0.000182426478,0.0032272453199999997,0.00075092125,0.000886087075,0.009486159609999998,0.06289259307499999,0.000445459545,4.100683e-05,0.00015397150499999997,4.4271705e-05,0.0022133240599999998,0.0,0.0,0.0,0.0,0.0,0.0,0.0,0.0,0.0,0.972861,43757.61710108553,5.176024,5.4348252,5.6936264,5.9524276,6.2112288,6.4700299999999995,6.7288312,6.9876324,7.2464336,7.5052348,7.764036,8.0228372,8.2816384,8.5404396,8.7992408,9.058042,9.316843200000001,9.5756444,9.8344456,10.0932468,10.352048
SF11C46895912282050980,15,,2019-05-18T15:00:00-0400,0.160032,0.160032,0.1708,0.032104,0.0026494734080000004,0.0031264714400000004,0.028851778784,0.460106113168,0.0014574937439999999,0.0006079820480000001,0.000477748464,0.000282426096,0.0068667126400000006,0.001667373408,0.00196759344,0.016445208384,0.377851395168,0.000874894944,0.0005543508480000001,0.000276375264,0.000224524896,0.00397199424,0.0009821,0.0011588780000000001,0.012406570399999999,0.082254718,0.0005825988,5.36312e-05,0.00020137319999999998,5.79012e-05,0.0028947184000000003,0.0,0.0,0.0,0.0,0.0,0.0,0.0,0.0,0.0,0.969563,53855.52873979758,6.36954,6.688016999999999,7.006494,7.324971,7.643447999999999,7.961925,8.280402,8.598879,8.917356,9.235833,9.554310000000001,9.872786999999999,10.191264,10.509741,10.828218,11.146695000000001,11.465171999999999,11.783649,12.102126,12.420603,12.739080000000001
SF11C46895912282050980,16,,2019-05-18T16:00:00-0400,0.170034,0.170034,0.189309,0.042975,0.002860110996,0.003375029595,0.03122406105,0.49263548213099995,0.001575308877,0.000648440802,0.0005168440289999999,0.000302733453,0.007428652811999999,0.0017715842459999998,0.00209056803,0.017473033908,0.40146710736599994,0.0009295758779999999,0.000588997776,0.000293648718,0.000238557702,0.004220243879999999,0.00108852675,0.001284461565,0.013751027142,0.091168374765,0.000645732999,5.9443026e-05,0.00022319531099999998,6.4175751e-05,0.0032084089320000004,0.0,0.0,0.0,0.0,0.0,0.0,0.0,0.0,0.0,0.971575,57221.499286034916,6.767299,7.10566395,7.4440289,7.78239385,8.1207588,8.45912375,8.7974887,9.135853650000001,9.4742186,9.81258355,10.1509485,10.489313450000001,10.8276784,11.16604335,11.504408300000001,11.84277325,12.1811382,12.51950315,12.857868100000001,13.19623305,13.534597999999999
SF11C46895912282050980,17,,2019-05-18T17:00:00-0400,0.120024,0.120024,0.137004,0.049477,0.0020383030559999998,0.00240526722,0.02228560284,0.34936761771599995,0.001123491852,0.00045878239200000003,0.000368809164,0.000214838028,0.005300939471999999,0.001250530056,0.00147569508,0.012333906288000001,0.283388546376,0.000656171208,0.00041576313600000004,0.00020728144800000002,0.000168393672,0.00297899568,0.0007877729999999999,0.0009295721399999999,0.009951696551999999,0.06597907133999999,0.00046732064399999994,4.3019255999999996e-05,0.00016152771599999997,4.6444356e-05,0.002321943792,0.0,0.0,0.0,0.0,0.0,0.0,0.0,0.0,0.0,0.984808,40391.64655484818,4.778106,5.0170113,5.2559166,5.4948219,5.733727200000001,5.9726325000000005,6.2115378,6.4504431,6.6893484,6.928253700000001,7.167159,7.406064300000001,7.6449696000000005,7.8838749,8.122780200000001,8.3616855,8.6005908,8.839496100000002,9.0784014,9.3173067,9.556212
SF11C46895912282050980,18,,2019-05-18T18:00:00-0400,0.070014,0.070014,0.08058,0.051627,0.001192810866,0.0014075574300000003,0.013047948708,0.204116104686,0.000657624918,0.000267830616,0.000215917998,0.00012554626200000002,0.0031034173200000003,0.0007294758660000001,0.0008608221300000002,0.007194778668000001,0.165309985386,0.000382766538,0.00024252849600000002,0.00012091417800000001,9.822964200000001e-05,0.00173774748,0.000463335,0.0005467353,0.005853170039999999,0.0388061193,0.00027485838,2.5302119999999998e-05,9.500381999999999e-05,2.731662e-05,0.00136566984,0.0,0.0,0.0,0.0,0.0,0.0,0.0,0.0,0.0,0.994628,23561.79382366144,2.787923,2.92731915,3.0667153000000003,3.2061114500000003,3.3455076000000004,3.48490375,3.6242999,3.76369605,3.9030922,4.04248835,4.181884500000001,4.32128065,4.4606768,4.60007295,4.7394691,4.8788652500000005,5.0182614,5.15765755,5.2970537,5.436449850000001,5.575846
SF11C46895912282050980,19,,2019-05-18T19:00:00-0400,0.040008,0.040008,0.045668,0.051215,0.000679434352,0.00080175574,0.00742853428,0.11645587257199999,0.000374497284,0.000152927464,0.000122936388,7.1612676e-05,0.0017669798240000003,0.000416843352,0.00049189836,0.004111302096,0.094462848792,0.000218723736,0.00013858771200000002,6.9093816e-05,5.6131224e-05,0.00099299856,0.000262591,0.00030985738,0.003317232184,0.02199302378,0.000155773548,1.4339752e-05,5.3842571999999995e-05,1.5481452e-05,0.0007739812640000001,0.0,0.0,0.0,0.0,0.0,0.0,0.0,0.0,0.0,0.998295,13463.882184949394,1.593337,1.67300385,1.7526707,1.83233755,1.9120044,1.99167125,2.0713381,2.15100495,2.2306718,2.31033865,2.3900055,2.4696723499999997,2.5493392,2.62900605,2.7086729,2.78833975,2.8680066,2.94767345,3.0273402999999997,3.1070071500000003,3.186674
SF11C46895912282050980,20,,2019-05-18T20:00:00-0400,0.005701,0.005701,0.006347,0.048113,9.5893969e-05,0.00011315819,0.001046879548,0.016517245394,5.2816984e-05,2.1741222e-05,1.732874e-05,1.0150136e-05,0.000249067776,5.9398719e-05,7.0093795e-05,0.0005858461620000001,0.013460625399,3.1167367e-05,1.9748264e-05,9.845627e-06,7.998503e-06,0.00014149882,3.649525e-05,4.3064395e-05,0.000461033386,0.003056619995,2.1649617e-05,1.992958e-06,7.483113e-06,2.151633e-06,0.00010756895600000001,0.0,0.0,0.0,0.0,0.0,0.0,0.0,0.0,0.0,0.9999,1918.5560971904742,0.227084,0.23843820000000002,0.2497924,0.2611466,0.2725008,0.283855,0.2952092,0.30656340000000004,0.3179176,0.3292718,0.340626,0.3519802,0.3633344,0.37468860000000004,0.3860428,0.397397,0.4087512,0.4201054,0.4314596,0.44281380000000004,0.454168
SF11C46895912282050980,21,,2019-05-18T21:00:00-0400,0.005701,0.005701,0.006085,0.045207,9.4387469e-05,0.00011138052,0.0010278483920000002,0.016391070124,5.1923302e-05,2.1658954e-05,1.7019842e-05,1.0061318e-05,0.0002446274,5.9398719e-05,7.0093795e-05,0.0005858461620000001,0.013460625399,3.1167367e-05,1.9748264e-05,9.845627e-06,7.998503e-06,0.00014149882,3.498875e-05,4.1286725e-05,0.00044200223,0.002930444725,2.0755935e-05,1.91069e-06,7.174215e-06,2.062815e-06,0.00010312858,0.0,0.0,0.0,0.0,0.0,0.0,0.0,0.0,0.0,0.999975,1918.5560971904742,0.227084,0.23843820000000002,0.2497924,0.2611466,0.2725008,0.283855,0.2952092,0.30656340000000004,0.3179176,0.3292718,0.340626,0.3519802,0.3633344,0.37468860000000004,0.3860428,0.397397,0.4087512,0.4201054,0.4314596,0.44281380000000004,0.454168
SF11C46895912282050980,22,,2019-05-18T22:00:00-0400,0.005701,0.005701,0.005726,0.042477,9.2323219e-05,0.00010894470500000001,0.0010017713500000002,0.016218181109,5.0698752999999995e-05,2.1546228e-05,1.6596580999999998e-05,9.939616999999999e-06,0.00023854306800000002,5.9398719e-05,7.0093795e-05,0.0005858461620000001,0.013460625399,3.1167367e-05,1.9748264e-05,9.845627e-06,7.998503e-06,0.00014149882,3.29245e-05,3.8850910000000005e-05,0.000415925188,0.00275755571,1.9531386e-05,1.797964e-06,6.750953999999999e-06,1.941114e-06,9.704424800000001e-05,0.0,0.0,0.0,0.0,0.0,0.0,0.0,0.0,0.0,0.999975,1918.5560971904742,0.227084,0.23843820000000002,0.2497924,0.2611466,0.2725008,0.283855,0.2952092,0.30656340000000004,0.3179176,0.3292718,0.340626,0.3519802,0.3633344,0.37468860000000004,0.3860428,0.397397,0.4087512,0.4201054,0.4314596,0.44281380000000004,0.454168
SF11C46895912282050980,23,,2019-05-18T23:00:00-0400,0.005701,0.005701,0.00528,0.039905,8.9758719e-05,0.000105918595,0.0009693748020000001,0.016003394199,4.9177446999999996e-05,2.1406184e-05,1.6070747e-05,9.788422999999999e-06,0.00023098426,5.9398719e-05,7.0093795e-05,0.0005858461620000001,0.013460625399,3.1167367e-05,1.9748264e-05,9.845627e-06,7.998503e-06,0.00014149882,3.036e-05,3.58248e-05,0.00038352863999999994,0.0025427687999999998,1.801008e-05,1.65792e-06,6.22512e-06,1.78992e-06,8.948544e-05,0.0,0.0,0.0,0.0,0.0,0.0,0.0,0.0,0.0,0.999975,1918.5560971904742,0.227084,0.23843820000000002,0.2497924,0.2611466,0.2725008,0.283855,0.2952092,0.30656340000000004,0.3179176,0.3292718,0.340626,0.3519802,0.3633344,0.37468860000000004,0.3860428,0.397397,0.4087512,0.4201054,0.4314596,0.44281380000000004,0.454168
SF11C46896012282050980,0,,2019-05-18T00:00:00-0400,0.005701,0.005701,0.004403,0.000304,0.012325378819,0.014543948789,0.150733004548,1.289070474152,0.007189561542999999,0.001172155711,0.002456739336,0.000862272516,0.035315586206000005,0.0017970749209999999,0.002120549661,0.01772389591,0.40722995532,0.000942968204,0.000597379285,0.000297803137,0.00024191623400000002,0.004280886601000001,0.010528303898,0.012423399128,0.133009108638,0.881840518832,0.006246593338999999,0.000574776426,0.002158936199,0.0006203562819999999,0.031034699605,0.0,0.0,0.0,0.0,0.0,0.0,0.0,0.0,0.0,0.898092,1282529.4363827258,10.71282,11.248461,11.784102,12.319743,12.855384,13.391025,13.926666,14.462307000000001,14.997948000000001,15.533589000000001,16.06923,16.604871000000003,17.140512,17.676153,18.211794,18.747435000000003,19.283076,19.818717,20.354358,20.889999000000003,21.42564
SF11C46896012282050980,1,,2019-05-18T01:00:00-0400,0.005701,0.005701,0.003775,0.000544,0.010823726571,0.012771999061000001,0.13176191206,1.16329353892,0.006298609778999999,0.001090175335,0.002148810212,0.000773791084,0.030889106226000003,0.0017970749209999999,0.002120549661,0.01772389591,0.40722995532,0.000942968204,0.000597379285,0.000297803137,0.00024191623400000002,0.004280886601000001,0.00902665165,0.0106514494,0.11403801615,0.7560635836,0.005355641574999999,0.00049279605,0.0018510070750000001,0.00053187485,0.026608219625000002,0.0,0.0,0.0,0.0,0.0,0.0,0.0,0.0,0.0,0.898092,1282529.4363827258,10.71282,11.248461,11.784102,12.319743,12.855384,13.391025,13.926666,14.462307000000001,14.997948000000001,15.533589000000001,16.06923,16.604871000000003,17.140512,17.676153,18.211794,18.747435000000003,19.283076,19.818717,20.354358,20.889999000000003,21.42564
SF11C46896012282050980,2,,2019-05-18T02:00:00-0400,0.005701,0.005701,0.003325,0.000737,0.009747701870999999,0.011502289861,0.11816797636,1.07316675412,0.005660188928999999,0.001031431435,0.001928160362,0.000710388784,0.027717265476,0.0017970749209999999,0.002120549661,0.01772389591,0.40722995532,0.000942968204,0.000597379285,0.000297803137,0.00024191623400000002,0.004280886601000001,0.00795062695,0.009381740199999999,0.10044408045,0.6659367988,0.0047172207249999995,0.0004340521499999999,0.001630357225,0.00046847254999999997,0.023436378875,0.0,0.0,0.0,0.0,0.0,0.0,0.0,0.0,0.0,0.932061,1282529.4363827258,10.71282,11.248461,11.784102,12.319743,12.855384,13.391025,13.926666,14.462307000000001,14.997948000000001,15.533589000000001,16.06923,16.604871000000003,17.140512,17.676153,18.211794,18.747435000000003,19.283076,19.818717,20.354358,20.889999000000003,21.42564
SF11C46896012282050980,3,,2019-05-18T03:00:00-0400,0.005701,0.005701,0.003003,0.000893,0.008977746419,0.010593742389,0.108440760148,1.0086760325520001,0.005203363343,0.000989396911,0.001770273136,0.000665020916,0.025447637206,0.0017970749209999999,0.002120549661,0.01772389591,0.40722995532,0.000942968204,0.000597379285,0.000297803137,0.00024191623400000002,0.004280886601000001,0.007180671498,0.008473192728,0.090716864238,0.601446077232,0.004260395139,0.000392017626,0.001472469999,0.000423104682,0.021166750605,0.0,0.0,0.0,0.0,0.0,0.0,0.0,0.0,0.0,0.949046,1282529.4363827258,10.71282,11.248461,11.784102,12.319743,12.855384,13.391025,13.926666,14.462307000000001,14.997948000000001,15.533589000000001,16.06923,16.604871000000003,17.140512,17.676153,18.211794,18.747435000000003,19.283076,19.818717,20.354358,20.889999000000003,21.42564
SF11C46896012282050980,4,,2019-05-18T04:00:00-0400,0.005701,0.005701,0.002771,0.001023,0.008422995907,0.009939136757,0.101432331076,0.9622106679440001,0.004874221927,0.000959111167,0.00165651588,0.000632333508,0.023812377086,0.0017970749209999999,0.002120549661,0.01772389591,0.40722995532,0.000942968204,0.000597379285,0.000297803137,0.00024191623400000002,0.004280886601000001,0.006625920986000001,0.007818587096,0.083708435166,0.5549807126240001,0.003931253723,0.00036173188199999996,0.001358712743,0.000390417274,0.019531490485,0.0,0.0,0.0,0.0,0.0,0.0,0.0,0.0,0.0,0.959237,1282529.4363827258,10.71282,11.248461,11.784102,12.319743,12.855384,13.391025,13.926666,14.462307000000001,14.997948000000001,15.533589000000001,16.06923,16.604871000000003,17.140512,17.676153,18.211794,18.747435000000003,19.283076,19.818717,20.354358,20.889999000000003,21.42564
SF11C46896012282050980,5,,2019-05-18T05:00:00-0400,0.005701,0.005701,0.002606,0.001133,0.008028453517,0.009473576716999998,0.096447887986,0.929164180184,0.0046401342819999995,0.000937571737,0.001575610935,0.000609085998,0.022649368811,0.0017970749209999999,0.002120549661,0.01772389591,0.40722995532,0.000942968204,0.000597379285,0.000297803137,0.00024191623400000002,0.004280886601000001,0.0062313785959999994,0.007353027055999999,0.078723992076,0.521934224864,0.0036971660779999992,0.00034019245199999994,0.001277807798,0.00036716976399999996,0.01836848221,0.0,0.0,0.0,0.0,0.0,0.0,0.0,0.0,0.0,0.966031,1282529.4363827258,10.71282,11.248461,11.784102,12.319743,12.855384,13.391025,13.926666,14.462307000000001,14.997948000000001,15.533589000000001,16.06923,16.604871000000003,17.140512,17.676153,18.211794,18.747435000000003,19.283076,19.818717,20.354358,20.889999000000003,21.42564
SF11C46896012282050980,6,,2019-05-18T06:00:00-0400,0.005701,0.005701,0.002487,0.001226,0.007743904763000001,0.009137809173,0.092853047212,0.9053306526480001,0.0044713074349999994,0.000922037239,0.001517261308,0.000592319612,0.021810593146000003,0.0017970749209999999,0.002120549661,0.01772389591,0.40722995532,0.000942968204,0.000597379285,0.000297803137,0.00024191623400000002,0.004280886601000001,0.005946829842000001,0.007017259512,0.075129151302,0.498100697328,0.0035283392309999996,0.000324657954,0.001219458171,0.000350403378,0.017529706545000003,0.0,0.0,0.0,0.0,0.0,0.0,0.0,0.0,0.0,0.970883,1282529.4363827258,10.71282,11.248461,11.784102,12.319743,12.855384,13.391025,13.926666,14.462307000000001,14.997948000000001,15.533589000000001,16.06923,16.604871000000003,17.140512,17.676153,18.211794,18.747435000000003,19.283076,19.818717,20.354358,20.889999000000003,21.42564
SF11C46896012282050980,7,,2019-05-18T07:00:00-0400,0.005701,0.005701,0.002402,0.001308,0.007540655653,0.008897975213,0.090285303802,0.888306704408,0.004350716829999999,0.000910941169,0.0014755830030000001,0.000580343622,0.021211467671000003,0.0017970749209999999,0.002120549661,0.01772389591,0.40722995532,0.000942968204,0.000597379285,0.000297803137,0.00024191623400000002,0.004280886601000001,0.005743580732,0.006777425552,0.07256140789200001,0.481076749088,0.0034077486259999996,0.000313561884,0.0011777798660000001,0.000338427388,0.016930581070000002,0.0,0.0,0.0,0.0,0.0,0.0,0.0,0.0,0.0,0.974523,1282529.4363827258,10.71282,11.248461,11.784102,12.319743,12.855384,13.391025,13.926666,14.462307000000001,14.997948000000001,15.533589000000001,16.06923,16.604871000000003,17.140512,17.676153,18.211794,18.747435000000003,19.283076,19.818717,20.354358,20.889999000000003,21.42564
SF11C46896012282050980,8,,2019-05-18T08:00:00-0400,0.005701,0.005701,0.002187,0.001368,0.007026554963,0.008291336373,0.083790423412,0.845246129448,0.004045693535,0.0008828746390000001,0.001370161408,0.0005500514120000001,0.019696032646000002,0.0017970749209999999,0.002120549661,0.01772389591,0.40722995532,0.000942968204,0.000597379285,0.000297803137,0.00024191623400000002,0.004280886601000001,0.005229480042000001,0.006170786712,0.06606652750200001,0.43801617412800004,0.003102725331,0.000285495354,0.001072358271,0.000308135178,0.015415146045000001,0.0,0.0,0.0,0.0,0.0,0.0,0.0,0.0,0.0,0.977354,1282529.4363827258,10.71282,11.248461,11.784102,12.319743,12.855384,13.391025,13.926666,14.462307000000001,14.997948000000001,15.533589000000001,16.06923,16.604871000000003,17.140512,17.676153,18.211794,18.747435000000003,19.283076,19.818717,20.354358,20.889999000000003,21.42564
SF11C46896012282050980,9,,2019-05-18T09:00:00-0400,0.005701,0.005701,0.002871,0.001472,0.008662112507,0.010221294357,0.104453205676,0.982238842344,0.005016093227,0.0009721653669999999,0.00170554918,0.000646422908,0.024517230586,0.0017970749209999999,0.002120549661,0.01772389591,0.40722995532,0.000942968204,0.000597379285,0.000297803137,0.00024191623400000002,0.004280886601000001,0.006865037586,0.008100744695999999,0.086729309766,0.575008887024,0.004073125023,0.00037478608199999994,0.001407746043,0.00040450667399999997,0.020236343985,0.0,0.0,0.0,0.0,0.0,0.0,0.0,0.0,0.0,0.979618,1282529.4363827258,10.71282,11.248461,11.784102,12.319743,12.855384,13.391025,13.926666,14.462307000000001,14.997948000000001,15.533589000000001,16.06923,16.604871000000003,17.140512,17.676153,18.211794,18.747435000000003,19.283076,19.818717,20.354358,20.889999000000003,21.42564
SF11C46896012282050980,10,,2019-05-18T10:00:00-0400,0.020004,0.020004,0.012417,0.002229,0.035996789106,0.042476217036,0.437292634722,3.915810540528,0.020924900936999998,0.0037170591540000002,0.007133413809,0.002598330534,0.10254268269899999,0.006305680884,0.0074407078440000005,0.06219063564,1.4289121252800001,0.003308741616,0.0020961191400000003,0.001044948948,0.000848849736,0.015021023604,0.029691108222,0.035035509192,0.375101999082,2.486898415248,0.017616159320999997,0.0016209400139999997,0.006088464861,0.0017494807979999997,0.087521659095,0.0,0.0,0.0,0.0,0.0,0.0,0.0,0.0,0.0,0.88065,4500213.795018426,37.46365,39.3368325,41.210015,43.0831975,44.95638,46.8295625,48.702745,50.5759275,52.449110000000005,54.3222925,56.195475,58.0686575,59.94184,61.8150225,63.688204999999996,65.5613875,67.43457000000001,69.30775249999999,71.180935,73.0541175,74.9273
SF11C46896012282050980,11,,2019-05-18T11:00:00-0400,0.040008,0.040008,0.029285,0.0041,0.082636658078,0.09751126884799999,1.00904439789,8.723075123600001,0.048164493436999994,0.00801516075,0.016449299801,0.005823780262,0.23645839468299998,0.012611361768,0.014881415688000001,0.12438127128,2.8578242505600002,0.006617483232,0.004192238280000001,0.002089897896,0.001697699472,0.030042047208,0.07002529631,0.08262985315999999,0.88466312661,5.86525087304,0.04154701020499999,0.0038229224699999997,0.014359401905,0.004126080789999999,0.20641634747499998,0.0,0.0,0.0,0.0,0.0,0.0,0.0,0.0,0.0,0.67521,9000427.590036852,74.576418,78.3052389,82.03405980000001,85.76288070000001,89.4917016,93.2205225,96.9493434,100.6781643,104.40698520000001,108.1358061,111.86462700000001,115.5934479,119.3222688,123.0510897,126.77991060000001,130.5087315,134.2375524,137.96637330000001,141.6951942,145.42401510000002,149.152836
SF11C46896012282050980,12,,2019-05-18T12:00:00-0400,0.070014,0.070014,0.058435,0.007857,0.161797668304,0.190921271014,1.9829152972500002,16.70465614912,0.094483089811,0.01496463876,0.032309930173000004,0.011204114966,0.46445472533900006,0.022069883094,0.026042477454000002,0.21766722474,5.00119243848,0.011580595656000002,0.0073364169900000005,0.0036573213180000003,0.002970974076,0.05257358261400001,0.13972778521,0.16487879356,1.7652480725100002,11.703463710640001,0.08290249415499999,0.00762822177,0.028652608855,0.008233140889999999,0.41188114272500004,0.0,0.0,0.0,0.0,0.0,0.0,0.0,0.0,0.0,0.644382,15750748.282564491,129.594849,136.07459145,142.55433390000002,149.03407635000002,155.51381880000002,161.99356125000003,168.47330370000003,174.95304615,181.4327886,187.91253105,194.39227350000002,200.87201595000002,207.35175840000002,213.83150085000003,220.3112433,226.79098575,233.2707282,239.75047065,246.23021310000001,252.70995555000002,259.189698
SF11C46896012282050980,13,,2019-05-18T13:00:00-0400,0.10002,0.10002,0.092636,0.01372,0.253036457996,0.298583053556,3.109370572656,25.697860263584,0.14796760554799998,0.022573484411999998,0.050647232528000005,0.017296105263999998,0.7280532062799999,0.031528404419999996,0.03720353922,0.31095317819999996,7.1445606264,0.01654370808,0.0104805957,0.0052247447399999996,0.00424424868,0.07510511802,0.221508053576,0.261379514336,2.798417394456,18.553299637184,0.13142389746799998,0.012092888711999998,0.045422487788,0.013051856583999998,0.65294808826,0.0,0.0,0.0,0.0,0.0,0.0,0.0,0.0,0.0,0.668988,22501068.975092128,183.842145,193.03425224999998,202.2263595,211.41846675,220.61057399999999,229.80268124999998,238.99478849999997,248.18689575,257.379003,266.57111024999995,275.7632175,284.95532475,294.147432,303.33953925,312.53164649999997,321.72375375,330.91586099999995,340.10796825,349.30007549999993,358.49218275,367.68429
SF11C46896012282050980,14,,2019-05-18T14:00:00-0400,0.130026,0.130026,0.130595,0.021801,0.35326124951599996,0.4168483187059999,4.34935031553,35.443723172,0.20678364473899996,0.030672906899999998,0.070827206297,0.023917575213999998,1.018140081751,0.040986925746,0.048364600986,0.40423913166,9.28792881432,0.021506820504,0.01362477441,0.006792168162,0.0055175232840000005,0.097636653426,0.31227432377,0.36848371771999994,3.94511118387,26.155794357679998,0.18527682423499997,0.017048132489999996,0.064035038135,0.018400051929999998,0.920503428325,0.0,0.0,0.0,0.0,0.0,0.0,0.0,0.0,0.0,0.703836,29251389.66761977,237.329116,249.1955718,261.0620276,272.9284834,284.7949392,296.66139499999997,308.5278508,320.3943066,332.2607624,344.1272182,355.993674,367.8601298,379.7265856,391.5930414,403.4594972,415.325953,427.1924088,439.0588646,450.92532040000003,462.7917762,474.658232
SF11C46896012282050980,15,,2019-05-18T15:00:00-0400,0.160032,0.160032,0.170799,0.032104,0.458854208706,0.5414480219760001,5.657148693174001,45.639218595696,0.268784694615,0.039065396178000006,0.09210797765100001,0.030855352194,1.3240509182970002,0.050445447072,0.059525662752000004,0.49752508512,11.431297002240001,0.026469932928,0.016768953120000003,0.008359591584,0.006790797888,0.120168188832,0.40840876163400003,0.481922359224,5.159623608054001,34.207921593456,0.242314761687,0.022296443058,0.08374838606700001,0.024064554305999998,1.203882729465,0.0,0.0,0.0,0.0,0.0,0.0,0.0,0.0,0.0,0.736568,36001710.36014741,290.066417,304.56973785,319.0730587,333.57637955,348.0797004,362.58302125,377.0863421,391.58966295,406.0929838,420.59630465,435.0996255,449.60294635,464.1062672,478.60958804999996,493.1129089,507.61622975,522.1195506,536.62287145,551.1261923,565.62951315,580.132834
SF11C46896012282050980,16,,2019-05-18T16:00:00-0400,0.170034,0.170034,0.189309,0.042975,0.506267531808,0.597395747658,6.247407899454,50.060889739776,0.296699443053,0.042529788168,0.10170651595500001,0.033887725002,1.462029812949,0.05359828751399999,0.063246016674,0.5286204029399999,12.14575306488,0.028124303735999997,0.017817012689999998,0.008882066058,0.007215222756,0.127678700634,0.452669244294,0.534149730984,5.718787496514,37.915136674896004,0.268575139317,0.024712775478,0.092824449897,0.026672502246,1.334351112315,0.0,0.0,0.0,0.0,0.0,0.0,0.0,0.0,0.0,0.756844,38251817.25765662,307.480745,322.85478225,338.2288195,353.60285675,368.976894,384.35093125000003,399.72496850000005,415.09900575,430.473043,445.84708025000003,461.2211175,476.59515475,491.969192,507.34322925000004,522.7172665,538.09130375,553.4653410000001,568.83937825,584.2134155000001,599.58745275,614.96149
SF11C46896012282050980,17,,2019-05-18T17:00:00-0400,0.120024,0.120024,0.137004,0.049477,0.365433391968,0.43121144536799993,4.5118628508239995,36.012872806656,0.21422180554799997,0.030461491007999997,0.07344727602,0.024396139991999997,1.055803630764,0.037834085303999995,0.044644247064,0.37314381384,8.57347275168,0.019852449696000002,0.012576714840000001,0.0062696936880000005,0.005093098416,0.09012614162400001,0.327599306664,0.38656719830399994,4.138719036984,27.439400054975998,0.19436935585199996,0.017884776167999997,0.067177582332,0.019303041575999998,0.96567748914,0.0,0.0,0.0,0.0,0.0,0.0,0.0,0.0,0.0,0.828361,27001282.770110555,219.583945,230.56314225,241.5423395,252.52153675,263.500734,274.47993125,285.4591285,296.43832575,307.417523,318.39672025,329.3759175,340.35511475,351.334312,362.31350925000004,373.2927065,384.27190375,395.251101,406.23029825000003,417.2094955,428.18869275,439.16789
SF11C46896012282050980,18,,2019-05-18T18:00:00-0400,0.070014,0.070014,0.080581,0.051627,0.21475243053999998,0.25340789311,2.651918186166,21.140095651744,0.125901907909,0.017855621892,0.043168844791,0.01432435349,0.620551581449,0.022069883094,0.026042477454000002,0.21766722474,5.00119243848,0.011580595656000002,0.0073364169900000005,0.0036573213180000003,0.002970974076,0.05257358261400001,0.192682547446,0.227365415656,2.434250961426,16.138903213264,0.11432131225299999,0.010519204902,0.039511523473,0.011353379414,0.567977998835,0.0,0.0,0.0,0.0,0.0,0.0,0.0,0.0,0.0,0.899877,15750748.282564491,129.594849,136.07459145,142.55433390000002,149.03407635000002,155.51381880000002,161.99356125000003,168.47330370000003,174.95304615,181.4327886,187.91253105,194.39227350000002,200.87201595000002,207.35175840000002,213.83150085000003,220.3112433,226.79098575,233.2707282,239.75047065,246.23021310000001,252.70995555000002,259.189698
SF11C46896012282050980,19,,2019-05-18T19:00:00-0400,0.040008,0.040008,0.045668,0.051215,0.12181113065600001,0.143737148456,1.5039542836080002,12.004290935552,0.07140726851599999,0.010153830336000001,0.024482425340000002,0.008132046664,0.351934543588,0.012611361768,0.014881415688000001,0.12438127128,2.8578242505600002,0.006617483232,0.004192238280000001,0.002089897896,0.001697699472,0.030042047208,0.10919976888800001,0.128855732768,1.3795730123280001,9.146466684992,0.06478978528399999,0.005961592056,0.022392527444000002,0.006434347191999999,0.32189249638,0.0,0.0,0.0,0.0,0.0,0.0,0.0,0.0,0.0,0.942787,9000427.590036852,74.576418,78.3052389,82.03405980000001,85.76288070000001,89.4917016,93.2205225,96.9493434,100.6781643,104.40698520000001,108.1358061,111.86462700000001,115.5934479,119.3222688,123.0510897,126.77991060000001,130.5087315,134.2375524,137.96637330000001,141.6951942,145.42401510000002,149.152836
SF11C46896012282050980,20,,2019-05-18T20:00:00-0400,0.005701,0.005701,0.006348,0.048113,0.016976196689000002,0.020031914109,0.20948901551800003,1.678618466232,0.009948958328,0.001426059901,0.0034104370210000005,0.001136311346,0.04902498678100001,0.0017970749209999999,0.002120549661,0.01772389591,0.40722995532,0.000942968204,0.000597379285,0.000297803137,0.00024191623400000002,0.004280886601000001,0.015179121768000002,0.017911364448,0.19176511960800002,1.271388510912,0.009005990124,0.000828680616,0.0031126338840000004,0.000894395112,0.04474410018,0.0,0.0,0.0,0.0,0.0,0.0,0.0,0.0,0.0,0.992988,1282529.4363827258,10.71282,11.248461,11.784102,12.319743,12.855384,13.391025,13.926666,14.462307000000001,14.997948000000001,15.533589000000001,16.06923,16.604871000000003,17.140512,17.676153,18.211794,18.747435000000003,19.283076,19.818717,20.354358,20.889999000000003,21.42564
SF11C46896012282050980,21,,2019-05-18T21:00:00-0400,0.005701,0.005701,0.006085,0.045207,0.016347320031,0.019289839621,0.20154411532000002,1.62594436756,0.009575836809,0.001391727355,0.0032814794420000003,0.001099256224,0.047171222076,0.0017970749209999999,0.002120549661,0.01772389591,0.40722995532,0.000942968204,0.000597379285,0.000297803137,0.00024191623400000002,0.004280886601000001,0.01455024511,0.01716928996,0.18382021941,1.21871441224,0.008632868605,0.00079434807,0.0029836763050000003,0.00085733999,0.042890335475,0.0,0.0,0.0,0.0,0.0,0.0,0.0,0.0,0.0,0.998251,1282529.4363827258,10.71282,11.248461,11.784102,12.319743,12.855384,13.391025,13.926666,14.462307000000001,14.997948000000001,15.533589000000001,16.06923,16.604871000000003,17.140512,17.676153,18.211794,18.747435000000003,19.283076,19.818717,20.354358,20.889999000000003,21.42564
SF11C46896012282050980,22,,2019-05-18T22:00:00-0400,0.005701,0.005701,0.005726,0.042477,0.015488891437,0.018276893837,0.19069917550600002,1.554043221464,0.009066518842,0.001344862777,0.003105449895,0.001048675278,0.044640798011,0.0017970749209999999,0.002120549661,0.01772389591,0.40722995532,0.000942968204,0.000597379285,0.000297803137,0.00024191623400000002,0.004280886601000001,0.013691816516,0.016156344176,0.172975279596,1.146813266144,0.008123550638,0.0007474834919999999,0.002807646758,0.0008067590439999999,0.040359911410000004,0.0,0.0,0.0,0.0,0.0,0.0,0.0,0.0,0.0,0.998251,1282529.4363827258,10.71282,11.248461,11.784102,12.319743,12.855384,13.391025,13.926666,14.462307000000001,14.997948000000001,15.533589000000001,16.06923,16.604871000000003,17.140512,17.676153,18.211794,18.747435000000003,19.283076,19.818717,20.354358,20.889999000000003,21.42564
SF11C46896012282050980,23,,2019-05-18T23:00:00-0400,0.005701,0.005701,0.00528,0.039905,0.014422431401,0.017018470940999997,0.17722607479000002,1.46471756364,0.008433772844,0.001286641045,0.002886761377,0.0009858365539999999,0.04149715140100001,0.0017970749209999999,0.002120549661,0.01772389591,0.40722995532,0.000942968204,0.000597379285,0.000297803137,0.00024191623400000002,0.004280886601000001,0.01262535648,0.014897921279999999,0.15950217888,1.05748760832,0.007490804639999999,0.0006892617599999999,0.00258895824,0.0007439203199999999,0.0372162648,0.0,0.0,0.0,0.0,0.0,0.0,0.0,0.0,0.0,0.998251,1282529.4363827258,10.71282,11.248461,11.784102,12.319743,12.855384,13.391025,13.926666,14.462307000000001,14.997948000000001,15.533589000000001,16.06923,16.604871000000003,17.140512,17.676153,18.211794,18.747435000000003,19.283076,19.818717,20.354358,20.889999000000003,21.42564
SF11C46896112282050980,0,,2019-05-18T00:00:00-0700,0.005701,0.005701,0.004756,0.000329,0.0,0.0,0.0,0.0,0.0,0.0,0.0,0.0,0.0,0.0,0.0,0.0,0.0,0.0,0.0,0.0,0.0,0.0,0.0,0.0,0.0,0.0,0.0,0.0,0.0,0.0,0.0,0.0,0.0,0.0,0.0,0.0,0.0,0.0,0.0,0.0,0.95559,,0.0,0.0,0.0,0.0,0.0,0.0,0.0,0.0,0.0,0.0,0.0,0.0,0.0,0.0,0.0,0.0,0.0,0.0,0.0,0.0,0.0
SF11C46896112282050980,1,,2019-05-18T01:00:00-0700,0.005701,0.005701,0.003952,0.000579,0.0,0.0,0.0,0.0,0.0,0.0,0.0,0.0,0.0,0.0,0.0,0.0,0.0,0.0,0.0,0.0,0.0,0.0,0.0,0.0,0.0,0.0,0.0,0.0,0.0,0.0,0.0,0.0,0.0,0.0,0.0,0.0,0.0,0.0,0.0,0.0,0.95559,,0.0,0.0,0.0,0.0,0.0,0.0,0.0,0.0,0.0,0.0,0.0,0.0,0.0,0.0,0.0,0.0,0.0,0.0,0.0,0.0,0.0
SF11C46896112282050980,2,,2019-05-18T02:00:00-0700,0.005701,0.005701,0.0034,0.000774,0.0,0.0,0.0,0.0,0.0,0.0,0.0,0.0,0.0,0.0,0.0,0.0,0.0,0.0,0.0,0.0,0.0,0.0,0.0,0.0,0.0,0.0,0.0,0.0,0.0,0.0,0.0,0.0,0.0,0.0,0.0,0.0,0.0,0.0,0.0,0.0,0.970393,,0.0,0.0,0.0,0.0,0.0,0.0,0.0,0.0,0.0,0.0,0.0,0.0,0.0,0.0,0.0,0.0,0.0,0.0,0.0,0.0,0.0
SF11C46896112282050980,3,,2019-05-18T03:00:00-0700,0.005701,0.005701,0.00302,0.00093,0.0,0.0,0.0,0.0,0.0,0.0,0.0,0.0,0.0,0.0,0.0,0.0,0.0,0.0,0.0,0.0,0.0,0.0,0.0,0.0,0.0,0.0,0.0,0.0,0.0,0.0,0.0,0.0,0.0,0.0,0.0,0.0,0.0,0.0,0.0,0.0,0.977795,,0.0,0.0,0.0,0.0,0.0,0.0,0.0,0.0,0.0,0.0,0.0,0.0,0.0,0.0,0.0,0.0,0.0,0.0,0.0,0.0,0.0
SF11C46896112282050980,4,,2019-05-18T04:00:00-0700,0.005701,0.005701,0.002759,0.001056,0.0,0.0,0.0,0.0,0.0,0.0,0.0,0.0,0.0,0.0,0.0,0.0,0.0,0.0,0.0,0.0,0.0,0.0,0.0,0.0,0.0,0.0,0.0,0.0,0.0,0.0,0.0,0.0,0.0,0.0,0.0,0.0,0.0,0.0,0.0,0.0,0.982236,,0.0,0.0,0.0,0.0,0.0,0.0,0.0,0.0,0.0,0.0,0.0,0.0,0.0,0.0,0.0,0.0,0.0,0.0,0.0,0.0,0.0
SF11C46896112282050980,5,,2019-05-18T05:00:00-0700,0.005701,0.005701,0.00258,0.001162,0.0,0.0,0.0,0.0,0.0,0.0,0.0,0.0,0.0,0.0,0.0,0.0,0.0,0.0,0.0,0.0,0.0,0.0,0.0,0.0,0.0,0.0,0.0,0.0,0.0,0.0,0.0,0.0,0.0,0.0,0.0,0.0,0.0,0.0,0.0,0.0,0.985197,,0.0,0.0,0.0,0.0,0.0,0.0,0.0,0.0,0.0,0.0,0.0,0.0,0.0,0.0,0.0,0.0,0.0,0.0,0.0,0.0,0.0
SF11C46896112282050980,6,,2019-05-18T06:00:00-0700,0.005701,0.005701,0.002457,0.001251,0.0,0.0,0.0,0.0,0.0,0.0,0.0,0.0,0.0,0.0,0.0,0.0,0.0,0.0,0.0,0.0,0.0,0.0,0.0,0.0,0.0,0.0,0.0,0.0,0.0,0.0,0.0,0.0,0.0,0.0,0.0,0.0,0.0,0.0,0.0,0.0,0.987311,,0.0,0.0,0.0,0.0,0.0,0.0,0.0,0.0,0.0,0.0,0.0,0.0,0.0,0.0,0.0,0.0,0.0,0.0,0.0,0.0,0.0
SF11C46896112282050980,7,,2019-05-18T07:00:00-0700,0.005701,0.005701,0.002372,0.001329,0.0,0.0,0.0,0.0,0.0,0.0,0.0,0.0,0.0,0.0,0.0,0.0,0.0,0.0,0.0,0.0,0.0,0.0,0.0,0.0,0.0,0.0,0.0,0.0,0.0,0.0,0.0,0.0,0.0,0.0,0.0,0.0,0.0,0.0,0.0,0.0,0.988897,,0.0,0.0,0.0,0.0,0.0,0.0,0.0,0.0,0.0,0.0,0.0,0.0,0.0,0.0,0.0,0.0,0.0,0.0,0.0,0.0,0.0
SF11C46896112282050980,8,,2019-05-18T08:00:00-0700,0.005701,0.005701,0.002186,0.001388,0.0,0.0,0.0,0.0,0.0,0.0,0.0,0.0,0.0,0.0,0.0,0.0,0.0,0.0,0.0,0.0,0.0,0.0,0.0,0.0,0.0,0.0,0.0,0.0,0.0,0.0,0.0,0.0,0.0,0.0,0.0,0.0,0.0,0.0,0.0,0.0,0.990131,,0.0,0.0,0.0,0.0,0.0,0.0,0.0,0.0,0.0,0.0,0.0,0.0,0.0,0.0,0.0,0.0,0.0,0.0,0.0,0.0,0.0
SF11C46896112282050980,9,,2019-05-18T09:00:00-0700,0.005701,0.005701,0.00287,0.00149,0.0,0.0,0.0,0.0,0.0,0.0,0.0,0.0,0.0,0.0,0.0,0.0,0.0,0.0,0.0,0.0,0.0,0.0,0.0,0.0,0.0,0.0,0.0,0.0,0.0,0.0,0.0,0.0,0.0,0.0,0.0,0.0,0.0,0.0,0.0,0.0,0.991118,,0.0,0.0,0.0,0.0,0.0,0.0,0.0,0.0,0.0,0.0,0.0,0.0,0.0,0.0,0.0,0.0,0.0,0.0,0.0,0.0,0.0
SF11C46896112282050980,10,,2019-05-18T10:00:00-0700,0.020004,0.020004,0.012411,0.002246,0.0,0.0,0.0,0.0,0.0,0.0,0.0,0.0,0.0,0.0,0.0,0.0,0.0,0.0,0.0,0.0,0.0,0.0,0.0,0.0,0.0,0.0,0.0,0.0,0.0,0.0,0.0,0.0,0.0,0.0,0.0,0.0,0.0,0.0,0.0,0.0,0.947989,,0.0,0.0,0.0,0.0,0.0,0.0,0.0,0.0,0.0,0.0,0.0,0.0,0.0,0.0,0.0,0.0,0.0,0.0,0.0,0.0,0.0
SF11C46896112282050980,11,,2019-05-18T11:00:00-0700,0.040008,0.040008,0.029269,0.004114,0.0,0.0,0.0,0.0,0.0,0.0,0.0,0.0,0.0,0.0,0.0,0.0,0.0,0.0,0.0,0.0,0.0,0.0,0.0,0.0,0.0,0.0,0.0,0.0,0.0,0.0,0.0,0.0,0.0,0.0,0.0,0.0,0.0,0.0,0.0,0.0,0.840172,,0.0,0.0,0.0,0.0,0.0,0.0,0.0,0.0,0.0,0.0,0.0,0.0,0.0,0.0,0.0,0.0,0.0,0.0,0.0,0.0,0.0
SF11C46896112282050980,12,,2019-05-18T12:00:00-0700,0.070014,0.070014,0.058404,0.007868,0.0,0.0,0.0,0.0,0.0,0.0,0.0,0.0,0.0,0.0,0.0,0.0,0.0,0.0,0.0,0.0,0.0,0.0,0.0,0.0,0.0,0.0,0.0,0.0,0.0,0.0,0.0,0.0,0.0,0.0,0.0,0.0,0.0,0.0,0.0,0.0,0.679171,,0.0,0.0,0.0,0.0,0.0,0.0,0.0,0.0,0.0,0.0,0.0,0.0,0.0,0.0,0.0,0.0,0.0,0.0,0.0,0.0,0.0
SF11C46896112282050980,13,,2019-05-18T13:00:00-0700,0.10002,0.10002,0.092587,0.013726,0.0,0.0,0.0,0.0,0.0,0.0,0.0,0.0,0.0,0.0,0.0,0.0,0.0,0.0,0.0,0.0,0.0,0.0,0.0,0.0,0.0,0.0,0.0,0.0,0.0,0.0,0.0,0.0,0.0,0.0,0.0,0.0,0.0,0.0,0.0,0.0,0.668988,,0.0,0.0,0.0,0.0,0.0,0.0,0.0,0.0,0.0,0.0,0.0,0.0,0.0,0.0,0.0,0.0,0.0,0.0,0.0,0.0,0.0
SF11C46896112282050980,14,,2019-05-18T14:00:00-0700,0.130026,0.130026,0.130525,0.021803,0.0,0.0,0.0,0.0,0.0,0.0,0.0,0.0,0.0,0.0,0.0,0.0,0.0,0.0,0.0,0.0,0.0,0.0,0.0,0.0,0.0,0.0,0.0,0.0,0.0,0.0,0.0,0.0,0.0,0.0,0.0,0.0,0.0,0.0,0.0,0.0,0.703836,,0.0,0.0,0.0,0.0,0.0,0.0,0.0,0.0,0.0,0.0,0.0,0.0,0.0,0.0,0.0,0.0,0.0,0.0,0.0,0.0,0.0
SF11C46896112282050980,15,,2019-05-18T15:00:00-0700,0.160032,0.160032,0.170708,0.032099,0.0,0.0,0.0,0.0,0.0,0.0,0.0,0.0,0.0,0.0,0.0,0.0,0.0,0.0,0.0,0.0,0.0,0.0,0.0,0.0,0.0,0.0,0.0,0.0,0.0,0.0,0.0,0.0,0.0,0.0,0.0,0.0,0.0,0.0,0.0,0.0,0.736568,,0.0,0.0,0.0,0.0,0.0,0.0,0.0,0.0,0.0,0.0,0.0,0.0,0.0,0.0,0.0,0.0,0.0,0.0,0.0,0.0,0.0
SF11C46896112282050980,16,,2019-05-18T16:00:00-0700,0.170034,0.170034,0.189207,0.042963,0.0,0.0,0.0,0.0,0.0,0.0,0.0,0.0,0.0,0.0,0.0,0.0,0.0,0.0,0.0,0.0,0.0,0.0,0.0,0.0,0.0,0.0,0.0,0.0,0.0,0.0,0.0,0.0,0.0,0.0,0.0,0.0,0.0,0.0,0.0,0.0,0.783801,,0.0,0.0,0.0,0.0,0.0,0.0,0.0,0.0,0.0,0.0,0.0,0.0,0.0,0.0,0.0,0.0,0.0,0.0,0.0,0.0,0.0
SF11C46896112282050980,17,,2019-05-18T17:00:00-0700,0.120024,0.120024,0.13693,0.049461,0.0,0.0,0.0,0.0,0.0,0.0,0.0,0.0,0.0,0.0,0.0,0.0,0.0,0.0,0.0,0.0,0.0,0.0,0.0,0.0,0.0,0.0,0.0,0.0,0.0,0.0,0.0,0.0,0.0,0.0,0.0,0.0,0.0,0.0,0.0,0.0,0.868512,,0.0,0.0,0.0,0.0,0.0,0.0,0.0,0.0,0.0,0.0,0.0,0.0,0.0,0.0,0.0,0.0,0.0,0.0,0.0,0.0,0.0
SF11C46896112282050980,18,,2019-05-18T18:00:00-0700,0.070014,0.070014,0.080537,0.05161,0.0,0.0,0.0,0.0,0.0,0.0,0.0,0.0,0.0,0.0,0.0,0.0,0.0,0.0,0.0,0.0,0.0,0.0,0.0,0.0,0.0,0.0,0.0,0.0,0.0,0.0,0.0,0.0,0.0,0.0,0.0,0.0,0.0,0.0,0.0,0.0,0.929029,,0.0,0.0,0.0,0.0,0.0,0.0,0.0,0.0,0.0,0.0,0.0,0.0,0.0,0.0,0.0,0.0,0.0,0.0,0.0,0.0,0.0
SF11C46896112282050980,19,,2019-05-18T19:00:00-0700,0.040008,0.040008,0.045643,0.051197,0.0,0.0,0.0,0.0,0.0,0.0,0.0,0.0,0.0,0.0,0.0,0.0,0.0,0.0,0.0,0.0,0.0,0.0,0.0,0.0,0.0,0.0,0.0,0.0,0.0,0.0,0.0,0.0,0.0,0.0,0.0,0.0,0.0,0.0,0.0,0.0,0.96491,,0.0,0.0,0.0,0.0,0.0,0.0,0.0,0.0,0.0,0.0,0.0,0.0,0.0,0.0,0.0,0.0,0.0,0.0,0.0,0.0,0.0
SF11C46896112282050980,20,,2019-05-18T20:00:00-0700,0.005701,0.005701,0.006344,0.048096,0.0,0.0,0.0,0.0,0.0,0.0,0.0,0.0,0.0,0.0,0.0,0.0,0.0,0.0,0.0,0.0,0.0,0.0,0.0,0.0,0.0,0.0,0.0,0.0,0.0,0.0,0.0,0.0,0.0,0.0,0.0,0.0,0.0,0.0,0.0,0.0,0.997935,,0.0,0.0,0.0,0.0,0.0,0.0,0.0,0.0,0.0,0.0,0.0,0.0,0.0,0.0,0.0,0.0,0.0,0.0,0.0,0.0,0.0
SF11C46896112282050980,21,,2019-05-18T21:00:00-0700,0.005701,0.005701,0.006081,0.04519,0.0,0.0,0.0,0.0,0.0,0.0,0.0,0.0,0.0,0.0,0.0,0.0,0.0,0.0,0.0,0.0,0.0,0.0,0.0,0.0,0.0,0.0,0.0,0.0,0.0,0.0,0.0,0.0,0.0,0.0,0.0,0.0,0.0,0.0,0.0,0.0,0.999488,,0.0,0.0,0.0,0.0,0.0,0.0,0.0,0.0,0.0,0.0,0.0,0.0,0.0,0.0,0.0,0.0,0.0,0.0,0.0,0.0,0.0
SF11C46896112282050980,22,,2019-05-18T22:00:00-0700,0.005701,0.005701,0.005723,0.042461,0.0,0.0,0.0,0.0,0.0,0.0,0.0,0.0,0.0,0.0,0.0,0.0,0.0,0.0,0.0,0.0,0.0,0.0,0.0,0.0,0.0,0.0,0.0,0.0,0.0,0.0,0.0,0.0,0.0,0.0,0.0,0.0,0.0,0.0,0.0,0.0,0.999491,,0.0,0.0,0.0,0.0,0.0,0.0,0.0,0.0,0.0,0.0,0.0,0.0,0.0,0.0,0.0,0.0,0.0,0.0,0.0,0.0,0.0
SF11C46896112282050980,23,,2019-05-18T23:00:00-0700,0.005701,0.005701,0.005277,0.03989,0.0,0.0,0.0,0.0,0.0,0.0,0.0,0.0,0.0,0.0,0.0,0.0,0.0,0.0,0.0,0.0,0.0,0.0,0.0,0.0,0.0,0.0,0.0,0.0,0.0,0.0,0.0,0.0,0.0,0.0,0.0,0.0,0.0,0.0,0.0,0.0,0.999494,,0.0,0.0,0.0,0.0,0.0,0.0,0.0,0.0,0.0,0.0,0.0,0.0,0.0,0.0,0.0,0.0,0.0,0.0,0.0,0.0,0.0
SF11C46896212282050980,0,,2019-05-18T00:00:00-0700,0.005701,0.005701,0.004756,0.000329,0.0045393414360000005,0.005356420158,0.044769856083,1.0286466516700001,0.002381906305,0.0015089577830000001,0.0007522355480000001,0.000611067386,0.010813354647000001,0.0045393414360000005,0.005356420158,0.044769856083,1.0286466516700001,0.002381906305,0.0015089577830000001,0.0007522355480000001,0.000611067386,0.010813354647000001,0.0,0.0,0.0,0.0,0.0,0.0,0.0,0.0,0.0,0.0,0.0,0.0,0.0,0.0,0.0,0.0,0.0,0.0,0.96206,1430118.858847642,3.991666,4.0841003,4.1765346,4.2689689,4.3614032,4.4538375,4.5462717999999995,4.6387061,4.7311404,4.8235747,4.916009,5.0084433,5.1008776000000005,5.1933119,5.2857462,5.3781805,5.4706148,5.563049100000001,5.6554834,5.7479177,5.840352
SF11C46896212282050980,1,,2019-05-18T01:00:00-0700,0.005701,0.005701,0.003952,0.000579,0.0045393414360000005,0.005356420158,0.044769856083,1.0286466516700001,0.002381906305,0.0015089577830000001,0.0007522355480000001,0.000611067386,0.010813354647000001,0.0045393414360000005,0.005356420158,0.044769856083,1.0286466516700001,0.002381906305,0.0015089577830000001,0.0007522355480000001,0.000611067386,0.010813354647000001,0.0,0.0,0.0,0.0,0.0,0.0,0.0,0.0,0.0,0.0,0.0,0.0,0.0,0.0,0.0,0.0,0.0,0.0,0.96206,1430118.858847642,3.991666,4.10535915,4.2190522999999995,4.33274545,4.4464386,4.56013175,4.6738249,4.78751805,4.9012112,5.01490435,5.1285975,5.24229065,5.3559838,5.46967695,5.5833701,5.697063249999999,5.8107564,5.92444955,6.0381427,6.151835849999999,6.265529
SF11C46896212282050980,2,,2019-05-18T02:00:00-0700,0.005701,0.005701,0.0034,0.000774,0.0045393414360000005,0.005356420158,0.044769856083,1.0286466516700001,0.002381906305,0.0015089577830000001,0.0007522355480000001,0.000611067386,0.010813354647000001,0.0045393414360000005,0.005356420158,0.044769856083,1.0286466516700001,0.002381906305,0.0015089577830000001,0.0007522355480000001,0.000611067386,0.010813354647000001,0.0,0.0,0.0,0.0,0.0,0.0,0.0,0.0,0.0,0.0,0.0,0.0,0.0,0.0,0.0,0.0,0.0,0.0,0.974707,1430118.858847642,3.991666,4.03770795,4.0837499,4.12979185,4.1758338,4.22187575,4.2679177,4.31395965,4.3600016,4.40604355,4.4520855,4.49812745,4.5441694,4.590211350000001,4.6362533,4.68229525,4.7283372,4.774379150000001,4.8204211,4.86646305,4.912505
SF11C46896212282050980,3,,2019-05-18T03:00:00-0700,0.005701,0.005701,0.00302,0.00093,0.0045393414360000005,0.005356420158,0.044769856083,1.0286466516700001,0.002381906305,0.0015089577830000001,0.0007522355480000001,0.000611067386,0.010813354647000001,0.0045393414360000005,0.005356420158,0.044769856083,1.0286466516700001,0.002381906305,0.0015089577830000001,0.0007522355480000001,0.000611067386,0.010813354647000001,0.0,0.0,0.0,0.0,0.0,0.0,0.0,0.0,0.0,0.0,0.0,0.0,0.0,0.0,0.0,0.0,0.0,0.0,0.98103,1430118.858847642,3.991666,3.9987681,4.0058702,4.0129723,4.0200744,4.0271765,4.0342786,4.0413807,4.0484828,4.0555849,4.062687,4.0697891,4.0768912,4.0839933,4.0910954,4.0981975,4.1052996,4.1124017,4.1195038,4.1266059,4.133708
SF11C46896212282050980,4,,2019-05-18T04:00:00-0700,0.005701,0.005701,0.002759,0.001056,0.0045393414360000005,0.005356420158,0.044769856083,1.0286466516700001,0.002381906305,0.0015089577830000001,0.0007522355480000001,0.000611067386,0.010813354647000001,0.0045393414360000005,0.005356420158,0.044769856083,1.0286466516700001,0.002381906305,0.0015089577830000001,0.0007522355480000001,0.000611067386,0.010813354647000001,0.0,0.0,0.0,0.0,0.0,0.0,0.0,0.0,0.0,0.0,0.0,0.0,0.0,0.0,0.0,0.0,0.0,0.0,0.984824,1430118.858847642,3.991666,4.1912493,4.3908325999999995,4.5904159,4.7899992,4.9895825,5.1891658,5.3887491,5.5883324,5.7879157,5.987499,6.1870823,6.3866656,6.586248899999999,6.7858322,6.9854155,7.1849988,7.384582099999999,7.5841654,7.7837487,7.983332
SF11C46896212282050980,5,,2019-05-18T05:00:00-0700,0.005701,0.005701,0.00258,0.001162,0.0045393414360000005,0.005356420158,0.044769856083,1.0286466516700001,0.002381906305,0.0015089577830000001,0.0007522355480000001,0.000611067386,0.010813354647000001,0.0045393414360000005,0.005356420158,0.044769856083,1.0286466516700001,0.002381906305,0.0015089577830000001,0.0007522355480000001,0.000611067386,0.010813354647000001,0.0,0.0,0.0,0.0,0.0,0.0,0.0,0.0,0.0,0.0,0.0,0.0,0.0,0.0,0.0,0.0,0.0,0.0,0.987353,1430118.858847642,3.991666,4.1912493,4.3908325999999995,4.5904159,4.7899992,4.9895825,5.1891658,5.3887491,5.5883324,5.7879157,5.987499,6.1870823,6.3866656,6.586248899999999,6.7858322,6.9854155,7.1849988,7.384582099999999,7.5841654,7.7837487,7.983332
SF11C46896212282050980,6,,2019-05-18T06:00:00-0700,0.005701,0.005701,0.002457,0.001251,0.0045393414360000005,0.005356420158,0.044769856083,1.0286466516700001,0.002381906305,0.0015089577830000001,0.0007522355480000001,0.000611067386,0.010813354647000001,0.0045393414360000005,0.005356420158,0.044769856083,1.0286466516700001,0.002381906305,0.0015089577830000001,0.0007522355480000001,0.000611067386,0.010813354647000001,0.0,0.0,0.0,0.0,0.0,0.0,0.0,0.0,0.0,0.0,0.0,0.0,0.0,0.0,0.0,0.0,0.0,0.0,0.98916,1430118.858847642,3.991666,4.1912493,4.3908325999999995,4.5904159,4.7899992,4.9895825,5.1891658,5.3887491,5.5883324,5.7879157,5.987499,6.1870823,6.3866656,6.586248899999999,6.7858322,6.9854155,7.1849988,7.384582099999999,7.5841654,7.7837487,7.983332
SF11C46896212282050980,7,,2019-05-18T07:00:00-0700,0.005701,0.005701,0.002372,0.001329,0.0045393414360000005,0.005356420158,0.044769856083,1.0286466516700001,0.002381906305,0.0015089577830000001,0.0007522355480000001,0.000611067386,0.010813354647000001,0.0045393414360000005,0.005356420158,0.044769856083,1.0286466516700001,0.002381906305,0.0015089577830000001,0.0007522355480000001,0.000611067386,0.010813354647000001,0.0,0.0,0.0,0.0,0.0,0.0,0.0,0.0,0.0,0.0,0.0,0.0,0.0,0.0,0.0,0.0,0.0,0.0,0.990515,1430118.858847642,3.991666,4.1912493,4.3908325999999995,4.5904159,4.7899992,4.9895825,5.1891658,5.3887491,5.5883324,5.7879157,5.987499,6.1870823,6.3866656,6.586248899999999,6.7858322,6.9854155,7.1849988,7.384582099999999,7.5841654,7.7837487,7.983332
SF11C46896212282050980,8,,2019-05-18T08:00:00-0700,0.005701,0.005701,0.002186,0.001388,0.0045393414360000005,0.005356420158,0.044769856083,1.0286466516700001,0.002381906305,0.0015089577830000001,0.0007522355480000001,0.000611067386,0.010813354647000001,0.0045393414360000005,0.005356420158,0.044769856083,1.0286466516700001,0.002381906305,0.0015089577830000001,0.0007522355480000001,0.000611067386,0.010813354647000001,0.0,0.0,0.0,0.0,0.0,0.0,0.0,0.0,0.0,0.0,0.0,0.0,0.0,0.0,0.0,0.0,0.0,0.0,0.991569,1430118.858847642,3.991666,4.1912493,4.3908325999999995,4.5904159,4.7899992,4.9895825,5.1891658,5.3887491,5.5883324,5.7879157,5.987499,6.1870823,6.3866656,6.586248899999999,6.7858322,6.9854155,7.1849988,7.384582099999999,7.5841654,7.7837487,7.983332
SF11C46896212282050980,9,,2019-05-18T09:00:00-0700,0.005701,0.005701,0.00287,0.00149,0.0045393414360000005,0.005356420158,0.044769856083,1.0286466516700001,0.002381906305,0.0015089577830000001,0.0007522355480000001,0.000611067386,0.010813354647000001,0.0045393414360000005,0.005356420158,0.044769856083,1.0286466516700001,0.002381906305,0.0015089577830000001,0.0007522355480000001,0.000611067386,0.010813354647000001,0.0,0.0,0.0,0.0,0.0,0.0,0.0,0.0,0.0,0.0,0.0,0.0,0.0,0.0,0.0,0.0,0.0,0.0,0.992412,1430118.858847642,3.991666,4.1912493,4.3908325999999995,4.5904159,4.7899992,4.9895825,5.1891658,5.3887491,5.5883324,5.7879157,5.987499,6.1870823,6.3866656,6.586248899999999,6.7858322,6.9854155,7.1849988,7.384582099999999,7.5841654,7.7837487,7.983332
SF11C46896212282050980,10,,2019-05-18T10:00:00-0700,0.020004,0.020004,0.012411,0.002246,0.015927904944000003,0.018794918232,0.157091071932,3.60937513068,0.00835777122,0.005294718732,0.002639487792,0.0021441487440000003,0.037942526988,0.015927904944000003,0.018794918232,0.157091071932,3.60937513068,0.00835777122,0.005294718732,0.002639487792,0.0021441487440000003,0.037942526988,0.0,0.0,0.0,0.0,0.0,0.0,0.0,0.0,0.0,0.0,0.0,0.0,0.0,0.0,0.0,0.0,0.0,0.0,0.955567,5018084.134781308,13.988665,14.020700049999999,14.0527351,14.084770149999999,14.1168052,14.14884025,14.180875299999999,14.21291035,14.244945399999999,14.27698045,14.3090155,14.341050549999999,14.3730856,14.405120649999999,14.4371557,14.46919075,14.501225799999999,14.53326085,14.565295899999999,14.59733095,14.629366
SF11C46896212282050980,11,,2019-05-18T11:00:00-0700,0.040008,0.040008,0.029269,0.004114,0.031855809888000006,0.037589836464,0.314182143864,7.21875026136,0.01671554244,0.010589437464,0.005278975584,0.004288297488000001,0.075885053976,0.031855809888000006,0.037589836464,0.314182143864,7.21875026136,0.01671554244,0.010589437464,0.005278975584,0.004288297488000001,0.075885053976,0.0,0.0,0.0,0.0,0.0,0.0,0.0,0.0,0.0,0.0,0.0,0.0,0.0,0.0,0.0,0.0,0.0,0.0,0.86346,10036168.269562615,27.92841,28.7064178,29.484425599999998,30.2624334,31.0404412,31.818449,32.5964568,33.374464599999996,34.1524724,34.9304802,35.708488,36.4864958,37.2645036,38.042511399999995,38.8205192,39.598527,40.3765348,41.1545426,41.9325504,42.710558199999994,43.488566
SF11C46896212282050980,12,,2019-05-18T12:00:00-0700,0.070014,0.070013,0.058404,0.007868,0.05574687106800001,0.065781274254,0.549810898779,12.63263252471,0.029251781465,0.018531250879,0.009238075324000002,0.007504413418000001,0.132796947711,0.05574687106800001,0.065781274254,0.549810898779,12.63263252471,0.029251781465,0.018531250879,0.009238075324000002,0.007504413418000001,0.132796947711,0.0,0.0,0.0,0.0,0.0,0.0,0.0,0.0,0.0,0.0,0.0,0.0,0.0,0.0,0.0,0.0,0.0,0.0,0.725917,17563294.471734576,48.746675,50.9303551,53.114035200000004,55.2977153,57.481395400000004,59.6650755,61.848755600000004,64.03243570000001,66.2161158,68.3997959,70.583476,72.7671561,74.9508362,77.1345163,79.3181964,81.50187650000001,83.6855566,85.86923669999999,88.05291679999999,90.2365969,92.420277
SF11C46896212282050980,13,,2019-05-18T13:00:00-0700,0.10002,0.100019,0.092587,0.013726,0.079638728484,0.093973651602,0.785447506677,18.04669522073,0.041788438294999994,0.026473328977,0.013197307012,0.010720636534000001,0.189710738193,0.079638728484,0.093973651602,0.785447506677,18.04669522073,0.041788438294999994,0.026473328977,0.013197307012,0.010720636534000001,0.189710738193,0.0,0.0,0.0,0.0,0.0,0.0,0.0,0.0,0.0,0.0,0.0,0.0,0.0,0.0,0.0,0.0,0.0,0.0,0.668988,25090420.673906535,69.455828,72.39300955,75.3301911,78.26737265,81.20455419999999,84.14173575,87.0789173,90.01609884999999,92.9532804,95.89046194999999,98.8276435,101.76482504999998,104.70200659999999,107.63918815,110.57636969999999,113.51355124999999,116.4507328,119.38791434999999,122.32509589999998,125.26227745,128.199459
SF11C46896212282050980,14,,2019-05-18T14:00:00-0700,0.130026,0.130025,0.130525,0.021803,0.10353058590000001,0.12216602895,1.021084114575,23.46075791675,0.054325095125,0.034415407075,0.0171565387,0.013936859650000001,0.246624528675,0.10353058590000001,0.12216602895,1.021084114575,23.46075791675,0.054325095125,0.034415407075,0.0171565387,0.013936859650000001,0.246624528675,0.0,0.0,0.0,0.0,0.0,0.0,0.0,0.0,0.0,0.0,0.0,0.0,0.0,0.0,0.0,0.0,0.0,0.0,0.703836,32617546.876078498,90.056441,92.57198360000001,95.0875262,97.6030688,100.1186114,102.634154,105.1496966,107.6652392,110.1807818,112.6963244,115.211867,117.72740959999999,120.24295219999999,122.7584948,125.2740374,127.78958,130.3051226,132.82066519999998,135.33620779999998,137.8517504,140.367293
SF11C46896212282050980,15,,2019-05-18T15:00:00-0700,0.160032,0.160031,0.170708,0.032099,0.127422443316,0.150358406298,1.2567207224730002,28.87482061277,0.066861751955,0.042357485173000003,0.021115770388000003,0.017153082766,0.303538319157,0.127422443316,0.150358406298,1.2567207224730002,28.87482061277,0.066861751955,0.042357485173000003,0.021115770388000003,0.017153082766,0.303538319157,0.0,0.0,0.0,0.0,0.0,0.0,0.0,0.0,0.0,0.0,0.0,0.0,0.0,0.0,0.0,0.0,0.0,0.0,0.736568,40144673.07825046,110.549083,112.4317305,114.31437799999999,116.1970255,118.079673,119.9623205,121.844968,123.7276155,125.610263,127.4929105,129.375558,131.2582055,133.140853,135.0235005,136.906148,138.7887955,140.671443,142.5540905,144.436738,146.3193855,148.202033
SF11C46896212282050980,16,,2019-05-18T16:00:00-0700,0.170034,0.170034,0.189207,0.042963,0.135387192024,0.15975680497199998,1.335274111422,30.679688610779998,0.07104105537,0.045005109221999996,0.022435646232,0.018225264324,0.32251147939799996,0.135387192024,0.15975680497199998,1.335274111422,30.679688610779998,0.07104105537,0.045005109221999996,0.022435646232,0.018225264324,0.32251147939799996,0.0,0.0,0.0,0.0,0.0,0.0,0.0,0.0,0.0,0.0,0.0,0.0,0.0,0.0,0.0,0.0,0.0,0.0,0.783801,42653715.14564111,117.356068,118.31374939999999,119.27143079999999,120.22911219999999,121.18679359999999,122.144475,123.1021564,124.0598378,125.0175192,125.9752006,126.93288199999999,127.89056339999999,128.8482448,129.8059262,130.7636076,131.72128899999998,132.6789704,133.63665179999998,134.5943332,135.5520146,136.509696
SF11C46896212282050980,17,,2019-05-18T17:00:00-0700,0.120024,0.120025,0.13693,0.049461,0.09556822590000001,0.11277044895,0.942554284575,21.65643121675,0.050147045125,0.031768577075,0.015837058700000003,0.012864999650000002,0.227657058675,0.09556822590000001,0.11277044895,0.942554284575,21.65643121675,0.050147045125,0.031768577075,0.015837058700000003,0.012864999650000002,0.227657058675,0.0,0.0,0.0,0.0,0.0,0.0,0.0,0.0,0.0,0.0,0.0,0.0,0.0,0.0,0.0,0.0,0.0,0.0,0.868512,30108504.808687843,83.201595,87.36167474999999,91.5217545,95.68183425,99.841914,104.00199375,108.16207349999999,112.32215324999999,116.482233,120.64231275,124.8023925,128.96247225,133.12255199999998,137.28263175,141.44271149999997,145.60279125,149.762871,153.92295074999998,158.0830305,162.24311024999997,166.40319
SF11C46896212282050980,18,,2019-05-18T18:00:00-0700,0.070014,0.070015,0.080537,0.05161,0.05574846354,0.06578315337,0.549826604745,12.632993390049998,0.029252617074999997,0.018531780244999997,0.009238339219999999,0.007504627789999999,0.132800741205,0.05574846354,0.06578315337,0.549826604745,12.632993390049998,0.029252617074999997,0.018531780244999997,0.009238339219999999,0.007504627789999999,0.132800741205,0.0,0.0,0.0,0.0,0.0,0.0,0.0,0.0,0.0,0.0,0.0,0.0,0.0,0.0,0.0,0.0,0.0,0.0,0.929029,17563294.471734576,48.746675,51.184008750000004,53.621342500000004,56.058676250000005,58.496010000000005,60.933343750000006,63.3706775,65.80801125,68.245345,70.68267875000001,73.1200125,75.55734625000001,77.99468,80.43201375000001,82.8693475,85.30668125,87.744015,90.18134875000001,92.6186825,95.05601625,97.49335
SF11C46896212282050980,19,,2019-05-18T19:00:00-0700,0.040008,0.040009,0.045643,0.051197,0.03185660612400001,0.037590776022000005,0.314189996847,7.218930694030001,0.016715960245,0.010589702147,0.005279107532,0.004288404674000001,0.075886950723,0.03185660612400001,0.037590776022000005,0.314189996847,7.218930694030001,0.016715960245,0.010589702147,0.005279107532,0.004288404674000001,0.075886950723,0.0,0.0,0.0,0.0,0.0,0.0,0.0,0.0,0.0,0.0,0.0,0.0,0.0,0.0,0.0,0.0,0.0,0.0,0.970023,10036168.269562615,27.92841,29.3248305,30.721251,32.1176715,33.514092,34.910512499999996,36.306933,37.7033535,39.099774,40.4961945,41.892615,43.2890355,44.685456,46.0818765,47.478297,48.8747175,50.271138,51.6675585,53.063979,54.4603995,55.85682
SF11C46896212282050980,20,,2019-05-18T20:00:00-0700,0.005701,0.005702,0.006344,0.048096,0.004540137672,0.005357359716,0.044777709065999996,1.02882708434,0.00238232411,0.0015092224659999998,0.000752367496,0.000611174572,0.010815251393999999,0.004540137672,0.005357359716,0.044777709065999996,1.02882708434,0.00238232411,0.0015092224659999998,0.000752367496,0.000611174572,0.010815251393999999,0.0,0.0,0.0,0.0,0.0,0.0,0.0,0.0,0.0,0.0,0.0,0.0,0.0,0.0,0.0,0.0,0.0,0.0,0.998236,1430118.858847642,3.991666,4.1912493,4.3908325999999995,4.5904159,4.7899992,4.9895825,5.1891658,5.3887491,5.5883324,5.7879157,5.987499,6.1870823,6.3866656,6.586248899999999,6.7858322,6.9854155,7.1849988,7.384582099999999,7.5841654,7.7837487,7.983332
SF11C46896212282050980,21,,2019-05-18T21:00:00-0700,0.005701,0.005701,0.006081,0.04519,0.0045393414360000005,0.005356420158,0.044769856083,1.0286466516700001,0.002381906305,0.0015089577830000001,0.0007522355480000001,0.000611067386,0.010813354647000001,0.0045393414360000005,0.005356420158,0.044769856083,1.0286466516700001,0.002381906305,0.0015089577830000001,0.0007522355480000001,0.000611067386,0.010813354647000001,0.0,0.0,0.0,0.0,0.0,0.0,0.0,0.0,0.0,0.0,0.0,0.0,0.0,0.0,0.0,0.0,0.0,0.0,0.999562,1430118.858847642,3.991666,4.1912493,4.3908325999999995,4.5904159,4.7899992,4.9895825,5.1891658,5.3887491,5.5883324,5.7879157,5.987499,6.1870823,6.3866656,6.586248899999999,6.7858322,6.9854155,7.1849988,7.384582099999999,7.5841654,7.7837487,7.983332
SF11C46896212282050980,22,,2019-05-18T22:00:00-0700,0.005701,0.005701,0.005723,0.042461,0.0045393414360000005,0.005356420158,0.044769856083,1.0286466516700001,0.002381906305,0.0015089577830000001,0.0007522355480000001,0.000611067386,0.010813354647000001,0.0045393414360000005,0.005356420158,0.044769856083,1.0286466516700001,0.002381906305,0.0015089577830000001,0.0007522355480000001,0.000611067386,0.010813354647000001,0.0,0.0,0.0,0.0,0.0,0.0,0.0,0.0,0.0,0.0,0.0,0.0,0.0,0.0,0.0,0.0,0.0,0.0,0.999565,1430118.858847642,3.991666,4.1912493,4.3908325999999995,4.5904159,4.7899992,4.9895825,5.1891658,5.3887491,5.5883324,5.7879157,5.987499,6.1870823,6.3866656,6.586248899999999,6.7858322,6.9854155,7.1849988,7.384582099999999,7.5841654,7.7837487,7.983332
SF11C46896212282050980,23,,2019-05-18T23:00:00-0700,0.005701,0.005701,0.005277,0.03989,0.0045393414360000005,0.005356420158,0.044769856083,1.0286466516700001,0.002381906305,0.0015089577830000001,0.0007522355480000001,0.000611067386,0.010813354647000001,0.0045393414360000005,0.005356420158,0.044769856083,1.0286466516700001,0.002381906305,0.0015089577830000001,0.0007522355480000001,0.000611067386,0.010813354647000001,0.0,0.0,0.0,0.0,0.0,0.0,0.0,0.0,0.0,0.0,0.0,0.0,0.0,0.0,0.0,0.0,0.0,0.0,0.999567,1430118.858847642,3.991666,4.1912493,4.3908325999999995,4.5904159,4.7899992,4.9895825,5.1891658,5.3887491,5.5883324,5.7879157,5.987499,6.1870823,6.3866656,6.586248899999999,6.7858322,6.9854155,7.1849988,7.384582099999999,7.5841654,7.7837487,7.983332
SF11C46896312282050980,0,,2019-05-18T00:00:00-0400,0.005701,0.005701,0.004404,0.000304,2.364948e-06,2.792136e-06,2.9907050999999996e-05,0.00019856196699999997,1.404876e-06,1.27716e-07,4.8444e-07,1.40928e-07,6.981637e-06,0.0,0.0,1.7103e-08,3.8196700000000005e-07,0.0,0.0,0.0,0.0,5.701e-09,2.364948e-06,2.792136e-06,2.9889947999999998e-05,0.00019817999999999998,1.404876e-06,1.27716e-07,4.8444e-07,1.40928e-07,6.975936e-06,0.0,0.0,0.0,0.0,0.0,0.0,0.0,0.0,0.0,0.978104,120.27098066931201,2.304188,2.4193974,2.5346067999999997,2.6498162,2.7650256,2.880235,2.9954444,3.1106537999999997,3.2258632,3.3410725999999995,3.456282,3.5714913999999998,3.6867007999999997,3.8019102,3.9171195999999995,4.032329,4.1475384,4.2627478,4.377957199999999,4.4931666,4.608376
SF11C46896312282050980,1,,2019-05-18T01:00:00-0400,0.005701,0.005701,0.003775,0.000544,2.027175e-06,2.39335e-06,2.5638027999999997e-05,0.000170256967,1.204225e-06,1.09475e-07,4.1525e-07,1.208e-07,5.9853009999999995e-06,0.0,0.0,1.7103e-08,3.8196700000000005e-07,0.0,0.0,0.0,0.0,5.701e-09,2.027175e-06,2.39335e-06,2.5620925e-05,0.000169875,1.204225e-06,1.09475e-07,4.1525e-07,1.208e-07,5.9795999999999995e-06,0.0,0.0,0.0,0.0,0.0,0.0,0.0,0.0,0.0,0.978104,120.27098066931201,2.304188,2.4193974,2.5346067999999997,2.6498162,2.7650256,2.880235,2.9954444,3.1106537999999997,3.2258632,3.3410725999999995,3.456282,3.5714913999999998,3.6867007999999997,3.8019102,3.9171195999999995,4.032329,4.1475384,4.2627478,4.377957199999999,4.4931666,4.608376
SF11C46896312282050980,2,,2019-05-18T02:00:00-0400,0.005701,0.005701,0.003325,0.000737,1.7855250000000002e-06,2.10805e-06,2.2583877999999995e-05,0.00015000696699999998,1.060675e-06,9.642499999999999e-08,3.6575e-07,1.0639999999999999e-07,5.272500999999999e-06,0.0,0.0,1.7103e-08,3.8196700000000005e-07,0.0,0.0,0.0,0.0,5.701e-09,1.7855250000000002e-06,2.10805e-06,2.2566774999999997e-05,0.000149625,1.060675e-06,9.642499999999999e-08,3.6575e-07,1.0639999999999999e-07,5.266799999999999e-06,0.0,0.0,0.0,0.0,0.0,0.0,0.0,0.0,0.0,0.985403,120.27098066931201,2.304188,2.4193974,2.5346067999999997,2.6498162,2.7650256,2.880235,2.9954444,3.1106537999999997,3.2258632,3.3410725999999995,3.456282,3.5714913999999998,3.6867007999999997,3.8019102,3.9171195999999995,4.032329,4.1475384,4.2627478,4.377957199999999,4.4931666,4.608376
SF11C46896312282050980,3,,2019-05-18T03:00:00-0400,0.005701,0.005701,0.003003,0.000893,1.6126110000000001e-06,1.9039020000000002e-06,2.0398463999999996e-05,0.00013551696699999998,9.57957e-07,8.7087e-08,3.3033e-07,9.6096e-08,4.7624529999999995e-06,0.0,0.0,1.7103e-08,3.8196700000000005e-07,0.0,0.0,0.0,0.0,5.701e-09,1.6126110000000001e-06,1.9039020000000002e-06,2.0381360999999998e-05,0.00013513499999999999,9.57957e-07,8.7087e-08,3.3033e-07,9.6096e-08,4.7567519999999994e-06,0.0,0.0,0.0,0.0,0.0,0.0,0.0,0.0,0.0,0.989052,120.27098066931201,2.304188,2.4193974,2.5346067999999997,2.6498162,2.7650256,2.880235,2.9954444,3.1106537999999997,3.2258632,3.3410725999999995,3.456282,3.5714913999999998,3.6867007999999997,3.8019102,3.9171195999999995,4.032329,4.1475384,4.2627478,4.377957199999999,4.4931666,4.608376
SF11C46896312282050980,4,,2019-05-18T04:00:00-0400,0.005701,0.005701,0.002771,0.001023,1.488027e-06,1.756814e-06,1.8823879999999996e-05,0.000125076967,8.83949e-07,8.0359e-08,3.0481e-07,8.8672e-08,4.3949649999999995e-06,0.0,0.0,1.7103e-08,3.8196700000000005e-07,0.0,0.0,0.0,0.0,5.701e-09,1.488027e-06,1.756814e-06,1.8806776999999998e-05,0.000124695,8.83949e-07,8.0359e-08,3.0481e-07,8.8672e-08,4.3892639999999995e-06,0.0,0.0,0.0,0.0,0.0,0.0,0.0,0.0,0.0,0.991242,120.27098066931201,2.304188,2.4193974,2.5346067999999997,2.6498162,2.7650256,2.880235,2.9954444,3.1106537999999997,3.2258632,3.3410725999999995,3.456282,3.5714913999999998,3.6867007999999997,3.8019102,3.9171195999999995,4.032329,4.1475384,4.2627478,4.377957199999999,4.4931666,4.608376
SF11C46896312282050980,5,,2019-05-18T05:00:00-0400,0.005701,0.005701,0.002606,0.001133,1.399422e-06,1.652204e-06,1.7704024999999997e-05,0.00011765196699999999,8.31314e-07,7.5574e-08,2.8666e-07,8.3392e-08,4.133604999999999e-06,0.0,0.0,1.7103e-08,3.8196700000000005e-07,0.0,0.0,0.0,0.0,5.701e-09,1.399422e-06,1.652204e-06,1.7686922e-05,0.00011727,8.31314e-07,7.5574e-08,2.8666e-07,8.3392e-08,4.127903999999999e-06,0.0,0.0,0.0,0.0,0.0,0.0,0.0,0.0,0.0,0.992701,120.27098066931201,2.304188,2.4193974,2.5346067999999997,2.6498162,2.7650256,2.880235,2.9954444,3.1106537999999997,3.2258632,3.3410725999999995,3.456282,3.5714913999999998,3.6867007999999997,3.8019102,3.9171195999999995,4.032329,4.1475384,4.2627478,4.377957199999999,4.4931666,4.608376
SF11C46896312282050980,6,,2019-05-18T06:00:00-0400,0.005701,0.005701,0.002487,0.001226,1.335519e-06,1.576758e-06,1.6896371999999996e-05,0.000112296967,7.933530000000001e-07,7.2123e-08,2.7357000000000003e-07,7.958399999999999e-08,3.945109e-06,0.0,0.0,1.7103e-08,3.8196700000000005e-07,0.0,0.0,0.0,0.0,5.701e-09,1.335519e-06,1.576758e-06,1.6879268999999998e-05,0.000111915,7.933530000000001e-07,7.2123e-08,2.7357000000000003e-07,7.958399999999999e-08,3.939408e-06,0.0,0.0,0.0,0.0,0.0,0.0,0.0,0.0,0.0,0.993744,120.27098066931201,2.304188,2.4193974,2.5346067999999997,2.6498162,2.7650256,2.880235,2.9954444,3.1106537999999997,3.2258632,3.3410725999999995,3.456282,3.5714913999999998,3.6867007999999997,3.8019102,3.9171195999999995,4.032329,4.1475384,4.2627478,4.377957199999999,4.4931666,4.608376
SF11C46896312282050980,7,,2019-05-18T07:00:00-0400,0.005701,0.005701,0.002402,0.001308,1.289874e-06,1.522868e-06,1.6319477e-05,0.000108471967,7.662380000000001e-07,6.9658e-08,2.6422e-07,7.686399999999999e-08,3.810469e-06,0.0,0.0,1.7103e-08,3.8196700000000005e-07,0.0,0.0,0.0,0.0,5.701e-09,1.289874e-06,1.522868e-06,1.6302374e-05,0.00010809,7.662380000000001e-07,6.9658e-08,2.6422e-07,7.686399999999999e-08,3.804768e-06,0.0,0.0,0.0,0.0,0.0,0.0,0.0,0.0,0.0,0.994526,120.27098066931201,2.304188,2.4193974,2.5346067999999997,2.6498162,2.7650256,2.880235,2.9954444,3.1106537999999997,3.2258632,3.3410725999999995,3.456282,3.5714913999999998,3.6867007999999997,3.8019102,3.9171195999999995,4.032329,4.1475384,4.2627478,4.377957199999999,4.4931666,4.608376
SF11C46896312282050980,8,,2019-05-18T08:00:00-0400,0.005701,0.005701,0.002187,0.001368,1.1744190000000002e-06,1.386558e-06,1.4860272e-05,9.879696699999999e-05,6.976530000000001e-07,6.3423e-08,2.4057000000000004e-07,6.9984e-08,3.469909e-06,0.0,0.0,1.7103e-08,3.8196700000000005e-07,0.0,0.0,0.0,0.0,5.701e-09,1.1744190000000002e-06,1.386558e-06,1.4843169e-05,9.8415e-05,6.976530000000001e-07,6.3423e-08,2.4057000000000004e-07,6.9984e-08,3.464208e-06,0.0,0.0,0.0,0.0,0.0,0.0,0.0,0.0,0.0,0.995134,120.27098066931201,2.304188,2.4193974,2.5346067999999997,2.6498162,2.7650256,2.880235,2.9954444,3.1106537999999997,3.2258632,3.3410725999999995,3.456282,3.5714913999999998,3.6867007999999997,3.8019102,3.9171195999999995,4.032329,4.1475384,4.2627478,4.377957199999999,4.4931666,4.608376
SF11C46896312282050980,9,,2019-05-18T09:00:00-0400,0.005701,0.005701,0.002871,0.001472,1.541727e-06,1.820214e-06,1.9502579999999997e-05,0.000129576967,9.15849e-07,8.325899999999999e-08,3.1581e-07,9.187199999999999e-08,4.5533649999999996e-06,0.0,0.0,1.7103e-08,3.8196700000000005e-07,0.0,0.0,0.0,0.0,5.701e-09,1.541727e-06,1.820214e-06,1.9485477e-05,0.000129195,9.15849e-07,8.325899999999999e-08,3.1581e-07,9.187199999999999e-08,4.5476639999999995e-06,0.0,0.0,0.0,0.0,0.0,0.0,0.0,0.0,0.0,0.995621,120.27098066931201,2.304188,2.4193974,2.5346067999999997,2.6498162,2.7650256,2.880235,2.9954444,3.1106537999999997,3.2258632,3.3410725999999995,3.456282,3.5714913999999998,3.6867007999999997,3.8019102,3.9171195999999995,4.032329,4.1475384,4.2627478,4.377957199999999,4.4931666,4.608376
SF11C46896312282050980,10,,2019-05-18T10:00:00-0400,0.020004,0.020004,0.012417,0.002229,6.667929e-06,7.872378e-06,8.433419099999999e-05,0.0005601052679999999,3.9610229999999994e-06,3.6009299999999997e-07,1.36587e-06,3.9734399999999993e-07,1.9688531999999997e-05,0.0,0.0,6.001200000000001e-08,1.340268e-06,0.0,0.0,0.0,0.0,2.0004e-08,6.667929e-06,7.872378e-06,8.427417899999999e-05,0.0005587649999999999,3.9610229999999994e-06,3.6009299999999997e-07,1.36587e-06,3.9734399999999993e-07,1.9668527999999996e-05,0.0,0.0,0.0,0.0,0.0,0.0,0.0,0.0,0.0,0.974356,422.013804123648,8.079229,8.48319045,8.8871519,9.29111335,9.6950748,10.09903625,10.5029977,10.906959149999999,11.3109206,11.71488205,12.1188435,12.52280495,12.9267664,13.330727849999999,13.7346893,14.13865075,14.5426122,14.94657365,15.3505351,15.754496549999999,16.158458
SF11C46896312282050980,11,,2019-05-18T11:00:00-0400,0.040008,0.040008,0.029285,0.0041,1.5726045e-05,1.856669e-05,0.00019887731899999997,0.0013205055359999998,9.341914999999999e-06,8.49265e-07,3.22135e-06,9.371199999999999e-07,4.642744799999999e-05,0.0,0.0,1.2002400000000002e-07,2.680536e-06,0.0,0.0,0.0,0.0,4.0008e-08,1.5726045e-05,1.856669e-05,0.00019875729499999997,0.001317825,9.341914999999999e-06,8.49265e-07,3.22135e-06,9.371199999999999e-07,4.638743999999999e-05,0.0,0.0,0.0,0.0,0.0,0.0,0.0,0.0,0.0,0.921199,844.027608247296,16.14214,16.949247,17.756354,18.563461,19.370568000000002,20.177675,20.984782000000003,21.791889,22.598996,23.406103,24.213210000000004,25.020317000000002,25.827424,26.634531000000003,27.441638,28.248745,29.055852,29.862959000000004,30.670066000000002,31.477173,32.28428
SF11C46896312282050980,12,,2019-05-18T12:00:00-0400,0.070014,0.070014,0.058436,0.007857,3.1380132e-05,3.7048424e-05,0.00039681517399999997,0.002634310938,1.8641084e-05,1.694644e-06,6.427960000000001e-06,1.869952e-06,9.2632638e-05,0.0,0.0,2.1004200000000002e-07,4.690938000000001e-06,0.0,0.0,0.0,0.0,7.001400000000001e-08,3.1380132e-05,3.7048424e-05,0.000396605132,0.00262962,1.8641084e-05,1.694644e-06,6.427960000000001e-06,1.869952e-06,9.2562624e-05,0.0,0.0,0.0,0.0,0.0,0.0,0.0,0.0,0.0,0.841819,1477.0483144327682,28.205981,29.61628005,31.026579100000003,32.43687815,33.847177200000004,35.25747625,36.6677753,38.07807435,39.4883734,40.89867245000001,42.3089715,43.719270550000005,45.1295696,46.53986865,47.9501677,49.36046675,50.77076580000001,52.18106485,53.591363900000005,55.001662950000004,56.411962
SF11C46896312282050980,13,,2019-05-18T13:00:00-0400,0.10002,0.10002,0.092637,0.01372,4.9746069e-05,5.8731858e-05,0.000629027379,0.004175366339999999,2.9551203e-05,2.686473e-06,1.019007e-05,2.964384e-06,0.000146837028,0.0,0.0,3.0006e-07,6.70134e-06,0.0,0.0,0.0,0.0,1.0001999999999999e-07,4.9746069e-05,5.8731858e-05,0.000628727319,0.004168664999999999,2.9551203e-05,2.686473e-06,1.019007e-05,2.964384e-06,0.000146737008,0.0,0.0,0.0,0.0,0.0,0.0,0.0,0.0,0.0,0.772453,2110.06902061824,40.23329,42.2449545,44.25661899999999,46.268283499999995,48.279948,50.2916125,52.303276999999994,54.314941499999996,56.326606,58.33827049999999,60.349934999999995,62.3615995,64.37326399999999,66.3849285,68.396593,70.40825749999999,72.41992199999999,74.4315865,76.44325099999999,78.4549155,80.46658
SF11C46896312282050980,14,,2019-05-18T14:00:00-0400,0.130026,0.130026,0.130595,0.021801,7.0129515e-05,8.279722999999999e-05,0.0008867383429999998,0.005885486741999999,4.1659805e-05,3.7872549999999995e-06,1.436545e-05,4.1790399999999995e-06,0.00020699250599999996,0.0,0.0,3.90078e-07,8.711742e-06,0.0,0.0,0.0,0.0,1.30026e-07,7.0129515e-05,8.279722999999999e-05,0.0008863482649999998,0.005876774999999999,4.1659805e-05,3.7872549999999995e-06,1.436545e-05,4.1790399999999995e-06,0.00020686247999999996,0.0,0.0,0.0,0.0,0.0,0.0,0.0,0.0,0.0,0.724552,2743.089726803712,52.224179,54.83538795,57.4465969,60.05780585,62.6690148,65.28022375,67.8914327,70.50264165,73.1138506,75.72505955,78.3362685,80.94747745000001,83.5586864,86.16989534999999,88.78110430000001,91.39231325,94.00352219999999,96.61473115,99.2259401,101.83714905,104.448358
SF11C46896312282050980,15,,2019-05-18T15:00:00-0400,0.160032,0.160032,0.1708,0.032104,9.171960000000001e-05,0.0001082872,0.001159699696,0.007696722144,5.4485200000000005e-05,4.9532e-06,1.8788e-05,5.4656e-06,0.000270707232,0.0,0.0,4.800960000000001e-07,1.0722144e-05,0.0,0.0,0.0,0.0,1.60032e-07,9.171960000000001e-05,0.0001082872,0.0011592196,0.007686,5.4485200000000005e-05,4.9532e-06,1.8788e-05,5.4656e-06,0.0002705472,0.0,0.0,0.0,0.0,0.0,0.0,0.0,0.0,0.0,0.736568,3376.110432989184,64.178757,67.38769485,70.5966327,73.80557055,77.01450840000001,80.22344625000001,83.43238410000001,86.64132195,89.8502598,93.05919765000002,96.2681355,99.47707335000001,102.68601120000001,105.89494905000001,109.1038869,112.31282475,115.52176260000002,118.73070045,121.93963830000001,125.14857615000001,128.357514
SF11C46896312282050980,16,,2019-05-18T16:00:00-0400,0.170034,0.170034,0.189309,0.042975,0.00010165893300000001,0.000120021906,0.001285350285,0.008530297278,6.0389571e-05,5.489961e-06,2.0823990000000002e-05,6.057888e-06,0.00030003549,0.0,0.0,5.101019999999999e-07,1.1392277999999999e-05,0.0,0.0,0.0,0.0,1.7003399999999997e-07,0.00010165893300000001,0.000120021906,0.001284840183,0.008518905,6.0389571e-05,5.489961e-06,2.0823990000000002e-05,6.057888e-06,0.000299865456,0.0,0.0,0.0,0.0,0.0,0.0,0.0,0.0,0.0,0.783801,3587.117335051008,68.155566,71.5633443,74.97112259999999,78.37890089999999,81.7866792,85.1944575,88.60223579999999,92.01001409999999,95.4177924,98.82557069999999,102.23334899999999,105.6411273,109.04890559999998,112.45668389999999,115.86446219999999,119.27224049999998,122.68001879999998,126.08779709999999,129.49557539999998,132.90335369999997,136.311132
SF11C46896312282050980,17,,2019-05-18T17:00:00-0400,0.120024,0.120024,0.137003,0.049477,7.357061100000001e-05,8.685990200000002e-05,0.000930199433,0.006173176608,4.3703957e-05,3.973087e-06,1.5070330000000002e-05,4.384096e-06,0.00021713277600000002,0.0,0.0,3.60072e-07,8.041608000000001e-06,0.0,0.0,0.0,0.0,1.20024e-07,7.357061100000001e-05,8.685990200000002e-05,0.0009298393610000001,0.006165135,4.3703957e-05,3.973087e-06,1.5070330000000002e-05,4.384096e-06,0.00021701275200000002,0.0,0.0,0.0,0.0,0.0,0.0,0.0,0.0,0.0,0.868512,2532.082824741888,48.231256,50.6428188,53.0543816,55.4659444,57.877507200000004,60.28907,62.7006328,65.1121956,67.5237584,69.9353212,72.346884,74.7584468,77.1700096,79.5815724,81.99313520000001,84.404698,86.81626080000001,89.2278236,91.6393864,94.0509492,96.462512
SF11C46896312282050980,18,,2019-05-18T18:00:00-0400,0.070014,0.070014,0.08058,0.051627,4.3271460000000005e-05,5.1087720000000004e-05,0.000547106502,0.0036307909379999998,2.570502e-05,2.33682e-06,8.8638e-06,2.57856e-06,0.00012770873399999997,0.0,0.0,2.1004200000000002e-07,4.690938000000001e-06,0.0,0.0,0.0,0.0,7.001400000000001e-08,4.3271460000000005e-05,5.1087720000000004e-05,0.00054689646,0.0036260999999999997,2.570502e-05,2.33682e-06,8.8638e-06,2.57856e-06,0.00012763871999999998,0.0,0.0,0.0,0.0,0.0,0.0,0.0,0.0,0.0,0.945473,1477.0483144327682,28.205981,29.61628005,31.026579100000003,32.43687815,33.847177200000004,35.25747625,36.6677753,38.07807435,39.4883734,40.89867245000001,42.3089715,43.719270550000005,45.1295696,46.53986865,47.9501677,49.36046675,50.77076580000001,52.18106485,53.591363900000005,55.001662950000004,56.411962
SF11C46896312282050980,19,,2019-05-18T19:00:00-0400,0.040008,0.040008,0.045668,0.051215,2.4523716e-05,2.8953512e-05,0.00031006874,0.002057740536,1.4568092e-05,1.324372e-06,5.0234800000000006e-06,1.4613759999999999e-06,7.237812e-05,0.0,0.0,1.2002400000000002e-07,2.680536e-06,0.0,0.0,0.0,0.0,4.0008e-08,2.4523716e-05,2.8953512e-05,0.000309948716,0.00205506,1.4568092e-05,1.324372e-06,5.0234800000000006e-06,1.4613759999999999e-06,7.2338112e-05,0.0,0.0,0.0,0.0,0.0,0.0,0.0,0.0,0.0,0.982699,844.027608247296,16.14214,16.949247,17.756354,18.563461,19.370568000000002,20.177675,20.984782000000003,21.791889,22.598996,23.406103,24.213210000000004,25.020317000000002,25.827424,26.634531000000003,27.441638,28.248745,29.055852,29.862959000000004,30.670066000000002,31.477173,32.28428
SF11C46896312282050980,20,,2019-05-18T20:00:00-0400,0.005701,0.005701,0.006347,0.048113,3.4083390000000005e-06,4.023998e-06,4.3094191999999996e-05,0.00028599696700000004,2.024693e-06,1.84063e-07,6.981700000000001e-07,2.03104e-07,1.0059349e-05,0.0,0.0,1.7103e-08,3.8196700000000005e-07,0.0,0.0,0.0,0.0,5.701e-09,3.4083390000000005e-06,4.023998e-06,4.3077089e-05,0.000285615,2.024693e-06,1.84063e-07,6.981700000000001e-07,2.03104e-07,1.0053648e-05,0.0,0.0,0.0,0.0,0.0,0.0,0.0,0.0,0.0,0.998982,120.27098066931201,2.304188,2.4193974,2.5346067999999997,2.6498162,2.7650256,2.880235,2.9954444,3.1106537999999997,3.2258632,3.3410725999999995,3.456282,3.5714913999999998,3.6867007999999997,3.8019102,3.9171195999999995,4.032329,4.1475384,4.2627478,4.377957199999999,4.4931666,4.608376
SF11C46896312282050980,21,,2019-05-18T21:00:00-0400,0.005701,0.005701,0.006085,0.045207,3.2676450000000005e-06,3.85789e-06,4.1315998e-05,0.000274206967,1.941115e-06,1.76465e-07,6.6935e-07,1.9471999999999999e-07,9.644340999999999e-06,0.0,0.0,1.7103e-08,3.8196700000000005e-07,0.0,0.0,0.0,0.0,5.701e-09,3.2676450000000005e-06,3.85789e-06,4.1298895e-05,0.000273825,1.941115e-06,1.76465e-07,6.6935e-07,1.9471999999999999e-07,9.638639999999999e-06,0.0,0.0,0.0,0.0,0.0,0.0,0.0,0.0,0.0,0.999747,120.27098066931201,2.304188,2.4193974,2.5346067999999997,2.6498162,2.7650256,2.880235,2.9954444,3.1106537999999997,3.2258632,3.3410725999999995,3.456282,3.5714913999999998,3.6867007999999997,3.8019102,3.9171195999999995,4.032329,4.1475384,4.2627478,4.377957199999999,4.4931666,4.608376
SF11C46896312282050980,22,,2019-05-18T22:00:00-0400,0.005701,0.005701,0.005726,0.042477,3.074862e-06,3.630284e-06,3.8879465e-05,0.000258051967,1.826594e-06,1.66054e-07,6.298600000000001e-07,1.83232e-07,9.075684999999999e-06,0.0,0.0,1.7103e-08,3.8196700000000005e-07,0.0,0.0,0.0,0.0,5.701e-09,3.074862e-06,3.630284e-06,3.8862362e-05,0.00025767,1.826594e-06,1.66054e-07,6.298600000000001e-07,1.83232e-07,9.069983999999999e-06,0.0,0.0,0.0,0.0,0.0,0.0,0.0,0.0,0.0,0.999749,120.27098066931201,2.304188,2.4193974,2.5346067999999997,2.6498162,2.7650256,2.880235,2.9954444,3.1106537999999997,3.2258632,3.3410725999999995,3.456282,3.5714913999999998,3.6867007999999997,3.8019102,3.9171195999999995,4.032329,4.1475384,4.2627478,4.377957199999999,4.4931666,4.608376
SF11C46896312282050980,23,,2019-05-18T23:00:00-0400,0.005701,0.005701,0.00528,0.039905,2.83536e-06,3.3475200000000003e-06,3.5852462999999995e-05,0.000237981967,1.68432e-06,1.5312e-07,5.808e-07,1.6896e-07,8.369221e-06,0.0,0.0,1.7103e-08,3.8196700000000005e-07,0.0,0.0,0.0,0.0,5.701e-09,2.83536e-06,3.3475200000000003e-06,3.5835359999999996e-05,0.0002376,1.68432e-06,1.5312e-07,5.808e-07,1.6896e-07,8.36352e-06,0.0,0.0,0.0,0.0,0.0,0.0,0.0,0.0,0.0,0.99975,120.27098066931201,2.304188,2.4193974,2.5346067999999997,2.6498162,2.7650256,2.880235,2.9954444,3.1106537999999997,3.2258632,3.3410725999999995,3.456282,3.5714913999999998,3.6867007999999997,3.8019102,3.9171195999999995,4.032329,4.1475384,4.2627478,4.377957199999999,4.4931666,4.608376
SF11C46896412282050980,0,,2019-05-18T00:00:00-0900,0.005701,0.005696,0.004755,0.000329,0.056415084399999996,0.066569797696,0.590775654376,11.011932223642999,0.030453307026,0.015306767090999998,0.009836898254999999,0.006655317887999999,0.141405392591,0.04400940352,0.051931092735999995,0.43404876217599997,9.972844550527999,0.023092842816,0.014629498175999999,0.0072929875199999996,0.0059243412479999995,0.10483667993599999,0.01240568088,0.014638704959999999,0.1567268922,1.0390876731149998,0.007360464209999999,0.000677268915,0.0025439107349999996,0.00073097664,0.036568712654999995,0.0,0.0,0.0,0.0,0.0,0.0,0.0,0.0,0.0,0.926851,15294784.389348274,7.692527,9.02860375,10.3646805,11.70075725,13.036834,14.37291075,15.708987500000001,17.045064250000003,18.381141,19.717217750000003,21.0532945,22.389371250000003,23.725448,25.061524750000004,26.3976015,27.733678250000004,29.069755,30.405831750000004,31.7419085,33.077985250000005,34.414062
SF11C46896412282050980,1,,2019-05-18T01:00:00-0900,0.005701,0.005701,0.004171,0.000595,0.054930074266,0.064817485548,0.5719077693210001,10.893067716801001,0.029569580003,0.015236428124000001,0.009530861857,0.006570741176,0.137006119867,0.04404803537,0.051976678316,0.43442977408100003,9.981598803118,0.023113113921000003,0.014642340081,0.00729938937,0.005929541688,0.104928706516,0.010882038896000002,0.012840807232,0.13747799524,0.9114689136830001,0.006456466082,0.000594088043,0.0022314724869999998,0.0006411994880000001,0.032077413351,0.0,0.0,0.0,0.0,0.0,0.0,0.0,0.0,0.0,0.926851,15294784.389348274,7.692527,9.150920150000001,10.6093133,12.067706450000001,13.526099600000002,14.984492750000001,16.4428859,17.90127905,19.359672200000002,20.818065350000005,22.276458500000004,23.734851650000003,25.193244800000002,26.65163795,28.1100311,29.568424250000007,31.026817400000006,32.485210550000005,33.943603700000004,35.40199685,36.86039
SF11C46896412282050980,2,,2019-05-18T02:00:00-0900,0.005701,0.005701,0.003537,0.000798,0.053275983482,0.06286565822000001,0.5510108503610001,10.754522693719,0.028588184775000004,0.015146125602,0.009191673759,0.006473277624,0.13213029151300001,0.04404803537,0.051976678316,0.43442977408100003,9.981598803118,0.023113113921000003,0.014642340081,0.00729938937,0.005929541688,0.104928706516,0.009227948112000001,0.010888979904,0.11658107628,0.7729238906010001,0.005475070854,0.0005037855210000001,0.001892284389,0.000543735936,0.027201584997,0.0,0.0,0.0,0.0,0.0,0.0,0.0,0.0,0.0,0.951234,15294784.389348274,7.692527,8.74963635,9.8067457,10.86385505,11.920964399999999,12.97807375,14.0351831,15.092292449999999,16.1494018,17.206511149999997,18.263620500000002,19.32072985,20.377839199999997,21.43494855,22.4920579,23.54916725,24.6062766,25.66338595,26.720495299999996,27.77760465,28.834713999999998
SF11C46896412282050980,3,,2019-05-18T03:00:00-0900,0.005701,0.005701,0.003005,0.000951,0.051888008250000006,0.061227847276,0.533475896281,10.638267248483,0.027764679631000003,0.015070351246,0.008907055355,0.006391494328,0.128038902421,0.04404803537,0.051976678316,0.43442977408100003,9.981598803118,0.023113113921000003,0.014642340081,0.00729938937,0.005929541688,0.104928706516,0.00783997288,0.00925116896,0.09904612219999999,0.656668445365,0.00465156571,0.000428011165,0.0016076659849999998,0.00046195264,0.023110195905,0.0,0.0,0.0,0.0,0.0,0.0,0.0,0.0,0.0,0.963425,15294784.389348274,7.692527,8.5187696,9.345012200000001,10.1712548,10.9974974,11.82374,12.649982600000001,13.476225200000002,14.302467800000002,15.128710400000003,15.954953000000001,16.781195600000004,17.607438200000004,18.433680800000005,19.2599234,20.086166000000002,20.912408600000003,21.738651200000003,22.564893800000004,23.3911364,24.217379
SF11C46896412282050980,4,,2019-05-18T04:00:00-0900,0.005701,0.005701,0.002683,0.00107,0.051047917978000006,0.060236540652,0.522862634601,10.567902110577,0.027266242307000005,0.01502448782,0.008734786321,0.006341993912,0.125562535339,0.04404803537,0.051976678316,0.43442977408100003,9.981598803118,0.023113113921000003,0.014642340081,0.00729938937,0.005929541688,0.104928706516,0.006999882608000001,0.008259862336,0.08843286052,0.5863033074590001,0.004153128386,0.00038214773900000003,0.001435396951,0.00041245222400000003,0.020633828823,0.0,0.0,0.0,0.0,0.0,0.0,0.0,0.0,0.0,0.97074,15294784.389348274,7.692527,8.36582355,9.0391201,9.71241665,10.3857132,11.05900975,11.732306300000001,12.405602850000001,13.078899400000001,13.75219595,14.4254925,15.09878905,15.7720856,16.44538215,17.1186787,17.79197525,18.4652718,19.13856835,19.8118649,20.48516145,21.158458
SF11C46896412282050980,5,,2019-05-18T05:00:00-0900,0.005701,0.005701,0.002487,0.001168,0.050536558682,0.05963313662,0.516402388361,10.525071157069,0.026962845675000003,0.014996570952,0.008629926909,0.006311863224,0.124055181463,0.04404803537,0.051976678316,0.43442977408100003,9.981598803118,0.023113113921000003,0.014642340081,0.00729938937,0.005929541688,0.104928706516,0.006488523312000001,0.007656458304,0.08197261428,0.543472353951,0.003849731754,0.000354230871,0.001330537539,0.000382321536,0.019126474947,0.0,0.0,0.0,0.0,0.0,0.0,0.0,0.0,0.0,0.975617,15294784.389348274,7.692527,8.2555411,8.8185552,9.3815693,9.944583399999999,10.5075975,11.0706116,11.6336257,12.1966398,12.7596539,13.322668,13.8856821,14.4486962,15.0117103,15.5747244,16.137738499999998,16.7007526,17.263766699999998,17.8267808,18.3897949,18.952809000000002
SF11C46896412282050980,6,,2019-05-18T06:00:00-0900,0.005701,0.005701,0.002369,0.001251,0.050228699514000004,0.059269862764,0.512513056441,10.499285174855,0.026780188519000003,0.014979763858000001,0.008566797263,0.00629372332,0.123147692905,0.04404803537,0.051976678316,0.43442977408100003,9.981598803118,0.023113113921000003,0.014642340081,0.00729938937,0.005929541688,0.104928706516,0.006180664144,0.007293184448,0.07808328235999999,0.517686371737,0.003667074598,0.00033742377700000004,0.0012674078929999998,0.000364181632,0.018218986389,0.0,0.0,0.0,0.0,0.0,0.0,0.0,0.0,0.0,0.9791,15294784.389348274,7.692527,8.1714641,8.650401200000001,9.1293383,9.6082754,10.0872125,10.5661496,11.0450867,11.5240238,12.0029609,12.481898000000001,12.9608351,13.4397722,13.9187093,14.3976464,14.8765835,15.3555206,15.8344577,16.313394799999998,16.7923319,17.271269
SF11C46896412282050980,7,,2019-05-18T07:00:00-0900,0.005701,0.005701,0.002297,0.001324,0.050040853242,0.059048204140000005,0.510139904761,10.483551355199001,0.026668736695000004,0.014969508682000001,0.008528277479,0.006282654904,0.122593971073,0.04404803537,0.051976678316,0.43442977408100003,9.981598803118,0.023113113921000003,0.014642340081,0.00729938937,0.005929541688,0.104928706516,0.005992817872,0.007071525824,0.07571013068,0.501952552081,0.003555622774,0.000327168601,0.0012288881089999998,0.000353113216,0.017665264556999998,0.0,0.0,0.0,0.0,0.0,0.0,0.0,0.0,0.0,0.981713,15294784.389348274,7.692527,8.10477275,8.5170185,8.92926425,9.34151,9.75375575,10.1660015,10.57824725,10.990493,11.402738750000001,11.814984500000001,12.227230250000002,12.639476,13.05172175,13.4639675,13.87621325,14.288459,14.70070475,15.1129505,15.52519625,15.937442
SF11C46896412282050980,8,,2019-05-18T08:00:00-0900,0.005701,0.005701,0.002186,0.001383,0.049751256906000005,0.058706480428,0.506481295921,10.459295049896001,0.026496915133000003,0.014953698619,0.008468892812,0.006265591096,0.121740316582,0.04404803537,0.051976678316,0.43442977408100003,9.981598803118,0.023113113921000003,0.014642340081,0.00729938937,0.005929541688,0.104928706516,0.005703221536,0.006729802112,0.07205152184,0.477696246778,0.0033838012119999997,0.000311358538,0.0011695034419999999,0.000336049408,0.016811610066,0.0,0.0,0.0,0.0,0.0,0.0,0.0,0.0,0.0,0.983745,15294784.389348274,7.692527,8.05011095,8.4076949,8.76527885,9.1228628,9.48044675,9.838030700000001,10.19561465,10.5531986,10.91078255,11.268366499999999,11.62595045,11.9835344,12.34111835,12.6987023,13.05628625,13.4138702,13.77145415,14.129038099999999,14.48662205,14.844206
SF11C46896412282050980,9,,2019-05-18T09:00:00-0900,0.005701,0.005701,0.00287,0.001486,0.05153579649,0.060812237356,0.529026236881,10.608766336628001,0.027555707461000004,0.015051122791,0.00883483076,0.006370741048,0.127000673986,0.04404803537,0.051976678316,0.43442977408100003,9.981598803118,0.023113113921000003,0.014642340081,0.00729938937,0.005929541688,0.104928706516,0.007487761120000001,0.00883555904,0.0945964628,0.62716753351,0.00444259354,0.00040878271000000004,0.00153544139,0.00044119936000000005,0.022071967470000002,0.0,0.0,0.0,0.0,0.0,0.0,0.0,0.0,0.0,0.98537,15294784.389348274,7.692527,8.00633325,8.3201395,8.63394575,8.947752,9.26155825,9.5753645,9.88917075,10.202977,10.51678325,10.8305895,11.144395750000001,11.458202,11.772008249999999,12.085814500000001,12.39962075,12.713427,13.02723325,13.3410395,13.65484575,13.968652
SF11C46896412282050980,10,,2019-05-18T10:00:00-0900,0.020004,0.019992,0.012409,0.002242,0.186840372224,0.22047163119999996,1.9324441009120001,37.714683668513,0.10026039850999999,0.053114524049,0.032235934812999995,0.022701050047999997,0.46339149710099997,0.15446558904,0.18226938307199997,1.523438000952,35.003003555856,0.081051986232,0.051347072952,0.02559715704,0.020793439295999996,0.36795907747199996,0.032374783184,0.038202248128,0.40900609996,2.711680112657,0.019208412278,0.001767451097,0.006638777772999999,0.001907610752,0.095432419629,0.0,0.0,0.0,0.0,0.0,0.0,0.0,0.0,0.0,0.914331,53667228.01693087,26.926933,29.8725325,32.818132,35.7637315,38.709331,41.6549305,44.60052999999999,47.54612949999999,50.49172899999999,53.43732849999999,56.38292799999999,59.32852749999999,62.27412699999999,65.2197265,68.165326,71.1109255,74.056525,77.0021245,79.947724,82.8933235,85.838923
SF11C46896412282050980,11,,2019-05-18T11:00:00-0900,0.040008,0.039992,0.029267,0.00411,0.385349889632,0.45471285513599996,4.012138818432,76.415593080747,0.207440024746,0.106883279563,0.06686231423899999,0.04609435667199999,0.9611456315989999,0.30899298904,0.36461170307199997,3.047485620952,70.020013915856,0.162136406232,0.102714692952,0.05120455704,0.041595199295999995,0.736065397472,0.07635690059200001,0.090101152064,0.96465319748,6.395579164891,0.045303618514,0.004168586611,0.015657757199,0.004499157376,0.225080234127,0.0,0.0,0.0,0.0,0.0,0.0,0.0,0.0,0.0,0.736745,107334456.03386174,53.672601,63.7782116,73.8838222,83.9894328,94.09504340000001,104.200654,114.3062646,124.4118752,134.5174858,144.6230964,154.72870699999999,164.83431760000002,174.9399282,185.04553880000003,195.1511494,205.25675999999999,215.36237060000002,225.4679812,235.57359180000003,245.6792024,255.78481299999999
SF11C46896412282050980,12,,2019-05-18T12:00:00-0900,0.070014,0.069989,0.058401,0.007865,0.693127717306,0.8178906831159999,7.258251100249,135.30237137277499,0.374152234311,0.18807664744199998,0.12085617572699998,0.08177258795999999,1.737307282505,0.54076090993,0.6380978317239999,5.333328443809,122.54027690430199,0.283750873569,0.17975841780899998,0.08961181592999999,0.072794719032,1.288169661524,0.152366807376,0.179792851392,1.92492265644,12.762094468473,0.090401360742,0.008318229633000001,0.031244359796999997,0.008977868928,0.449137620981,0.0,0.0,0.0,0.0,0.0,0.0,0.0,0.0,0.0,0.644382,187835298.05925804,93.453899,110.25757705000001,127.06125510000001,143.86493315,160.66861120000002,177.47228925000002,194.27596730000002,211.07964535000002,227.88332340000002,244.68700145000003,261.49067950000006,278.29435755000003,295.0980356,311.90171365000003,328.70539170000006,345.50906975000004,362.3127478,379.11642585000004,395.9201039000001,412.72378195,429.52746
SF11C46896412282050980,13,,2019-05-18T13:00:00-0900,0.10002,0.099995,0.092582,0.013723,1.014142584182,1.196688218964,10.671400544175,195.307804372296,0.548713395139,0.270011990101,0.177561690404,0.118236045256,2.5524489435619997,0.77259836815,0.91166601442,7.619857088095,175.07629754741,0.405401828895,0.256825258095,0.12803059815,0.10400359955999999,1.8404395734199999,0.24154421603200002,0.285022204544,3.0515434560799997,20.231506824886,0.143311566244,0.013186732006,0.04953109225399999,0.014232445696,0.7120093701419999,0.0,0.0,0.0,0.0,0.0,0.0,0.0,0.0,0.0,0.668988,268336140.08465433,132.834177,151.72352170000002,170.6128664,189.5022111,208.3915558,227.2809005,246.1702452,265.0595899,283.94893460000003,302.8382793,321.727624,340.61696870000003,359.5063134,378.3956581,397.2850028,416.1743475,435.0636922,453.9530369,472.8423816,491.7317263,510.621071
SF11C46896412282050980,14,,2019-05-18T14:00:00-0900,0.130026,0.130001,0.130519,0.0218,1.3449567649140002,1.5870489463639998,14.208349400741,256.134018297205,0.7290886261189999,0.35248231110800005,0.236276653813,0.15527690492,3.396476426855,1.0044358263700002,1.1852341971159999,9.906385732381,227.612318190518,0.527052784221,0.33389209838100004,0.16644938037,0.135212480088,2.392709485316,0.340520938544,0.401814749248,4.30196366836,28.521700106687,0.20203584189799997,0.018590212727,0.06982727344299999,0.020064424832,1.003766941539,0.0,0.0,0.0,0.0,0.0,0.0,0.0,0.0,0.0,0.703836,348836982.1100506,171.81748,191.22726734999998,210.6370547,230.04684205,249.4566294,268.86641675,288.2762041,307.68599145,327.0957788,346.50556615,365.91535350000004,385.32514085,404.7349282,424.14471555,443.55450290000005,462.96429025000003,482.3740776,501.78386495,521.1936522999999,540.60343965,560.013227
SF11C46896412282050980,15,,2019-05-18T15:00:00-0900,0.160032,0.160007,0.170702,0.032096,1.6816307057420001,1.984324191396,17.819327405547,317.45103998527196,0.912940534831,0.43527253663300003,0.296193220484,0.192663037672,4.257776955074,1.2362732845900002,1.458802379812,12.192914376667002,280.148338833626,0.648703739547,0.410958938667,0.20486816259,0.166421360616,2.944979397212,0.445357421152,0.525521811584,5.626413028879999,37.302701151646,0.26423679528399996,0.024313597965999998,0.09132505789399999,0.026241677055999998,1.312797557862,0.0,0.0,0.0,0.0,0.0,0.0,0.0,0.0,0.0,0.736568,429337824.13544697,210.407807,229.49035805,248.5729091,267.65546015,286.73801119999996,305.82056224999997,324.9031133,343.98566435,363.0682154,382.15076645,401.2333175,420.31586855,439.3984196,458.48097065,477.56352169999997,496.64607275,515.7286237999999,534.81117485,553.8937258999999,572.97627695,592.058828
SF11C46896412282050980,16,,2019-05-18T16:00:00-0900,0.170034,0.170026,0.189204,0.04296,1.8073124807240002,2.1326286857839998,19.192633121666002,339.03596592616,0.982199797914,0.463640441238,0.318919762008,0.20592795479999998,4.584470945740001,1.31368378562,1.550146765016,12.956386031906002,297.690110173468,0.6893229797460001,0.436691547906,0.21769618962,0.17684200228799998,3.1293822582160002,0.49362869510400004,0.582481920768,6.23624708976,41.345855752692,0.292876818168,0.026948893332000002,0.10122357238799999,0.029085952512000003,1.4550886875240001,0.0,0.0,0.0,0.0,0.0,0.0,0.0,0.0,0.0,0.783801,456171438.1439123,223.184608,239.3206974,255.45678679999997,271.5928762,287.7289656,303.865055,320.0011444,336.1372338,352.27332319999994,368.4094126,384.54550199999994,400.68159139999995,416.81768079999995,432.95377019999995,449.08985959999995,465.2259489999999,481.36203839999996,497.4981277999999,513.6342172,529.7703065999999,545.906396
SF11C46896412282050980,17,,2019-05-18T17:00:00-0900,0.120024,0.120065,0.136935,0.049458,1.2849267426100002,1.5162135280599998,13.662676726165,240.13962570192498,0.6987374821350001,0.32787672762000003,0.226987438245,0.1459289094,3.262943974775,0.9276666140500001,1.0946465325399999,9.149238874765,210.21586744367,0.48677004436500004,0.308372664765,0.15372762405,0.12487816571999999,2.20983426554,0.35726012856,0.42156699552,4.5134378514,29.923758258255,0.21196743777,0.019504062855,0.073259814195,0.02105074368,1.053109709235,0.0,0.0,0.0,0.0,0.0,0.0,0.0,0.0,0.0,0.868512,322003368.1015852,158.866906,167.37110295,175.87529990000002,184.37949685,192.8836938,201.38789075,209.8920877,218.39628465,226.9004816,235.40467855,243.90887550000002,252.41307245000002,260.9172694,269.42146635,277.9256633,286.42986025000005,294.9340572,303.43825415000003,311.94245109999997,320.44664805,328.950845
SF11C46896412282050980,18,,2019-05-18T18:00:00-0900,0.070014,0.070055,0.080543,0.051607,0.7514056043180002,0.8866585968360001,7.993090519875,140.256514101729,0.4086943446610001,0.191399912074,0.132786583721,0.08524507914400001,1.908806877863,0.5412708503500001,0.6386995613800001,5.338357800955,122.65583303849,0.28401845215500005,0.179927930955,0.08969632035000001,0.07286336484,1.28938441238,0.21013475396800002,0.247959035456,2.65473271892,17.600681063239,0.124675892506,0.011471981119,0.043090263371,0.012381714304,0.6194224654830001,0.0,0.0,0.0,0.0,0.0,0.0,0.0,0.0,0.0,0.928132,187835298.05925804,93.453899,97.06800960000001,100.6821202,104.2962308,107.91034140000001,111.524452,115.1385626,118.7526732,122.36678380000001,125.9808944,129.59500500000001,133.2091156,136.8232262,140.4373368,144.0514474,147.665558,151.27966859999998,154.89377919999998,158.5078898,162.1220004,165.736111
SF11C46896412282050980,19,,2019-05-18T19:00:00-0900,0.040008,0.040033,0.045647,0.051194,0.428401697682,0.5055139938519999,4.555155123253,80.06682192372499,0.232961537767,0.109321635724,0.075678060269,0.04865506491999999,1.0878719663349998,0.30930977021,0.36498550482799996,3.050609918573,70.09179878709399,0.162302629293,0.102819996573,0.05125705221,0.041637842903999994,0.7368200154279999,0.11909192747200001,0.140528489024,1.5045452046799999,9.975023136631,0.070658908474,0.006501639151,0.024421008058999997,0.007017222016,0.351051950907,0.0,0.0,0.0,0.0,0.0,0.0,0.0,0.0,0.0,0.958933,107334456.03386174,53.672601,55.22213895,56.7716769,58.321214850000004,59.8707528,61.42029075,62.9698287,64.51936665,66.0689046,67.61844255,69.1679805,70.71751845,72.2670564,73.81659435,75.3661323,76.91567025,78.4652082,80.01474615000001,81.5642841,83.11382205,84.66336
SF11C46896412282050980,20,,2019-05-18T20:00:00-0900,0.005701,0.005729,0.006349,0.048093,0.060828762354000004,0.071777938172,0.645829274309,11.418039575898998,0.033054515867,0.015618561865999999,0.010731935683,0.006934683224,0.15427155413299998,0.04426437373,0.052231957563999995,0.436563440749,10.030622617621999,0.023226632109,0.014714254748999999,0.00733523973,0.005958664151999999,0.10544405536399999,0.016564388624,0.019545980608,0.20926583355999998,1.387416958277,0.009827883757999999,0.000904307117,0.0033966959529999996,0.000976019072,0.048827498769,0.0,0.0,0.0,0.0,0.0,0.0,0.0,0.0,0.0,0.996387,15294784.389348274,7.692527,8.07715335,8.461779700000001,8.84640605,9.2310324,9.61565875,10.0002851,10.38491145,10.7695378,11.15416415,11.538790500000001,11.92341685,12.3080432,12.69266955,13.0772959,13.46192225,13.8465486,14.23117495,14.615801300000001,15.00042765,15.385054
SF11C46896412282050980,21,,2019-05-18T21:00:00-0900,0.005701,0.005701,0.006081,0.045188,0.059913218426,0.070697596268,0.634862209721,11.310450988231,0.032526149223000005,0.015508475154000001,0.010552706127,0.006864361656,0.151695129577,0.04404803537,0.051976678316,0.43442977408100003,9.981598803118,0.023113113921000003,0.014642340081,0.00729938937,0.005929541688,0.104928706516,0.015865183056,0.018720917952,0.20043243564,1.328852185113,0.009413035302,0.000866135073,0.0032533167569999996,0.000934819968,0.046766423061,0.0,0.0,0.0,0.0,0.0,0.0,0.0,0.0,0.0,0.999099,15294784.389348274,7.692527,8.07715335,8.461779700000001,8.84640605,9.2310324,9.61565875,10.0002851,10.38491145,10.7695378,11.15416415,11.538790500000001,11.92341685,12.3080432,12.69266955,13.0772959,13.46192225,13.8465486,14.23117495,14.615801300000001,15.00042765,15.385054
SF11C46896412282050980,22,,2019-05-18T22:00:00-0900,0.005701,0.005701,0.005723,0.042459,0.058979205018000004,0.06959546033200001,0.623062372201,11.232218940497,0.031971985987000004,0.01545748414,0.010361177201,0.0068093270319999994,0.148941901579,0.04404803537,0.051976678316,0.43442977408100003,9.981598803118,0.023113113921000003,0.014642340081,0.00729938937,0.005929541688,0.104928706516,0.014931169648,0.017618782016,0.18863259812,1.250620137379,0.008858872066,0.0008151440589999999,0.0030617878309999996,0.0008797853439999999,0.044013195063,0.0,0.0,0.0,0.0,0.0,0.0,0.0,0.0,0.0,0.999099,15294784.389348274,7.692527,8.07715335,8.461779700000001,8.84640605,9.2310324,9.61565875,10.0002851,10.38491145,10.7695378,11.15416415,11.538790500000001,11.92341685,12.3080432,12.69266955,13.0772959,13.46192225,13.8465486,14.23117495,14.615801300000001,15.00042765,15.385054
SF11C46896412282050980,23,,2019-05-18T23:00:00-0900,0.005701,0.005701,0.005277,0.039888,0.057815601722,0.06822240830000001,0.608362015961,11.134756668739001,0.031281603855,0.015393959022,0.010122568539,0.006740764344,0.145511902453,0.04404803537,0.051976678316,0.43442977408100003,9.981598803118,0.023113113921000003,0.014642340081,0.00729938937,0.005929541688,0.104928706516,0.013767566352,0.016245729984,0.17393224187999998,1.153157865621,0.008168489933999998,0.0007516189409999999,0.0028231791689999996,0.000811222656,0.040583195936999994,0.0,0.0,0.0,0.0,0.0,0.0,0.0,0.0,0.0,0.999099,15294784.389348274,7.692527,8.07715335,8.461779700000001,8.84640605,9.2310324,9.61565875,10.0002851,10.38491145,10.7695378,11.15416415,11.538790500000001,11.92341685,12.3080432,12.69266955,13.0772959,13.46192225,13.8465486,14.23117495,14.615801300000001,15.00042765,15.385054
SF11C46896512282050980,0,,2019-05-18T00:00:00-0400,0.005701,0.005701,0.004404,0.000304,0.000687067417,0.00081073921,0.006776294115,0.155694332804,0.000360519838,0.00022839346200000002,0.000113854671,9.248732300000001e-05,0.001636694389,0.000687067417,0.00081073921,0.006776294115,0.155694332804,0.000360519838,0.00022839346200000002,0.000113854671,9.248732300000001e-05,0.001636694389,0.0,0.0,0.0,0.0,0.0,0.0,0.0,0.0,0.0,0.0,0.0,0.0,0.0,0.0,0.0,0.0,0.0,0.0,0.979901,181244.0925167711,2.115098,2.2208529,2.3266078,2.4323627,2.5381176,2.6438725,2.7496274000000005,2.8553823000000005,2.9611372000000005,3.0668921000000005,3.1726470000000004,3.2784019000000004,3.3841568000000004,3.4899117000000004,3.5956666000000004,3.7014215000000004,3.8071764000000003,3.9129313000000003,4.0186862,4.1244411,4.230196
SF11C46896512282050980,1,,2019-05-18T01:00:00-0400,0.005701,0.005701,0.003775,0.000544,0.000687067417,0.00081073921,0.006776294115,0.155694332804,0.000360519838,0.00022839346200000002,0.000113854671,9.248732300000001e-05,0.001636694389,0.000687067417,0.00081073921,0.006776294115,0.155694332804,0.000360519838,0.00022839346200000002,0.000113854671,9.248732300000001e-05,0.001636694389,0.0,0.0,0.0,0.0,0.0,0.0,0.0,0.0,0.0,0.0,0.0,0.0,0.0,0.0,0.0,0.0,0.0,0.0,0.979901,181244.0925167711,2.115098,2.2208529,2.3266078,2.4323627,2.5381176,2.6438725,2.7496274000000005,2.8553823000000005,2.9611372000000005,3.0668921000000005,3.1726470000000004,3.2784019000000004,3.3841568000000004,3.4899117000000004,3.5956666000000004,3.7014215000000004,3.8071764000000003,3.9129313000000003,4.0186862,4.1244411,4.230196
SF11C46896512282050980,2,,2019-05-18T02:00:00-0400,0.005701,0.005701,0.003325,0.000737,0.000687067417,0.00081073921,0.006776294115,0.155694332804,0.000360519838,0.00022839346200000002,0.000113854671,9.248732300000001e-05,0.001636694389,0.000687067417,0.00081073921,0.006776294115,0.155694332804,0.000360519838,0.00022839346200000002,0.000113854671,9.248732300000001e-05,0.001636694389,0.0,0.0,0.0,0.0,0.0,0.0,0.0,0.0,0.0,0.0,0.0,0.0,0.0,0.0,0.0,0.0,0.0,0.0,0.986601,181244.0925167711,2.115098,2.2208529,2.3266078,2.4323627,2.5381176,2.6438725,2.7496274000000005,2.8553823000000005,2.9611372000000005,3.0668921000000005,3.1726470000000004,3.2784019000000004,3.3841568000000004,3.4899117000000004,3.5956666000000004,3.7014215000000004,3.8071764000000003,3.9129313000000003,4.0186862,4.1244411,4.230196
SF11C46896512282050980,3,,2019-05-18T03:00:00-0400,0.005701,0.005701,0.003003,0.000893,0.000687067417,0.00081073921,0.006776294115,0.155694332804,0.000360519838,0.00022839346200000002,0.000113854671,9.248732300000001e-05,0.001636694389,0.000687067417,0.00081073921,0.006776294115,0.155694332804,0.000360519838,0.00022839346200000002,0.000113854671,9.248732300000001e-05,0.001636694389,0.0,0.0,0.0,0.0,0.0,0.0,0.0,0.0,0.0,0.0,0.0,0.0,0.0,0.0,0.0,0.0,0.0,0.0,0.989951,181244.0925167711,2.115098,2.2208529,2.3266078,2.4323627,2.5381176,2.6438725,2.7496274000000005,2.8553823000000005,2.9611372000000005,3.0668921000000005,3.1726470000000004,3.2784019000000004,3.3841568000000004,3.4899117000000004,3.5956666000000004,3.7014215000000004,3.8071764000000003,3.9129313000000003,4.0186862,4.1244411,4.230196
SF11C46896512282050980,4,,2019-05-18T04:00:00-0400,0.005701,0.005701,0.002771,0.001023,0.000687067417,0.00081073921,0.006776294115,0.155694332804,0.000360519838,0.00022839346200000002,0.000113854671,9.248732300000001e-05,0.001636694389,0.000687067417,0.00081073921,0.006776294115,0.155694332804,0.000360519838,0.00022839346200000002,0.000113854671,9.248732300000001e-05,0.001636694389,0.0,0.0,0.0,0.0,0.0,0.0,0.0,0.0,0.0,0.0,0.0,0.0,0.0,0.0,0.0,0.0,0.0,0.0,0.991961,181244.0925167711,2.115098,2.2208529,2.3266078,2.4323627,2.5381176,2.6438725,2.7496274000000005,2.8553823000000005,2.9611372000000005,3.0668921000000005,3.1726470000000004,3.2784019000000004,3.3841568000000004,3.4899117000000004,3.5956666000000004,3.7014215000000004,3.8071764000000003,3.9129313000000003,4.0186862,4.1244411,4.230196
SF11C46896512282050980,5,,2019-05-18T05:00:00-0400,0.005701,0.005701,0.002606,0.001133,0.000687067417,0.00081073921,0.006776294115,0.155694332804,0.000360519838,0.00022839346200000002,0.000113854671,9.248732300000001e-05,0.001636694389,0.000687067417,0.00081073921,0.006776294115,0.155694332804,0.000360519838,0.00022839346200000002,0.000113854671,9.248732300000001e-05,0.001636694389,0.0,0.0,0.0,0.0,0.0,0.0,0.0,0.0,0.0,0.0,0.0,0.0,0.0,0.0,0.0,0.0,0.0,0.0,0.9933,181244.0925167711,2.115098,2.2208529,2.3266078,2.4323627,2.5381176,2.6438725,2.7496274000000005,2.8553823000000005,2.9611372000000005,3.0668921000000005,3.1726470000000004,3.2784019000000004,3.3841568000000004,3.4899117000000004,3.5956666000000004,3.7014215000000004,3.8071764000000003,3.9129313000000003,4.0186862,4.1244411,4.230196
SF11C46896512282050980,6,,2019-05-18T06:00:00-0400,0.005701,0.005701,0.002487,0.001226,0.000687067417,0.00081073921,0.006776294115,0.155694332804,0.000360519838,0.00022839346200000002,0.000113854671,9.248732300000001e-05,0.001636694389,0.000687067417,0.00081073921,0.006776294115,0.155694332804,0.000360519838,0.00022839346200000002,0.000113854671,9.248732300000001e-05,0.001636694389,0.0,0.0,0.0,0.0,0.0,0.0,0.0,0.0,0.0,0.0,0.0,0.0,0.0,0.0,0.0,0.0,0.0,0.0,0.994258,181244.0925167711,2.115098,2.2208529,2.3266078,2.4323627,2.5381176,2.6438725,2.7496274000000005,2.8553823000000005,2.9611372000000005,3.0668921000000005,3.1726470000000004,3.2784019000000004,3.3841568000000004,3.4899117000000004,3.5956666000000004,3.7014215000000004,3.8071764000000003,3.9129313000000003,4.0186862,4.1244411,4.230196
SF11C46896512282050980,7,,2019-05-18T07:00:00-0400,0.005701,0.005701,0.002402,0.001308,0.000687067417,0.00081073921,0.006776294115,0.155694332804,0.000360519838,0.00022839346200000002,0.000113854671,9.248732300000001e-05,0.001636694389,0.000687067417,0.00081073921,0.006776294115,0.155694332804,0.000360519838,0.00022839346200000002,0.000113854671,9.248732300000001e-05,0.001636694389,0.0,0.0,0.0,0.0,0.0,0.0,0.0,0.0,0.0,0.0,0.0,0.0,0.0,0.0,0.0,0.0,0.0,0.0,0.994975,181244.0925167711,2.115098,2.2208529,2.3266078,2.4323627,2.5381176,2.6438725,2.7496274000000005,2.8553823000000005,2.9611372000000005,3.0668921000000005,3.1726470000000004,3.2784019000000004,3.3841568000000004,3.4899117000000004,3.5956666000000004,3.7014215000000004,3.8071764000000003,3.9129313000000003,4.0186862,4.1244411,4.230196
SF11C46896512282050980,8,,2019-05-18T08:00:00-0400,0.005701,0.005701,0.002187,0.001368,0.000687067417,0.00081073921,0.006776294115,0.155694332804,0.000360519838,0.00022839346200000002,0.000113854671,9.248732300000001e-05,0.001636694389,0.000687067417,0.00081073921,0.006776294115,0.155694332804,0.000360519838,0.00022839346200000002,0.000113854671,9.248732300000001e-05,0.001636694389,0.0,0.0,0.0,0.0,0.0,0.0,0.0,0.0,0.0,0.0,0.0,0.0,0.0,0.0,0.0,0.0,0.0,0.0,0.995534,181244.0925167711,2.115098,2.2208529,2.3266078,2.4323627,2.5381176,2.6438725,2.7496274000000005,2.8553823000000005,2.9611372000000005,3.0668921000000005,3.1726470000000004,3.2784019000000004,3.3841568000000004,3.4899117000000004,3.5956666000000004,3.7014215000000004,3.8071764000000003,3.9129313000000003,4.0186862,4.1244411,4.230196
SF11C46896512282050980,9,,2019-05-18T09:00:00-0400,0.005701,0.005701,0.002871,0.001472,0.000687067417,0.00081073921,0.006776294115,0.155694332804,0.000360519838,0.00022839346200000002,0.000113854671,9.248732300000001e-05,0.001636694389,0.000687067417,0.00081073921,0.006776294115,0.155694332804,0.000360519838,0.00022839346200000002,0.000113854671,9.248732300000001e-05,0.001636694389,0.0,0.0,0.0,0.0,0.0,0.0,0.0,0.0,0.0,0.0,0.0,0.0,0.0,0.0,0.0,0.0,0.0,0.0,0.99598,181244.0925167711,2.115098,2.2208529,2.3266078,2.4323627,2.5381176,2.6438725,2.7496274000000005,2.8553823000000005,2.9611372000000005,3.0668921000000005,3.1726470000000004,3.2784019000000004,3.3841568000000004,3.4899117000000004,3.5956666000000004,3.7014215000000004,3.8071764000000003,3.9129313000000003,4.0186862,4.1244411,4.230196
SF11C46896512282050980,10,,2019-05-18T10:00:00-0400,0.020004,0.020004,0.012417,0.002229,0.002410822068,0.0028447688400000002,0.023777054460000002,0.546309320016,0.0012650129520000001,0.0008014002480000001,0.000399499884,0.00032452489200000004,0.005742928356,0.002410822068,0.0028447688400000002,0.023777054460000002,0.546309320016,0.0012650129520000001,0.0008014002480000001,0.000399499884,0.00032452489200000004,0.005742928356,0.0,0.0,0.0,0.0,0.0,0.0,0.0,0.0,0.0,0.0,0.0,0.0,0.0,0.0,0.0,0.0,0.0,0.0,0.976461,635959.8012112769,7.416657,7.78748985,8.1583227,8.52915555,8.8999884,9.27082125,9.6416541,10.01248695,10.383319799999999,10.75415265,11.1249855,11.49581835,11.8666512,12.237484049999999,12.608316899999998,12.97914975,13.3499826,13.72081545,14.0916483,14.462481149999999,14.833314
SF11C46896512282050980,11,,2019-05-18T11:00:00-0400,0.040008,0.040008,0.029285,0.0041,0.004821644136,0.0056895376800000005,0.047554108920000004,1.092618640032,0.0025300259040000003,0.0016028004960000001,0.000798999768,0.0006490497840000001,0.011485856712,0.004821644136,0.0056895376800000005,0.047554108920000004,1.092618640032,0.0025300259040000003,0.0016028004960000001,0.000798999768,0.0006490497840000001,0.011485856712,0.0,0.0,0.0,0.0,0.0,0.0,0.0,0.0,0.0,0.0,0.0,0.0,0.0,0.0,0.0,0.0,0.0,0.0,0.927667,1271919.6024225538,14.819563,15.56054115,16.3015193,17.04249745,17.7834756,18.52445375,19.2654319,20.00641005,20.7473882,21.48836635,22.2293445,22.97032265,23.7113008,24.45227895,25.1932571,25.93423525,26.6752134,27.41619155,28.1571697,28.89814785,29.639126
SF11C46896512282050980,12,,2019-05-18T12:00:00-0400,0.070014,0.070014,0.058436,0.007857,0.008437877238000002,0.00995669094,0.08321969061000001,1.9120826200560002,0.004427545332000001,0.0028049008680000004,0.001398249594,0.0011358371220000002,0.020100249246000002,0.008437877238000002,0.00995669094,0.08321969061000001,1.9120826200560002,0.004427545332000001,0.0028049008680000004,0.001398249594,0.0011358371220000002,0.020100249246000002,0.0,0.0,0.0,0.0,0.0,0.0,0.0,0.0,0.0,0.0,0.0,0.0,0.0,0.0,0.0,0.0,0.0,0.0,0.854803,2225859.304239469,25.898193,27.19310265,28.488012299999998,29.78292195,31.0778316,32.37274125,33.6676509,34.96256055,36.2574702,37.552379849999994,38.8472895,40.142199149999996,41.4371088,42.73201845,44.0269281,45.32183775,46.616747399999994,47.91165705,49.206566699999996,50.50147635,51.796386
SF11C46896512282050980,13,,2019-05-18T13:00:00-0400,0.10002,0.10002,0.092637,0.01372,0.01205411034,0.0142238442,0.1188852723,2.7315466000799997,0.0063250647600000005,0.0040070012399999995,0.00199749942,0.0016226244600000001,0.028714641779999998,0.01205411034,0.0142238442,0.1188852723,2.7315466000799997,0.0063250647600000005,0.0040070012399999995,0.00199749942,0.0016226244600000001,0.028714641779999998,0.0,0.0,0.0,0.0,0.0,0.0,0.0,0.0,0.0,0.0,0.0,0.0,0.0,0.0,0.0,0.0,0.0,0.0,0.791131,3179799.006056384,36.946024,38.7933252,40.6406264,42.4879276,44.3352288,46.18253,48.029831200000004,49.8771324,51.7244336,53.5717348,55.419036000000006,57.2663372,59.1136384,60.9609396,62.8082408,64.655542,66.5028432,68.3501444,70.19744560000001,72.0447468,73.892048
SF11C46896512282050980,14,,2019-05-18T14:00:00-0400,0.130026,0.130026,0.130595,0.021801,0.015670343442,0.018490997460000002,0.15455085399,3.551010580104,0.008222584188,0.005209101612,0.002596749246,0.002109411798,0.037329034314,0.015670343442,0.018490997460000002,0.15455085399,3.551010580104,0.008222584188,0.005209101612,0.002596749246,0.002109411798,0.037329034314,0.0,0.0,0.0,0.0,0.0,0.0,0.0,0.0,0.0,0.0,0.0,0.0,0.0,0.0,0.0,0.0,0.0,0.0,0.747163,4133738.7078732997,47.963143,50.361300150000005,52.7594573,55.157614450000004,57.5557716,59.95392875,62.352085900000006,64.75024305000001,67.1484002,69.54655735,71.9447145,74.34287165,76.74102880000001,79.13918595000001,81.53734310000002,83.93550025,86.3336574,88.73181455000001,91.1299717,93.52812885,95.926286
SF11C46896512282050980,15,,2019-05-18T15:00:00-0400,0.160032,0.160032,0.1708,0.032104,0.019286576544,0.022758150720000002,0.19021643568000002,4.370474560128,0.010120103616000001,0.0064112019840000005,0.003195999072,0.0025961991360000003,0.045943426848,0.019286576544,0.022758150720000002,0.19021643568000002,4.370474560128,0.010120103616000001,0.0064112019840000005,0.003195999072,0.0025961991360000003,0.045943426848,0.0,0.0,0.0,0.0,0.0,0.0,0.0,0.0,0.0,0.0,0.0,0.0,0.0,0.0,0.0,0.0,0.0,0.0,0.736568,5087678.409690215,58.949635,61.89711675,64.8445985,67.79208025,70.739562,73.68704375,76.6345255,79.58200725,82.529489,85.47697075,88.4244525,91.37193425000001,94.319416,97.26689775,100.2143795,103.16186125,106.109343,109.05682475,112.00430650000001,114.95178824999999,117.89927
SF11C46896512282050980,16,,2019-05-18T16:00:00-0400,0.170034,0.170034,0.189309,0.042975,0.020491987577999998,0.02418053514,0.20210496291,4.643629220136,0.010752610092,0.0068119021079999995,0.0033957490139999995,0.002758461582,0.04881489102599999,0.020491987577999998,0.02418053514,0.20210496291,4.643629220136,0.010752610092,0.0068119021079999995,0.0033957490139999995,0.002758461582,0.04881489102599999,0.0,0.0,0.0,0.0,0.0,0.0,0.0,0.0,0.0,0.0,0.0,0.0,0.0,0.0,0.0,0.0,0.0,0.0,0.783801,5405658.310295853,62.605008,65.73525839999999,68.8655088,71.9957592,75.1260096,78.25626,81.38651039999999,84.5167608,87.6470112,90.7772616,93.907512,97.03776239999999,100.1680128,103.29826320000001,106.4285136,109.558764,112.68901439999999,115.8192648,118.94951520000001,122.0797656,125.210016
SF11C46896512282050980,17,,2019-05-18T17:00:00-0400,0.120024,0.120024,0.137003,0.049477,0.014464932408,0.01706861304,0.14266232676,3.277855920096,0.007590077712,0.004808401488,0.002396999304,0.0019471493520000003,0.034457570136,0.014464932408,0.01706861304,0.14266232676,3.277855920096,0.007590077712,0.004808401488,0.002396999304,0.0019471493520000003,0.034457570136,0.0,0.0,0.0,0.0,0.0,0.0,0.0,0.0,0.0,0.0,0.0,0.0,0.0,0.0,0.0,0.0,0.0,0.0,0.868512,3815758.807267661,44.294177,46.50888585,48.7235947,50.93830355,53.153012399999994,55.36772125,57.582430099999996,59.79713895,62.0118478,64.22655664999999,66.4412655,68.65597435,70.8706832,73.08539205,75.30010089999999,77.51480975,79.7295186,81.94422745,84.1589363,86.37364515,88.58835400000001
SF11C46896512282050980,18,,2019-05-18T18:00:00-0400,0.070014,0.070014,0.08058,0.051627,0.008437877238000002,0.00995669094,0.08321969061000001,1.9120826200560002,0.004427545332000001,0.0028049008680000004,0.001398249594,0.0011358371220000002,0.020100249246000002,0.008437877238000002,0.00995669094,0.08321969061000001,1.9120826200560002,0.004427545332000001,0.0028049008680000004,0.001398249594,0.0011358371220000002,0.020100249246000002,0.0,0.0,0.0,0.0,0.0,0.0,0.0,0.0,0.0,0.0,0.0,0.0,0.0,0.0,0.0,0.0,0.0,0.0,0.949948,2225859.304239469,25.898193,27.19310265,28.488012299999998,29.78292195,31.0778316,32.37274125,33.6676509,34.96256055,36.2574702,37.552379849999994,38.8472895,40.142199149999996,41.4371088,42.73201845,44.0269281,45.32183775,46.616747399999994,47.91165705,49.206566699999996,50.50147635,51.796386
SF11C46896512282050980,19,,2019-05-18T19:00:00-0400,0.040008,0.040008,0.045668,0.051215,0.004821644136,0.0056895376800000005,0.047554108920000004,1.092618640032,0.0025300259040000003,0.0016028004960000001,0.000798999768,0.0006490497840000001,0.011485856712,0.004821644136,0.0056895376800000005,0.047554108920000004,1.092618640032,0.0025300259040000003,0.0016028004960000001,0.000798999768,0.0006490497840000001,0.011485856712,0.0,0.0,0.0,0.0,0.0,0.0,0.0,0.0,0.0,0.0,0.0,0.0,0.0,0.0,0.0,0.0,0.0,0.0,0.98412,1271919.6024225538,14.819563,15.56054115,16.3015193,17.04249745,17.7834756,18.52445375,19.2654319,20.00641005,20.7473882,21.48836635,22.2293445,22.97032265,23.7113008,24.45227895,25.1932571,25.93423525,26.6752134,27.41619155,28.1571697,28.89814785,29.639126
SF11C46896512282050980,20,,2019-05-18T20:00:00-0400,0.005701,0.005701,0.006347,0.048113,0.000687067417,0.00081073921,0.006776294115,0.155694332804,0.000360519838,0.00022839346200000002,0.000113854671,9.248732300000001e-05,0.001636694389,0.000687067417,0.00081073921,0.006776294115,0.155694332804,0.000360519838,0.00022839346200000002,0.000113854671,9.248732300000001e-05,0.001636694389,0.0,0.0,0.0,0.0,0.0,0.0,0.0,0.0,0.0,0.0,0.0,0.0,0.0,0.0,0.0,0.0,0.0,0.0,0.999065,181244.0925167711,2.115098,2.2208529,2.3266078,2.4323627,2.5381176,2.6438725,2.7496274000000005,2.8553823000000005,2.9611372000000005,3.0668921000000005,3.1726470000000004,3.2784019000000004,3.3841568000000004,3.4899117000000004,3.5956666000000004,3.7014215000000004,3.8071764000000003,3.9129313000000003,4.0186862,4.1244411,4.230196
SF11C46896512282050980,21,,2019-05-18T21:00:00-0400,0.005701,0.005701,0.006085,0.045207,0.000687067417,0.00081073921,0.006776294115,0.155694332804,0.000360519838,0.00022839346200000002,0.000113854671,9.248732300000001e-05,0.001636694389,0.000687067417,0.00081073921,0.006776294115,0.155694332804,0.000360519838,0.00022839346200000002,0.000113854671,9.248732300000001e-05,0.001636694389,0.0,0.0,0.0,0.0,0.0,0.0,0.0,0.0,0.0,0.0,0.0,0.0,0.0,0.0,0.0,0.0,0.0,0.0,0.999768,181244.0925167711,2.115098,2.2208529,2.3266078,2.4323627,2.5381176,2.6438725,2.7496274000000005,2.8553823000000005,2.9611372000000005,3.0668921000000005,3.1726470000000004,3.2784019000000004,3.3841568000000004,3.4899117000000004,3.5956666000000004,3.7014215000000004,3.8071764000000003,3.9129313000000003,4.0186862,4.1244411,4.230196
SF11C46896512282050980,22,,2019-05-18T22:00:00-0400,0.005701,0.005701,0.005726,0.042477,0.000687067417,0.00081073921,0.006776294115,0.155694332804,0.000360519838,0.00022839346200000002,0.000113854671,9.248732300000001e-05,0.001636694389,0.000687067417,0.00081073921,0.006776294115,0.155694332804,0.000360519838,0.00022839346200000002,0.000113854671,9.248732300000001e-05,0.001636694389,0.0,0.0,0.0,0.0,0.0,0.0,0.0,0.0,0.0,0.0,0.0,0.0,0.0,0.0,0.0,0.0,0.0,0.0,0.99977,181244.0925167711,2.115098,2.2208529,2.3266078,2.4323627,2.5381176,2.6438725,2.7496274000000005,2.8553823000000005,2.9611372000000005,3.0668921000000005,3.1726470000000004,3.2784019000000004,3.3841568000000004,3.4899117000000004,3.5956666000000004,3.7014215000000004,3.8071764000000003,3.9129313000000003,4.0186862,4.1244411,4.230196
SF11C46896512282050980,23,,2019-05-18T23:00:00-0400,0.005701,0.005701,0.00528,0.039905,0.000687067417,0.00081073921,0.006776294115,0.155694332804,0.000360519838,0.00022839346200000002,0.000113854671,9.248732300000001e-05,0.001636694389,0.000687067417,0.00081073921,0.006776294115,0.155694332804,0.000360519838,0.00022839346200000002,0.000113854671,9.248732300000001e-05,0.001636694389,0.0,0.0,0.0,0.0,0.0,0.0,0.0,0.0,0.0,0.0,0.0,0.0,0.0,0.0,0.0,0.0,0.0,0.0,0.999771,181244.0925167711,2.115098,2.2208529,2.3266078,2.4323627,2.5381176,2.6438725,2.7496274000000005,2.8553823000000005,2.9611372000000005,3.0668921000000005,3.1726470000000004,3.2784019000000004,3.3841568000000004,3.4899117000000004,3.5956666000000004,3.7014215000000004,3.8071764000000003,3.9129313000000003,4.0186862,4.1244411,4.230196
SF11C46896612282051210,0,,2019-05-19T00:00:00-0700,0.005701,0.005692,0.004755,0.000329,0.086599619148,0.10218754820399999,0.8541006343640001,19.624092200764,0.045441006212,0.028787238772,0.014350795623999999,0.0116576429,0.206292662904,0.086599619148,0.10218754820399999,0.8541006343640001,19.624092200764,0.045441006212,0.028787238772,0.014350795623999999,0.0116576429,0.206292662904,0.0,0.0,0.0,0.0,0.0,0.0,0.0,0.0,0.0,0.0,0.0,0.0,0.0,0.0,0.0,0.0,0.0,0.0,0.903612,30743032.071062163,10.133226,12.62351465,15.1138033,17.60409195,20.0943806,22.58466925,25.0749579,27.56524655,30.0555352,32.545823850000005,35.0361125,37.52640115,40.0166898,42.50697845,44.9972671,47.487555750000006,49.9778444,52.46813305,54.9584217,57.448710350000006,59.938999
SF11C46896612282051210,1,,2019-05-19T01:00:00-0700,0.005701,0.005701,0.00417,0.000594,0.08673654756900001,0.102349123737,0.8554511097170001,19.655121158917,0.045512856011000004,0.028832756191,0.014373486622,0.011676075575,0.206618845962,0.08673654756900001,0.102349123737,0.8554511097170001,19.655121158917,0.045512856011000004,0.028832756191,0.014373486622,0.011676075575,0.206618845962,0.0,0.0,0.0,0.0,0.0,0.0,0.0,0.0,0.0,0.0,0.0,0.0,0.0,0.0,0.0,0.0,0.0,0.0,0.903612,30743032.071062163,10.133226,12.844741800000001,15.5562576,18.2677734,20.9792892,23.690805,26.4023208,29.1138366,31.8253524,34.5368682,37.248384,39.9598998,42.671415599999996,45.3829314,48.0944472,50.805963,53.5174788,56.2289946,58.9405104,61.6520262,64.363542
SF11C46896612282051210,2,,2019-05-19T02:00:00-0700,0.005701,0.005701,0.003478,0.000794,0.08673654756900001,0.102349123737,0.8554511097170001,19.655121158917,0.045512856011000004,0.028832756191,0.014373486622,0.011676075575,0.206618845962,0.08673654756900001,0.102349123737,0.8554511097170001,19.655121158917,0.045512856011000004,0.028832756191,0.014373486622,0.011676075575,0.206618845962,0.0,0.0,0.0,0.0,0.0,0.0,0.0,0.0,0.0,0.0,0.0,0.0,0.0,0.0,0.0,0.0,0.0,0.0,0.935741,30743032.071062163,10.133226,12.1497851,14.166344200000001,16.1829033,18.1994624,20.2160215,22.2325806,24.2491397,26.2656988,28.282257899999998,30.298817,32.315376099999995,34.3319352,36.3484943,38.365053399999994,40.3816125,42.3981716,44.4147307,46.431289799999995,48.4478489,50.464408
SF11C46896612282051210,3,,2019-05-19T03:00:00-0700,0.005701,0.005701,0.003028,0.000948,0.08673654756900001,0.102349123737,0.8554511097170001,19.655121158917,0.045512856011000004,0.028832756191,0.014373486622,0.011676075575,0.206618845962,0.08673654756900001,0.102349123737,0.8554511097170001,19.655121158917,0.045512856011000004,0.028832756191,0.014373486622,0.011676075575,0.206618845962,0.0,0.0,0.0,0.0,0.0,0.0,0.0,0.0,0.0,0.0,0.0,0.0,0.0,0.0,0.0,0.0,0.0,0.0,0.951806,30743032.071062163,10.133226,11.749769800000001,13.3663136,14.9828574,16.5994012,18.215944999999998,19.8324888,21.4490326,23.065576399999998,24.6821202,26.298664,27.915207799999997,29.5317516,31.1482954,32.7648392,34.381383,35.9979268,37.6144706,39.2310144,40.847558199999995,42.464102
SF11C46896612282051210,4,,2019-05-19T04:00:00-0700,0.005701,0.005701,0.002734,0.001072,0.08673654756900001,0.102349123737,0.8554511097170001,19.655121158917,0.045512856011000004,0.028832756191,0.014373486622,0.011676075575,0.206618845962,0.08673654756900001,0.102349123737,0.8554511097170001,19.655121158917,0.045512856011000004,0.028832756191,0.014373486622,0.011676075575,0.206618845962,0.0,0.0,0.0,0.0,0.0,0.0,0.0,0.0,0.0,0.0,0.0,0.0,0.0,0.0,0.0,0.0,0.0,0.0,0.961445,30743032.071062163,10.133226,11.48371025,12.8341945,14.18467875,15.535163,16.885647249999998,18.2361315,19.58661575,20.9371,22.28758425,23.6380685,24.988552749999997,26.339036999999998,27.68952125,29.0400055,30.390489749999997,31.740973999999998,33.09145825,34.441942499999996,35.79242675,37.142911
SF11C46896612282051210,5,,2019-05-19T05:00:00-0700,0.005701,0.005701,0.002543,0.001174,0.08673654756900001,0.102349123737,0.8554511097170001,19.655121158917,0.045512856011000004,0.028832756191,0.014373486622,0.011676075575,0.206618845962,0.08673654756900001,0.102349123737,0.8554511097170001,19.655121158917,0.045512856011000004,0.028832756191,0.014373486622,0.011676075575,0.206618845962,0.0,0.0,0.0,0.0,0.0,0.0,0.0,0.0,0.0,0.0,0.0,0.0,0.0,0.0,0.0,0.0,0.0,0.0,0.967871,30743032.071062163,10.133226,11.29126935,12.4493127,13.60735605,14.7653994,15.92344275,17.0814861,18.23952945,19.3975728,20.55561615,21.7136595,22.87170285,24.029746199999998,25.187789549999998,26.345832899999998,27.503876249999998,28.661919599999997,29.819962949999997,30.978006299999997,32.13604965,33.294093
SF11C46896612282051210,6,,2019-05-19T06:00:00-0700,0.005701,0.005701,0.002418,0.00126,0.08673654756900001,0.102349123737,0.8554511097170001,19.655121158917,0.045512856011000004,0.028832756191,0.014373486622,0.011676075575,0.206618845962,0.08673654756900001,0.102349123737,0.8554511097170001,19.655121158917,0.045512856011000004,0.028832756191,0.014373486622,0.011676075575,0.206618845962,0.0,0.0,0.0,0.0,0.0,0.0,0.0,0.0,0.0,0.0,0.0,0.0,0.0,0.0,0.0,0.0,0.0,0.0,0.972461,30743032.071062163,10.133226,11.14420595,12.1551859,13.16616585,14.1771458,15.18812575,16.1991057,17.21008565,18.2210656,19.23204555,20.243025499999998,21.25400545,22.2649854,23.27596535,24.2869453,25.29792525,26.308905199999998,27.319885149999998,28.330865099999997,29.341845049999996,30.352824999999996
SF11C46896612282051210,7,,2019-05-19T07:00:00-0700,0.005701,0.005701,0.002337,0.001334,0.08673654756900001,0.102349123737,0.8554511097170001,19.655121158917,0.045512856011000004,0.028832756191,0.014373486622,0.011676075575,0.206618845962,0.08673654756900001,0.102349123737,0.8554511097170001,19.655121158917,0.045512856011000004,0.028832756191,0.014373486622,0.011676075575,0.206618845962,0.0,0.0,0.0,0.0,0.0,0.0,0.0,0.0,0.0,0.0,0.0,0.0,0.0,0.0,0.0,0.0,0.0,0.0,0.975903,30743032.071062163,10.133226,11.02735765,11.921489300000001,12.81562095,13.7097526,14.60388425,15.4980159,16.39214755,17.2862792,18.18041085,19.0745425,19.96867415,20.8628058,21.756937450000002,22.6510691,23.54520075,24.439332399999998,25.33346405,26.2275957,27.12172735,28.015859
SF11C46896612282051210,8,,2019-05-19T08:00:00-0700,0.005701,0.005701,0.002186,0.001393,0.08673654756900001,0.102349123737,0.8554511097170001,19.655121158917,0.045512856011000004,0.028832756191,0.014373486622,0.011676075575,0.206618845962,0.08673654756900001,0.102349123737,0.8554511097170001,19.655121158917,0.045512856011000004,0.028832756191,0.014373486622,0.011676075575,0.206618845962,0.0,0.0,0.0,0.0,0.0,0.0,0.0,0.0,0.0,0.0,0.0,0.0,0.0,0.0,0.0,0.0,0.0,0.0,0.97858,30743032.071062163,10.133226,10.93178085,11.730335700000001,12.52889055,13.3274454,14.12600025,14.924555100000001,15.723109950000001,16.5216648,17.320219650000002,18.1187745,18.917329350000003,19.7158842,20.51443905,21.312993900000002,22.11154875,22.9101036,23.70865845,24.507213300000004,25.30576815,26.104323
SF11C46896612282051210,9,,2019-05-19T09:00:00-0700,0.005701,0.005701,0.002869,0.001495,0.08673654756900001,0.102349123737,0.8554511097170001,19.655121158917,0.045512856011000004,0.028832756191,0.014373486622,0.011676075575,0.206618845962,0.08673654756900001,0.102349123737,0.8554511097170001,19.655121158917,0.045512856011000004,0.028832756191,0.014373486622,0.011676075575,0.206618845962,0.0,0.0,0.0,0.0,0.0,0.0,0.0,0.0,0.0,0.0,0.0,0.0,0.0,0.0,0.0,0.0,0.0,0.0,0.980722,30743032.071062163,10.133226,10.8518238,11.570421600000001,12.2890194,13.0076172,13.726215,14.444812800000001,15.1634106,15.8820084,16.6006062,17.319204,18.0378018,18.7563996,19.4749974,20.1935952,20.912193000000002,21.6307908,22.3493886,23.067986400000002,23.7865842,24.505182
SF11C46896612282051210,10,,2019-05-19T10:00:00-0700,0.020004,0.019981,0.012408,0.00225,0.303996308889,0.35871563609699997,2.998205336477,68.887734761677,0.15951453709099997,0.10105372767099999,0.05037653678199999,0.040922586574999996,0.724162631322,0.303996308889,0.35871563609699997,2.998205336477,68.887734761677,0.15951453709099997,0.10105372767099999,0.05037653678199999,0.040922586574999996,0.724162631322,0.0,0.0,0.0,0.0,0.0,0.0,0.0,0.0,0.0,0.0,0.0,0.0,0.0,0.0,0.0,0.0,0.0,0.0,0.887115,107872936.94957507,35.443205,41.17997185,46.916738699999996,52.65350555,58.3902724,64.12703925,69.8638061,75.60057294999999,81.3373398,87.07410665,92.81087349999999,98.54764035,104.2844072,110.02117404999998,115.7579409,121.49470775,127.23147459999998,132.96824145,138.7050083,144.44177514999998,150.178542
SF11C46896612282051210,11,,2019-05-19T11:00:00-0700,0.040008,0.039976,0.029264,0.004118,0.6082056175439999,0.7176826119119999,5.998511412392,137.82373679159198,0.31914084053599995,0.20217826021599997,0.10078837067199999,0.08187384619999999,1.448832658512,0.6082056175439999,0.7176826119119999,5.998511412392,137.82373679159198,0.31914084053599995,0.20217826021599997,0.10078837067199999,0.08187384619999999,1.448832658512,0.0,0.0,0.0,0.0,0.0,0.0,0.0,0.0,0.0,0.0,0.0,0.0,0.0,0.0,0.0,0.0,0.0,0.0,0.67521,215745873.89915013,70.572355,88.5056024,106.4388498,124.3720972,142.3053446,160.23859199999998,178.1718394,196.10508679999998,214.0383342,231.97158159999998,249.904829,267.8380764,285.7713238,303.7045712,321.6378186,339.571066,357.5043134,375.4375608,393.3708082,411.30405559999997,429.237303
SF11C46896612282051210,12,,2019-05-19T12:00:00-0700,0.070014,0.069965,0.058394,0.007871,1.064466330585,1.256070240705,10.498445341405,241.21567301940502,0.5585523541149999,0.353847357815,0.17639729723,0.14329356737499999,2.53571085033,1.064466330585,1.256070240705,10.498445341405,241.21567301940502,0.5585523541149999,0.353847357815,0.17639729723,0.14329356737499999,2.53571085033,0.0,0.0,0.0,0.0,0.0,0.0,0.0,0.0,0.0,0.0,0.0,0.0,0.0,0.0,0.0,0.0,0.0,0.0,0.644382,377555279.32351273,122.683306,148.25536875,173.8274315,199.39949424999998,224.971557,250.54361975,276.1156825,301.68774525,327.25980799999996,352.83187074999995,378.4039335,403.97599625,429.54805899999997,455.12012174999995,480.6921845,506.26424725,531.8363099999999,557.4083727499999,582.9804354999999,608.55249825,634.124561
SF11C46896612282051210,13,,2019-05-19T13:00:00-0700,0.10002,0.099971,0.092571,0.013728,1.520985686199,1.794763067727,15.000930168307,344.66621950150704,0.798099583981,0.505602432761,0.252049084562,0.204748105825,3.623205165702,1.520985686199,1.794763067727,15.000930168307,344.66621950150704,0.798099583981,0.505602432761,0.252049084562,0.204748105825,3.623205165702,0.0,0.0,0.0,0.0,0.0,0.0,0.0,0.0,0.0,0.0,0.0,0.0,0.0,0.0,0.0,0.0,0.0,0.0,0.668988,539364684.7478753,174.103177,203.02131244999998,231.9394479,260.85758335,289.7757188,318.69385424999996,347.6119897,376.53012515,405.4482606,434.36639605000005,463.28453149999996,492.20266695,521.1208024,550.03893785,578.9570733,607.87520875,636.7933442,665.71147965,694.6296151,723.5477505499999,752.465886
SF11C46896612282051210,14,,2019-05-19T14:00:00-0700,0.130026,0.129977,0.130502,0.021803,1.977505041813,2.333455894749,19.503414995209003,448.11676598360907,1.037646813847,0.657357507707,0.327700871894,0.266202644275,4.710699481074,1.977505041813,2.333455894749,19.503414995209003,448.11676598360907,1.037646813847,0.657357507707,0.327700871894,0.266202644275,4.710699481074,0.0,0.0,0.0,0.0,0.0,0.0,0.0,0.0,0.0,0.0,0.0,0.0,0.0,0.0,0.0,0.0,0.0,0.0,0.703836,701174090.1722379,224.841133,254.79606040000002,284.7509878,314.7059152,344.6608426,374.61577,404.5706974,434.52562479999995,464.4805522,494.43547959999995,524.390407,554.3453344,584.3002617999999,614.2551891999999,644.2101166,674.165044,704.1199713999999,734.0748987999999,764.0298261999999,793.9847536,823.939681
SF11C46896612282051210,15,,2019-05-19T15:00:00-0700,0.160032,0.159983,0.170679,0.032097,2.4340243974269997,2.8721487217709996,24.005899822110997,551.567312465711,1.2771940437129998,0.8091125826529999,0.40335265922599994,0.32765718272499994,5.798193796445999,2.4340243974269997,2.8721487217709996,24.005899822110997,551.567312465711,1.2771940437129998,0.8091125826529999,0.40335265922599994,0.32765718272499994,5.798193796445999,0.0,0.0,0.0,0.0,0.0,0.0,0.0,0.0,0.0,0.0,0.0,0.0,0.0,0.0,0.0,0.0,0.0,0.0,0.736568,862983495.5966005,274.906216,304.65914675,334.41207749999995,364.16500824999997,393.917939,423.67086974999995,453.42380049999997,483.17673125,512.929662,542.6825927499999,572.4355235,602.18845425,631.941385,661.69431575,691.4472465,721.20017725,750.9531079999999,780.7060387500001,810.4589695,840.21190025,869.964831
SF11C46896612282051210,16,,2019-05-19T16:00:00-0700,0.170034,0.170018,0.189175,0.042959,2.586699586842,3.0523054410659998,25.511679840706,586.164600806306,1.357306569598,0.8598645048379999,0.428653121996,0.34820961535,6.161887906116,2.586699586842,3.0523054410659998,25.511679840706,586.164600806306,1.357306569598,0.8598645048379999,0.428653121996,0.34820961535,6.161887906116,0.0,0.0,0.0,0.0,0.0,0.0,0.0,0.0,0.0,0.0,0.0,0.0,0.0,0.0,0.0,0.0,0.0,0.0,0.770016,916919964.071388,291.446595,318.45968505,345.4727751,372.48586515,399.4989552,426.51204525,453.5251353,480.53822535,507.5513154,534.56440545,561.5774954999999,588.59058555,615.6036756,642.6167656499999,669.6298557,696.64294575,723.6560357999999,750.66912585,777.6822159,804.69530595,831.708396
SF11C46896612282051210,17,,2019-05-19T17:00:00-0700,0.120024,0.120105,0.136906,0.049455,1.827309778245,2.156225487885,18.022093585785,414.081446551785,0.958835567655,0.607429956555,0.30281136831,0.245984047875,4.3529129090100005,1.827309778245,2.156225487885,18.022093585785,414.081446551785,0.958835567655,0.607429956555,0.30281136831,0.245984047875,4.3529129090100005,0.0,0.0,0.0,0.0,0.0,0.0,0.0,0.0,0.0,0.0,0.0,0.0,0.0,0.0,0.0,0.0,0.0,0.0,0.837659,647237621.6974504,208.003689,224.99528080000002,241.9868726,258.9784644,275.9700562,292.96164799999997,309.9532398,326.9448316,343.93642339999997,360.9280152,377.919607,394.91119879999997,411.9027906,428.8943824,445.88597419999996,462.877566,479.8691578,496.86074959999996,513.8523414,530.8439332,547.835525
SF11C46896612282051210,18,,2019-05-19T18:00:00-0700,0.070014,0.070095,0.080523,0.051603,1.066444185555,1.258404109515,10.517952207615002,241.66386908161502,0.559590184545,0.354504831645,0.17672505609,0.143559817125,2.54042238339,1.066444185555,1.258404109515,10.517952207615002,241.66386908161502,0.559590184545,0.354504831645,0.17672505609,0.143559817125,2.54042238339,0.0,0.0,0.0,0.0,0.0,0.0,0.0,0.0,0.0,0.0,0.0,0.0,0.0,0.0,0.0,0.0,0.0,0.0,0.905301,377555279.32351273,122.683306,130.89894055,139.1145751,147.33020965,155.5458442,163.76147874999998,171.97711329999998,180.19274785,188.4083824,196.62401695,204.8396515,213.05528605,221.2709206,229.48655515,237.7021897,245.91782424999997,254.13345879999997,262.34909335,270.5647279,278.78036245,286.995997
SF11C46896612282051210,19,,2019-05-19T19:00:00-0700,0.040008,0.040057,0.045635,0.051191,0.609437973333,0.719136791709,6.010665690569001,138.10299741496902,0.319787488727,0.202587916987,0.100992589654,0.082039740275,1.451768306034,0.609437973333,0.719136791709,6.010665690569001,138.10299741496902,0.319787488727,0.202587916987,0.100992589654,0.082039740275,1.451768306034,0.0,0.0,0.0,0.0,0.0,0.0,0.0,0.0,0.0,0.0,0.0,0.0,0.0,0.0,0.0,0.0,0.0,0.0,0.945886,215745873.89915013,70.572355,74.37565935,78.1789637,81.98226805,85.7855724,89.58887675,93.3921811,97.19548545,100.9987898,104.80209415,108.6053985,112.40870285,116.2120072,120.01531155,123.8186159,127.62192025,131.4252246,135.22852895,139.03183330000002,142.83513764999998,146.638442
SF11C46896612282051210,20,,2019-05-19T20:00:00-0700,0.005701,0.005757,0.006343,0.048089,0.087588546633,0.10335448260899999,0.8638540674690001,19.848190231869,0.045959921427,0.029115975686999997,0.014514675053999998,0.011790767774999999,0.208648429434,0.087588546633,0.10335448260899999,0.8638540674690001,19.848190231869,0.045959921427,0.029115975686999997,0.014514675053999998,0.011790767774999999,0.208648429434,0.0,0.0,0.0,0.0,0.0,0.0,0.0,0.0,0.0,0.0,0.0,0.0,0.0,0.0,0.0,0.0,0.0,0.0,0.993727,30743032.071062163,10.133226,10.25494205,10.3766581,10.49837415,10.6200902,10.74180625,10.8635223,10.98523835,11.1069544,11.22867045,11.350386499999999,11.472102549999999,11.593818599999999,11.71553465,11.8372507,11.95896675,12.0806828,12.20239885,12.3241149,12.44583095,12.567547
SF11C46896612282051210,21,,2019-05-19T21:00:00-0700,0.005701,0.005701,0.00608,0.045185,0.08673654756900001,0.102349123737,0.8554511097170001,19.655121158917,0.045512856011000004,0.028832756191,0.014373486622,0.011676075575,0.206618845962,0.08673654756900001,0.102349123737,0.8554511097170001,19.655121158917,0.045512856011000004,0.028832756191,0.014373486622,0.011676075575,0.206618845962,0.0,0.0,0.0,0.0,0.0,0.0,0.0,0.0,0.0,0.0,0.0,0.0,0.0,0.0,0.0,0.0,0.0,0.0,0.998435,30743032.071062163,10.133226,10.6398873,11.146548600000001,11.6532099,12.159871200000001,12.6665325,13.1731938,13.679855100000001,14.1865164,14.6931777,15.199839,15.7065003,16.2131616,16.7198229,17.2264842,17.7331455,18.2398068,18.7464681,19.2531294,19.7597907,20.266452
SF11C46896612282051210,22,,2019-05-19T22:00:00-0700,0.005701,0.005701,0.005722,0.042456,0.08673654756900001,0.102349123737,0.8554511097170001,19.655121158917,0.045512856011000004,0.028832756191,0.014373486622,0.011676075575,0.206618845962,0.08673654756900001,0.102349123737,0.8554511097170001,19.655121158917,0.045512856011000004,0.028832756191,0.014373486622,0.011676075575,0.206618845962,0.0,0.0,0.0,0.0,0.0,0.0,0.0,0.0,0.0,0.0,0.0,0.0,0.0,0.0,0.0,0.0,0.0,0.0,0.998435,30743032.071062163,10.133226,10.6398873,11.146548600000001,11.6532099,12.159871200000001,12.6665325,13.1731938,13.679855100000001,14.1865164,14.6931777,15.199839,15.7065003,16.2131616,16.7198229,17.2264842,17.7331455,18.2398068,18.7464681,19.2531294,19.7597907,20.266452
SF11C46896612282051210,23,,2019-05-19T23:00:00-0700,0.005701,0.005701,0.005277,0.039885,0.08673654756900001,0.102349123737,0.8554511097170001,19.655121158917,0.045512856011000004,0.028832756191,0.014373486622,0.011676075575,0.206618845962,0.08673654756900001,0.102349123737,0.8554511097170001,19.655121158917,0.045512856011000004,0.028832756191,0.014373486622,0.011676075575,0.206618845962,0.0,0.0,0.0,0.0,0.0,0.0,0.0,0.0,0.0,0.0,0.0,0.0,0.0,0.0,0.0,0.0,0.0,0.0,0.998435,30743032.071062163,10.133226,10.6398873,11.146548600000001,11.6532099,12.159871200000001,12.6665325,13.1731938,13.679855100000001,14.1865164,14.6931777,15.199839,15.7065003,16.2131616,16.7198229,17.2264842,17.7331455,18.2398068,18.7464681,19.2531294,19.7597907,20.266452
SF11C46896712282051210,0,,2019-05-19T00:00:00-0700,0.005701,0.005701,0.004746,0.000329,0.121721614877,0.143631504127,1.4379043607620001,15.34362446035,0.06974716431200001,0.016658178006000002,0.023542197320999998,0.00990016933,0.33841911651,0.036040667315000004,0.042527983441000006,0.355456015966,8.167072300174,0.018911448416000003,0.011980548882,0.005972453115,0.004851630814,0.08585401566600001,0.08568094756200001,0.101103520686,1.082448344796,7.1765521601760005,0.050835715896,0.004677629124,0.017569744206,0.0050485385160000005,0.252565100844,0.0,0.0,0.0,0.0,0.0,0.0,0.0,0.0,0.0,0.757121,30778855.72276065,25.484706,27.786331649999997,30.0879573,32.38958295,34.691208599999996,36.99283425,39.29445989999999,41.59608555,43.897711199999996,46.199336849999995,48.5009625,50.80258814999999,53.1042138,55.405839449999995,57.70746509999999,60.00909075,62.31071639999999,64.61234205,66.91396769999999,69.21559334999999,71.517219
SF11C46896712282051210,1,,2019-05-19T01:00:00-0700,0.005701,0.005701,0.004171,0.000594,0.111340969102,0.131382341802,1.3067607033120001,14.47415174815,0.063588180612,0.016091461456,0.021413540996,0.009288515380000001,0.30781967846,0.036040667315000004,0.042527983441000006,0.355456015966,8.167072300174,0.018911448416000003,0.011980548882,0.005972453115,0.004851630814,0.08585401566600001,0.075300301787,0.088854358361,0.951304687346,6.307079447976,0.044676732196000005,0.004110912574,0.015441087881000001,0.004436884566000001,0.221965662794,0.0,0.0,0.0,0.0,0.0,0.0,0.0,0.0,0.0,0.757121,30778855.72276065,25.484706,27.980117999999997,30.47553,32.970941999999994,35.466353999999995,37.961766,40.457178,42.95259,45.448001999999995,47.94341399999999,50.43882599999999,52.93423799999999,55.429649999999995,57.925062,60.420474,62.915885999999986,65.41129799999999,67.90670999999999,70.40212199999999,72.897534,75.392946
SF11C46896712282051210,2,,2019-05-19T02:00:00-0700,0.005701,0.005701,0.00348,0.000794,0.09886614087500001,0.11666204412100001,1.149160238446,13.429272367054,0.056186688896,0.015410416002,0.018855451395,0.008553466894,0.271047136386,0.036040667315000004,0.042527983441000006,0.355456015966,8.167072300174,0.018911448416000003,0.011980548882,0.005972453115,0.004851630814,0.08585401566600001,0.06282547356,0.07413406068,0.79370422248,5.26220006688,0.03727524048,0.00342986712,0.01288299828,0.00370183608,0.18519312072,0.0,0.0,0.0,0.0,0.0,0.0,0.0,0.0,0.0,0.838081,30778855.72276065,25.484706,27.103415299999998,28.722124599999997,30.3408339,31.9595432,33.5782525,35.1969618,36.815671099999996,38.434380399999995,40.053089699999994,41.67179899999999,43.2905083,44.90921759999999,46.5279269,48.146636199999996,49.765345499999995,51.384054799999994,53.00276409999999,54.62147339999999,56.24018269999999,57.858892
SF11C46896712282051210,3,,2019-05-19T03:00:00-0700,0.005701,0.005701,0.003029,0.000948,0.09072410392800001,0.10705444028,1.04629799582,12.747303335398001,0.05135590342,0.014965913107999999,0.017185844434,0.008073717448000001,0.24704653367200002,0.036040667315000004,0.042527983441000006,0.355456015966,8.167072300174,0.018911448416000003,0.011980548882,0.005972453115,0.004851630814,0.08585401566600001,0.054683436613,0.06452645683899999,0.690841979854,4.580231035224,0.032444455004,0.002985364226,0.011213391319,0.0032220866340000004,0.161192518006,0.0,0.0,0.0,0.0,0.0,0.0,0.0,0.0,0.0,0.87856,30778855.72276065,25.484706,26.61048705,27.7362681,28.86204915,29.987830199999998,31.113611249999998,32.2393923,33.36517335,34.4909544,35.61673545,36.7425165,37.86829755,38.9940786,40.11985965,41.245640699999996,42.371421749999996,43.4972028,44.62298385,45.7487649,46.87454595,48.000327
SF11C46896712282051210,4,,2019-05-19T04:00:00-0700,0.005701,0.005701,0.002735,0.001072,0.08541643461000001,0.10079139032600001,0.979243673576,12.302738157334002,0.048206788276,0.014676148472,0.0160974532,0.0077609761240000005,0.23140090795600002,0.036040667315000004,0.042527983441000006,0.355456015966,8.167072300174,0.018911448416000003,0.011980548882,0.005972453115,0.004851630814,0.08585401566600001,0.049375767295000005,0.058263406885,0.62378765761,4.13566585716,0.02929533986,0.0026955995899999997,0.010125000085,0.0029093453100000003,0.14554689229,0.0,0.0,0.0,0.0,0.0,0.0,0.0,0.0,0.0,0.902848,30778855.72276065,25.484706,26.290264049999998,27.0958221,27.901380149999998,28.7069382,29.512496249999998,30.3180543,31.12361235,31.929170399999997,32.73472845,33.5402865,34.345844549999995,35.1514026,35.95696065,36.7625187,37.568076749999996,38.3736348,39.17919285,39.984750899999995,40.79030895,41.595867
SF11C46896712282051210,5,,2019-05-19T05:00:00-0700,0.005701,0.005701,0.002543,0.001174,0.081950201586,0.09670123525400001,0.9354530957840002,12.012409877782,0.04615022328400001,0.014486914424,0.015386667088000001,0.0075567368920000004,0.22118335646800003,0.036040667315000004,0.042527983441000006,0.355456015966,8.167072300174,0.018911448416000003,0.011980548882,0.005972453115,0.004851630814,0.08585401566600001,0.045909534271,0.054173251813,0.5799970798180001,3.845337577608,0.027238774868000002,0.002506365542,0.009414213973000001,0.002705106078,0.13532934080200001,0.0,0.0,0.0,0.0,0.0,0.0,0.0,0.0,0.0,0.91904,30778855.72276065,25.484706,26.063394249999998,26.6420825,27.22077075,27.799459,28.378147249999998,28.956835499999997,29.53552375,30.114212,30.692900249999997,31.2715885,31.85027675,32.428965,33.00765325,33.586341499999996,34.16502975,34.743718,35.32240625,35.9010945,36.47978275,37.058471
SF11C46896712282051210,6,,2019-05-19T06:00:00-0700,0.005701,0.005701,0.002419,0.00126,0.07971159275800001,0.09405967677,0.9071716809600001,11.824906197238,0.044822025060000006,0.014364700768,0.014927617724000001,0.007424832388000001,0.21458452113200002,0.036040667315000004,0.042527983441000006,0.355456015966,8.167072300174,0.018911448416000003,0.011980548882,0.005972453115,0.004851630814,0.08585401566600001,0.043670925443000004,0.051531693329,0.551715664994,3.657833897064,0.025910576644,0.002384151886,0.008955164609000001,0.0025732015740000005,0.128730505466,0.0,0.0,0.0,0.0,0.0,0.0,0.0,0.0,0.0,0.930606,30778855.72276065,25.484706,25.8930362,26.3013664,26.7096966,27.1180268,27.526357,27.9346872,28.3430174,28.7513476,29.1596778,29.568008,29.9763382,30.384668400000002,30.7929986,31.201328800000002,31.609659,32.0179892,32.426319400000004,32.8346496,33.2429798,33.65131
SF11C46896712282051210,7,,2019-05-19T07:00:00-0700,0.005701,0.005701,0.002337,0.001334,0.07823122240400002,0.092312839708,0.8884694550280001,11.700911827846001,0.043943700428,0.01428388206,0.014624052822000001,0.0073376052160000005,0.210220775184,0.036040667315000004,0.042527983441000006,0.355456015966,8.167072300174,0.018911448416000003,0.011980548882,0.005972453115,0.004851630814,0.08585401566600001,0.042190555089000006,0.049784856267,0.533013439062,3.5338395276720003,0.025032252012,0.002303333178,0.008651599707000001,0.0024859744020000003,0.12436675951800001,0.0,0.0,0.0,0.0,0.0,0.0,0.0,0.0,0.0,0.93928,30778855.72276065,25.484706,25.75942955,26.034153099999997,26.30887665,26.5836002,26.85832375,27.1330473,27.40777085,27.6824944,27.95721795,28.231941499999998,28.50666505,28.7813886,29.05611215,29.3308357,29.60555925,29.8802828,30.15500635,30.429729899999998,30.70445345,30.979177
SF11C46896712282051210,8,,2019-05-19T08:00:00-0700,0.005701,0.005701,0.002186,0.001393,0.07550517455700001,0.08909610316700001,0.8540299902020001,11.47258073299,0.042326297752,0.014135057366,0.014065049161000001,0.00717697957,0.20218509667,0.036040667315000004,0.042527983441000006,0.355456015966,8.167072300174,0.018911448416000003,0.011980548882,0.005972453115,0.004851630814,0.08585401566600001,0.039464507242,0.046568119726,0.49857397423600003,3.305508432816,0.023414849336,0.002154508484,0.008092596046000001,0.002325348756,0.116331081004,0.0,0.0,0.0,0.0,0.0,0.0,0.0,0.0,0.0,0.946027,30778855.72276065,25.484706,25.64679615,25.808886299999998,25.97097645,26.1330666,26.29515675,26.4572469,26.61933705,26.7814272,26.94351735,27.105607499999998,27.26769765,27.4297878,27.59187795,27.7539681,27.91605825,28.0781484,28.24023855,28.402328699999998,28.56441885,28.726509
SF11C46896712282051210,9,,2019-05-19T09:00:00-0700,0.005701,0.005701,0.002868,0.001495,0.087817523111,0.10362467482900001,1.009577771734,12.503850975982001,0.049631387984000006,0.014807232473999999,0.016589820663,0.007902454342000001,0.238478691018,0.036040667315000004,0.042527983441000006,0.355456015966,8.167072300174,0.018911448416000003,0.011980548882,0.005972453115,0.004851630814,0.08585401566600001,0.051776855796,0.061096691387999995,0.654121755768,4.336778675808,0.030719939568,0.0028266835919999998,0.010617367548,0.0030508235280000003,0.152624675352,0.0,0.0,0.0,0.0,0.0,0.0,0.0,0.0,0.0,0.951424,30778855.72276065,25.484706,25.5884289,25.692151799999998,25.7958747,25.8995976,26.0033205,26.1070434,26.2107663,26.3144892,26.418212099999998,26.521935,26.6256579,26.729380799999998,26.8331037,26.9368266,27.040549499999997,27.1442724,27.2479953,27.3517182,27.455441099999998,27.559164
SF11C46896712282051210,10,,2019-05-19T10:00:00-0700,0.020004,0.020003,0.01239,0.00225,0.35013561527500003,0.413160018713,4.073043092438,47.390911974961995,0.19906698128800002,0.054247454106,0.06682335913500001,0.030202645982000002,0.9605858678579999,0.126455265445,0.149217199223,1.247182369298,28.655665185122,0.06635427164800001,0.042035944446,0.020955442844999998,0.017022833042000002,0.301234498398,0.22368034983,0.26394281949,2.82586072314,18.735246789839998,0.13271270964,0.01221150966,0.045867916290000005,0.01317981294,0.65935136946,0.0,0.0,0.0,0.0,0.0,0.0,0.0,0.0,0.0,0.753242,107998637.05983232,88.709826,92.19762535000001,95.6854247,99.17322405,102.6610234,106.14882275000001,109.63662210000001,113.12442145,116.6122208,120.10002015,123.5878195,127.07561885,130.5634182,134.05121755,137.5390169,141.02681625,144.5146156,148.00241495,151.4902143,154.97801364999998,158.465813
SF11C46896712282051210,11,,2019-05-19T11:00:00-0700,0.040008,0.040007,0.029232,0.004118,0.7806508306090001,0.9211679678990001,9.161542557194,101.51524350041001,0.445823880544,0.112884874182,0.150129118857,0.06514194017000001,2.1581062703100002,0.25291685270500003,0.29844185818700003,2.4944270883620003,57.312762938618,0.132711860512,0.084073990374,0.041911933305,0.034046517098,0.6024840562620001,0.527733977904,0.622726109712,6.667115468832001,44.202480561792,0.313112020032,0.028810883808,0.10821718555200001,0.031095423072000004,1.555622214048,0.0,0.0,0.0,0.0,0.0,0.0,0.0,0.0,0.0,0.67521,215997274.11966464,175.452295,181.1229885,186.793682,192.4643755,198.135069,203.80576250000001,209.47645599999998,215.1471495,220.817843,226.4885365,232.15923,237.8299235,243.500617,249.1713105,254.84200400000003,260.5126975,266.18339100000003,271.8540845,277.524778,283.19547150000005,288.866165
SF11C46896712282051210,12,,2019-05-19T12:00:00-0700,0.070014,0.070013,0.058339,0.007871,1.495820527278,1.765068204682,17.671015613872,188.51435488544598,0.857133374372,0.20462962763200002,0.289318288724,0.12163992107600001,4.158950769404,0.44260923359500004,0.5222788466330001,4.365294166958001,100.298409568862,0.23224824380800002,0.147131059266,0.073346668995,0.05958204318200001,1.054358393058,1.053211293683,1.242789358049,13.305721446914001,88.215945316584,0.624885130564,0.057498568366,0.21597161972900003,0.062057877894,3.104592376346,0.0,0.0,0.0,0.0,0.0,0.0,0.0,0.0,0.0,0.644382,377995229.7094132,301.972378,308.59324175,315.2141055,321.83496925,328.455833,335.07669675,341.6975605,348.31842425,354.939288,361.56015175,368.1810155,374.80187925,381.42274299999997,388.04360675,394.6644705,401.28533425,407.906198,414.52706175000003,421.1479255,427.76878925,434.389653
SF11C46896712282051210,13,,2019-05-19T13:00:00-0700,0.10002,0.100019,0.092506,0.013728,2.302339906767,2.716761069925,27.334552856110005,283.164826137842,1.32264192476,0.30136148672199997,0.447239634251,0.18352045674200002,6.429070323338,0.632301614485,0.746115835079,6.236161245554,143.284056199106,0.33178462710400003,0.21018812815799998,0.104781404685,0.085117569266,1.506232729854,1.670038292282,1.970645234846,21.098391610556003,139.880769938736,0.9908572976560001,0.091173358564,0.342458229566,0.09840288747600001,4.922837593484,0.0,0.0,0.0,0.0,0.0,0.0,0.0,0.0,0.0,0.659108,539993185.2991616,424.307042,429.73263210000005,435.1582222,440.58381230000003,446.0094024,451.4349925,456.86058260000004,462.2861727,467.71176280000003,473.1373529,478.562943,483.98853310000004,489.4141232,494.8397133,500.2653034,505.6908935,511.11648360000004,516.5420737,521.9676638,527.3932539,532.818844
SF11C46896712282051210,14,,2019-05-19T14:00:00-0700,0.130026,0.130025,0.13043,0.021803,3.176685523085,3.7484888966549996,37.85497135233,383.49635648542994,1.8283927390799999,0.40179622247,0.619069435105,0.24939748613,8.899123944669999,0.821993995375,0.969952823525,8.10702832415,186.26970282935,0.43132101040000004,0.27324519705,0.136216140375,0.11065309535000001,1.95810706665,2.35469152771,2.7785360731299997,29.74794302818,197.22665365607998,1.3970717286799998,0.12855102542,0.48285329473,0.13874439078,6.941016878019999,0.0,0.0,0.0,0.0,0.0,0.0,0.0,0.0,0.0,0.556841,701991140.88891,542.594747,552.4454905,562.296234,572.1469774999999,581.997721,591.8484645,601.699208,611.5499515,621.4006949999999,631.2514385,641.102182,650.9529255,660.8036689999999,670.6544124999999,680.5051559999999,690.3558995,700.206643,710.0573864999999,719.9081299999999,729.7588734999999,739.609617
SF11C46896712282051210,15,,2019-05-19T15:00:00-0700,0.160032,0.160031,0.170602,0.032097,4.091614951059,4.828105622353,48.888104530198,487.22714710610603,2.358222501848,0.50444657353,0.7992213566870001,0.317665816526,11.488808064674,1.0116863762650001,1.193789811971,9.977895402746,229.25534945959402,0.530857393696,0.33630226594199997,0.167650876065,0.136188621434,2.4099814034460003,3.079928574794,3.6343158103819997,38.910209127452,257.971797646512,1.827365108152,0.168144307588,0.631570480622,0.18147719509200003,9.078826661228,0.0,0.0,0.0,0.0,0.0,0.0,0.0,0.0,0.0,0.454574,863989096.4786586,656.969369,672.0608196000001,687.1522702,702.2437208,717.3351714,732.426622,747.5180726,762.6095232,777.7009738,792.7924244,807.883875,822.9753256,838.0667762,853.1582268,868.2496774,883.341128,898.4325785999999,913.5240292,928.6154798,943.7069303999999,958.798381
SF11C46896712282051210,16,,2019-05-19T16:00:00-0700,0.170034,0.170034,0.189139,0.042959,4.489506032993,5.2976171020430005,53.739632679758,529.5874166661,2.589959536708,0.543737653954,0.8783248274390001,0.34589716917,12.62592056939,1.07492349171,1.268409601194,10.601580112044,243.585330904716,0.564039505344,0.35732339038799993,0.17813016891,0.144701314476,2.5606212418439998,3.414582541283,4.029207500849,43.138052567714006,286.002085761384,2.025920031364,0.186414263566,0.7001946585290001,0.201195854694,10.065299327546,0.0,0.0,0.0,0.0,0.0,0.0,0.0,0.0,0.0,0.420484,917988415.0085746,694.247168,711.4836219,728.7200758,745.9565296999999,763.1929835999999,780.4294375,797.6658914,814.9023453,832.1387992,849.3752531,866.611707,883.8481608999999,901.0846147999999,918.3210687,935.5575226,952.7939764999999,970.0304303999999,987.2668842999999,1004.5033381999999,1021.7397920999999,1038.976246
SF11C46896712282051210,17,,2019-05-19T17:00:00-0700,0.120024,0.120026,0.137006,0.049455,3.232192175972,3.8139867576119997,38.731363331472,379.11584888845994,1.8656612472719998,0.38726477009599997,0.632938757056,0.24788339084,9.098495482599999,0.7587821671899999,0.895362873266,7.483593013916,171.945451657724,0.398152167616,0.252232478532,0.12574103799,0.102143806364,1.807527466116,2.473410008782,2.9186238843459997,31.247770317556,207.17039723073597,1.4675090796559997,0.13503229156399998,0.507197719066,0.145739584476,7.290968016483999,0.0,0.0,0.0,0.0,0.0,0.0,0.0,0.0,0.0,0.59093,647991822.3589939,503.606818,512.79063,521.974442,531.1582539999999,540.3420659999999,549.5258779999999,558.70969,567.893502,577.077314,586.261126,595.444938,604.62875,613.812562,622.996374,632.1801859999999,641.363998,650.54781,659.731622,668.915434,678.099246,687.283058
SF11C46896712282051210,18,,2019-05-19T18:00:00-0700,0.070014,0.070016,0.080631,0.051603,1.8982835894469998,2.2399746300769996,22.755471205562,222.22697554771997,1.095919090612,0.22660679352599997,0.371846660781,0.14535549995,5.3452962486899995,0.44262819903999995,0.522301225856,4.365481216256,100.30270727398398,0.232258195456,0.14713736371199998,0.07334981183999999,0.059584596223999996,1.054403571456,1.455655390407,1.7176734042209998,18.389989989306,121.92426827373599,0.863660895156,0.07946942981399999,0.298496848941,0.085770903726,4.290892677234,0.0,0.0,0.0,0.0,0.0,0.0,0.0,0.0,0.0,0.761376,377995229.7094132,301.972378,304.90056849999996,307.828759,310.7569495,313.68514,316.61333049999996,319.541521,322.4697115,325.397902,328.32609249999996,331.254283,334.1824735,337.110664,340.03885449999996,342.967045,345.8952355,348.823426,351.75161649999995,354.679807,357.6079975,360.536188
SF11C46896712282051210,19,,2019-05-19T19:00:00-0700,0.040008,0.040009,0.045702,0.051191,1.078001275829,1.272041502151,12.918077757946001,126.42283136747801,0.622245230696,0.129121810326,0.211103335257,0.08266353881800001,3.034610727822,0.252929496335,0.29845677766900003,2.4945517878940002,57.315628075366,0.132718494944,0.084078193338,0.041914028535,0.03404821912600001,0.6025141751940001,0.825071779494,0.973584724482,10.423525970052001,69.107203292112,0.489526735752,0.045043616987999996,0.169189306722,0.048615319692,2.432096552628,0.0,0.0,0.0,0.0,0.0,0.0,0.0,0.0,0.0,0.863643,215997274.11966464,175.452295,175.87612654999998,176.2999581,176.72378965,177.1476212,177.57145275,177.99528429999998,178.41911585,178.84294739999999,179.26677895,179.6906105,180.11444204999998,180.5382736,180.96210514999999,181.3859367,181.80976825,182.23359979999998,182.65743135,183.08126289999998,183.50509445,183.928926
SF11C46896712282051210,20,,2019-05-19T20:00:00-0700,0.005701,0.005703,0.006418,0.048089,0.151919371091,0.179264857361,1.8193720085660001,17.87476503153,0.08766305221599999,0.018310294137999998,0.029734054943,0.01168045467,0.42742707965,0.036053310945,0.042542902922999996,0.355580715498,8.169937436922,0.018918082848,0.011984751846,0.005974548345,0.004853332842,0.085884134598,0.11586606014600001,0.136721954438,1.4637912930680002,9.704827594608,0.068744969368,0.006325542292,0.023759506598,0.006827121828,0.341542945052,0.0,0.0,0.0,0.0,0.0,0.0,0.0,0.0,0.0,0.98057,30778855.72276065,25.484706,26.7589413,28.033176599999997,29.307411899999998,30.5816472,31.8558825,33.1301178,34.404353099999994,35.678588399999995,36.952823699999996,38.227059,39.5012943,40.7755296,42.0497649,43.3240002,44.5982355,45.8724708,47.1467061,48.420941400000004,49.6951767,50.969412
SF11C46896712282051210,21,,2019-05-19T21:00:00-0700,0.005701,0.005701,0.006081,0.045185,0.145822766372,0.172070863612,1.742385721972,17.362313279109998,0.08404671777199998,0.017973945996,0.028484382006,0.01132027024,0.4094630292,0.036040667315000004,0.042527983441000006,0.355456015966,8.167072300174,0.018911448416000003,0.011980548882,0.005972453115,0.004851630814,0.08585401566600001,0.109782099057,0.129542880171,1.386929706006,9.195240978935999,0.06513526935599999,0.005993397114,0.022511928891,0.006468639426,0.32360901353399996,0.0,0.0,0.0,0.0,0.0,0.0,0.0,0.0,0.0,0.990065,30778855.72276065,25.484706,26.7589413,28.033176599999997,29.307411899999998,30.5816472,31.8558825,33.1301178,34.404353099999994,35.678588399999995,36.952823699999996,38.227059,39.5012943,40.7755296,42.0497649,43.3240002,44.5982355,45.8724708,47.1467061,48.420941400000004,49.6951767,50.969412
SF11C46896712282051210,22,,2019-05-19T22:00:00-0700,0.005701,0.005701,0.005723,0.042456,0.139359686046,0.164444428634,1.6607345404640002,16.820972007862,0.080212080964,0.017621103344,0.027159062068,0.010939449172000001,0.390411552988,0.036040667315000004,0.042527983441000006,0.355456015966,8.167072300174,0.018911448416000003,0.011980548882,0.005972453115,0.004851630814,0.08585401566600001,0.103319018731,0.12191644519299999,1.305278524498,8.653899707688,0.06130063254799999,0.005640554462,0.021186608953,0.006087818358,0.30455753732199997,0.0,0.0,0.0,0.0,0.0,0.0,0.0,0.0,0.0,0.990065,30778855.72276065,25.484706,26.7589413,28.033176599999997,29.307411899999998,30.5816472,31.8558825,33.1301178,34.404353099999994,35.678588399999995,36.952823699999996,38.227059,39.5012943,40.7755296,42.0497649,43.3240002,44.5982355,45.8724708,47.1467061,48.420941400000004,49.6951767,50.969412
SF11C46896712282051210,23,,2019-05-19T23:00:00-0700,0.005701,0.005701,0.005277,0.039885,0.131307915584,0.154943339248,1.559012677468,16.146563608485998,0.075434851868,0.017181528419999998,0.025507965161999997,0.010465018456000001,0.36667703234399995,0.036040667315000004,0.042527983441000006,0.355456015966,8.167072300174,0.018911448416000003,0.011980548882,0.005972453115,0.004851630814,0.08585401566600001,0.095267248269,0.11241535580699999,1.203556661502,7.979491308311999,0.05652340345199999,0.005200979537999999,0.019535512047,0.005613387642,0.28082301667799997,0.0,0.0,0.0,0.0,0.0,0.0,0.0,0.0,0.0,0.990065,30778855.72276065,25.484706,26.7589413,28.033176599999997,29.307411899999998,30.5816472,31.8558825,33.1301178,34.404353099999994,35.678588399999995,36.952823699999996,38.227059,39.5012943,40.7755296,42.0497649,43.3240002,44.5982355,45.8724708,47.1467061,48.420941400000004,49.6951767,50.969412
SF11C46896812282051210,0,,2019-05-19T00:00:00-0700,0.005701,0.005698,0.004753,0.000329,0.062170233958000004,0.073360875504,0.669314514358,11.193352019619,0.034012269893000005,0.015036279202,0.011099852512,0.006835129476,0.159560385089,0.04190488687,0.049447762518,0.413292686422,9.495946310312,0.02198855351,0.013929923392,0.00694423807,0.005641042792,0.099823421544,0.020265347088000003,0.023913112986,0.25602182793600003,1.697405709307,0.012023716383,0.00110635581,0.004155614442,0.001194086684,0.05973696354500001,0.0,0.0,0.0,0.0,0.0,0.0,0.0,0.0,0.0,0.91627,15222857.841718422,8.803987,10.19850645,11.593025899999999,12.98754535,14.382064799999998,15.776584249999999,17.1711037,18.56562315,19.960142599999998,21.35466205,22.7491815,24.14370095,25.5382204,26.93273985,28.327259299999998,29.72177875,31.1162982,32.51081765,33.9053371,35.29985655,36.694376
SF11C46896812282051210,1,,2019-05-19T01:00:00-0700,0.005701,0.005701,0.00417,0.000594,0.059706562135,0.070453742331,0.6381286362790001,10.990148920274,0.032549025365,0.014907908404000001,0.010593783595,0.006691633564,0.15228564367800002,0.041926949815,0.049473796791,0.413510285239,9.500945931044,0.022000130495000002,0.013937257504000001,0.006947894215,0.005644012804000001,0.099875978628,0.017779612320000002,0.02097994554,0.22461835104000002,1.48920298923,0.010548894869999999,0.0009706509000000001,0.00364588938,0.00104762076,0.052409665050000005,0.0,0.0,0.0,0.0,0.0,0.0,0.0,0.0,0.0,0.91627,15222857.841718422,8.803987,10.325386,11.846784999999999,13.368184,14.889582999999998,16.410981999999997,17.932381,19.45378,20.975178999999997,22.496578,24.017977,25.539375999999997,27.060775,28.582174,30.103572999999997,31.624972,33.146371,34.66777,36.189169,37.710567999999995,39.231967
SF11C46896812282051210,2,,2019-05-19T02:00:00-0700,0.005701,0.005701,0.003479,0.000794,0.056760348199000006,0.06697720938900001,0.600907705687,10.743376914145001,0.030800995064,0.014747064334000002,0.009989632621,0.006518035016000001,0.143600972563,0.041926949815,0.049473796791,0.413510285239,9.500945931044,0.022000130495000002,0.013937257504000001,0.006947894215,0.005644012804000001,0.099875978628,0.014833398384000001,0.017503412598,0.187397420448,1.2424309831009999,0.008800864568999998,0.00080980683,0.003041738406,0.000874022212,0.043724993935,0.0,0.0,0.0,0.0,0.0,0.0,0.0,0.0,0.0,0.94418,15222857.841718422,8.803987,9.89509275,10.9861985,12.07730425,13.16841,14.25951575,15.350621499999999,16.44172725,17.532833,18.62393875,19.7150445,20.80615025,21.897256,22.988361750000003,24.0794675,25.17057325,26.261679,27.35278475,28.443890500000002,29.534996250000003,30.626102000000003
SF11C46896812282051210,3,,2019-05-19T03:00:00-0700,0.005701,0.005701,0.003028,0.000948,0.054837421303000004,0.064708155327,0.576614449975,10.582314432576,0.029660095403000002,0.014642085064,0.009595317007,0.006404731188,0.137932685048,0.041926949815,0.049473796791,0.413510285239,9.500945931044,0.022000130495000002,0.013937257504000001,0.006947894215,0.005644012804000001,0.099875978628,0.012910471488000001,0.015234358536,0.163104164736,1.081368501532,0.007659964907999999,0.00070482756,0.002647422792,0.000760718384,0.038056706419999996,0.0,0.0,0.0,0.0,0.0,0.0,0.0,0.0,0.0,0.958135,15222857.841718422,8.803987,9.6486933,10.4933996,11.338105899999999,12.182812199999999,13.0275185,13.8722248,14.7169311,15.561637399999999,16.4063437,17.25105,18.095756299999998,18.9404626,19.785168900000002,20.6298752,21.4745815,22.319287799999998,23.1639941,24.008700400000002,24.8534067,25.698113
SF11C46896812282051210,4,,2019-05-19T04:00:00-0700,0.005701,0.005701,0.002734,0.001072,0.053583894679,0.06322899369900001,0.5607780482470001,10.47732026499,0.028916360369000003,0.014573650684000001,0.009338268691,0.006330870156000001,0.134237615138,0.041926949815,0.049473796791,0.413510285239,9.500945931044,0.022000130495000002,0.013937257504000001,0.006947894215,0.005644012804000001,0.099875978628,0.011656944864,0.013755196908,0.147267763008,0.9763743339459999,0.006916229873999999,0.00063639318,0.002390374476,0.000686857352,0.03436163651,0.0,0.0,0.0,0.0,0.0,0.0,0.0,0.0,0.0,0.966508,15222857.841718422,8.803987,9.4856236,10.1672602,10.848896799999999,11.5305334,12.21217,12.8938066,13.575443199999999,14.2570798,14.9387164,15.620353,16.3019896,16.9836262,17.6652628,18.346899399999998,19.028536,19.7101726,20.3918092,21.073445800000002,21.7550824,22.436719
SF11C46896812282051210,5,,2019-05-19T05:00:00-0700,0.005701,0.005701,0.002543,0.001174,0.052769528743000005,0.062268041757,0.5504897736550001,10.409109768361,0.028433185568,0.014529191614,0.009171274717000001,0.006282885608,0.131837076523,0.041926949815,0.049473796791,0.413510285239,9.500945931044,0.022000130495000002,0.013937257504000001,0.006947894215,0.005644012804000001,0.099875978628,0.010842578928000002,0.012794244966,0.13697948841600002,0.908163837317,0.006433055073,0.00059193411,0.0022233805020000002,0.000638872804,0.031961097895000005,0.0,0.0,0.0,0.0,0.0,0.0,0.0,0.0,0.0,0.97209,15222857.841718422,8.803987,9.3681848,9.932382599999999,10.4965804,11.0607782,11.624976,12.189173799999999,12.7533716,13.3175694,13.881767199999999,14.445965,15.0101628,15.574360599999999,16.1385584,16.7027562,17.266954,17.8311518,18.3953496,18.959547399999998,19.5237452,20.087943
SF11C46896812282051210,6,,2019-05-19T06:00:00-0700,0.005701,0.005701,0.002419,0.00126,0.052240830439000005,0.061644177669,0.5438104749670001,10.364826514005001,0.028119501404,0.014500328134000002,0.009062859781,0.006251733336000001,0.130278611663,0.041926949815,0.049473796791,0.413510285239,9.500945931044,0.022000130495000002,0.013937257504000001,0.006947894215,0.005644012804000001,0.099875978628,0.010313880624000002,0.012170380878,0.130300189728,0.863880582961,0.006119370909,0.00056307063,0.0021149655660000002,0.000607720532,0.030402633035,0.0,0.0,0.0,0.0,0.0,0.0,0.0,0.0,0.0,0.976077,15222857.841718422,8.803987,9.278751199999999,9.7535154,10.2282796,10.7030438,11.177807999999999,11.6525722,12.1273364,12.6021006,13.0768648,13.551629,14.026393200000001,14.5011574,14.9759216,15.4506858,15.925450000000001,16.4002142,16.8749784,17.3497426,17.8245068,18.299271
SF11C46896812282051210,7,,2019-05-19T07:00:00-0700,0.005701,0.005701,0.002337,0.001334,0.05189120736700001,0.061231622385000004,0.5393935193830001,10.335542426447,0.027912065102000002,0.014481240994000001,0.008991166033,0.00623113264,0.129248013933,0.041926949815,0.049473796791,0.413510285239,9.500945931044,0.022000130495000002,0.013937257504000001,0.006947894215,0.005644012804000001,0.099875978628,0.009964257552000002,0.011757825594000001,0.12588323414400002,0.8345964954030001,0.0059119346069999995,0.00054398349,0.0020432718180000004,0.000587119836,0.029372035305000002,0.0,0.0,0.0,0.0,0.0,0.0,0.0,0.0,0.0,0.979067,15222857.841718422,8.803987,9.207876899999999,9.6117668,10.0156567,10.4195466,10.8234365,11.227326399999999,11.6312163,12.0351062,12.4389961,12.842886,13.2467759,13.6506658,14.054555700000002,14.458445600000001,14.8623355,15.2662254,15.6701153,16.074005200000002,16.4778951,16.881785
SF11C46896812282051210,8,,2019-05-19T08:00:00-0700,0.005701,0.005701,0.002186,0.001393,0.051247389271000005,0.060471916923,0.531259857271,10.281616850578,0.027530078741000004,0.014446092724000001,0.008859144619,0.006193197212,0.127350205918,0.041926949815,0.049473796791,0.413510285239,9.500945931044,0.022000130495000002,0.013937257504000001,0.006947894215,0.005644012804000001,0.099875978628,0.009320439456000001,0.010998120132,0.11774957203200001,0.780670919534,0.005529948246,0.00050883522,0.001911250404,0.000549184408,0.02747422729,0.0,0.0,0.0,0.0,0.0,0.0,0.0,0.0,0.0,0.981393,15222857.841718422,8.803987,9.149551599999999,9.4951162,9.8406808,10.186245399999999,10.53181,10.8773746,11.222939199999999,11.5685038,11.9140684,12.259633000000001,12.6051976,12.9507622,13.2963268,13.6418914,13.987456,14.333020600000001,14.6785852,15.0241498,15.3697144,15.715279
SF11C46896812282051210,9,,2019-05-19T09:00:00-0700,0.005701,0.005701,0.002869,0.001495,0.054159493639,0.063908200569,0.5680498653670001,10.525531872555,0.029257871354,0.014605074634000001,0.009456301081,0.006364785936000001,0.135934330913,0.041926949815,0.049473796791,0.413510285239,9.500945931044,0.022000130495000002,0.013937257504000001,0.006947894215,0.005644012804000001,0.099875978628,0.012232543824,0.014434403778,0.154539580128,1.024585941511,0.007257740859,0.00066781713,0.002508406866,0.000720773132,0.036058352285,0.0,0.0,0.0,0.0,0.0,0.0,0.0,0.0,0.0,0.983254,15222857.841718422,8.803987,9.1045457,9.405104399999999,9.705663099999999,10.006221799999999,10.306780499999999,10.607339199999998,10.9078979,11.2084566,11.5090153,11.809574,12.1101327,12.4106914,12.711250099999999,13.0118088,13.3123675,13.6129262,13.9134849,14.2140436,14.5146023,14.815161
SF11C46896812282051210,10,,2019-05-19T10:00:00-0700,0.020004,0.019996,0.012404,0.00225,0.199943767924,0.23593364108400003,2.118513978292,37.753892646699995,0.108542999264,0.051771580264,0.035214415996000004,0.022912352096,0.506207242948,0.14705688274,0.17352710763600002,1.450368648244,33.324138719024,0.07716446402,0.048884301184,0.02436942514,0.019796119984,0.35031048388799996,0.052886885184000004,0.062406533448000005,0.668145330048,4.429753927676,0.031378535244,0.00288727908,0.010844990856,0.003116232112,0.15589675906,0.0,0.0,0.0,0.0,0.0,0.0,0.0,0.0,0.0,0.901939,53414847.96802934,30.806742,33.8271612,36.8475804,39.867999600000005,42.8884188,45.908838,48.9292572,51.9496764,54.9700956,57.9905148,61.010934,64.0313532,67.0517724,70.0721916,73.0926108,76.11303000000001,79.1334492,82.1538684,85.1742876,88.1947068,91.215126
SF11C46896812282051210,11,,2019-05-19T11:00:00-0700,0.040008,0.039996,0.029255,0.004118,0.41887760921999995,0.49427557194599997,4.4768571308039995,77.10257751986899,0.228351059325,0.104588067534,0.07432178120999999,0.046945875123999996,1.068375636463,0.29414318273999995,0.34708892763599997,2.901027428244,66.654943599024,0.15434436401999999,0.09777838118400001,0.04874372513999999,0.039596199984,0.7006910438879999,0.12473442648000001,0.14718664431,1.57582970256,10.447633920845,0.074006695305,0.00680968635,0.02557805607,0.00734967514,0.367684592575,0.0,0.0,0.0,0.0,0.0,0.0,0.0,0.0,0.0,0.698666,106829695.93605869,61.376219,71.9202622,82.4643054,93.0083486,103.55239180000001,114.09643500000001,124.6404782,135.1845214,145.7285646,156.2726078,166.816651,177.3606942,187.90473740000002,198.4487806,208.9928238,219.536867,230.0809102,240.6249534,251.1689966,261.71303980000005,272.257083
SF11C46896812282051210,12,,2019-05-19T12:00:00-0700,0.070014,0.069996,0.058379,0.007871,0.763682941524,0.901145864034,8.221618647492,137.499635645225,0.417796212489,0.18470838101400003,0.136346752146,0.08396275939600001,1.959984626323,0.51477263274,0.607431657636,5.077015598244,116.651150919024,0.27011421402,0.17111950118400002,0.08530517514000001,0.069296319984,1.226261883888,0.24891030878400003,0.293714206398,3.1446030492480004,20.848484726201,0.147681998469,0.013588879830000001,0.051041577006000004,0.014666439412,0.733722742435,0.0,0.0,0.0,0.0,0.0,0.0,0.0,0.0,0.0,0.644382,186951967.8881027,106.789559,122.56347355,138.3373881,154.11130265,169.8852172,185.65913175,201.4330463,217.20696085,232.9808754,248.75478995,264.5287045,280.30261905,296.0765336,311.85044815000003,327.6243627,343.39827725,359.1721918,374.94610635,390.7200209,406.49393545000004,422.26785
SF11C46896812282051210,13,,2019-05-19T13:00:00-0700,0.10002,0.100002,0.092553,0.013728,1.1300640645179998,1.333475592768,12.238835187414,199.71016425799502,0.620039560173,0.266018851218,0.202794321072,0.122254285092,2.9151684686009998,0.7354462086299999,0.8678264561819999,7.253438965878,166.657357480488,0.38590721799,0.244475289408,0.12187393743,0.09900238000799999,1.7519378380559998,0.394617855888,0.465649136586,4.985396221536,33.052806777507,0.23413234218299997,0.02154356181,0.080920383642,0.023251905084,1.163230630545,0.0,0.0,0.0,0.0,0.0,0.0,0.0,0.0,0.0,0.668988,267074239.84014672,151.679272,169.23046015,186.7816483,204.33283645,221.8840246,239.43521275,256.98640090000004,274.53758905,292.0887772,309.63996535,327.19115350000004,344.74234165,362.2935298,379.84471795,397.39590610000005,414.94709424999996,432.4982824,450.04947055,467.60065870000005,485.15184684999997,502.703035
SF11C46896812282051210,14,,2019-05-19T14:00:00-0700,0.130026,0.130008,0.130483,0.021803,1.512459629688,1.7847023659740002,16.458369839208,263.26204693012903,0.831784502373,0.3482036055420001,0.272525813382,0.161489423156,3.917558714219,0.95611978452,1.1282212547280002,9.429862333512,216.66356404195201,0.5017002219600001,0.3178310776320001,0.15844269972000002,0.12870844003200002,2.277613792224,0.556339845168,0.656481111246,7.028507505696,46.598482888176996,0.3300842804129999,0.03037252791,0.114083113662,0.032780983124,1.639944921995,0.0,0.0,0.0,0.0,0.0,0.0,0.0,0.0,0.0,0.703836,347196511.79219073,196.051395,213.84895385000002,231.64651270000002,249.44407155,267.2416304,285.03918925,302.8367481,320.63430695,338.43186579999997,356.22942465,374.02698350000003,391.82454235,409.6221012,427.41966004999995,445.2172189,463.01477775,480.8123366,498.60989544999995,516.4074542999999,534.20501315,552.002572
SF11C46896812282051210,15,,2019-05-19T15:00:00-0700,0.160032,0.160014,0.170658,0.032097,1.9044271923779998,2.24722409787,20.798832116442,327.615670779918,1.049208645768,0.430910928516,0.344220140622,0.20128856808,4.948164714761999,1.1767933604099998,1.388616053274,11.606285701146,266.669770603416,0.61749322593,0.391186865856,0.19501146201,0.158414500056,2.8032897463919997,0.7276338319680001,0.858608044596,9.192546415296,60.945900176502,0.431715419838,0.039724062660000004,0.14920867861200002,0.042874068024000005,2.14487496837,0.0,0.0,0.0,0.0,0.0,0.0,0.0,0.0,0.0,0.736568,427318783.74423474,239.911896,257.1245592,274.33722240000003,291.54988560000004,308.7625488,325.97521200000006,343.1878752,360.4005384,377.6132016,394.82586480000003,412.03852800000004,429.2511912,446.46385440000006,463.6765176,480.8891808,498.101844,515.3145072,532.5271704,549.7398336000001,566.9524968000001,584.16516
SF11C46896812282051210,16,,2019-05-19T16:00:00-0700,0.170034,0.170028,0.189165,0.042959,2.0569815246600003,2.427238216278,22.522062296772,350.913680495967,1.1346699831750002,0.4597000687620001,0.37260528183,0.215851944732,5.3562011415090005,1.25043947082,1.4755184565480002,12.332630552292,283.358504606832,0.6561372018600001,0.41566813171200007,0.20721567402000002,0.168328400112,2.978725292784,0.8065420538400001,0.95171975973,10.18943174448,67.555175889135,0.478532781315,0.044031937050000004,0.16538960781,0.047523544620000004,2.377475848725,0.0,0.0,0.0,0.0,0.0,0.0,0.0,0.0,0.0,0.783801,454026207.7282494,254.419391,268.64893159999997,282.8784722,297.1080128,311.3375534,325.567094,339.7966346,354.0261752,368.2557158,382.4852564,396.714797,410.94433760000004,425.1738782,439.40341880000005,453.6329594,467.8625,482.0920406,496.3215812,510.55112180000003,524.7806624,539.010203
SF11C46896812282051210,17,,2019-05-19T17:00:00-0700,0.120024,0.120053,0.136933,0.049455,1.4667482630630002,1.7307629649690002,16.083735693863,248.975082273659,0.809684843098,0.325367943722,0.266032830857,0.153254353936,3.824222099729,0.882907578695,1.041830858823,8.707796925767001,200.073155912932,0.4632839267350001,0.293494049312,0.146310391895,0.118852950212,2.1032118684839998,0.5838406843680001,0.688932106146,7.375938768096001,48.901926360726996,0.34640091636299997,0.03187389441,0.11972243896200001,0.034401403724,1.721010231245,0.0,0.0,0.0,0.0,0.0,0.0,0.0,0.0,0.0,0.858978,320489087.8081761,181.317828,189.19482415,197.07182029999998,204.94881644999998,212.8258126,220.70280875,228.5798049,236.45680105,244.3337972,252.21079335000002,260.0877895,267.96478565,275.84178180000004,283.71877795,291.59577409999997,299.47277025,307.3497664,315.22676255,323.1037587,330.98075485000004,338.857751
SF11C46896812282051210,18,,2019-05-19T18:00:00-0700,0.070014,0.070043,0.080552,0.051603,0.858567525737,1.013109689337,9.419383258601,145.49645173698,0.474068867257,0.18998449131200001,0.155790196073,0.089579768028,2.239484160484,0.5151182855449999,0.607839527913,5.080424646377,116.729478310492,0.270295586785,0.171234402272,0.085362454745,0.069342850172,1.2270852782039998,0.343449240192,0.405270161424,4.338958612224,28.766973426488,0.203773280472,0.01875008904,0.070427741328,0.020236917856,1.01239888228,0.0,0.0,0.0,0.0,0.0,0.0,0.0,0.0,0.0,0.917737,186951967.8881027,106.789559,110.3274256,113.8652922,117.4031588,120.9410254,124.478892,128.0167586,131.5546252,135.0924918,138.6303584,142.168225,145.70609159999998,149.2439582,152.78182479999998,156.31969139999998,159.85755799999998,163.39542459999998,166.93329119999999,170.4711578,174.0090244,177.546891
SF11C46896812282051210,19,,2019-05-19T19:00:00-0700,0.040008,0.040026,0.045654,0.051191,0.489018589374,0.577041940314,5.362370370462,83.00903411576999,0.269951559864,0.108478603884,0.088696217946,0.051095463216,1.275008185038,0.29436381218999996,0.347349270366,2.9032034164139997,66.704939806344,0.15446013387000002,0.09785172230400001,0.04878028659,0.039625900104,0.7012166147279999,0.194654777184,0.229692669948,2.4591669540480003,16.304094309426,0.11549142599399999,0.01062688158,0.039915931356,0.011469563112,0.57379157031,0.0,0.0,0.0,0.0,0.0,0.0,0.0,0.0,0.0,0.952993,106829695.93605869,61.376219,62.8415618,64.3069046,65.7722474,67.2375902,68.702933,70.1682758,71.6336186,73.09896140000001,74.5643042,76.029647,77.4949898,78.9603326,80.4256754,81.8910182,83.35636099999999,84.8217038,86.2870466,87.7523894,89.2177322,90.683075
SF11C46896812282051210,20,,2019-05-19T20:00:00-0700,0.005701,0.005721,0.006363,0.048089,0.06920393376299999,0.081660642417,0.757705924275,11.806650505821,0.038173861488000005,0.015467267094000002,0.012535528497,0.007262376648,0.180198229383,0.042074036115,0.049647358611,0.414960944019,9.534276735924001,0.022077310395000004,0.013986151584000002,0.006972268515,0.005663812884000001,0.100226359188,0.027129897648,0.032013283806,0.34274498025600003,2.272373769897,0.016096551092999997,0.00148111551,0.005563259982,0.0015985637639999999,0.079971870195,0.0,0.0,0.0,0.0,0.0,0.0,0.0,0.0,0.0,0.995267,15222857.841718422,8.803987,9.24418635,9.6843857,10.12458505,10.564784399999999,11.00498375,11.4451831,11.88538245,12.325581799999998,12.765781149999999,13.205980499999999,13.64617985,14.0863792,14.52657855,14.9667779,15.406977249999999,15.8471766,16.287375949999998,16.727575299999998,17.16777465,17.607974
SF11C46896812282051210,21,,2019-05-19T21:00:00-0700,0.005701,0.005701,0.006081,0.045185,0.067854485191,0.080068292913,0.741065247511,11.672611009583001,0.037383303086,0.015352731874,0.012264597649,0.007171730272,0.176303598093,0.041926949815,0.049473796791,0.413510285239,9.500945931044,0.022000130495000002,0.013937257504000001,0.006947894215,0.005644012804000001,0.099875978628,0.025927535376,0.030594496122,0.327554962272,2.1716650785389997,0.015383172590999998,0.00141547437,0.005316703434,0.001527717468,0.076427619465,0.0,0.0,0.0,0.0,0.0,0.0,0.0,0.0,0.0,0.998819,15222857.841718422,8.803987,9.24418635,9.6843857,10.12458505,10.564784399999999,11.00498375,11.4451831,11.88538245,12.325581799999998,12.765781149999999,13.205980499999999,13.64617985,14.0863792,14.52657855,14.9667779,15.406977249999999,15.8471766,16.287375949999998,16.727575299999998,17.16777465,17.607974
SF11C46896812282051210,22,,2019-05-19T22:00:00-0700,0.005701,0.005701,0.005722,0.042456,0.066323818327,0.078262105755,0.721727600503,11.544403845762002,0.036475136837,0.015269167444000002,0.011950718923,0.0070815394200000005,0.171791590958,0.041926949815,0.049473796791,0.413510285239,9.500945931044,0.022000130495000002,0.013937257504000001,0.006947894215,0.005644012804000001,0.099875978628,0.024396868512,0.028788308964,0.308217315264,2.043457914718,0.014475006341999998,0.00133190994,0.005002824708,0.0014375266159999999,0.07191561233,0.0,0.0,0.0,0.0,0.0,0.0,0.0,0.0,0.0,0.998819,15222857.841718422,8.803987,9.24418635,9.6843857,10.12458505,10.564784399999999,11.00498375,11.4451831,11.88538245,12.325581799999998,12.765781149999999,13.205980499999999,13.64617985,14.0863792,14.52657855,14.9667779,15.406977249999999,15.8471766,16.287375949999998,16.727575299999998,17.16777465,17.607974
SF11C46896812282051210,23,,2019-05-19T23:00:00-0700,0.005701,0.005701,0.005277,0.039885,0.064426473607,0.07602323866499999,0.697757536663,11.385484102307,0.035349415442,0.015165584794,0.011561649193,0.006969742960000001,0.166198713033,0.041926949815,0.049473796791,0.413510285239,9.500945931044,0.022000130495000002,0.013937257504000001,0.006947894215,0.005644012804000001,0.099875978628,0.022499523792,0.026549441873999997,0.284247251424,1.8845381712629998,0.013349284946999999,0.00122832729,0.004613754978,0.001325730156,0.066322734405,0.0,0.0,0.0,0.0,0.0,0.0,0.0,0.0,0.0,0.998819,15222857.841718422,8.803987,9.24418635,9.6843857,10.12458505,10.564784399999999,11.00498375,11.4451831,11.88538245,12.325581799999998,12.765781149999999,13.205980499999999,13.64617985,14.0863792,14.52657855,14.9667779,15.406977249999999,15.8471766,16.287375949999998,16.727575299999998,17.16777465,17.607974
SF11C46896912282051210,0,,2019-05-19T00:00:00-0700,0.005701,0.005701,0.004746,0.000329,0.040050147592,0.047259176116,0.47327381944100005,5.040320468988,0.022952896608,0.005465098350000001,0.00774836615,0.003253114082,0.111382760223,0.011801058598,0.013925251198,0.11638956934100002,2.67420438537,0.00619231218,0.003922880904000001,0.001955602628,0.0015886064540000001,0.028111807731000003,0.028249088994,0.033333924918,0.3568842501,2.366116083618,0.016760584428000002,0.001542217446,0.005792763522,0.001664507628,0.083270952492,0.0,0.0,0.0,0.0,0.0,0.0,0.0,0.0,0.0,0.91904,5392949.8053318,8.513007,9.0349328,9.5568586,10.0787844,10.6007102,11.122636,11.644561800000002,12.1664876,12.688413400000002,13.2103392,13.732265000000002,14.2541908,14.776116600000002,15.298042400000002,15.819968200000002,16.341894000000003,16.8638198,17.3857456,17.9076714,18.429597200000003,18.951523
SF11C46896912282051210,1,,2019-05-19T01:00:00-0700,0.005701,0.005701,0.004171,0.000594,0.036627638917,0.043220615891,0.43003563069100004,4.753654487513,0.020922273758,0.005278251525000001,0.007046545875,0.003051451232,0.101294096573,0.011801058598,0.013925251198,0.11638956934100002,2.67420438537,0.00619231218,0.003922880904000001,0.001955602628,0.0015886064540000001,0.028111807731000003,0.024826580319,0.029295364693000002,0.31364606135,2.0794501021430003,0.014729961578000002,0.001355370621,0.005090943247,0.001462844778,0.073182288842,0.0,0.0,0.0,0.0,0.0,0.0,0.0,0.0,0.0,0.91904,5392949.8053318,8.513007,9.0861812,9.659355399999999,10.2325296,10.8057038,11.378878,11.9520522,12.5252264,13.0984006,13.6715748,14.244748999999999,14.8179232,15.3910974,15.9642716,16.5374458,17.110619999999997,17.6837942,18.256968399999998,18.830142600000002,19.4033168,19.976491
SF11C46896912282051210,2,,2019-05-19T02:00:00-0700,0.005701,0.005701,0.00348,0.000794,0.032514676318,0.038367320038,0.378074607341,4.40915676021,0.01848199482,0.0050537103840000005,0.006203140988,0.0028091050939999997,0.089170154691,0.011801058598,0.013925251198,0.11638956934100002,2.67420438537,0.00619231218,0.003922880904000001,0.001955602628,0.0015886064540000001,0.028111807731000003,0.02071361772,0.02444206884,0.261685038,1.73495237484,0.01228968264,0.00113082948,0.00424753836,0.0012204986399999998,0.061058346959999996,0.0,0.0,0.0,0.0,0.0,0.0,0.0,0.0,0.0,0.946027,5392949.8053318,8.513007,8.85378435,9.1945617,9.535339050000001,9.8761164,10.21689375,10.5576711,10.89844845,11.2392258,11.58000315,11.9207805,12.26155785,12.6023352,12.94311255,13.2838899,13.624667250000002,13.965444600000001,14.306221950000001,14.646999300000001,14.98777665,15.328554
SF11C46896912282051210,3,,2019-05-19T03:00:00-0700,0.005701,0.005701,0.003029,0.000948,0.029830239079,0.035199684105000004,0.344160827991,4.184310920827,0.016889280202,0.004907157483000001,0.005652669781,0.0026509312760000002,0.081257133289,0.011801058598,0.013925251198,0.11638956934100002,2.67420438537,0.00619231218,0.003922880904000001,0.001955602628,0.0015886064540000001,0.028111807731000003,0.018029180481,0.021274432907000002,0.22777125865,1.510106535457,0.010696968022,0.000984276579,0.003697067153,0.0010623248219999999,0.053145325558,0.0,0.0,0.0,0.0,0.0,0.0,0.0,0.0,0.0,0.95952,5392949.8053318,8.513007,8.72313515,8.9332633,9.14339145,9.3535196,9.56364775,9.7737759,9.98390405,10.1940322,10.40416035,10.6142885,10.82441665,11.034544799999999,11.24467295,11.4548011,11.66492925,11.8750574,12.08518555,12.2953137,12.50544185,12.71557
SF11C46896912282051210,4,,2019-05-19T04:00:00-0700,0.005701,0.005701,0.002735,0.001072,0.028080295513,0.033134750703,0.322052954091,4.037737358125,0.01585101391,0.004811621889000001,0.005293826022999999,0.0025478201840000003,0.076098755701,0.011801058598,0.013925251198,0.11638956934100002,2.67420438537,0.00619231218,0.003922880904000001,0.001955602628,0.0015886064540000001,0.028111807731000003,0.016279236915,0.019209499505,0.20566338474999998,1.363532972755,0.00965870173,0.000888740985,0.0033382233949999997,0.0009592137299999999,0.04798694797,0.0,0.0,0.0,0.0,0.0,0.0,0.0,0.0,0.0,0.967616,5392949.8053318,8.513007,8.63827255,8.7635381,8.88880365,9.0140692,9.13933475,9.2646003,9.38986585,9.5151314,9.64039695,9.765662500000001,9.89092805,10.016193600000001,10.141459150000001,10.266724700000001,10.391990250000001,10.517255800000001,10.64252135,10.7677869,10.89305245,11.018318
SF11C46896912282051210,5,,2019-05-19T05:00:00-0700,0.005701,0.005701,0.002543,0.001174,0.026937475225,0.031786222767,0.307615158891,3.942015847789,0.015172962454000002,0.004749231297000001,0.005059479079,0.002480482328,0.072730019317,0.011801058598,0.013925251198,0.11638956934100002,2.67420438537,0.00619231218,0.003922880904000001,0.001955602628,0.0015886064540000001,0.028111807731000003,0.015136416627,0.017860971569000003,0.19122558955,1.267811462419,0.008980650274000001,0.0008263503930000001,0.0031038764509999997,0.000891875874,0.044618211585999996,0.0,0.0,0.0,0.0,0.0,0.0,0.0,0.0,0.0,0.973013,5392949.8053318,8.513007,8.5781571,8.6433072,8.7084573,8.7736074,8.8387575,8.9039076,8.9690577,9.034207799999999,9.0993579,9.164508,9.2296581,9.2948082,9.359958299999999,9.4251084,9.4902585,9.5554086,9.6205587,9.685708799999999,9.750858899999999,9.816009
SF11C46896912282051210,6,,2019-05-19T06:00:00-0700,0.005701,0.005701,0.002419,0.00126,0.026199403789,0.030915298475,0.29829074949100004,3.880195705697,0.014735054222000003,0.0047089373730000005,0.004908130011,0.0024369932960000003,0.070554377069,0.011801058598,0.013925251198,0.11638956934100002,2.67420438537,0.00619231218,0.003922880904000001,0.001955602628,0.0015886064540000001,0.028111807731000003,0.014398345191,0.016990047277,0.18190118015,1.205991320327,0.008542742042000001,0.000786056469,0.0029525273829999997,0.000848386842,0.042442569338,0.0,0.0,0.0,0.0,0.0,0.0,0.0,0.0,0.0,0.976869,5392949.8053318,8.513007,8.533021,8.553035,8.573049,8.593063,8.613077,8.633091,8.653105,8.673119,8.693133,8.713147,8.733161,8.753175,8.773189,8.793203,8.813217,8.833231,8.853245000000001,8.873259000000001,8.893273,8.913287
SF11C46896912282051210,7,,2019-05-19T07:00:00-0700,0.005701,0.005701,0.002337,0.001334,0.025711324291,0.030339364669000002,0.292124607791,3.839314643991,0.014445469746,0.0046822913910000005,0.004808044337,0.00240823442,0.06911564590500001,0.011801058598,0.013925251198,0.11638956934100002,2.67420438537,0.00619231218,0.003922880904000001,0.001955602628,0.0015886064540000001,0.028111807731000003,0.013910265693,0.016414113471,0.17573503845,1.165110258621,0.008253157566000001,0.000759410487,0.002852441709,0.000819627966,0.041003838174,0.0,0.0,0.0,0.0,0.0,0.0,0.0,0.0,0.0,0.97976,5392949.8053318,8.513007,8.93865735,9.3643077,9.78995805,10.2156084,10.64125875,11.0669091,11.49255945,11.9182098,12.343860150000001,12.769510499999999,13.19516085,13.6208112,14.04646155,14.4721119,14.89776225,15.323412600000001,15.749062949999999,16.1747133,16.60036365,17.026014
SF11C46896912282051210,8,,2019-05-19T08:00:00-0700,0.005701,0.005701,0.002186,0.001393,0.024812543752,0.029278803636000002,0.280769883441,3.764033664508,0.013912210528,0.004633223790000001,0.004623740229999999,0.002355276002,0.066466275103,0.011801058598,0.013925251198,0.11638956934100002,2.67420438537,0.00619231218,0.003922880904000001,0.001955602628,0.0015886064540000001,0.028111807731000003,0.013011485154,0.015353552438,0.1643803141,1.089829279138,0.0077198983480000006,0.000710342886,0.002668137602,0.000766669548,0.038354467371999997,0.0,0.0,0.0,0.0,0.0,0.0,0.0,0.0,0.0,0.982009,5392949.8053318,8.513007,8.93865735,9.3643077,9.78995805,10.2156084,10.64125875,11.0669091,11.49255945,11.9182098,12.343860150000001,12.769510499999999,13.19516085,13.6208112,14.04646155,14.4721119,14.89776225,15.323412600000001,15.749062949999999,16.1747133,16.60036365,17.026014
SF11C46896912282051210,9,,2019-05-19T09:00:00-0700,0.005701,0.005701,0.002868,0.001495,0.02887193665,0.034068887242,0.332054135141,4.104044446014,0.016320705804,0.004854840372000001,0.005456160103999999,0.002594465678,0.078432307467,0.011801058598,0.013925251198,0.11638956934100002,2.67420438537,0.00619231218,0.003922880904000001,0.001955602628,0.0015886064540000001,0.028111807731000003,0.017070878052,0.020143636044,0.21566456579999999,1.429840060644,0.010128393624,0.000931959468,0.0035005574759999995,0.001005859224,0.050320499735999995,0.0,0.0,0.0,0.0,0.0,0.0,0.0,0.0,0.0,0.983808,5392949.8053318,8.513007,8.93865735,9.3643077,9.78995805,10.2156084,10.64125875,11.0669091,11.49255945,11.9182098,12.343860150000001,12.769510499999999,13.19516085,13.6208112,14.04646155,14.4721119,14.89776225,15.323412600000001,15.749062949999999,16.1747133,16.60036365,17.026014
SF11C46896912282051210,10,,2019-05-19T10:00:00-0700,0.020004,0.020003,0.012391,0.00225,0.11515974389299999,0.135888504747,1.3401382352729998,15.560461892513,0.065485898078,0.017790612153,0.021985510870999998,0.0099196627,0.316041728375,0.041406169994,0.048859287794,0.408374066923,9.38293462911,0.021726858539999998,0.013764144312000001,0.006861589084,0.005573915962,0.098635413093,0.07375357389899999,0.087029216953,0.9317641683499999,6.177527263402999,0.043759039538,0.004026467840999999,0.015123921786999998,0.004345746738,0.21740631528199997,0.0,0.0,0.0,0.0,0.0,0.0,0.0,0.0,0.0,0.905184,18923095.580750275,29.791271,30.587753399999997,31.3842358,32.1807182,32.977200599999996,33.773683,34.5701654,35.366647799999996,36.1631302,36.9596126,37.756095,38.552577400000004,39.3490598,40.1455422,40.942024599999996,41.738507,42.5349894,43.3314718,44.127954200000005,44.9244366,45.720919
SF11C46896912282051210,11,,2019-05-19T11:00:00-0700,0.040008,0.040007,0.029233,0.004118,0.256814751023,0.303041420025,3.0149980655369997,33.340436832779,0.146691668954,0.037028269311000006,0.04940406397699999,0.021400649872,0.7101834171829999,0.082814409986,0.097721018186,0.8167685494870001,18.76633833459,0.04345480326,0.027528976728000004,0.013723521196,0.011148110578000001,0.197275757217,0.174000341037,0.205320401839,2.1982295160499996,14.574098498188999,0.103236865694,0.009499292582999998,0.035680542780999996,0.010252539294,0.512907659966,0.0,0.0,0.0,0.0,0.0,0.0,0.0,0.0,0.0,0.708636,37846191.16150055,59.360663,63.32415745,67.2876519,71.25114635,75.2146408,79.17813525,83.14162970000001,87.10512415,91.06861860000001,95.03211304999999,98.9956075,102.95910194999999,106.9225964,110.88609085,114.8495853,118.81307975,122.7765742,126.74006865,130.7035631,134.66705754999998,138.630552
SF11C46896912282051210,12,,2019-05-19T12:00:00-0700,0.070014,0.070013,0.058341,0.007871,0.49218342842299995,0.580776469577,5.816419699182999,61.927322197563,0.282079011978,0.06713419164300001,0.09522493530099999,0.03997064134,1.3688584055849997,0.144926769974,0.171013613774,1.4293602733330002,32.841443892810005,0.07604672034,0.04817622535200001,0.024016419364,0.019509402502000003,0.345236273403,0.34725665844899994,0.409762855803,4.3870594258499995,29.085878304753,0.206032291638,0.018957966290999998,0.07120851593699999,0.020461238838,1.0236221321819998,0.0,0.0,0.0,0.0,0.0,0.0,0.0,0.0,0.0,0.644382,66230834.532625966,103.302336,109.26371005,115.2250841,121.18645814999999,127.1478322,133.10920625,139.07058030000002,145.03195435,150.9933284,156.95470245,162.9160765,168.87745055,174.8388246,180.80019865000003,186.7615727,192.72294675,198.68432080000002,204.64569485,210.6070689,216.56844295000002,222.529817
SF11C46896912282051210,13,,2019-05-19T13:00:00-0700,0.10002,0.100019,0.092508,0.013728,0.7576642299740001,0.894043825526,8.998262196978999,93.03636964979401,0.43533230456400007,0.09888404108400001,0.147220604488,0.060314915170000004,2.116296088605,0.207039129962,0.24430620936199998,2.041951997179,46.91654945103,0.10863863741999999,0.068823473976,0.034309317532,0.027870694426,0.493196789589,0.550625100012,0.649737616164,6.9563101998,46.119820198764,0.32669366714400006,0.030060567108,0.112911286956,0.032444220744,1.623099299016,0.0,0.0,0.0,0.0,0.0,0.0,0.0,0.0,0.0,0.668988,94615477.90375137,146.754021,152.8264504,158.8988798,164.9713092,171.04373859999998,177.116168,183.1885974,189.2610268,195.3334562,201.40588559999998,207.478315,213.55074439999999,219.6231738,225.6956032,231.7680326,237.840462,243.91289139999998,249.9853208,256.0577502,262.1301796,268.202609
SF11C46896912282051210,14,,2019-05-19T14:00:00-0700,0.130026,0.130025,0.130432,0.021803,1.0455074055979998,1.233698782806,12.462619260224999,126.018467697506,0.601853510276,0.131854731432,0.20380190632399997,0.08197683652599999,2.9296522226389996,0.26915148995,0.31759880495,2.654543721025,60.99165500925,0.1412305545,0.08947072260000001,0.0446022157,0.03623198635,0.641157305775,0.7763559156479999,0.916099977856,9.808075539199999,65.026812688256,0.460622955776,0.042384008832,0.15919969062399997,0.045744850175999996,2.288494916864,0.0,0.0,0.0,0.0,0.0,0.0,0.0,0.0,0.0,0.703836,123000121.27487679,189.72118,195.1127705,200.50436100000002,205.89595150000002,211.287542,216.6791325,222.07072300000002,227.46231350000002,232.853904,238.2454945,243.637085,249.02867550000002,254.42026600000003,259.81185650000003,265.20344700000004,270.5950375,275.986628,281.3782185,286.769809,292.1613995,297.55299
SF11C46896912282051210,15,,2019-05-19T15:00:00-0700,0.160032,0.160031,0.170605,0.032097,1.3467370542830002,1.5891497782530002,16.096094039121,160.121803644935,0.77631709997,0.165556236579,0.263128240853,0.104427522664,3.7824681906709996,0.331263849938,0.390891400538,3.267135444871,75.06676056747,0.17382247158,0.11011797122400001,0.054895113868,0.044593278274,0.789117821961,1.015473204345,1.1982583777150002,12.82895859425,85.055043077465,0.60249462839,0.055438265355,0.208233126985,0.05983424439,2.99335036871,0.0,0.0,0.0,0.0,0.0,0.0,0.0,0.0,0.0,0.736568,151384764.6460022,232.209216,236.47177815,240.73434029999999,244.99690245,249.2594646,253.52202675,257.7845889,262.04715105,266.30971320000003,270.57227535,274.8348375,279.09739965,283.3599618,287.62252395,291.8850861,296.14764825000003,300.4102104,304.67277255,308.9353347,313.19789685,317.460459
SF11C46896912282051210,16,,2019-05-19T16:00:00-0700,0.170034,0.170034,0.189141,0.042959,1.477773019581,1.7437722205350001,17.694160507644,174.05508871773299,0.852642376158,0.17846263262700002,0.289183794489,0.11371580747400001,4.157016718836,0.351970039932,0.41532470833199997,3.471353101794,79.75893149657999,0.18468753011999997,0.117001075536,0.058326422951999995,0.047380654236,0.838442925054,1.125802979649,1.3284475122030002,14.22280740585,94.296157221153,0.667954846038,0.061461557091,0.23085737153699998,0.066335153238,3.318573793782,0.0,0.0,0.0,0.0,0.0,0.0,0.0,0.0,0.0,0.783801,160846312.43637732,246.266348,248.6852406,251.1041332,253.5230258,255.9419184,258.360811,260.7797036,263.1985962,265.6174888,268.0363814,270.45527400000003,272.8741666,275.2930592,277.7119518,280.1308444,282.549737,284.9686296,287.38752220000003,289.8064148,292.2253074,294.6442
SF11C46896912282051210,17,,2019-05-19T17:00:00-0700,0.120024,0.120026,0.137003,0.049455,1.063921329515,1.2554272092970002,12.752601767216001,124.604142055219,0.614198401234,0.127109632557,0.208392249399,0.081495143158,2.995638337312,0.248453579948,0.29317526754799994,2.450407726666,56.301360385619994,0.13036984068,0.08259037070400001,0.041172278728,0.033445725004,0.591851926806,0.8154677495670001,0.9622519417490002,10.30219404055,68.302781669599,0.4838285605540001,0.044519261853,0.167219970671,0.048049418154000004,2.403786410506,0.0,0.0,0.0,0.0,0.0,0.0,0.0,0.0,0.0,0.863643,113538573.48450166,175.452295,175.78847155,176.1246481,176.46082465,176.79700119999998,177.13317775,177.4693543,177.80553085,178.1417074,178.47788395,178.81406049999998,179.15023705,179.4864136,179.82259015,180.1587667,180.49494325,180.8311198,181.16729635,181.5034729,181.83964945,182.175826
SF11C46896912282051210,18,,2019-05-19T18:00:00-0700,0.070014,0.070016,0.080627,0.051603,0.624840122471,0.737311368109,7.492317945206,73.039404319111,0.36078568066600003,0.074378113941,0.12242729768699999,0.047787578649999995,1.7598922562500001,0.144932979968,0.17102094156799996,1.4294215202559999,32.84285112192,0.07604997888,0.048178289664,0.024017448448,0.019510238464,0.34525106649599996,0.479907142503,0.566290426541,6.06289642495,40.196553197191,0.28473570178600005,0.026199824277,0.098409849239,0.028277340185999998,1.414641189754,0.0,0.0,0.0,0.0,0.0,0.0,0.0,0.0,0.0,0.920459,66230834.532625966,103.302336,108.46745279999999,113.6325696,118.7976864,123.9628032,129.12792,134.29303679999998,139.4581536,144.6232704,149.7883872,154.953504,160.1186208,165.2837376,170.4488544,175.61397119999998,180.779088,185.9442048,191.1093216,196.2744384,201.4395552,206.604672
SF11C46896912282051210,19,,2019-05-19T19:00:00-0700,0.040008,0.040009,0.0457,0.051191,0.354833587282,0.418703646482,4.253305425769,41.55099014543,0.20484734822,0.042380613636,0.06950366215199999,0.027176480486,0.9991150606789999,0.082818549982,0.097725903382,0.8168093807690001,18.76727648733,0.04345697562,0.027530352936000004,0.013724207252000001,0.011148667886000002,0.197285619279,0.2720150373,0.3209777431,3.4364960449999997,22.783713658099998,0.1613903726,0.0148502607,0.05577945489999999,0.016027812599999997,0.8018294413999999,0.0,0.0,0.0,0.0,0.0,0.0,0.0,0.0,0.0,0.954548,37846191.16150055,59.360663,62.32869615,65.29672930000001,68.26476245,71.2327956,74.20082875,77.1688619,80.13689505,83.1049282,86.07296135,89.04099450000001,92.00902765000001,94.9770608,97.94509395,100.9131271,103.88116025000001,106.8491934,109.81722655,112.78525970000001,115.75329285000001,118.721326
SF11C46896912282051210,20,,2019-05-19T20:00:00-0700,0.005701,0.005703,0.006415,0.048089,0.04998849102899999,0.05898642133899999,0.598818193373,5.873337792305,0.02884917251,0.006008817777,0.009786161838999998,0.0038390197319999996,0.140676065123,0.011805198594,0.013930136393999999,0.116430400623,2.67514253811,0.00619448454,0.003924257112,0.001956288684,0.001589163762,0.028121669792999997,0.038183292434999995,0.045056284945,0.48238779275,3.198195254195,0.02265468797,0.002084560665,0.007829873154999998,0.00224985597,0.11255439532999999,0.0,0.0,0.0,0.0,0.0,0.0,0.0,0.0,0.0,0.995575,5392949.8053318,8.513007,8.93865735,9.3643077,9.78995805,10.2156084,10.64125875,11.0669091,11.49255945,11.9182098,12.343860150000001,12.769510499999999,13.19516085,13.6208112,14.04646155,14.4721119,14.89776225,15.323412600000001,15.749062949999999,16.1747133,16.60036365,17.026014
SF11C46896912282051210,21,,2019-05-19T21:00:00-0700,0.005701,0.005701,0.006081,0.045185,0.047996319907,0.056635659421,0.5736616141909999,5.705884095543,0.027667473138,0.005898907935000001,0.009377809745,0.0037213226119999997,0.134806005393,0.011801058598,0.013925251198,0.11638956934100002,2.67420438537,0.00619231218,0.003922880904000001,0.001955602628,0.0015886064540000001,0.028111807731000003,0.036195261309,0.042710408223,0.45727204484999995,3.031679710173,0.021475160958,0.001976027031,0.007422207116999999,0.0021327161579999996,0.10669419766199999,0.0,0.0,0.0,0.0,0.0,0.0,0.0,0.0,0.0,0.998896,5392949.8053318,8.513007,8.93865735,9.3643077,9.78995805,10.2156084,10.64125875,11.0669091,11.49255945,11.9182098,12.343860150000001,12.769510499999999,13.19516085,13.6208112,14.04646155,14.4721119,14.89776225,15.323412600000001,15.749062949999999,16.1747133,16.60036365,17.026014
SF11C46896912282051210,22,,2019-05-19T22:00:00-0700,0.005701,0.005701,0.005723,0.042456,0.045865436244999995,0.054121216707,0.546741141891,5.527403362729,0.026403189694,0.005782575477000001,0.008940850338999998,0.003595765568,0.128524715677,0.011801058598,0.013925251198,0.11638956934100002,2.67420438537,0.00619231218,0.003922880904000001,0.001955602628,0.0015886064540000001,0.028111807731000003,0.034064377646999995,0.040195965509,0.43035157254999995,2.853198977359,0.020210877514,0.001859694573,0.006985247710999999,0.0020071591139999997,0.100412907946,0.0,0.0,0.0,0.0,0.0,0.0,0.0,0.0,0.0,0.998896,5392949.8053318,8.513007,8.93865735,9.3643077,9.78995805,10.2156084,10.64125875,11.0669091,11.49255945,11.9182098,12.343860150000001,12.769510499999999,13.19516085,13.6208112,14.04646155,14.4721119,14.89776225,15.323412600000001,15.749062949999999,16.1747133,16.60036365,17.026014
SF11C46896912282051210,23,,2019-05-19T23:00:00-0700,0.005701,0.005701,0.005277,0.039885,0.043210759950999995,0.050988698688999995,0.513203346791,5.305050271011,0.024828132665999997,0.005637647331000001,0.008396481917,0.00343934534,0.12069942178499998,0.011801058598,0.013925251198,0.11638956934100002,2.67420438537,0.00619231218,0.003922880904000001,0.001955602628,0.0015886064540000001,0.028111807731000003,0.031409701352999995,0.037063447491,0.39681377744999996,2.630845885641,0.018635820485999998,0.0017147664269999998,0.006440879288999999,0.0018507388859999997,0.09258761405399998,0.0,0.0,0.0,0.0,0.0,0.0,0.0,0.0,0.0,0.998896,5392949.8053318,8.513007,8.93865735,9.3643077,9.78995805,10.2156084,10.64125875,11.0669091,11.49255945,11.9182098,12.343860150000001,12.769510499999999,13.19516085,13.6208112,14.04646155,14.4721119,14.89776225,15.323412600000001,15.749062949999999,16.1747133,16.60036365,17.026014
SF11C46897012282051210,0,,2019-05-19T00:00:00-0700,0.005701,0.005698,0.004753,0.000329,0.178662971557,0.210822305694,1.929259710903,31.867927414812996,0.097887112624,0.042628908307999994,0.03198084064,0.019484051139,0.459724546659,0.11833051414800001,0.139630008518,1.167050964002,26.814540005945997,0.062091014832,0.039335145849999996,0.019609057314000002,0.015929106578,0.281880191054,0.060332457409,0.07119229717600001,0.762208746901,5.053387408867,0.035796097792000006,0.0032937624580000003,0.012371783326,0.003554944561,0.177844355605,0.0,0.0,0.0,0.0,0.0,0.0,0.0,0.0,0.0,0.741693,84169123.85867183,27.098036,32.4781268,37.8582176,43.2383084,48.6183992,53.99849,59.3785808,64.7586716,70.13876239999999,75.5188532,80.898944,86.2790348,91.65912560000001,97.03921639999999,102.41930719999999,107.799398,113.1794888,118.5595796,123.93967039999998,129.3197612,134.699852
SF11C46897012282051210,1,,2019-05-19T01:00:00-0700,0.005701,0.005701,0.00417,0.000594,0.171324931236,0.202163418431,1.836382116839,31.262199953007002,0.09352907666400001,0.042245607445,0.030473649633000005,0.019056390551000002,0.438058679573,0.11839281522600001,0.139703523791,1.167665416949,26.828657875377,0.062123705784000005,0.039355855825,0.019619381493000004,0.015937493261000003,0.282028601123,0.05293211601,0.06245989464,0.66871669989,4.43354207763,0.03140537088,0.00288975162,0.010854268140000001,0.00311889729,0.15603007845,0.0,0.0,0.0,0.0,0.0,0.0,0.0,0.0,0.0,0.741693,84169123.85867183,27.098036,32.94236615,38.7866963,44.63102645,50.4753566,56.319686749999995,62.1640169,68.00834705,73.85267719999999,79.69700734999999,85.5413375,91.38566764999999,97.2299978,103.07432795,108.91865809999999,114.76298824999998,120.6073184,126.45164854999999,132.29597869999998,138.14030885,143.984639
SF11C46897012282051210,2,,2019-05-19T02:00:00-0700,0.005701,0.005701,0.003479,0.000794,0.162553686113,0.191813349559,1.725570788392,30.527529071558,0.08832497324000001,0.041766754119,0.028675016711000003,0.018539566084000002,0.412203335638,0.11839281522600001,0.139703523791,1.167665416949,26.828657875377,0.062123705784000005,0.039355855825,0.019619381493000004,0.015937493261000003,0.282028601123,0.044160870887,0.052109825767999995,0.557905371443,3.698871196181,0.026201267456,0.002410898294,0.009055635218,0.0026020728229999997,0.130174734515,0.0,0.0,0.0,0.0,0.0,0.0,0.0,0.0,0.0,0.827795,84169123.85867183,27.098036,31.3617632,35.625490400000004,39.8892176,44.1529448,48.416672,52.6803992,56.9441264,61.2078536,65.4715808,69.735308,73.99903520000001,78.2627624,82.52648959999999,86.7902168,91.053944,95.3176712,99.58139840000001,103.84512559999999,108.1088528,112.37258
SF11C46897012282051210,3,,2019-05-19T03:00:00-0700,0.005701,0.005701,0.003028,0.000948,0.15682889371,0.18505809476700003,1.6532467520249998,30.048026079469,0.08492837317600001,0.041454217433,0.027501089869000003,0.018202246497000002,0.395328140103,0.11839281522600001,0.139703523791,1.167665416949,26.828657875377,0.062123705784000005,0.039355855825,0.019619381493000004,0.015937493261000003,0.282028601123,0.038436078484,0.045354570976,0.485581335076,3.2193682040919995,0.022804667392,0.0020983616079999997,0.007881708376,0.002264753236,0.11329953897999999,0.0,0.0,0.0,0.0,0.0,0.0,0.0,0.0,0.0,0.870846,84169123.85867183,27.098036,30.4569244,33.815812799999996,37.1747012,40.5335896,43.892478,47.251366399999995,50.61025479999999,53.96914319999999,57.32803159999999,60.68691999999999,64.0458084,67.40469679999998,70.7635852,74.12247359999999,77.48136199999999,80.84025039999999,84.19913879999999,87.55802719999998,90.91691559999998,94.275804
SF11C46897012282051210,4,,2019-05-19T04:00:00-0700,0.005701,0.005701,0.002734,0.001072,0.15309698912800002,0.180654447519,1.606099819227,29.735445415003,0.08271418156,0.041250479549,0.026735824921000004,0.017982353019000002,0.38432745831299997,0.11839281522600001,0.139703523791,1.167665416949,26.828657875377,0.062123705784000005,0.039355855825,0.019619381493000004,0.015937493261000003,0.282028601123,0.034704173902,0.040950923727999994,0.438434402278,2.906787539626,0.020590475776,0.001894623724,0.007116443428,0.002044859758,0.10229885719,0.0,0.0,0.0,0.0,0.0,0.0,0.0,0.0,0.0,0.896677,84169123.85867183,27.098036,29.8582614,32.6184868,35.3787122,38.1389376,40.899163,43.6593884,46.4196138,49.1798392,51.9400646,54.700289999999995,57.4605154,60.2207408,62.9809662,65.74119160000001,68.501417,71.2616424,74.0218678,76.78209319999999,79.5423186,82.302544
SF11C46897012282051210,5,,2019-05-19T05:00:00-0700,0.005701,0.005701,0.002543,0.001174,0.15067252050500002,0.17779357464700002,1.57547034928,29.532374303054002,0.081275710136,0.041118119223,0.026238662999000004,0.017839497052000004,0.377180756878,0.11839281522600001,0.139703523791,1.167665416949,26.828657875377,0.062123705784000005,0.039355855825,0.019619381493000004,0.015937493261000003,0.282028601123,0.032279705279,0.038090050856,0.407804932331,2.703716427677,0.019152004352000002,0.0017622633980000002,0.006619281506000001,0.001902003791,0.09515215575500001,0.0,0.0,0.0,0.0,0.0,0.0,0.0,0.0,0.0,0.913898,84169123.85867183,27.098036,29.4272239,31.756411800000002,34.0855997,36.4147876,38.743975500000005,41.0731634,43.4023513,45.7315392,48.0607271,50.389915,52.719102899999996,55.048290800000004,57.3774787,59.7066666,62.0358545,64.3650424,66.6942303,69.02341820000001,71.3526061,73.681794
SF11C46897012282051210,6,,2019-05-19T06:00:00-0700,0.005701,0.005701,0.002418,0.00126,0.14908582638,0.175921275647,1.5554248846549998,29.399474360679,0.08033430213600001,0.041031495973,0.025913295249000004,0.017746004927000004,0.372503596253,0.11839281522600001,0.139703523791,1.167665416949,26.828657875377,0.062123705784000005,0.039355855825,0.019619381493000004,0.015937493261000003,0.282028601123,0.030693011154,0.036217751856,0.387759467706,2.570816485302,0.018210596352,0.001675640148,0.006293913756,0.001808511666,0.09047499513,0.0,0.0,0.0,0.0,0.0,0.0,0.0,0.0,0.0,0.926198,84169123.85867183,27.098036,29.09901715,31.099998300000003,33.100979450000004,35.1019606,37.10294175,39.1039229,41.10490405,43.1058852,45.106866350000004,47.107847500000005,49.10882865000001,51.10980980000001,53.11079095000001,55.1117721,57.112753250000004,59.113734400000006,61.11471555000001,63.11569670000001,65.11667785,67.117659
SF11C46897012282051210,7,,2019-05-19T07:00:00-0700,0.005701,0.005701,0.002337,0.001334,0.14805764858700002,0.174708025895,1.542435423578,29.313355198020002,0.079724269752,0.040975364107,0.025702456947000005,0.017685422030000002,0.369472796168,0.11839281522600001,0.139703523791,1.167665416949,26.828657875377,0.062123705784000005,0.039355855825,0.019619381493000004,0.015937493261000003,0.282028601123,0.029664833361,0.035004502104,0.37477000662900006,2.484697322643,0.017600563968000003,0.0016195082820000001,0.006083075454,0.001747928769,0.087444195045,0.0,0.0,0.0,0.0,0.0,0.0,0.0,0.0,0.0,0.935423,84169123.85867183,27.098036,28.838997550000002,30.5799591,32.320920650000005,34.0618822,35.80284375,37.5438053,39.284766850000004,41.025728400000006,42.76668995,44.5076515,46.24861305,47.989574600000005,49.730536150000006,51.4714977,53.21245925,54.9534208,56.694382350000005,58.43534390000001,60.17630545,61.917267
SF11C46897012282051210,8,,2019-05-19T08:00:00-0700,0.005701,0.005701,0.002186,0.001393,0.146140922084,0.172446288703,1.518220502311,29.152812067631,0.078587048888,0.040870723221,0.025309412705000003,0.017572483543000002,0.363822786133,0.11839281522600001,0.139703523791,1.167665416949,26.828657875377,0.062123705784000005,0.039355855825,0.019619381493000004,0.015937493261000003,0.282028601123,0.027748106858,0.032742764912,0.35055508536200003,2.324154192254,0.016463343104,0.001514867396,0.005690031212,0.001634990282,0.08179418501,0.0,0.0,0.0,0.0,0.0,0.0,0.0,0.0,0.0,0.942598,84169123.85867183,27.098036,28.6249263,30.1518166,31.6787069,33.2055972,34.7324875,36.259377799999996,37.7862681,39.3131584,40.8400487,42.366939,43.8938293,45.4207196,46.947609899999996,48.474500199999994,50.0013905,51.5282808,53.055171099999995,54.5820614,56.1089517,57.635842
SF11C46897012282051210,9,,2019-05-19T09:00:00-0700,0.005701,0.005701,0.002869,0.001495,0.154810618783,0.182676530439,1.627748921022,29.878977352768,0.08373090220000001,0.041344032659,0.027087222091000004,0.018083324514000004,0.389378791788,0.11839281522600001,0.139703523791,1.167665416949,26.828657875377,0.062123705784000005,0.039355855825,0.019619381493000004,0.015937493261000003,0.282028601123,0.036417803557,0.042973006648,0.460083504073,3.050319477391,0.021607196416,0.001988176834,0.007467840598,0.002145831253,0.107350190665,0.0,0.0,0.0,0.0,0.0,0.0,0.0,0.0,0.0,0.948339,84169123.85867183,27.098036,28.46051795,29.8229999,31.185481850000002,32.5479638,33.91044575,35.2729277,36.63540965,37.9978916,39.36037355,40.7228555,42.08533745,43.4478194,44.81030135,46.172783300000006,47.53526525,48.8977472,50.26022915,51.622711100000004,52.98519305000001,54.347675
SF11C46897012282051210,10,,2019-05-19T10:00:00-0700,0.020004,0.019997,0.012404,0.00225,0.5727290503340001,0.6758202790950001,6.0848900727210005,107.292938752325,0.311324787704,0.14664158836900001,0.101104428389,0.06518024386500001,1.453376053071,0.41527821892200006,0.49002830472700004,4.095738527053,94.105011670569,0.21790698904800002,0.138045790025,0.068817535821,0.05590283331700001,0.989252049931,0.157450831412,0.185791974368,1.989151545668,13.187927081756,0.093417798656,0.008595798344,0.032286892568,0.009277410548,0.46412400314,0.0,0.0,0.0,0.0,0.0,0.0,0.0,0.0,0.0,0.753242,295337511.60653764,94.277884,104.3734473,114.46901059999999,124.5645739,134.6601372,144.7557005,154.8512638,164.9468271,175.0423904,185.13795369999997,195.23351699999998,205.3290803,215.42464359999997,225.52020689999998,235.6157702,245.71133349999997,255.80689679999998,265.9024601,275.99802339999997,286.09358669999995,296.1891499999999
SF11C46897012282051210,11,,2019-05-19T11:00:00-0700,0.040008,0.039998,0.029256,0.004118,1.202002092516,1.41836246617,12.883897229254,219.33381288003,0.656192225616,0.296393191766,0.213800508366,0.13369849375,3.0733820699139995,0.8306395059480001,0.980154629818,8.192296324702,188.22884716704598,0.435857566032,0.27611919334999996,0.137648837214,0.111816848878,1.9787019799539998,0.371362586568,0.438207836352,4.691600904552001,31.104965712984,0.220334659584,0.020273998416,0.076151671152,0.021881644872,1.09468008996,0.0,0.0,0.0,0.0,0.0,0.0,0.0,0.0,0.0,0.67521,590675023.2130753,186.333689,203.6008642,220.8680394,238.13521459999998,255.40238979999998,272.669565,289.93674020000003,307.2039154,324.4710906,341.7382658,359.005441,376.2726162,393.5397914,410.8069666,428.0741418,445.341317,462.6084922,479.8756674,497.1428426,514.4100178,531.677193
SF11C46897012282051210,12,,2019-05-19T12:00:00-0700,0.070014,0.069999,0.058381,0.007871,2.1947333706670005,2.5897853682610004,23.699224774528002,391.482899719882,1.2024607066000002,0.523683062341,0.392856425509,0.23935178443600003,5.647310655562,1.4536710529740002,1.7153318649090001,14.337030612351,329.412247433523,0.7627779830160001,0.483225846675,0.24089406860700002,0.19568647443900003,3.462852139977,0.741062317693,0.874453503352,9.362194162177001,62.070652286359,0.439682723584,0.040457215666,0.15196235690200002,0.043665309997,2.1844585155850003,0.0,0.0,0.0,0.0,0.0,0.0,0.0,0.0,0.0,0.644382,1033681290.6228819,320.365224,343.7730246,367.1808252,390.58862580000005,413.9964264,437.404227,460.8120276,484.21982820000005,507.6276288,531.0354294,554.4432300000001,577.8510306000001,601.2588312,624.6666318,648.0744324,671.4822330000001,694.8900336,718.2978342,741.7056348000001,765.1134354000001,788.521236
SF11C46897012282051210,13,,2019-05-19T13:00:00-0700,0.10002,0.100005,0.092556,0.013728,3.251670926598,3.836971675407,35.325413178896994,569.024674014069,1.786816555704,0.754507028841,0.585074406717,0.348796134777,8.410443880574999,2.07680643513,2.450631625455,20.482788988244998,470.61917748238494,1.08975288492,0.690367016625,0.344156506965,0.279570077805,4.947249650114999,1.174864491468,1.386340049952,14.842624190652,98.405496531684,0.697063670784,0.06414001221599999,0.240917899752,0.069226056972,3.46319423046,0.0,0.0,0.0,0.0,0.0,0.0,0.0,0.0,0.0,0.637455,1476687558.0326881,449.686213,476.78077310000003,503.8753332,530.9698933,558.0644534,585.1590135,612.2535736,639.3481337000001,666.4426938,693.5372539,720.6318140000001,747.7263741,774.8209342,801.9154943000001,829.0100544000001,856.1046145,883.1991746000001,910.2937347000001,937.3882948,964.4828549000001,991.577415
SF11C46897012282051210,14,,2019-05-19T14:00:00-0700,0.130026,0.130011,0.130485,0.021803,4.356260080490999,5.140386866120999,47.553606976884,750.5576993776618,2.399444769864,0.9879324647849999,0.7870638321929999,0.46104824061599997,11.314041593477999,2.699941817286,3.1859313860009997,26.628547364138996,611.8261075312469,1.4167277868239998,0.8975081865749999,0.447418945323,0.36345368117099996,6.431647160252999,1.6563182632049998,1.9544554801199998,20.925059612745,138.73159184641497,0.98271698304,0.09042427820999999,0.33964488687,0.09759455944499999,4.8823944332249996,0.0,0.0,0.0,0.0,0.0,0.0,0.0,0.0,0.0,0.528691,1919693825.4424946,574.462208,613.8704575,653.278707,692.6869565000001,732.095206,771.5034555,810.911705,850.3199545,889.728204,929.1364535,968.544703,1007.9529525,1047.361202,1086.7694514999998,1126.177701,1165.5859504999999,1204.9942,1244.4024494999999,1283.810699,1323.2189485,1362.6271980000001
SF11C46897012282051210,15,,2019-05-19T15:00:00-0700,0.160032,0.160017,0.170661,0.032097,5.489371647975,6.477458503659,60.14213804697,934.4797341053879,3.0289957342319997,1.222915040271,0.994902068343,0.574980960894,14.301715945776,3.323077199442,3.921231146547,32.77430574003299,753.033037580109,1.7437026887279998,1.104649356525,0.550681383681,0.447337284537,7.916044670390999,2.1662944485330002,2.556227357112,27.367832306937004,181.446696525279,1.2852930455040001,0.11826568374600001,0.44422068466200004,0.127643676357,6.3856712753850005,0.0,0.0,0.0,0.0,0.0,0.0,0.0,0.0,0.0,0.419927,2362700092.852301,694.852943,747.7338645,800.614786,853.4957075,906.376629,959.2575505,1012.138472,1065.0193935,1117.9003149999999,1170.7812365,1223.662158,1276.5430795,1329.4240009999999,1382.3049225,1435.185844,1488.0667655,1540.9476869999999,1593.8286085,1646.70953,1699.5904515,1752.4713729999999
SF11C46897012282051210,16,,2019-05-19T16:00:00-0700,0.170034,0.170029,0.189166,0.042959,5.932185310552001,6.999978618710999,65.160302931843,1001.270277822307,3.27746237836,1.304854836101,1.077524736769,0.6168106918110001,15.489416674977,3.5309966637540007,4.166576117639,34.824940041821,800.149073827833,1.852803292536,1.173765446425,0.585136610397,0.4753264412690001,8.411338540667,2.401188646798,2.833402501072,30.335362890022,201.121203994474,1.424659085824,0.131089389676,0.492388126372,0.141484250542,7.07807813431,0.0,0.0,0.0,0.0,0.0,0.0,0.0,0.0,0.0,0.383673,2510368848.65557,734.035481,791.74134135,849.4472016999999,907.15306205,964.8589224,1022.56478275,1080.2706431,1137.9765034499999,1195.6823637999998,1253.38822415,1311.0940845,1368.79994485,1426.5058052,1484.21166555,1541.9175258999999,1599.6233862499998,1657.3292465999998,1715.0351069499998,1772.7409672999997,1830.4468276499997,1888.1526879999997
SF11C46897012282051210,17,,2019-05-19T17:00:00-0700,0.120024,0.120049,0.13693,0.049455,4.231188916564,4.992802886019,46.546757713611,710.5292819826429,2.339428011736,0.923627835905,0.7695566363170001,0.438019315899,11.062375626177001,2.4930607042740003,2.941811669459,24.588153944801,564.9453691073729,1.308172032216,0.8287372629249999,0.41313578825700004,0.33560430248900003,5.938826791127,1.73812821229,2.05099121656,21.95860376881,145.58391287527,1.03125597952,0.09489057297999999,0.35642084806,0.10241501340999999,5.12354883505,0.0,0.0,0.0,0.0,0.0,0.0,0.0,0.0,0.0,0.564945,1772025069.639226,533.365231,568.92995625,604.4946815,640.05940675,675.624132,711.18885725,746.7535825,782.31830775,817.8830330000001,853.44775825,889.0124835,924.57720875,960.141934,995.70665925,1031.2713845,1066.83610975,1102.400835,1137.9655602500002,1173.5302855,1209.09501075,1244.659736
SF11C46897012282051210,18,,2019-05-19T18:00:00-0700,0.070014,0.070039,0.080548,0.051603,2.476942041058,2.922791587365,27.262199995227,415.239082159975,1.3698421150479998,0.539320616003,0.450693496543,0.25604312635500004,6.478718413077,1.454501734014,1.716312068549,14.345223318311,329.600485692603,0.763213862376,0.483501979675,0.241031724327,0.19579829687900002,3.464830940897,1.0224403070439998,1.2064795188159998,12.916976676916,85.638596467372,0.6066282526719999,0.05581863632799999,0.209661772216,0.060244829475999996,3.01388747218,0.0,0.0,0.0,0.0,0.0,0.0,0.0,0.0,0.0,0.746218,1033681290.6228819,320.365224,336.9545337,353.5438434,370.1331531,386.7224628,403.3117725,419.9010822,436.4903919,453.0797016,469.6690113,486.258321,502.8476307,519.4369404,536.0262501,552.6155598,569.2048695000001,585.7941792,602.3834889,618.9727986,635.5621083000001,652.151418
SF11C46897012282051210,19,,2019-05-19T19:00:00-0700,0.040008,0.040023,0.045651,0.051191,1.4106320696010002,1.664545830285,15.518180810694,236.88261823386,0.7799397234959999,0.30792728036100003,0.256561777281,0.14603080989,3.6880752080640002,0.8311586815980001,0.9807672570930001,8.197416765927,188.346496078971,0.43612999063200003,0.27629177647500003,0.137734872039,0.11188673790300002,1.9799387305290002,0.579473388003,0.683778573192,7.3207640447669995,48.53612215488899,0.34380973286399996,0.031635503886,0.118826905242,0.034144071986999994,1.7081364775349999,0.0,0.0,0.0,0.0,0.0,0.0,0.0,0.0,0.0,0.854982,590675023.2130753,186.333689,193.67100505,201.0083211,208.34563715,215.6829532,223.02026925,230.35758529999998,237.69490135,245.0322174,252.36953345,259.7068495,267.04416555,274.38148160000003,281.71879765,289.0561137,296.39342975,303.7307458,311.06806185,318.4053779,325.74269395,333.08001
SF11C46897012282051210,20,,2019-05-19T20:00:00-0700,0.005701,0.005718,0.006361,0.048089,0.199489545301,0.23539766185,2.191220920819,33.671671403065,0.110215324816,0.043881296295999996,0.03623519923600001,0.020742645055,0.520880941399,0.118745854668,0.140120110338,1.171147316982,26.908659135485998,0.062308954512,0.039473212349999995,0.019677885174,0.015985017798,0.282869591514,0.080743690633,0.095277551512,1.0200736038370002,6.7630122675790005,0.047906370304,0.004408083946,0.016557314062000002,0.004757627257,0.238011349885,0.0,0.0,0.0,0.0,0.0,0.0,0.0,0.0,0.0,0.979335,84169123.85867183,27.098036,27.3511388,27.6042416,27.8573444,28.1104472,28.36355,28.6166528,28.8697556,29.1228584,29.3759612,29.629064,29.8821668,30.1352696,30.388372399999998,30.6414752,30.894578,31.1476808,31.400783599999997,31.653886399999998,31.906989199999998,32.160092
SF11C46897012282051210,21,,2019-05-19T21:00:00-0700,0.005701,0.005701,0.006081,0.045185,0.195582311019,0.23078712554300002,2.142837180026,33.293974272036,0.107921322168,0.043569903691,0.035447871795,0.020485698158000002,0.5095631112079999,0.11839281522600001,0.139703523791,1.167665416949,26.828657875377,0.062123705784000005,0.039355855825,0.019619381493000004,0.015937493261000003,0.282028601123,0.077189495793,0.09108360175199999,0.9751717630769999,6.4653163966589995,0.045797616384,0.004214047865999999,0.015828490302,0.004548204897,0.22753451008499997,0.0,0.0,0.0,0.0,0.0,0.0,0.0,0.0,0.0,0.988763,84169123.85867183,27.098036,28.4529378,29.8078396,31.1627414,32.5176432,33.872545,35.227446799999996,36.5823486,37.937250399999996,39.292152200000004,40.647054,42.0019558,43.3568576,44.7117594,46.0666612,47.421563,48.7764648,50.1313666,51.4862684,52.8411702,54.196072
SF11C46897012282051210,22,,2019-05-19T22:00:00-0700,0.005701,0.005701,0.005722,0.042456,0.19102532549200002,0.22540988281500002,2.085266605623,32.912285637535,0.10521759839200001,0.043321121717,0.034513415617000005,0.020217188775000002,0.496130305893,0.11839281522600001,0.139703523791,1.167665416949,26.828657875377,0.062123705784000005,0.039355855825,0.019619381493000004,0.015937493261000003,0.282028601123,0.072632510266,0.08570635902399999,0.917601188674,6.083627762158,0.043093892608,0.003965265892,0.014894034124,0.004279695514,0.21410170476999998,0.0,0.0,0.0,0.0,0.0,0.0,0.0,0.0,0.0,0.988763,84169123.85867183,27.098036,28.4529378,29.8078396,31.1627414,32.5176432,33.872545,35.227446799999996,36.5823486,37.937250399999996,39.292152200000004,40.647054,42.0019558,43.3568576,44.7117594,46.0666612,47.421563,48.7764648,50.1313666,51.4862684,52.8411702,54.196072
SF11C46897012282051210,23,,2019-05-19T23:00:00-0700,0.005701,0.005701,0.005277,0.039885,0.185376694407,0.21874449837499998,2.013904751558,32.43916184268,0.101866185912,0.043012742947,0.033355106427,0.019884356810000003,0.479479614068,0.11839281522600001,0.139703523791,1.167665416949,26.828657875377,0.062123705784000005,0.039355855825,0.019619381493000004,0.015937493261000003,0.282028601123,0.06698387918099999,0.07904097458399999,0.846239334609,5.610503967302999,0.039742480127999996,0.0036568871219999997,0.013735724934,0.003946863548999999,0.19745101294499998,0.0,0.0,0.0,0.0,0.0,0.0,0.0,0.0,0.0,0.988763,84169123.85867183,27.098036,28.4529378,29.8078396,31.1627414,32.5176432,33.872545,35.227446799999996,36.5823486,37.937250399999996,39.292152200000004,40.647054,42.0019558,43.3568576,44.7117594,46.0666612,47.421563,48.7764648,50.1313666,51.4862684,52.8411702,54.196072
SF11C46897112282051210,0,,2019-05-19T00:00:00-0700,0.005701,0.005701,0.004746,0.000329,0.07997359412800001,0.094368842305,0.945156188311,10.059241138203,0.045835801612,0.010902298848000001,0.015473720453000002,0.00649304387,0.22243475196100002,0.023526601750000004,0.027761390065,0.232034354341,5.331296312781,0.012345002410000002,0.007820654604,0.0038986915610000005,0.003167042324,0.056043731809,0.056446992378,0.06660745224,0.71312183397,4.727944825422,0.033490799202,0.003081644244,0.011575028892000001,0.0033260015460000003,0.16639102015200002,0.0,0.0,0.0,0.0,0.0,0.0,0.0,0.0,0.0,0.838081,14561137.217304615,17.007896,18.3309972,19.6540984,20.9771996,22.3003008,23.623402,24.946503200000002,26.2696044,27.592705600000002,28.9158068,30.238908000000002,31.5620092,32.8851104,34.2082116,35.5313128,36.854414000000006,38.1775152,39.5006164,40.8237176,42.146818800000005,43.46992
SF11C46897112282051210,1,,2019-05-19T01:00:00-0700,0.005701,0.005701,0.004171,0.000594,0.073134778153,0.086299039305,0.8587581574359999,9.486428606678,0.041778235337,0.010528943298,0.014071351803000003,0.006090083295,0.202275705061,0.023526601750000004,0.027761390065,0.232034354341,5.331296312781,0.012345002410000002,0.007820654604,0.0038986915610000005,0.003167042324,0.056043731809,0.049608176403,0.05853764924,0.626723803095,4.155132293897,0.029433232927,0.002708288694,0.010172660242000002,0.002923040971,0.14623197325200002,0.0,0.0,0.0,0.0,0.0,0.0,0.0,0.0,0.0,0.838081,14561137.217304615,17.007896,18.44846835,19.8890407,21.32961305,22.7701854,24.21075775,25.651330100000003,27.09190245,28.532474800000003,29.97304715,31.413619500000003,32.85419185,34.2947642,35.73533655,37.1759089,38.61648125000001,40.0570536,41.49762595,42.9381983,44.37877065000001,45.819343
SF11C46897112282051210,2,,2019-05-19T02:00:00-0700,0.005701,0.005701,0.00348,0.000794,0.06491630539,0.076601241265,0.754930262941,8.798057373141,0.03690209917,0.010080267324,0.012386070521,0.005605829804,0.178049789569,0.023526601750000004,0.027761390065,0.232034354341,5.331296312781,0.012345002410000002,0.007820654604,0.0038986915610000005,0.003167042324,0.056043731809,0.04138970364,0.0488398512,0.5228959086,3.46676106036,0.02455709676,0.00225961272,0.00848737896,0.0024387874800000002,0.12200605776000001,0.0,0.0,0.0,0.0,0.0,0.0,0.0,0.0,0.0,0.892054,14561137.217304615,17.007896,17.9153505,18.822805,19.7302595,20.637714,21.5451685,22.452623000000003,23.360077500000003,24.267532000000003,25.174986500000003,26.082441000000003,26.989895500000003,27.897350000000003,28.804804500000003,29.712259000000003,30.619713500000003,31.527168000000003,32.4346225,33.342077,34.2495315,35.156986
SF11C46897112282051210,3,,2019-05-19T03:00:00-0700,0.005701,0.005701,0.003029,0.000948,0.059552294947,0.070271708825,0.6871641552459999,8.348773109284,0.033719555883000005,0.009787426710000002,0.011286125719000001,0.005289768553,0.162238084957,0.023526601750000004,0.027761390065,0.232034354341,5.331296312781,0.012345002410000002,0.007820654604,0.0038986915610000005,0.003167042324,0.056043731809,0.036025693197,0.04251031876,0.455129800905,3.017476796503,0.021374553473,0.001966772106,0.007387434158,0.002122726229,0.106194353148,0.0,0.0,0.0,0.0,0.0,0.0,0.0,0.0,0.0,0.91904,14561137.217304615,17.007896,17.615654149999997,18.2234123,18.83117045,19.4389286,20.04668675,20.6544449,21.26220305,21.8699612,22.47771935,23.0854775,23.69323565,24.3009938,24.90875195,25.516510099999998,26.12426825,26.732026400000002,27.33978455,27.9475427,28.555300850000002,29.163059
SF11C46897112282051210,4,,2019-05-19T04:00:00-0700,0.005701,0.005701,0.002735,0.001072,0.056055578605,0.066145583465,0.6429884664159999,8.055891571426,0.031644904605,0.009596528394000001,0.010569088531000002,0.005083733059,0.151930676629,0.023526601750000004,0.027761390065,0.232034354341,5.331296312781,0.012345002410000002,0.007820654604,0.0038986915610000005,0.003167042324,0.056043731809,0.032528976854999996,0.0383841934,0.410954112075,2.724595258645,0.019299902195,0.00177587379,0.006670396970000001,0.001916690735,0.09588694482,0.0,0.0,0.0,0.0,0.0,0.0,0.0,0.0,0.0,0.935232,14561137.217304615,17.007896,17.4209966,17.8340972,18.2471978,18.6602984,19.073399,19.4864996,19.8996002,20.3127008,20.725801399999998,21.138902,21.5520026,21.9651032,22.3782038,22.7913044,23.204405,23.6175056,24.0306062,24.4437068,24.8568074,25.269908
SF11C46897112282051210,5,,2019-05-19T05:00:00-0700,0.005701,0.005701,0.002543,0.001174,0.053772008749000004,0.063450970985,0.614139036976,7.8646219956820005,0.030290030301000005,0.009471860106,0.010100819347,0.004949179267,0.14519930792500002,0.023526601750000004,0.027761390065,0.232034354341,5.331296312781,0.012345002410000002,0.007820654604,0.0038986915610000005,0.003167042324,0.056043731809,0.030245406999,0.03568958092,0.38210468263499997,2.5333256829010002,0.017945027891000002,0.001651205502,0.006202127786,0.001782136943,0.08915557611600002,0.0,0.0,0.0,0.0,0.0,0.0,0.0,0.0,0.0,0.946027,14561137.217304615,17.007896,17.2831098,17.558323599999998,17.833537399999997,18.1087512,18.383965,18.6591788,18.9343926,19.2096064,19.484820199999998,19.760033999999997,20.0352478,20.3104616,20.5856754,20.8608892,21.136103,21.4113168,21.6865306,21.9617444,22.2369582,22.512172
SF11C46897112282051210,6,,2019-05-19T06:00:00-0700,0.005701,0.005701,0.002419,0.00126,0.052297203217,0.061710700425,0.595507113796,7.741093728014,0.029415007313,0.00939134517,0.009798395499,0.004862279943,0.140851965637,0.023526601750000004,0.027761390065,0.232034354341,5.331296312781,0.012345002410000002,0.007820654604,0.0038986915610000005,0.003167042324,0.056043731809,0.028770601467,0.033949310360000005,0.363472759455,2.409797415233,0.017070004903,0.001570690566,0.005899703938000001,0.0016952376190000002,0.08480823382800001,0.0,0.0,0.0,0.0,0.0,0.0,0.0,0.0,0.0,0.953737,14561137.217304615,17.007896,17.17958495,17.3512739,17.52296285,17.6946518,17.86634075,18.0380297,18.20971865,18.3814076,18.55309655,18.7247855,18.89647445,19.0681634,19.23985235,19.4115413,19.58323025,19.7549192,19.92660815,20.0982971,20.26998605,20.441675
SF11C46897112282051210,7,,2019-05-19T07:00:00-0700,0.005701,0.005701,0.002337,0.001334,0.051321928591,0.060559876345,0.583186003306,7.659405680040001,0.028836363079000005,0.009338101422,0.009598405535000002,0.004804814261,0.137977110253,0.023526601750000004,0.027761390065,0.232034354341,5.331296312781,0.012345002410000002,0.007820654604,0.0038986915610000005,0.003167042324,0.056043731809,0.027795326841,0.032798486280000004,0.351151648965,2.328109367259,0.016491360669,0.001517446818,0.005699713974000001,0.001637771937,0.081933378444,0.0,0.0,0.0,0.0,0.0,0.0,0.0,0.0,0.0,0.95952,14561137.217304615,17.007896,17.098402649999997,17.1889093,17.27941595,17.3699226,17.460429249999997,17.5509359,17.64144255,17.7319492,17.822455849999997,17.9129625,18.00346915,18.0939758,18.184482449999997,18.2749891,18.36549575,18.4560024,18.546509049999997,18.6370157,18.72752235,18.818029
SF11C46897112282051210,8,,2019-05-19T08:00:00-0700,0.005701,0.005701,0.002186,0.001393,0.049525996048,0.058440675905,0.5604971291109999,7.5089801282829995,0.027770810892,0.009240055008,0.009230131333000002,0.00469899331,0.13268316924100002,0.023526601750000004,0.027761390065,0.232034354341,5.331296312781,0.012345002410000002,0.007820654604,0.0038986915610000005,0.003167042324,0.056043731809,0.025999394298,0.03067928584,0.32846277476999997,2.1776838155019997,0.015425808482,0.0014194004039999998,0.005331439772000001,0.001531950986,0.07663943743200001,0.0,0.0,0.0,0.0,0.0,0.0,0.0,0.0,0.0,0.964018,14561137.217304615,17.007896,17.02994625,17.051996499999998,17.074046749999997,17.096097,17.11814725,17.1401975,17.16224775,17.184298,17.206348249999998,17.228398499999997,17.25044875,17.272499,17.29454925,17.3165995,17.33864975,17.360699999999998,17.38275025,17.4048005,17.42685075,17.448901
SF11C46897112282051210,9,,2019-05-19T09:00:00-0700,0.005701,0.005701,0.002868,0.001495,0.057637426474,0.068012163985,0.6629727066009999,8.188385600457,0.032583437326000005,0.009682887156,0.010893462497,0.0051769395919999996,0.156593551825,0.023526601750000004,0.027761390065,0.232034354341,5.331296312781,0.012345002410000002,0.007820654604,0.0038986915610000005,0.003167042324,0.056043731809,0.034110824724,0.040250773919999996,0.43093835225999993,2.8570892876759997,0.020238434916,0.0018622325519999999,0.006994770936,0.002009897268,0.100549820016,0.0,0.0,0.0,0.0,0.0,0.0,0.0,0.0,0.0,0.967616,14561137.217304615,17.007896,17.8582908,18.7086856,19.5590804,20.4094752,21.25987,22.110264799999996,22.9606596,23.811054399999996,24.6614492,25.511843999999996,26.3622388,27.212633599999997,28.063028399999997,28.913423199999997,29.763817999999997,30.614212799999997,31.464607599999997,32.3150024,33.1653972,34.015792
SF11C46897112282051210,10,,2019-05-19T10:00:00-0700,0.020004,0.020003,0.012391,0.00225,0.22992089111300001,0.271306654735,2.675974922918,31.04968807868,0.13075348529699998,0.035485845185999995,0.043899706265,0.019795771763,0.631058367419,0.08254738025000001,0.09740590869499999,0.814134921923,18.705827073243,0.04331469623,0.027440195412,0.013679271583,0.011112146572000001,0.196639671527,0.147373510863,0.17390074604,1.8618400009949998,12.343861005436999,0.08743878906699999,0.008045649773999998,0.030220434682,0.008683625191,0.434418695892,0.0,0.0,0.0,0.0,0.0,0.0,0.0,0.0,0.0,0.810367,51092964.1983795,59.360663,61.63583535,63.9110077,66.18618005,68.4613524,70.73652475,73.01169709999999,75.28686945,77.5620418,79.83721415,82.1123865,84.38755885,86.6627312,88.93790355,91.21307589999999,93.48824825,95.76342059999999,98.03859295,100.3137653,102.58893764999999,104.86411
SF11C46897112282051210,11,,2019-05-19T11:00:00-0700,0.040008,0.040007,0.029233,0.004118,0.512784291419,0.605085471475,6.020786434171999,66.534378400298,0.292918227291,0.07386315879,0.098655649193,0.042711364301000004,1.418175117959,0.16509888725000002,0.19481668695499998,1.6283105444869999,37.412589297567,0.08663155787,0.054881762628,0.027359227027000003,0.022224848668,0.39328917356299997,0.34768540416899996,0.41026878452,4.392475889685,29.121789102730997,0.206286669421,0.018981396161999998,0.071296422166,0.020486515633,1.0248859443960001,0.0,0.0,0.0,0.0,0.0,0.0,0.0,0.0,0.0,0.67521,102185928.396759,117.840403,123.14381625,128.4472295,133.75064275,139.054056,144.35746925,149.66088249999999,154.96429575,160.267709,165.57112225,170.87453549999998,176.17794874999998,181.481362,186.78477525,192.0881885,197.39160175,202.695015,207.99842825000002,213.3018415,218.60525475,223.90866799999998
SF11C46897112282051210,12,,2019-05-19T12:00:00-0700,0.070014,0.070013,0.058341,0.007871,0.982810256963,1.159716118385,11.615743577077998,123.59178637613999,0.563298109547,0.133925741526,0.19016714177500002,0.07977933295299999,2.7336529139090002,0.28892614775000003,0.340932854345,2.849573978333,65.472732634053,0.15160685033000001,0.09604411345200001,0.04787916019300001,0.038893901812000004,0.688263426617,0.6938841092129999,0.81878326404,8.766169598744998,58.119053742087,0.411691259217,0.037881628073999994,0.142287981582,0.040885431140999996,2.045389487292,0.0,0.0,0.0,0.0,0.0,0.0,0.0,0.0,0.0,0.644382,178825374.69432825,203.936829,210.577776,217.21872299999998,223.85967,230.50061699999998,237.141564,243.782511,250.42345799999998,257.06440499999997,263.705352,270.346299,276.98724599999997,283.628193,290.26914,296.910087,303.55103399999996,310.191981,316.832928,323.47387499999996,330.114822,336.755769
SF11C46897112282051210,13,,2019-05-19T13:00:00-0700,0.10002,0.100019,0.092508,0.013728,1.513005909494,1.785346997255,17.970853134239,185.688948433695,0.8693775183860001,0.197273203788,0.294017039575,0.120392653864,4.226495263367,0.41275340825,0.487049021735,4.070837412178999,93.532875970539,0.21658214279,0.137206464276,0.068399093359,0.055562954956,0.9832376796709998,1.100252501244,1.2982979755200001,13.900015722060001,92.15607246315601,0.6527953755960001,0.060066739512,0.22561794621600004,0.064829698908,3.2432575836960003,0.0,0.0,0.0,0.0,0.0,0.0,0.0,0.0,0.0,0.668988,255464820.99189746,288.123855,294.0119027,299.89995039999997,305.7879981,311.6760458,317.5640935,323.4521412,329.3401889,335.2282366,341.1162843,347.004332,352.8923797,358.7804274,364.6684751,370.55652280000004,376.4445705,382.3326182,388.22066590000003,394.1087136,399.9967613,405.884809
SF11C46897112282051210,14,,2019-05-19T14:00:00-0700,0.130026,0.130025,0.130433,0.021803,2.0878976845189996,2.463719301645,24.890630169709997,251.52981395815598,1.201975769071,0.26306078806199995,0.407032331091,0.16363958493300002,5.851090131521,0.5365806687500001,0.633165189125,5.292100846025,121.593019307025,0.28155743525,0.1783688151,0.08891902652500001,0.07223200810000001,1.2782119327249999,1.5513170157689997,1.83055411252,19.598529323684996,129.93679465113098,0.920418333821,0.08469197296199998,0.318113304566,0.09140757683299999,4.572878198796,0.0,0.0,0.0,0.0,0.0,0.0,0.0,0.0,0.0,0.703836,332104267.28946674,370.443828,374.43732565,378.4308233,382.42432095,386.4178186,390.41131625,394.4048139,398.39831155,402.3918092,406.38530685,410.3788045,414.37230215,418.3657998,422.35929745,426.3527951,430.34629275,434.3397904,438.33328805,442.3267857,446.32028335,450.313781
SF11C46897112282051210,15,,2019-05-19T15:00:00-0700,0.160032,0.160031,0.170605,0.032097,2.6895143630150002,3.173626992715,32.148035684096,319.60913123624596,1.550430283095,0.330307380894,0.525527835401,0.20846121584900001,7.554463049039001,0.6604079292500001,0.779281356515,6.513364279870999,149.653162643511,0.34653272771000004,0.21953116592400002,0.10943895969100001,0.088901061244,1.573186185779,2.029106433765,2.3943456362,25.634671404225,169.955968592735,1.203897555385,0.11077621497,0.41608887571000003,0.11956015460500001,5.981276863260001,0.0,0.0,0.0,0.0,0.0,0.0,0.0,0.0,0.0,0.636382,408743713.587036,450.938152,457.53891385000003,464.1396757,470.74043755,477.3411994,483.94196125,490.5427231,497.14348495,503.7442468,510.34500865,516.9457705,523.54653235,530.1472942,536.7480560500001,543.3488179,549.94957975,556.5503416,563.15110345,569.7518653,576.35262715,582.953389
SF11C46897112282051210,16,,2019-05-19T16:00:00-0700,0.170034,0.170034,0.189141,0.042959,2.951253883113,3.48247963125,35.340336196539,347.42893112444096,1.702892702757,0.35606522061,0.577575984456,0.227008169757,8.302655184198,0.7016878095,0.8279916152099999,6.920492791794,159.007478906754,0.36819332394,0.233253321336,0.116279621274,0.094457967816,1.6715207673059997,2.249566073613,2.65448801604,28.419843404745,188.421452217687,1.334699378817,0.12281189927399999,0.461296363182,0.132550201941,6.631134416892,0.0,0.0,0.0,0.0,0.0,0.0,0.0,0.0,0.0,0.613656,434290195.6862257,477.370918,485.08912205,492.8073261,500.52553015,508.2437342,515.96193825,523.6801423,531.39834635,539.1165504,546.83475445,554.5529585,562.27116255,569.9893666,577.70757065,585.4257747,593.14397875,600.8621828,608.58038685,616.2985909,624.0167949500001,631.734999
SF11C46897112282051210,17,,2019-05-19T17:00:00-0700,0.120024,0.120026,0.137002,0.049455,2.1247633236860004,2.5072207575700003,25.470705616556003,248.72324789852,1.226678882934,0.253609463532,0.41621555219000006,0.16268846222600003,5.983098835658001,0.49531729550000003,0.5844744086899999,4.885135136665999,112.24244364810599,0.25990550066,0.16465214690399999,0.082081100386,0.066677323624,1.1799166732339998,1.6294460281860002,1.9227463488800003,20.585570479890002,136.480804250414,0.9667733822740001,0.08895731662800001,0.33413445180400003,0.09601113860200002,4.803182162424001,0.0,0.0,0.0,0.0,0.0,0.0,0.0,0.0,0.0,0.727287,306557785.190277,343.208712,346.9434564,350.6782008,354.41294519999997,358.1476896,361.882434,365.6171784,369.3519228,373.08666719999997,376.8214116,380.556156,384.2909004,388.0256448,391.76038919999996,395.4951336,399.229878,402.9646224,406.6993668,410.43411119999996,414.1688556,417.9036
SF11C46897112282051210,18,,2019-05-19T18:00:00-0700,0.070014,0.070016,0.080627,0.051603,1.247883250811,1.4725022569200001,14.964503098270999,145.795809355585,0.7205688179590001,0.148400468742,0.24452256333000003,0.095399050611,3.515012004068,0.28893852800000003,0.34094746303999995,2.8496960802559994,65.47553808729599,0.15161334656,0.096048228864,0.047881211776,0.038895568384,0.688292918144,0.958944722811,1.1315547938800001,12.114807018015,80.320271268289,0.568955471399,0.052352239878,0.19664135155400003,0.056503482227,2.826719085924,0.0,0.0,0.0,0.0,0.0,0.0,0.0,0.0,0.0,0.840917,178825374.69432825,203.936829,204.70130135,205.4657737,206.23024605,206.99471839999998,207.75919075,208.5236631,209.28813545,210.0526078,210.81708015,211.5815525,212.34602485,213.1104972,213.87496955,214.6394419,215.40391425,216.16838660000002,216.93285895000002,217.6973313,218.46180365,219.226276
SF11C46897112282051210,19,,2019-05-19T19:00:00-0700,0.040008,0.040009,0.0457,0.051191,0.7086443408499999,0.8362003340849999,8.495157182268999,82.940603409629,0.40912419959,0.084558156036,0.138818416149,0.054252565416,1.995514822981,0.16510714075000002,0.194826426085,1.628391945769,37.414459599729,0.08663588869000001,0.054884506236000004,0.027360594749000003,0.022225959716000002,0.393308834581,0.5435372001,0.6413739079999999,6.866765236499999,45.5261438099,0.3224883109,0.029673649799999997,0.1114578214,0.0320266057,1.6022059884,0.0,0.0,0.0,0.0,0.0,0.0,0.0,0.0,0.0,0.909096,102185928.396759,117.840403,123.73242314999999,129.6244433,135.51646345,141.40848359999998,147.30050375,153.1925239,159.08454404999998,164.97656419999998,170.86858435,176.7606045,182.65262465,188.5446448,194.43666495,200.32868509999997,206.22070524999998,212.1127254,218.00474555,223.8967657,229.78878584999998,235.680806
SF11C46897112282051210,20,,2019-05-19T20:00:00-0700,0.005701,0.005702,0.006415,0.048089,0.099828127595,0.11779719223,1.1959765646569998,11.722826924267,0.057615494175,0.011987375717999998,0.019544931752000002,0.007663236263000001,0.280958407298,0.0235307285,0.027766259629999998,0.23207505498199996,5.332231463862,0.01234716782,0.007822026408,0.003899375422,0.003167597848,0.05605356231799999,0.076297399095,0.0900309326,0.9639015096749999,6.390595460405,0.045268326355,0.004165349309999999,0.01564555633,0.004495638415,0.22490484498,0.0,0.0,0.0,0.0,0.0,0.0,0.0,0.0,0.0,0.987046,14561137.217304615,17.007896,17.8582908,18.7086856,19.5590804,20.4094752,21.25987,22.110264799999996,22.9606596,23.811054399999996,24.6614492,25.511843999999996,26.3622388,27.212633599999997,28.063028399999997,28.913423199999997,29.763817999999997,30.614212799999997,31.464607599999997,32.3150024,33.1653972,34.015792
SF11C46897112282051210,21,,2019-05-19T21:00:00-0700,0.005701,0.005701,0.006081,0.045185,0.095851540783,0.113104819705,1.145749877386,11.389162407048,0.055256412006999996,0.011769133038,0.018729654623,0.007428613205,0.26923879998100003,0.023526601750000004,0.027761390065,0.232034354341,5.331296312781,0.012345002410000002,0.007820654604,0.0038986915610000005,0.003167042324,0.056043731809,0.072324939033,0.08534342964,0.9137155230449999,6.057866094266999,0.042911409596999996,0.003948478433999999,0.014830963062,0.004261570881,0.213195068172,0.0,0.0,0.0,0.0,0.0,0.0,0.0,0.0,0.0,0.995584,14561137.217304615,17.007896,17.8582908,18.7086856,19.5590804,20.4094752,21.25987,22.110264799999996,22.9606596,23.811054399999996,24.6614492,25.511843999999996,26.3622388,27.212633599999997,28.063028399999997,28.913423199999997,29.763817999999997,30.614212799999997,31.464607599999997,32.3150024,33.1653972,34.015792
SF11C46897112282051210,22,,2019-05-19T22:00:00-0700,0.005701,0.005701,0.005723,0.042456,0.091593634489,0.108080490185,1.091957712076,11.032524343942,0.052730135961,0.011536678626,0.017856527707,0.007177726447,0.256687602085,0.023526601750000004,0.027761390065,0.232034354341,5.331296312781,0.012345002410000002,0.007820654604,0.0038986915610000005,0.003167042324,0.056043731809,0.068067032739,0.08031910012,0.859923357735,5.7012280311609995,0.040385133551,0.0037160240219999995,0.013957836146,0.0040106841229999995,0.200643870276,0.0,0.0,0.0,0.0,0.0,0.0,0.0,0.0,0.0,0.995584,14561137.217304615,17.007896,17.8582908,18.7086856,19.5590804,20.4094752,21.25987,22.110264799999996,22.9606596,23.811054399999996,24.6614492,25.511843999999996,26.3622388,27.212633599999997,28.063028399999997,28.913423199999997,29.763817999999997,30.614212799999997,31.464607599999997,32.3150024,33.1653972,34.015792
SF11C46897112282051210,23,,2019-05-19T23:00:00-0700,0.005701,0.005701,0.005277,0.039885,0.08628909201099999,0.10182112994499999,1.024942891606,10.58822105862,0.049582875859,0.011247084582000001,0.016768777414999998,0.0068651692010000005,0.241051193533,0.023526601750000004,0.027761390065,0.232034354341,5.331296312781,0.012345002410000002,0.007820654604,0.0038986915610000005,0.003167042324,0.056043731809,0.06276249026099999,0.07405973987999999,0.7929085372649999,5.256924745838999,0.037237873449,0.0034264299779999995,0.012870085853999999,0.003698126877,0.185007461724,0.0,0.0,0.0,0.0,0.0,0.0,0.0,0.0,0.0,0.995584,14561137.217304615,17.007896,17.8582908,18.7086856,19.5590804,20.4094752,21.25987,22.110264799999996,22.9606596,23.811054399999996,24.6614492,25.511843999999996,26.3622388,27.212633599999997,28.063028399999997,28.913423199999997,29.763817999999997,30.614212799999997,31.464607599999997,32.3150024,33.1653972,34.015792
SF11C46897212282051210,0,,2019-05-19T00:00:00-0700,0.005701,0.005701,0.004746,0.000329,0.040204274942000004,0.047441040879,0.475050168872,5.0620325993840005,0.023040110678,0.005490631787,0.007777547358,0.0032668621910000003,0.111802218673,0.011862686408000003,0.013997967453000002,0.11699735865200002,2.688169064684,0.006224648252000001,0.003943364597,0.00196581882,0.001596901409,0.028258608481000005,0.028341588534,0.033443073426,0.35805281022,2.3738635347,0.016815462426,0.00154726719,0.005811728538,0.001669960782,0.08354361019199999,0.0,0.0,0.0,0.0,0.0,0.0,0.0,0.0,0.0,0.91904,5418188.698974214,8.513007,9.0376336,9.5622602,10.0868868,10.6115134,11.13614,11.660766599999999,12.1853932,12.7100198,13.234646399999999,13.759273,14.2838996,14.8085262,15.333152799999999,15.857779399999998,16.382406,16.9070326,17.4316592,17.956285799999996,18.4809124,19.005539
SF11C46897212282051210,1,,2019-05-19T01:00:00-0700,0.005701,0.005701,0.004171,0.000594,0.03677055951700001,0.043389256804000007,0.43167040362200004,4.774427978134,0.021002839103,0.005303173162,0.007073429383000001,0.0030645386660000003,0.10168052127300001,0.011862686408000003,0.013997967453000002,0.11699735865200002,2.688169064684,0.006224648252000001,0.003943364597,0.00196581882,0.001596901409,0.028258608481000005,0.024907873109,0.029391289351,0.31467304497000004,2.08625891345,0.014778190851,0.001359808565,0.005107610563,0.001467637257,0.073421912792,0.0,0.0,0.0,0.0,0.0,0.0,0.0,0.0,0.0,0.91904,5418188.698974214,8.513007,9.08905735,9.6651077,10.24115805,10.8172084,11.39325875,11.9693091,12.54535945,13.121409799999999,13.69746015,14.2735105,14.84956085,15.425611199999999,16.001661549999998,16.577711899999997,17.15376225,17.7298126,18.305862949999998,18.8819133,19.457963649999996,20.034014
SF11C46897212282051210,2,,2019-05-19T02:00:00-0700,0.005701,0.005701,0.00348,0.000794,0.032644129328,0.03852006933300001,0.37953924225200003,4.428802250684,0.018554570132,0.005077896797,0.006227263259999999,0.002821398569,0.08951688144099999,0.011862686408000003,0.013997967453000002,0.11699735865200002,2.688169064684,0.006224648252000001,0.003943364597,0.00196581882,0.001596901409,0.028258608481000005,0.02078144292,0.02452210188,0.2625418836,1.740633186,0.01232992188,0.0011345322,0.00426144444,0.00122449716,0.06125827295999999,0.0,0.0,0.0,0.0,0.0,0.0,0.0,0.0,0.0,0.946027,5418188.698974214,8.513007,8.85601995,9.1990329,9.542045850000001,9.8850588,10.22807175,10.5710847,10.91409765,11.2571106,11.60012355,11.9431365,12.28614945,12.6291624,12.97217535,13.315188299999999,13.65820125,14.0012142,14.34422715,14.6872401,15.030253049999999,15.373266
SF11C46897212282051210,3,,2019-05-19T03:00:00-0700,0.005701,0.005701,0.003029,0.000948,0.029950902099000004,0.035342061302,0.34551441768200003,4.203220191234,0.016956640601000002,0.004930864032,0.0056749898570000006,0.0026627065520000003,0.081577950089,0.011862686408000003,0.013997967453000002,0.11699735865200002,2.688169064684,0.006224648252000001,0.003943364597,0.00196581882,0.001596901409,0.028258608481000005,0.018088215691,0.021344093849,0.22851705903000002,1.51505112655,0.010731992349,0.000987499435,0.003709171037,0.001065805143,0.053319341608,0.0,0.0,0.0,0.0,0.0,0.0,0.0,0.0,0.0,0.95952,5418188.698974214,8.513007,8.725006,8.937005,9.149004,9.361003,9.573001999999999,9.785001,9.997,10.208999,10.420997999999999,10.632997,10.844996,11.056995,11.268994,11.480993,11.692992,11.904990999999999,12.11699,12.328989,12.540987999999999,12.752987
SF11C46897212282051210,4,,2019-05-19T04:00:00-0700,0.005701,0.005701,0.002735,0.001072,0.028195228473000003,0.033270366488,0.32333415510200003,4.056166697934,0.015914974787000002,0.004835015622,0.005314971275,0.002559257654,0.076402682201,0.011862686408000003,0.013997967453000002,0.11699735865200002,2.688169064684,0.006224648252000001,0.003943364597,0.00196581882,0.001596901409,0.028258608481000005,0.016332542065,0.019272399035,0.20633679645000003,1.36799763325,0.009690326535,0.000891651025,0.003349152455,0.0009623562449999999,0.04814407371999999,0.0,0.0,0.0,0.0,0.0,0.0,0.0,0.0,0.0,0.967616,5418188.698974214,8.513007,8.6399032,8.7667994,8.893695600000001,9.0205918,9.147488,9.2743842,9.401280400000001,9.5281766,9.6550728,9.781969,9.908865200000001,10.0357614,10.1626576,10.2895538,10.416450000000001,10.5433462,10.6702424,10.7971386,10.924034800000001,11.050931
SF11C46897212282051210,5,,2019-05-19T05:00:00-0700,0.005701,0.005701,0.002543,0.001174,0.027048666105,0.031917422936,0.30884908566200003,3.960131763534,0.015234703235,0.004772420742,0.005079857099,0.00249169919,0.073022915417,0.011862686408000003,0.013997967453000002,0.11699735865200002,2.688169064684,0.006224648252000001,0.003943364597,0.00196581882,0.001596901409,0.028258608481000005,0.015185979697,0.017919455483000002,0.19185172701000003,1.27196269885,0.009010054983,0.0008290561450000001,0.003114038279,0.000894797781,0.044764306935999996,0.0,0.0,0.0,0.0,0.0,0.0,0.0,0.0,0.0,0.973013,5418188.698974214,8.513007,8.57961545,8.6462239,8.71283235,8.7794408,8.84604925,8.9126577,8.97926615,9.0458746,9.11248305,9.1790915,9.24569995,9.312308400000001,9.37891685,9.4455253,9.51213375,9.5787422,9.645350650000001,9.7119591,9.77856755,9.845176
SF11C46897212282051210,6,,2019-05-19T06:00:00-0700,0.005701,0.005701,0.002419,0.00126,0.026308177909000002,0.031043646892000003,0.29949414498200005,3.898109201734,0.014795361191,0.004731994882000001,0.004928012527,0.002448067682,0.070840149369,0.011862686408000003,0.013997967453000002,0.11699735865200002,2.688169064684,0.006224648252000001,0.003943364597,0.00196581882,0.001596901409,0.028258608481000005,0.014445491501000001,0.017045679439,0.18249678633000002,1.20994013705,0.008570712939,0.0007886302850000001,0.0029621937070000003,0.000851166273,0.042581540888,0.0,0.0,0.0,0.0,0.0,0.0,0.0,0.0,0.0,0.976869,5418188.698974214,8.513007,8.5343486,8.5556902,8.5770318,8.5983734,8.619715,8.641056599999999,8.6623982,8.6837398,8.7050814,8.726423,8.7477646,8.7691062,8.790447799999999,8.811789399999999,8.833131,8.8544726,8.875814199999999,8.8971558,8.9184974,8.939839
SF11C46897212282051210,7,,2019-05-19T07:00:00-0700,0.005701,0.005701,0.002337,0.001334,0.025818500231000005,0.03046582725,0.29330781324200006,3.857094281834,0.014504828549000003,0.0047052616520000005,0.004827599181,0.002419214588,0.069396707305,0.011862686408000003,0.013997967453000002,0.11699735865200002,2.688169064684,0.006224648252000001,0.003943364597,0.00196581882,0.001596901409,0.028258608481000005,0.013955813823,0.016467859797,0.17631045459000003,1.16892521715,0.008280180297,0.000761897055,0.0028617803610000003,0.000822313179,0.041138098824,0.0,0.0,0.0,0.0,0.0,0.0,0.0,0.0,0.0,0.97976,5418188.698974214,8.513007,8.93865735,9.3643077,9.78995805,10.2156084,10.64125875,11.0669091,11.49255945,11.9182098,12.343860150000001,12.769510499999999,13.19516085,13.6208112,14.04646155,14.4721119,14.89776225,15.323412600000001,15.749062949999999,16.1747133,16.60036365,17.026014
SF11C46897212282051210,8,,2019-05-19T08:00:00-0700,0.005701,0.005701,0.002186,0.001393,0.024916776702,0.029401793519,0.28191590967200003,3.7815668073840003,0.013969823318,0.004656033387,0.004642691678,0.002366082671,0.066738661553,0.011862686408000003,0.013997967453000002,0.11699735865200002,2.688169064684,0.006224648252000001,0.003943364597,0.00196581882,0.001596901409,0.028258608481000005,0.013054090294,0.015403826066,0.16491855102000003,1.0933977427,0.007745175066,0.00071266879,0.002676872858,0.000769181262,0.038480053071999996,0.0,0.0,0.0,0.0,0.0,0.0,0.0,0.0,0.0,0.982009,5418188.698974214,8.513007,8.93865735,9.3643077,9.78995805,10.2156084,10.64125875,11.0669091,11.49255945,11.9182098,12.343860150000001,12.769510499999999,13.19516085,13.6208112,14.04646155,14.4721119,14.89776225,15.323412600000001,15.749062949999999,16.1747133,16.60036365,17.026014
SF11C46897212282051210,9,,2019-05-19T09:00:00-0700,0.005701,0.005701,0.002868,0.001495,0.028989461780000003,0.034207561761,0.333368083412,4.122690897284,0.01638620456,0.0048783756170000005,0.005477836824,0.002606055965,0.078743874817,0.011862686408000003,0.013997967453000002,0.11699735865200002,2.688169064684,0.006224648252000001,0.003943364597,0.00196581882,0.001596901409,0.028258608481000005,0.017126775372,0.020209594307999998,0.21637072476000002,1.4345218325999998,0.010161556308,0.0009350110199999999,0.003512018004,0.001009154556,0.05048526633599999,0.0,0.0,0.0,0.0,0.0,0.0,0.0,0.0,0.0,0.983808,5418188.698974214,8.513007,8.93865735,9.3643077,9.78995805,10.2156084,10.64125875,11.0669091,11.49255945,11.9182098,12.343860150000001,12.769510499999999,13.19516085,13.6208112,14.04646155,14.4721119,14.89776225,15.323412600000001,15.749062949999999,16.1747133,16.60036365,17.026014
SF11C46897212282051210,10,,2019-05-19T10:00:00-0700,0.020004,0.020003,0.012391,0.00225,0.115617476913,0.13642861123,1.345321687126,15.629686800102,0.065742632227,0.017875666956,0.022070870683,0.009963004324,0.31726866857499997,0.041622402424000005,0.049114426059,0.41050660675600004,9.431932257652,0.021840315556000002,0.013836015091,0.00689743446,0.005603020327,0.09915049034300001,0.073995074489,0.087314185171,0.93481508037,6.197754542449999,0.043902316670999995,0.004039651865,0.015173436222999999,0.0043599839969999995,0.21811817823199997,0.0,0.0,0.0,0.0,0.0,0.0,0.0,0.0,0.0,0.905184,19011655.277018096,29.791271,30.59441505,31.3975591,32.200703149999995,33.003847199999996,33.806991249999996,34.610135299999996,35.413279349999996,36.2164234,37.01956745,37.8227115,38.62585555,39.4289996,40.23214365,41.0352877,41.83843175,42.6415758,43.44471985,44.2478639,45.05100795,45.854152
SF11C46897212282051210,11,,2019-05-19T11:00:00-0700,0.040008,0.040007,0.029233,0.004118,0.257816977863,0.304224009844,3.026461001074,33.486154985538,0.147256609837,0.037203118374000005,0.049592571589,0.021492448774,0.7128930332829999,0.08324688565600001,0.098231307471,0.8210337357640001,18.864336041188,0.043681722964000004,0.027672721879000002,0.013795213740000001,0.011206320763,0.198305937467,0.17457009220699998,0.205992702373,2.20542726531,14.621818944349998,0.103574886873,0.009530396495,0.035797357849,0.010286128011,0.5145870958159999,0.0,0.0,0.0,0.0,0.0,0.0,0.0,0.0,0.0,0.708636,38023310.55403619,59.360663,63.344118900000005,67.32757480000001,71.3110307,75.2944866,79.27794250000001,83.2613984,87.24485430000001,91.22831020000001,95.2117661,99.195222,103.17867790000001,107.1621338,111.14558970000002,115.12904560000001,119.11250150000001,123.0959574,127.07941330000001,131.06286920000002,135.04632510000002,139.029781
SF11C46897212282051210,12,,2019-05-19T12:00:00-0700,0.070014,0.070013,0.05834,0.007871,0.49407136336400004,0.583004165129,5.838173133076001,62.193556679492005,0.283147179616,0.06744749716100001,0.09558230468000001,0.040139192197000004,1.373995327833,0.14568361050400003,0.17190662958900002,1.4368244292760002,33.012941716492,0.07644383407600001,0.048427782061000006,0.024141882660000002,0.019611271417,0.34703910815300004,0.34838775286,0.41109753554,4.401348703800001,29.180614963,0.20670334554,0.0190197151,0.07144042202,0.02052792078,1.02695621968,0.0,0.0,0.0,0.0,0.0,0.0,0.0,0.0,0.0,0.644382,66540793.46956334,103.302336,109.29539295,115.2884499,121.28150685,127.2745638,133.26762075,139.2606777,145.25373465,151.2467916,157.23984855,163.23290550000002,169.22596245,175.2190194,181.21207635000002,187.2051333,193.19819025,199.19124720000002,205.18430415,211.1773611,217.17041805000002,223.163475
SF11C46897212282051210,13,,2019-05-19T13:00:00-0700,0.10002,0.100019,0.092507,0.013728,0.7605424446050001,0.897440020274,9.031627199278,93.431879040446,0.43696573925500004,0.099341511848,0.147768275951,0.06056638264,2.124168559503,0.208120335352,0.245581951707,2.052615122788,47.161547391796,0.109205945188,0.069182842243,0.03448855158,0.028016222070999998,0.495772278839,0.5524221092530001,0.651858068567,6.979012076490001,46.27033164865,0.327759794067,0.030158669605,0.113279724371,0.032550160569,1.628396280664,0.0,0.0,0.0,0.0,0.0,0.0,0.0,0.0,0.0,0.668988,95058276.38509049,146.754021,152.86430794999998,158.9745949,165.08488185,171.1951688,177.30545575,183.4157427,189.52602965,195.6363166,201.74660355,207.85689050000002,213.96717745,220.0774644,226.18775134999998,232.2980383,238.40832525000002,244.5186122,250.62889915,256.7391861,262.84947305000003,268.95976
SF11C46897212282051210,14,,2019-05-19T14:00:00-0700,0.130026,0.130025,0.130432,0.021803,1.049455095528,1.238356926817,12.50859632254,126.5498851695,0.604099197292,0.132460690905,0.204556117396,0.08231588926899999,2.9404936847889998,0.27055706020000003,0.319257273825,2.6684058163000004,61.3101530671,0.1419680563,0.08993790242500001,0.0448352205,0.036421172725,0.644505449525,0.778898035328,0.9190996529919999,9.84019050624,65.2397321024,0.462131140992,0.04252278848,0.159720896896,0.04589471654399999,2.2959882352639998,0.0,0.0,0.0,0.0,0.0,0.0,0.0,0.0,0.0,0.703836,123575759.30061764,189.72118,195.1544903,200.5878006,206.0211109,211.4544212,216.8877315,222.3210418,227.7543521,233.1876624,238.6209727,244.054283,249.48759330000001,254.9209036,260.3542139,265.7875242,271.2208345,276.6541448,282.0874551,287.5207654,292.9540757,298.387386
SF11C46897212282051210,15,,2019-05-19T15:00:00-0700,0.160032,0.160031,0.170604,0.032097,1.351786109164,1.5951075008670001,16.155086024092,160.791800140204,0.779193958336,0.166312425667,0.264095529432,0.104856041047,3.7963726432189997,0.33299378504800003,0.39293259594300006,3.2841965098120003,75.458758742404,0.174730167412,0.11069296260700001,0.055181889420000005,0.044826123379,0.7932386202110001,1.018792324116,1.202174904924,12.870889514280002,85.3330413978,0.604463790924,0.05561946306,0.208913640012,0.060029917668,3.0031340230079997,0.0,0.0,0.0,0.0,0.0,0.0,0.0,0.0,0.0,0.736568,152093242.21614477,232.209216,236.51602025,240.8228245,245.12962875,249.436433,253.74323725,258.0500415,262.35684575,266.66365,270.97045425,275.2772585,279.58406275,283.890867,288.19767125,292.5044755,296.81127975000004,301.118084,305.42488825,309.7316925,314.03849675000004,318.345301
SF11C46897212282051210,16,,2019-05-19T16:00:00-0700,0.170034,0.170034,0.18914,0.042959,1.4832914735320002,1.7502838223419999,17.758782856368,174.779846183056,0.855790303308,0.179274484798,0.2902430783,0.11418017808599999,4.172243641834,0.35380810747200003,0.417493492002,3.4894805965680002,80.175432160056,0.185651962968,0.117612007698,0.05863112388,0.047628053706,0.8428213005540001,1.12948336606,1.33279033034,14.269302259800002,94.60441402299999,0.67013834034,0.0616624771,0.23161195442000002,0.06655212438,3.32942234128,0.0,0.0,0.0,0.0,0.0,0.0,0.0,0.0,0.0,0.783801,161599069.8546538,246.266348,248.72613669999998,251.1859254,253.6457141,256.1055028,258.5652915,261.0250802,263.4848689,265.9446576,268.4044463,270.864235,273.3240237,275.7838124,278.24360110000003,280.7033898,283.1631785,285.6229672,288.08275590000005,290.54254460000004,293.00233330000003,295.462122
SF11C46897212282051210,17,,2019-05-19T17:00:00-0700,0.120024,0.120026,0.137004,0.049455,1.067894970724,1.2601159825019999,12.799206180832,125.12229363078399,0.6164668974759999,0.127686983182,0.209156024532,0.08182754930199998,3.006617432113999,0.249751061008,0.294706199178,2.463203818552,56.595365752984,0.131050628152,0.083021624122,0.04138736532,0.033620362833999995,0.594942596306,0.8181439097159999,0.9654097833239998,10.33600236228,68.52692787779999,0.48541626932399995,0.04466535905999999,0.167768659212,0.04820718646799999,2.4116748358079994,0.0,0.0,0.0,0.0,0.0,0.0,0.0,0.0,0.0,0.863643,114069931.66210859,175.452295,175.81371475,176.17513449999998,176.53655425,176.897974,177.25939375,177.6208135,177.98223325,178.343653,178.70507275,179.06649249999998,179.42791225,179.789332,180.15075174999998,180.5121715,180.87359125,181.235011,181.59643075,181.9578505,182.31927025,182.68069
SF11C46897212282051210,18,,2019-05-19T18:00:00-0700,0.070014,0.070016,0.080628,0.051603,0.62717438734,0.740065728516,7.519709843992001,73.343026558744,0.3621186445,0.074715794572,0.122876176404,0.04798244422,1.766344792352,0.145689852928,0.171913995648,1.436885996032,33.014356294144,0.076447109632,0.048429857151999996,0.02414291712,0.019612111744,0.347053978496,0.481484534412,0.568151732868,6.082823847960001,40.3286702646,0.285671534868,0.026285937420000002,0.09873325928400001,0.028370332476,1.4192908138559999,0.0,0.0,0.0,0.0,0.0,0.0,0.0,0.0,0.0,0.920459,66540793.46956334,103.302336,108.46745279999999,113.6325696,118.7976864,123.9628032,129.12792,134.29303679999998,139.4581536,144.6232704,149.7883872,154.953504,160.1186208,165.2837376,170.4488544,175.61397119999998,180.779088,185.9442048,191.1093216,196.2744384,201.4395552,206.604672
SF11C46897212282051210,19,,2019-05-19T19:00:00-0700,0.040008,0.040009,0.045701,0.051191,0.356162749251,0.420272016458,4.2688985223380005,41.724094389906,0.205606251449,0.042573316788,0.069759200033,0.027287554748,1.002788360381,0.08325104727200001,0.09823621817700001,0.8210747802680002,18.865279092956,0.043683906668000004,0.027674105273000002,0.013795903380000002,0.011206880981,0.19831585102900004,0.272911701979,0.322035798281,3.44782374207,22.85881529695,0.16192234478099998,0.014899211515,0.055963296653,0.016080673767,0.8044725093519999,0.0,0.0,0.0,0.0,0.0,0.0,0.0,0.0,0.0,0.954548,38023310.55403619,59.360663,62.32869615,65.29672930000001,68.26476245,71.2327956,74.20082875,77.1688619,80.13689505,83.1049282,86.07296135,89.04099450000001,92.00902765000001,94.9770608,97.94509395,100.9131271,103.88116025000001,106.8491934,109.81722655,112.78525970000001,115.75329285000001,118.721326
SF11C46897212282051210,20,,2019-05-19T20:00:00-0700,0.005701,0.005703,0.006416,0.048089,0.050181140488,0.059213741855,0.601081140276,5.898279507651999,0.028959239652,0.006036460231,0.009823240508,0.003855040299,0.141209062075,0.011866848024000001,0.014002878159,0.117038403156,2.6891121164519998,0.006226831956,0.003944747991,0.00196650846,0.001597461627,0.028268522043,0.038314292464,0.045210863696,0.48404273712,3.2091673912,0.022732407696,0.00209171224,0.007856732048,0.002257578672,0.11294054003199999,0.0,0.0,0.0,0.0,0.0,0.0,0.0,0.0,0.0,0.995575,5418188.698974214,8.513007,8.93865735,9.3643077,9.78995805,10.2156084,10.64125875,11.0669091,11.49255945,11.9182098,12.343860150000001,12.769510499999999,13.19516085,13.6208112,14.04646155,14.4721119,14.89776225,15.323412600000001,15.749062949999999,16.1747133,16.60036365,17.026014
SF11C46897212282051210,21,,2019-05-19T21:00:00-0700,0.005701,0.005701,0.006081,0.045185,0.048176466407000004,0.056848226514,0.575766667322,5.729775502634,0.027770123812999998,0.0059258618119999995,0.009412325612999999,0.0037366046359999998,0.135302159593,0.011862686408000003,0.013997967453000002,0.11699735865200002,2.688169064684,0.006224648252000001,0.003943364597,0.00196581882,0.001596901409,0.028258608481000005,0.036313779999,0.042850259061,0.45876930867,3.0416064379499996,0.021545475560999998,0.0019824972149999997,0.007446506792999999,0.0021397032269999997,0.10704355111199998,0.0,0.0,0.0,0.0,0.0,0.0,0.0,0.0,0.0,0.998896,5418188.698974214,8.513007,8.93865735,9.3643077,9.78995805,10.2156084,10.64125875,11.0669091,11.49255945,11.9182098,12.343860150000001,12.769510499999999,13.19516085,13.6208112,14.04646155,14.4721119,14.89776225,15.323412600000001,15.749062949999999,16.1747133,16.60036365,17.026014
SF11C46897212282051210,22,,2019-05-19T22:00:00-0700,0.005701,0.005701,0.005723,0.042456,0.046038605324999995,0.05432555051599999,0.548758048262,5.550710364534,0.026501700814999998,0.005809148442,0.008973935639,0.00361063625,0.12900030277699998,0.011862686408000003,0.013997967453000002,0.11699735865200002,2.688169064684,0.006224648252000001,0.003943364597,0.00196581882,0.001596901409,0.028258608481000005,0.034175918916999996,0.040327583062999994,0.43176068961,2.8625412998499997,0.020277052562999998,0.0018657838449999999,0.007008116819,0.0020137348409999998,0.10074169429599998,0.0,0.0,0.0,0.0,0.0,0.0,0.0,0.0,0.0,0.998896,5418188.698974214,8.513007,8.93865735,9.3643077,9.78995805,10.2156084,10.64125875,11.0669091,11.49255945,11.9182098,12.343860150000001,12.769510499999999,13.19516085,13.6208112,14.04646155,14.4721119,14.89776225,15.323412600000001,15.749062949999999,16.1747133,16.60036365,17.026014
SF11C46897212282051210,23,,2019-05-19T23:00:00-0700,0.005701,0.005701,0.005277,0.039885,0.043375236491,0.051182775390000004,0.515110439042,5.327629214833999,0.024921486689,0.005663745752,0.008427785000999999,0.003453703568,0.12114938618499999,0.011862686408000003,0.013997967453000002,0.11699735865200002,2.688169064684,0.006224648252000001,0.003943364597,0.00196581882,0.001596901409,0.028258608481000005,0.031512550082999996,0.037184807937,0.39811308039,2.6394601501499997,0.018696838437,0.0017203811549999998,0.006461966180999999,0.0018568021589999999,0.09289077770399998,0.0,0.0,0.0,0.0,0.0,0.0,0.0,0.0,0.0,0.998896,5418188.698974214,8.513007,8.93865735,9.3643077,9.78995805,10.2156084,10.64125875,11.0669091,11.49255945,11.9182098,12.343860150000001,12.769510499999999,13.19516085,13.6208112,14.04646155,14.4721119,14.89776225,15.323412600000001,15.749062949999999,16.1747133,16.60036365,17.026014
SF11C46897312282051210,0,,2019-05-19T00:00:00-0700,0.005701,0.005698,0.004753,0.000329,0.060043045740999994,0.07085078825300001,0.647931613105,10.732100647639001,0.032886101737999995,0.014369585461,0.010741620343999999,0.006559791798,0.154410813368,0.039923202241999994,0.047109377392,0.393748050696,9.046882485872,0.020948714094,0.013271171913999999,0.0066158452359999995,0.005374279526,0.095102765296,0.020119843499,0.023741410861,0.25418356240900003,1.685218161767,0.011937387644,0.001098413547,0.004125775108,0.001185512272,0.059308048072,0.0,0.0,0.0,0.0,0.0,0.0,0.0,0.0,0.0,0.91627,14540313.983226117,8.803987,10.148220799999999,11.492454599999999,12.8366884,14.1809222,15.525155999999999,16.8693898,18.2136236,19.5578574,20.9020912,22.246325,23.5905588,24.9347926,26.2790264,27.6232602,28.967494,30.3117278,31.6559616,33.000195399999996,34.3444292,35.688663
SF11C46897312282051210,1,,2019-05-19T01:00:00-0700,0.005701,0.005701,0.00417,0.000594,0.057596177939,0.06796348479400001,0.6169609252620001,10.530156032894,0.031432898763,0.014241842022999999,0.010239038602,0.006417207167000001,0.147186197032,0.039944221829,0.047134180504000006,0.39395535925200004,9.051645674264,0.020959743603,0.013278159192999999,0.0066193284820000005,0.005377109087000001,0.09515283695200001,0.01765195611,0.02082930429,0.22300556601,1.47851035863,0.010473155159999999,0.00096368283,0.0036197101200000003,0.00104009808,0.05203336008,0.0,0.0,0.0,0.0,0.0,0.0,0.0,0.0,0.0,0.91627,14540313.983226117,8.803987,10.271311149999999,11.738635299999999,13.20595945,14.6732836,16.14060775,17.6079319,19.07525605,20.5425802,22.00990435,23.4772285,24.94455265,26.4118768,27.87920095,29.3465251,30.81384925,32.2811734,33.748497549999996,35.2158217,36.68314585,38.15047
SF11C46897312282051210,2,,2019-05-19T02:00:00-0700,0.005701,0.005701,0.003479,0.000794,0.054671117586000004,0.064511914227,0.580007245139,10.285155875145,0.029697419095,0.014082152613999999,0.009639225726000001,0.006244855183000001,0.138563882448,0.039944221829,0.047134180504000006,0.39395535925200004,9.051645674264,0.020959743603,0.013278159192999999,0.0066193284820000005,0.005377109087000001,0.09515283695200001,0.014726895756999998,0.017377733723,0.18605188588699997,1.233510200881,0.008737675492,0.000803993421,0.003019897244,0.000867746096,0.043411045496,0.0,0.0,0.0,0.0,0.0,0.0,0.0,0.0,0.0,0.94418,14540313.983226117,8.803987,9.85259415,10.9012013,11.949808449999999,12.9984156,14.04702275,15.095629899999999,16.14423705,17.1928442,18.24145135,19.2900585,20.33866565,21.387272799999998,22.43587995,23.4844871,24.533094249999998,25.5817014,26.63030855,27.6789157,28.72752285,29.776130000000002
SF11C46897312282051210,3,,2019-05-19T03:00:00-0700,0.005701,0.005701,0.003028,0.000948,0.052761997153,0.06225915254,0.5558884177360001,10.125249838756,0.028564710947,0.013977926964999998,0.009247741490000001,0.0061323649590000005,0.132936293624,0.039944221829,0.047134180504000006,0.39395535925200004,9.051645674264,0.020959743603,0.013278159192999999,0.0066193284820000005,0.005377109087000001,0.09515283695200001,0.012817775323999999,0.015124972035999999,0.161933058484,1.0736041644919998,0.007604967343999999,0.000699767772,0.002628413008,0.000755255872,0.037783456672,0.0,0.0,0.0,0.0,0.0,0.0,0.0,0.0,0.0,0.958135,14540313.983226117,8.803987,9.61287785,10.4217687,11.230659549999999,12.0395504,12.84844125,13.6573321,14.466222949999999,15.2751138,16.08400465,16.8928955,17.70178635,18.5106772,19.31956805,20.1284589,20.93734975,21.7462406,22.55513145,23.364022300000002,24.17291315,24.981804
SF11C46897312282051210,4,,2019-05-19T04:00:00-0700,0.005701,0.005701,0.002734,0.001072,0.051517470751,0.060790611662000005,0.540165723154,10.02100954009,0.027826315835,0.013909983858999999,0.008992538906,0.0060590343030000006,0.129267754568,0.039944221829,0.047134180504000006,0.39395535925200004,9.051645674264,0.020959743603,0.013278159192999999,0.0066193284820000005,0.005377109087000001,0.09515283695200001,0.011573248921999998,0.013656431157999999,0.14621036390199998,0.9693638658259999,0.0068665722319999995,0.000631824666,0.0023732104239999998,0.000681925216,0.034114917615999996,0.0,0.0,0.0,0.0,0.0,0.0,0.0,0.0,0.0,0.966508,14540313.983226117,8.803987,9.4542658,10.104544599999999,10.7548234,11.4051022,12.055381,12.7056598,13.3559386,14.0062174,14.6564962,15.306775,15.9570538,16.6073326,17.257611400000002,17.9078902,18.558169,19.208447800000002,19.8587266,20.5090054,21.159284200000002,21.809563
SF11C46897312282051210,5,,2019-05-19T05:00:00-0700,0.005701,0.005701,0.002543,0.001174,0.050708951898,0.059836559595000005,0.529951319531,9.953288801841,0.027346610167,0.01386584395,0.00882674403,0.006011394319000001,0.126884451984,0.039944221829,0.047134180504000006,0.39395535925200004,9.051645674264,0.020959743603,0.013278159192999999,0.0066193284820000005,0.005377109087000001,0.09515283695200001,0.010764730069,0.012702379091,0.135995960279,0.9016431275769999,0.006386866564,0.000587684757,0.0022074155480000003,0.000634285232,0.031731615032,0.0,0.0,0.0,0.0,0.0,0.0,0.0,0.0,0.0,0.97209,14540313.983226117,8.803987,9.3400588,9.8761306,10.4122024,10.9482742,11.484345999999999,12.020417799999999,12.556489599999999,13.0925614,13.6286332,14.164705,14.7007768,15.236848599999998,15.7729204,16.3089922,16.845064,17.3811358,17.917207599999998,18.4532794,18.9893512,19.525423
SF11C46897312282051210,6,,2019-05-19T06:00:00-0700,0.005701,0.005701,0.002419,0.00126,0.050184049606,0.05921717500700001,0.5233199789590001,9.909323505805,0.027035178215,0.013837187673999999,0.008719107566,0.005980465743000001,0.125337177008,0.039944221829,0.047134180504000006,0.39395535925200004,9.051645674264,0.020959743603,0.013278159192999999,0.0066193284820000005,0.005377109087000001,0.09515283695200001,0.010239827777,0.012082994503,0.129364619707,0.857677831541,0.006075434612,0.0005590284810000001,0.002099779084,0.0006033566560000001,0.030184340056,0.0,0.0,0.0,0.0,0.0,0.0,0.0,0.0,0.0,0.976077,14540313.983226117,8.803987,9.25309965,9.7022123,10.15132495,10.6004376,11.04955025,11.4986629,11.94777555,12.3968882,12.84600085,13.2951135,13.74422615,14.1933388,14.64245145,15.0915641,15.54067675,15.9897894,16.43890205,16.8880147,17.33712735,17.78624
SF11C46897312282051210,7,,2019-05-19T07:00:00-0700,0.005701,0.005701,0.002337,0.001334,0.0498369368,0.058807581973000005,0.518934737613,9.880249681007,0.026829231279,0.013818237555999998,0.008647928614000001,0.005960012975000001,0.12431397904000001,0.039944221829,0.047134180504000006,0.39395535925200004,9.051645674264,0.020959743603,0.013278159192999999,0.0066193284820000005,0.005377109087000001,0.09515283695200001,0.009892714971,0.011673401469,0.124979378361,0.8286040067429999,0.005869487676,0.000540078363,0.002028600132,0.000582903888,0.029161142088,0.0,0.0,0.0,0.0,0.0,0.0,0.0,0.0,0.0,0.979067,14540313.983226117,8.803987,9.18419415,9.5644013,9.94460845,10.324815599999999,10.70502275,11.0852299,11.46543705,11.845644199999999,12.22585135,12.6060585,12.98626565,13.3664728,13.74667995,14.126887100000001,14.50709425,14.8873014,15.26750855,15.6477157,16.02792285,16.40813
SF11C46897312282051210,8,,2019-05-19T08:00:00-0700,0.005701,0.005701,0.002186,0.001393,0.049197741267,0.05805333138600001,0.51085947611,9.826711296317999,0.026449987531,0.013783341607,0.008516855178,0.0059223499510000005,0.122429797416,0.039944221829,0.047134180504000006,0.39395535925200004,9.051645674264,0.020959743603,0.013278159192999999,0.0066193284820000005,0.005377109087000001,0.09515283695200001,0.009253519437999999,0.010919150882,0.11690411685799999,0.775065622054,0.0054902439279999994,0.000505182414,0.0018975266960000001,0.000545240864,0.027276960463999998,0.0,0.0,0.0,0.0,0.0,0.0,0.0,0.0,0.0,0.981393,14540313.983226117,8.803987,9.127474099999999,9.4509612,9.7744483,10.097935399999999,10.421422499999998,10.7449096,11.0683967,11.391883799999999,11.7153709,12.038858,12.362345099999999,12.6858322,13.0093193,13.332806399999999,13.6562935,13.9797806,14.3032677,14.6267548,14.9502419,15.273729
SF11C46897312282051210,9,,2019-05-19T09:00:00-0700,0.005701,0.005701,0.002869,0.001495,0.052088936956000004,0.061464941657000005,0.5473853278090001,10.068874983355,0.028165374814999998,0.013941182223999999,0.009109723766,0.006092706543000001,0.130952287808,0.039944221829,0.047134180504000006,0.39395535925200004,9.051645674264,0.020959743603,0.013278159192999999,0.0066193284820000005,0.005377109087000001,0.09515283695200001,0.012144715127,0.014330761153,0.153429968557,1.0172293090909998,0.007205631212,0.000663023031,0.002490395284,0.000715597456,0.035799450856,0.0,0.0,0.0,0.0,0.0,0.0,0.0,0.0,0.0,0.983254,14540313.983226117,8.803987,9.083866449999999,9.3637459,9.643625349999999,9.9235048,10.20338425,10.4832637,10.76314315,11.0430226,11.32290205,11.602781499999999,11.88266095,12.1625404,12.44241985,12.7222993,13.002178749999999,13.2820582,13.56193765,13.8418171,14.12169655,14.401576
SF11C46897312282051210,10,,2019-05-19T10:00:00-0700,0.020004,0.019996,0.012404,0.00225,0.192609715416,0.22727944813200002,2.045128600004,36.1461862011,0.10466859537999999,0.049439095624,0.033984114216,0.021953822547999997,0.48852168748799996,0.140102553884,0.165321009184,1.381780628592,31.748238362144,0.07351535398799999,0.046572543628,0.023216995671999998,0.018859967252,0.333744277792,0.052507161531999996,0.061958438948,0.663347971412,4.397947838956,0.031153241392,0.002866551996,0.010767118544,0.003093855296,0.15477740969599998,0.0,0.0,0.0,0.0,0.0,0.0,0.0,0.0,0.0,0.901939,51019898.42491759,30.806742,33.7006561,36.5945702,39.488484299999996,42.3823984,45.2763125,48.1702266,51.064140699999996,53.9580548,56.8519689,59.745883,62.639797099999996,65.5337112,68.4276253,71.3215394,74.2154535,77.1093676,80.0032817,82.89719579999999,85.7911099,88.685024
SF11C46897312282051210,11,,2019-05-19T11:00:00-0700,0.040008,0.039997,0.029256,0.004118,0.404083216661,0.47681815936,4.328475318012,73.877388765392,0.22052693877899998,0.09991776506499998,0.07183505796999999,0.045021798982999996,1.0326290784880001,0.280240140413,0.330683356888,2.7639067714439998,63.504415371608,0.14704909049099998,0.09315673272099999,0.04643979675399999,0.037724650438999995,0.667572008344,0.12384307624799999,0.146134802472,1.564568546568,10.372973393784,0.073477848288,0.0067610323440000005,0.025395261216,0.007297148544,0.365057070144,0.0,0.0,0.0,0.0,0.0,0.0,0.0,0.0,0.0,0.698666,102039796.84983519,61.376219,71.54520225,81.7141855,91.88316875,102.052152,112.22113525,122.3901185,132.55910175,142.728085,152.89706825,163.0660515,173.23503475,183.404018,193.57300125,203.7419845,213.91096775,224.079951,234.24893425,244.4179175,254.58690074999998,264.755884
SF11C46897312282051210,12,,2019-05-19T12:00:00-0700,0.070014,0.069998,0.05838,0.007871,0.737570402482,0.870333004652,7.959139358436,131.837032041892,0.403972029234,0.17652341143400002,0.131949359516,0.080582576746,1.896772300016,0.490443016942,0.578722744592,4.837061434296,111.137887021072,0.257347856994,0.163031851814,0.081273417836,0.066021203626,1.1683052588960001,0.24712738554,0.29161026006,3.12207792414,20.699145020819998,0.14662417224,0.01349155962,0.05067594168,0.01456137312,0.7284670411199999,0.0,0.0,0.0,0.0,0.0,0.0,0.0,0.0,0.0,0.644382,178569644.48721159,106.789559,121.98514209999999,137.18072519999998,152.3763083,167.5718914,182.7674745,197.96305759999998,213.15864069999998,228.3542238,243.5498069,258.74539,273.94097309999995,289.1365562,304.3321393,319.5277224,334.7233055,349.91888859999995,365.11447169999997,380.3100548,395.50563789999995,410.701221
SF11C46897312282051210,13,,2019-05-19T13:00:00-0700,0.10002,0.100004,0.092554,0.013728,1.092469690098,1.289114125314,11.860215605769998,191.595136102662,0.6001188196039999,0.254307753218,0.196453048272,0.117407661644,2.824012995504,0.700680926116,0.826803470816,6.910561611407999,158.779297317856,0.367665006012,0.23291861637199998,0.116112844328,0.094322472748,1.669121962208,0.39178876398199997,0.46231065449799996,4.9496539943619995,32.815838784806,0.23245381359199999,0.021389136846,0.080340203944,0.023085188896,1.1548910332959998,0.0,0.0,0.0,0.0,0.0,0.0,0.0,0.0,0.0,0.668988,255099492.12458795,151.679272,168.5454092,185.41154640000002,202.27768360000002,219.14382080000001,236.009958,252.8760952,269.74223240000003,286.60836960000006,303.47450680000003,320.340644,337.2067812,354.07291840000005,370.9390556000001,387.8051928000001,404.67133000000007,421.53746720000004,438.40360440000006,455.2697416000001,472.1358788000001,489.002016
SF11C46897312282051210,14,,2019-05-19T14:00:00-0700,0.130026,0.13001,0.130483,0.021803,1.4632642043789996,1.7266516099109999,15.962103819618997,252.68460860387697,0.8056964727139999,0.3329598717469999,0.26421621220799996,0.15516933366199998,3.798108671112,0.9109188352899998,1.0748841970399998,8.984061788519998,206.42070761463998,0.4779821550299999,0.3028053809299999,0.15095227081999998,0.12262374186999998,2.1699386655199997,0.5523453690889999,0.6517674128709999,6.978042031098999,46.263900989236994,0.32771431768399994,0.030154490816999998,0.113263941388,0.032545591792,1.6281700055919999,0.0,0.0,0.0,0.0,0.0,0.0,0.0,0.0,0.0,0.703836,331629339.7619644,196.051395,213.09999025000002,230.14858550000002,247.19718075,264.245776,281.29437125000004,298.3429665,315.39156175,332.440157,349.48875225,366.5373475,383.58594274999996,400.634538,417.68313324999997,434.7317285,451.78032375,468.828919,485.87751425,502.9261095,519.97470475,537.0233000000001
SF11C46897312282051210,15,,2019-05-19T15:00:00-0700,0.160032,0.160016,0.170658,0.032097,1.8435662230779997,2.17540794761,20.184104863506,314.570420257486,1.0169150626319998,0.41213103862999995,0.333928985,0.193491211984,4.800229988624,1.1211567444639998,1.322964923264,11.057561965631999,254.062117911424,0.5882993040479999,0.37269214548799995,0.185791697312,0.15092501099199998,2.670755368832,0.722409478614,0.8524430243460001,9.126542897874,60.508302346061996,0.428615758584,0.039438893142,0.148137287688,0.042566200992,2.129474619792,0.0,0.0,0.0,0.0,0.0,0.0,0.0,0.0,0.0,0.736568,408159187.39934075,239.911896,256.33476375000004,272.7576315,289.18049925,305.603367,322.02623475,338.4491025,354.87197025,371.294838,387.71770575,404.14057349999996,420.56344125,436.986309,453.40917675000003,469.8320445,486.25491224999996,502.67778,519.10064775,535.5235155,551.94638325,568.369251
SF11C46897312282051210,16,,2019-05-19T16:00:00-0700,0.170034,0.170029,0.189166,0.042959,1.992068498119,2.350640612558,21.865812779506,337.03053037273,1.100211617555,0.43972942713100005,0.36162050935400003,0.207551682807,5.198295753992,1.191313119341,1.405749443416,11.749488822708,269.960053034456,0.625112128587,0.396013353697,0.197417611378,0.16036914242300002,2.837877866008,0.800755378778,0.944891169142,10.116323956798,67.070477338274,0.47509948896799997,0.043716073434,0.16420289797600002,0.047182540384,2.360417887984,0.0,0.0,0.0,0.0,0.0,0.0,0.0,0.0,0.0,0.783801,433669136.61179954,254.419391,267.92202205,281.4246531,294.92728415,308.4299152,321.93254625,335.43517729999996,348.93780834999995,362.44043939999995,375.94307044999994,389.4457014999999,402.9483325499999,416.4509635999999,429.9535946499999,443.45622569999995,456.95885674999994,470.46148779999993,483.9641188499999,497.4667498999999,510.96938094999996,524.472012
SF11C46897312282051210,17,,2019-05-19T17:00:00-0700,0.120024,0.120051,0.136933,0.049455,1.420789567418,1.676531534425,15.618845183401,239.159315383451,0.7852816639369999,0.31125502311,0.25825182877,0.147384919129,3.7123707185440002,0.841140812979,0.9925461329040001,8.295866485452,190.608509882664,0.441367861653,0.27960994374299997,0.139389055182,0.113230542537,2.0037174581520003,0.579648754439,0.683985401521,7.322978697949,48.550805500787,0.343913802284,0.031645079367,0.118862773588,0.034154376592,1.708653260392,0.0,0.0,0.0,0.0,0.0,0.0,0.0,0.0,0.0,0.858978,306119390.5495056,181.317828,188.73836795,196.1589079,203.57944785,210.99998779999999,218.42052775,225.8410677,233.26160765,240.6821476,248.10268754999998,255.52322750000002,262.94376745,270.36430740000003,277.78484735,285.2053873,292.62592725,300.0464672,307.46700715000003,314.8875471,322.30808705000004,329.728627
SF11C46897312282051210,18,,2019-05-19T18:00:00-0700,0.070014,0.070041,0.080551,0.051603,0.8317233664220001,0.981433481251,9.147783779634999,139.766228428313,0.459813649571,0.181747258362,0.151244512198,0.086153113291,2.174140263856,0.490744297689,0.5790782558640001,4.840032856932,111.206159388024,0.257505946623,0.163132002813,0.081323344362,0.06606176066700001,1.1690229526320002,0.340979068733,0.40235522538699997,4.307750922703,28.560069040288997,0.202307702948,0.018615255549,0.069921167836,0.020091352624,1.005117311224,0.0,0.0,0.0,0.0,0.0,0.0,0.0,0.0,0.0,0.917737,178569644.48721159,106.789559,110.08833039999999,113.3871018,116.6858732,119.9846446,123.28341599999999,126.5821874,129.8809588,133.1797302,136.4785016,139.77727299999998,143.0760444,146.3748158,149.6735872,152.9723586,156.27113,159.5699014,162.86867279999998,166.16744419999998,169.4662156,172.764987
SF11C46897312282051210,19,,2019-05-19T19:00:00-0700,0.040008,0.040024,0.045653,0.051191,0.47368225489499993,0.558945009057,5.207228928556999,79.73395874400299,0.261808056916,0.103769980879,0.08609959347599999,0.04913707035999999,1.23768188292,0.28042931669599996,0.330906584896,2.7657725484479996,63.547284067136,0.147148356072,0.09321961823199999,0.04647114596799999,0.037750116487999995,0.6680226532479999,0.193252938199,0.22803842416099998,2.441456380109,16.186674676867,0.114659700844,0.010550362647,0.039628447508,0.011386953872,0.569659229672,0.0,0.0,0.0,0.0,0.0,0.0,0.0,0.0,0.0,0.952993,102039796.84983519,61.376219,62.719321799999996,64.0624246,65.4055274,66.7486302,68.091733,69.4348358,70.7779386,72.1210414,73.46414419999999,74.807247,76.1503498,77.4934526,78.8365554,80.1796582,81.522761,82.8658638,84.2089666,85.5520694,86.8951722,88.238275
SF11C46897312282051210,20,,2019-05-19T20:00:00-0700,0.005701,0.00572,0.006363,0.048089,0.067012453009,0.07907468731100001,0.735552346179,11.337870426637,0.037010577084,0.014792894897000001,0.012164702108,0.006982114552,0.174867624152,0.04007734588,0.04729126688,0.39526831344,9.08181253408,0.02102959716,0.01332241196,0.00664138904,0.00539502964,0.09546995744,0.026935107128999998,0.031783420431,0.340284032739,2.2560578925569996,0.015980979923999997,0.001470482937,0.005523313068,0.001587084912,0.07939766671199999,0.0,0.0,0.0,0.0,0.0,0.0,0.0,0.0,0.0,0.995267,14540313.983226117,8.803987,9.24418635,9.6843857,10.12458505,10.564784399999999,11.00498375,11.4451831,11.88538245,12.325581799999998,12.765781149999999,13.205980499999999,13.64617985,14.0863792,14.52657855,14.9667779,15.406977249999999,15.8471766,16.287375949999998,16.727575299999998,17.16777465,17.607974
SF11C46897312282051210,21,,2019-05-19T21:00:00-0700,0.005701,0.005701,0.006081,0.045185,0.065685599552,0.077509000501,0.719158440045,11.207717974223,0.036232466990999995,0.014683472211999999,0.011897855398,0.006893856431000001,0.171031700896,0.039944221829,0.047134180504000006,0.39395535925200004,9.051645674264,0.020959743603,0.013278159192999999,0.0066193284820000005,0.005377109087000001,0.09515283695200001,0.025741377722999996,0.030374819996999997,0.325203080793,2.156072299959,0.015272723387999999,0.001405313019,0.005278526916,0.0015167473439999999,0.075878863944,0.0,0.0,0.0,0.0,0.0,0.0,0.0,0.0,0.0,0.998819,14540313.983226117,8.803987,9.24418635,9.6843857,10.12458505,10.564784399999999,11.00498375,11.4451831,11.88538245,12.325581799999998,12.765781149999999,13.205980499999999,13.64617985,14.0863792,14.52657855,14.9667779,15.406977249999999,15.8471766,16.287375949999998,16.727575299999998,17.16777465,17.607974
SF11C46897312282051210,22,,2019-05-19T22:00:00-0700,0.005701,0.005701,0.005722,0.042456,0.064165922755,0.075715782218,0.699959639518,11.080431351022,0.035330821259,0.014600507670999999,0.011586230474,0.006804313215000001,0.16655209028,0.039944221829,0.047134180504000006,0.39395535925200004,9.051645674264,0.020959743603,0.013278159192999999,0.0066193284820000005,0.005377109087000001,0.09515283695200001,0.024221700925999998,0.028581601714,0.30600428026599996,2.028785676758,0.014371077655999999,0.001322348478,0.004966901992,0.001427204128,0.071399253328,0.0,0.0,0.0,0.0,0.0,0.0,0.0,0.0,0.0,0.998819,14540313.983226117,8.803987,9.24418635,9.6843857,10.12458505,10.564784399999999,11.00498375,11.4451831,11.88538245,12.325581799999998,12.765781149999999,13.205980499999999,13.64617985,14.0863792,14.52657855,14.9667779,15.406977249999999,15.8471766,16.287375949999998,16.727575299999998,17.16777465,17.607974
SF11C46897312282051210,23,,2019-05-19T23:00:00-0700,0.005701,0.005701,0.005277,0.039885,0.062282200819999994,0.073492990753,0.676161683433,10.922652667667,0.034213182398999994,0.014497668616,0.011199954454,0.0066933195350000006,0.1609993696,0.039944221829,0.047134180504000006,0.39395535925200004,9.051645674264,0.020959743603,0.013278159192999999,0.0066193284820000005,0.005377109087000001,0.09515283695200001,0.022337978990999995,0.026358810248999998,0.28220632418099995,1.8710069934029998,0.013253438795999998,0.001219509423,0.004580625972,0.001316210448,0.06584653264799999,0.0,0.0,0.0,0.0,0.0,0.0,0.0,0.0,0.0,0.998819,14540313.983226117,8.803987,9.24418635,9.6843857,10.12458505,10.564784399999999,11.00498375,11.4451831,11.88538245,12.325581799999998,12.765781149999999,13.205980499999999,13.64617985,14.0863792,14.52657855,14.9667779,15.406977249999999,15.8471766,16.287375949999998,16.727575299999998,17.16777465,17.607974
SF11C46897412282051210,0,,2019-05-19T00:00:00-0700,0.005701,0.005701,0.004746,0.000329,0.040403817734,0.04767650773900001,0.47734600537200006,5.090351608529,0.023152936096000002,0.00552409673,0.007815268971000001,0.003284763837,0.11234447710800001,0.011943925658,0.014093835469000001,0.11779862280000002,2.706579161459,0.00626728033,0.003970370234,0.001979278881,0.0016078359270000001,0.028452140328,0.028459892076000002,0.03358267227,0.35954738257200003,2.38377244707,0.016885655766000002,0.001553726496,0.005835990090000001,0.0016769279100000002,0.08389233678,0.0,0.0,0.0,0.0,0.0,0.0,0.0,0.0,0.0,0.91904,5451270.441077434,8.513007,9.04116895,9.5693309,10.09749285,10.6256548,11.15381675,11.6819787,12.21014065,12.7383026,13.266464550000002,13.794626500000001,14.322788450000001,14.850950400000002,15.379112350000002,15.907274300000001,16.435436250000002,16.9635982,17.49176015,18.019922100000002,18.54808405,19.076246000000005
SF11C46897412282051210,1,,2019-05-19T01:00:00-0700,0.005701,0.005701,0.004171,0.000594,0.036955769284000003,0.043607810614,0.43378516572200004,4.801546476404,0.021107160271,0.00533585553,0.007108211596000001,0.0030815962120000003,0.10218052985800001,0.011943925658,0.014093835469000001,0.11779862280000002,2.706579161459,0.00626728033,0.003970370234,0.001979278881,0.0016078359270000001,0.028452140328,0.025011843626,0.029513975145,0.315986542922,2.094967314945,0.014839879941,0.0013654852960000002,0.005128932715,0.0014737602850000001,0.07372838953000001,0.0,0.0,0.0,0.0,0.0,0.0,0.0,0.0,0.0,0.91904,5451270.441077434,8.513007,9.0928242,9.6726414,10.2524586,10.8322758,11.412093,11.9919102,12.5717274,13.151544600000001,13.7313618,14.311179,14.8909962,15.4708134,16.0506306,16.6304478,17.210265,17.7900822,18.3698994,18.949716600000002,19.529533800000003,20.109351
SF11C46897412282051210,2,,2019-05-19T02:00:00-0700,0.005701,0.005701,0.00348,0.000794,0.032812114537999995,0.038718298069,0.38143640016,4.454478048059,0.018648671409999998,0.005109638713999999,0.006258513081,0.002837441727,0.089966116728,0.011943925658,0.014093835469000001,0.11779862280000002,2.706579161459,0.00626728033,0.003970370234,0.001979278881,0.0016078359270000001,0.028452140328,0.02086818888,0.0246244626,0.26363777736,1.7478988866,0.01238139108,0.00113926848,0.0042792342,0.0012296058,0.0615139764,0.0,0.0,0.0,0.0,0.0,0.0,0.0,0.0,0.0,0.946027,5451270.441077434,8.513007,8.8589499,9.2048928,9.5508357,9.8967786,10.2427215,10.588664399999999,10.9346073,11.2805502,11.6264931,11.972436,12.318378899999999,12.6643218,13.0102647,13.356207600000001,13.7021505,14.048093399999999,14.3940363,14.7399792,15.085922100000001,15.431865
SF11C46897412282051210,3,,2019-05-19T03:00:00-0700,0.005701,0.005701,0.003029,0.000948,0.030107645231999998,0.035527024324,0.347269550278,4.227954370514,0.017044071589,0.004961992138,0.005703934166,0.002678087642,0.081994046798,0.011943925658,0.014093835469000001,0.11779862280000002,2.706579161459,0.00626728033,0.003970370234,0.001979278881,0.0016078359270000001,0.028452140328,0.018163719574,0.021433188855,0.229470927478,1.521375209055,0.010776791259,0.000991621904,0.003724655285,0.001070251715,0.05354190647,0.0,0.0,0.0,0.0,0.0,0.0,0.0,0.0,0.0,0.95952,5451270.441077434,8.513007,8.72745895,8.9419109,9.15636285,9.3708148,9.58526675,9.7997187,10.01417065,10.2286226,10.44307455,10.6575265,10.87197845,11.086430400000001,11.30088235,11.515334300000001,11.72978625,11.944238200000001,12.15869015,12.3731421,12.58759405,12.802046
SF11C46897412282051210,4,,2019-05-19T04:00:00-0700,0.005701,0.005701,0.002735,0.001072,0.028344643068,0.033446681794,0.32499670357,4.0802870507839994,0.015998057515,0.004865743594,0.005342412656,0.002574207152,0.076797176378,0.011943925658,0.014093835469000001,0.11779862280000002,2.706579161459,0.00626728033,0.003970370234,0.001979278881,0.0016078359270000001,0.028452140328,0.01640071741,0.019352846325,0.20719808077,1.3737078893249999,0.009730777185000001,0.0008953733600000001,0.003363133775,0.000966371225,0.04834503605,0.0,0.0,0.0,0.0,0.0,0.0,0.0,0.0,0.0,0.967616,5451270.441077434,8.513007,8.64204185,8.7710767,8.90011155,9.0291464,9.15818125,9.2872161,9.41625095,9.5452858,9.67432065,9.8033555,9.93239035,10.0614252,10.19046005,10.3194949,10.44852975,10.5775646,10.70659945,10.8356343,10.96466915,11.093704
SF11C46897412282051210,5,,2019-05-19T05:00:00-0700,0.005701,0.005701,0.002543,0.001174,0.027193294716000002,0.032088090754,0.310451171026,3.983851250144,0.015314946283,0.004802887402,0.005106316976,0.0025063668320000005,0.073403301818,0.011943925658,0.014093835469000001,0.11779862280000002,2.706579161459,0.00626728033,0.003970370234,0.001979278881,0.0016078359270000001,0.028452140328,0.015249369058000001,0.017994255285,0.192652548226,1.277272088685,0.009047665953,0.000832517168,0.003127038095,0.0008985309050000001,0.04495116149,0.0,0.0,0.0,0.0,0.0,0.0,0.0,0.0,0.0,0.973013,5451270.441077434,8.513007,8.58152855,8.6500501,8.71857165,8.7870932,8.85561475,8.9241363,8.99265785,9.0611794,9.12970095,9.1982225,9.26674405,9.3352656,9.40378715,9.4723087,9.540830249999999,9.6093518,9.67787335,9.7463949,9.81491645,9.883438
SF11C46897412282051210,6,,2019-05-19T06:00:00-0700,0.005701,0.005701,0.002419,0.00126,0.026449715572,0.031210667374000002,0.301057181258,3.9215697955640003,0.014873770279,0.004762292778,0.004953838516,0.0024625532920000003,0.071211424498,0.011943925658,0.014093835469000001,0.11779862280000002,2.706579161459,0.00626728033,0.003970370234,0.001979278881,0.0016078359270000001,0.028452140328,0.014505789914,0.017116831905,0.18325855845800001,1.214990634105,0.008606489949,0.000791922544,0.0029745596350000004,0.0008547173650000001,0.04275928417,0.0,0.0,0.0,0.0,0.0,0.0,0.0,0.0,0.0,0.976869,5451270.441077434,8.513007,8.53609035,8.5591737,8.58225705,8.6053404,8.62842375,8.6515071,8.67459045,8.6976738,8.72075715,8.743840500000001,8.76692385,8.7900072,8.81309055,8.8361739,8.85925725,8.882340600000001,8.90542395,8.9285073,8.95159065,8.974674
SF11C46897412282051210,7,,2019-05-19T07:00:00-0700,0.005701,0.005701,0.002337,0.001334,0.025957993880000002,0.030630435784,0.29484502673400004,3.880383672374,0.014582024857,0.004735447946,0.004853005986,0.002433579822,0.069761957238,0.011943925658,0.014093835469000001,0.11779862280000002,2.706579161459,0.00626728033,0.003970370234,0.001979278881,0.0016078359270000001,0.028452140328,0.014014068222000001,0.016536600315,0.177046403934,1.173804510915,0.008314744527,0.000765077712,0.002873727105,0.0008257438950000001,0.04130981691,0.0,0.0,0.0,0.0,0.0,0.0,0.0,0.0,0.0,0.97976,5451270.441077434,8.513007,8.93865735,9.3643077,9.78995805,10.2156084,10.64125875,11.0669091,11.49255945,11.9182098,12.343860150000001,12.769510499999999,13.19516085,13.6208112,14.04646155,14.4721119,14.89776225,15.323412600000001,15.749062949999999,16.1747133,16.60036365,17.026014
SF11C46897412282051210,8,,2019-05-19T08:00:00-0700,0.005701,0.005701,0.002186,0.001393,0.025052506374,0.029561960539000003,0.283405571452,3.804540933329,0.014044786335999999,0.00468601417,0.004667326571,0.0023802262370000004,0.067092816308,0.011943925658,0.014093835469000001,0.11779862280000002,2.706579161459,0.00626728033,0.003970370234,0.001979278881,0.0016078359270000001,0.028452140328,0.013108580716,0.01546812507,0.16560694865199999,1.0979617718699999,0.007777506006,0.000715643936,0.00268804769,0.00077239031,0.03864067598,0.0,0.0,0.0,0.0,0.0,0.0,0.0,0.0,0.0,0.982009,5451270.441077434,8.513007,8.93865735,9.3643077,9.78995805,10.2156084,10.64125875,11.0669091,11.49255945,11.9182098,12.343860150000001,12.769510499999999,13.19516085,13.6208112,14.04646155,14.4721119,14.89776225,15.323412600000001,15.749062949999999,16.1747133,16.60036365,17.026014
SF11C46897412282051210,9,,2019-05-19T09:00:00-0700,0.005701,0.005701,0.002868,0.001495,0.029142191666,0.034387789129,0.335072515176,4.147088933519,0.016471254358,0.004909284602,0.005505958101,0.002621200707,0.079148141568,0.011943925658,0.014093835469000001,0.11779862280000002,2.706579161459,0.00626728033,0.003970370234,0.001979278881,0.0016078359270000001,0.028452140328,0.017198266008,0.02029395366,0.21727389237599998,1.44050977206,0.010203974028,0.0009389143679999999,0.00352667922,0.00101336478,0.050696001239999997,0.0,0.0,0.0,0.0,0.0,0.0,0.0,0.0,0.0,0.983808,5451270.441077434,8.513007,8.93865735,9.3643077,9.78995805,10.2156084,10.64125875,11.0669091,11.49255945,11.9182098,12.343860150000001,12.769510499999999,13.19516085,13.6208112,14.04646155,14.4721119,14.89776225,15.323412600000001,15.749062949999999,16.1747133,16.60036365,17.026014
SF11C46897412282051210,10,,2019-05-19T10:00:00-0700,0.020004,0.020003,0.01239,0.00225,0.116205393514,0.137122374557,1.3519593853799998,15.719650205527,0.06607191968000001,0.017986957942,0.022180210893,0.010019206731000001,0.318840499884,0.041907445173999996,0.049450796507,0.4133179884,9.496527445477,0.02198989799,0.013930769302,0.006944661543,0.005641386081000001,0.099829532184,0.07429794834,0.08767157805,0.9386413969799999,6.22312276005,0.04408202169,0.00405618864,0.01523554935,0.00437782065,0.2190109677,0.0,0.0,0.0,0.0,0.0,0.0,0.0,0.0,0.0,0.905184,19127734.415596034,29.791271,30.603124649999998,31.414978299999998,32.22683195,33.0386856,33.85053925,34.6623929,35.47424655,36.2861002,37.097953849999996,37.9098075,38.721661149999996,39.5335148,40.345368449999995,41.1572221,41.96907575,42.7809294,43.592783049999994,44.4046367,45.21649035,46.028344
SF11C46897412282051210,11,,2019-05-19T11:00:00-0700,0.040008,0.040007,0.029232,0.004118,0.259109771998,0.305749551023,3.041213969424,33.675880293553,0.147984580382,0.03743209027,0.049835237547000005,0.021611742909000003,0.7163814568560001,0.083816985406,0.098904065183,0.8266566396,18.993529646113,0.04398089531,0.027862235038,0.013889670267000002,0.011283054189000002,0.199664055096,0.175292786592,0.20684548584,2.214557329824,14.68235064744,0.104003685072,0.009569855232000001,0.03594556728,0.010328688720000001,0.51671740176,0.0,0.0,0.0,0.0,0.0,0.0,0.0,0.0,0.0,0.708636,38255468.83119207,59.360663,63.370231950000004,67.3798009,71.38936985000001,75.3989388,79.40850775000001,83.4180767,87.42764565,91.4372146,95.44678355,99.45635250000001,103.46592145,107.47549040000001,111.48505935,115.4946283,119.50419725,123.5137662,127.52333515000001,131.5329041,135.54247305,139.55204200000003
SF11C46897412282051210,12,,2019-05-19T12:00:00-0700,0.070014,0.070013,0.058339,0.007871,0.496517293188,0.585890440502,5.866309528298,62.540950517572,0.28453002755900003,0.06785822210600001,0.096044609788,0.040358766916,1.380641089234,0.146681295754,0.17308396819700003,1.4466646164,33.239032947067,0.07696739129,0.04875943364200001,0.024307183353000004,0.019745556351000004,0.349415839464,0.349835997434,0.412806472305,4.419644911898,29.301917570505,0.207562636269,0.019098788464,0.071737426435,0.020613210565,1.03122524977,0.0,0.0,0.0,0.0,0.0,0.0,0.0,0.0,0.0,0.644382,66947070.454586126,103.302336,109.33687395,115.3714119,121.40594985,127.4404878,133.47502575,139.5095637,145.54410165000002,151.5786396,157.61317755,163.6477155,169.68225345000002,175.7167914,181.75132935,187.7858673,193.82040525000002,199.8549432,205.88948115,211.9240191,217.95855705000002,223.993095
SF11C46897412282051210,13,,2019-05-19T13:00:00-0700,0.10002,0.100019,0.092507,0.013728,0.764273637344,0.901842940676,9.074816234074,93.948008174086,0.439081859867,0.099941203878,0.14847731659400001,0.060894019358,2.134361133842,0.209545606102,0.247263871211,2.0666725932,47.484536248020994,0.10995388727,0.069656632246,0.034724696439,0.028208058513,0.499167623832,0.554728031242,0.654579069465,7.0081436408740005,46.463471926065004,0.329127972597,0.030284571632,0.11375262015500001,0.032685960845,1.6351935100100001,0.0,0.0,0.0,0.0,0.0,0.0,0.0,0.0,0.0,0.668988,95638672.07798016,146.754021,152.9138693,159.0737176,165.2335659,171.3934142,177.5532625,183.71311079999998,189.8729591,196.0328074,202.1926557,208.352504,214.5123523,220.6722006,226.8320489,232.99189719999998,239.1517455,245.3115938,251.4714421,257.6312904,263.79113870000003,269.950987
SF11C46897412282051210,14,,2019-05-19T14:00:00-0700,0.130026,0.130025,0.130431,0.021803,1.054553233636,1.24437287807,12.567869920242,127.24159118061999,0.6069970556509999,0.133253809906,0.20552864514,0.08275639806000001,2.95447384953,0.27240991645,0.32144377422500003,2.68668057,61.730039548975,0.14294038325,0.09055383085,0.045142209525000004,0.036670560675000005,0.6489194081999999,0.7821433171859999,0.9229291038449999,9.881189350242,65.51155163164499,0.46405667240099996,0.042699979055999995,0.160386435615,0.046085837385,2.30555444133,0.0,0.0,0.0,0.0,0.0,0.0,0.0,0.0,0.0,0.703836,124330273.70137422,189.72118,195.2090345,200.696889,206.1847435,211.672598,217.16045250000002,222.648307,228.13616150000001,233.624016,239.1118705,244.599725,250.0875795,255.575434,261.0632885,266.551143,272.0389975,277.526852,283.0147065,288.502561,293.99041550000004,299.47827
SF11C46897412282051210,15,,2019-05-19T15:00:00-0700,0.160032,0.160031,0.170603,0.032097,1.358313200216,1.602809652224,16.231227549946,161.664276686314,0.782910345443,0.16730235718199998,0.265344260606,0.10541307384200001,3.814323179858,0.335274226798,0.39562367723900005,3.3066885468000002,75.975542849929,0.17592687923,0.111451029454,0.055559722611000006,0.045133062837000006,0.798671192568,1.023038973418,1.207185974985,12.924539003146,85.688733836385,0.606983466213,0.055851327728,0.20978453799500002,0.060280011005,3.01565198729,0.0,0.0,0.0,0.0,0.0,0.0,0.0,0.0,0.0,0.736568,153021875.32476828,232.209216,236.5738695,240.938523,245.3031765,249.66783,254.0324835,258.397137,262.7617905,267.126444,271.4910975,275.855751,280.22040450000003,284.585058,288.94971150000003,293.314365,297.6790185,302.043672,306.40832550000005,310.772979,315.1376325,319.502286
SF11C46897412282051210,16,,2019-05-19T16:00:00-0700,0.170034,0.170034,0.18914,0.042959,1.490429150812,1.758706478046,17.84224325068,175.723827731706,0.8598591981599999,0.180337355396,0.291611412254,0.11478396081799999,4.191913414952,0.356231091972,0.420352783746,3.5133785351999998,80.724518705406,0.18692347721999997,0.11841745875599999,0.059032574154,0.047954178918,0.8485934447519999,1.13419805884,1.3383536943,14.32886471548,94.9993090263,0.67293572094,0.06191989664,0.23257883810000002,0.0668297819,3.3433199702,0.0,0.0,0.0,0.0,0.0,0.0,0.0,0.0,0.0,0.783801,162585742.53256628,246.266348,248.77961285,251.2928777,253.80614255,256.3194074,258.83267225,261.3459371,263.85920195,266.3724668,268.88573165,271.3989965,273.91226135,276.42552620000004,278.93879105,281.4520559,283.96532075000005,286.47858560000003,288.99185045,291.5051153,294.01838015000004,296.531645
SF11C46897412282051210,17,,2019-05-19T17:00:00-0700,0.120024,0.120026,0.137005,0.049455,1.073026436538,1.2661712513689998,12.85929555671,125.796435978109,0.619394298935,0.128442336164,0.210141000031,0.082259234377,3.0207764110779998,0.251461431508,0.29672455639399997,2.4800732328,56.982962714134,0.13194818258,0.083590187284,0.041670746706,0.033850572702,0.5990171189279999,0.82156500503,0.9694466949749999,10.37922232391,68.813473263975,0.48744611635499996,0.04485214888,0.16847025332499999,0.048408661675,2.42175929215,0.0,0.0,0.0,0.0,0.0,0.0,0.0,0.0,0.0,0.863643,114766406.49357621,175.452295,175.84670319999998,176.2411114,176.6355196,177.0299278,177.42433599999998,177.8187442,178.2131524,178.6075606,179.0019688,179.396377,179.79078520000002,180.1851934,180.5796016,180.9740098,181.36841800000002,181.7628262,182.1572344,182.5516426,182.94605080000002,183.340459
SF11C46897412282051210,18,,2019-05-19T18:00:00-0700,0.070014,0.070016,0.080629,0.051603,0.630187926102,0.743621785559,7.555016935478001,73.73796851359899,0.36383827013900005,0.075157522448,0.12345488418100001,0.04823545014700001,1.774663686118,0.14668758092799997,0.17309138470399998,1.4467266048,33.240457212543994,0.07697068927999999,0.048761522944,0.024308224896,0.019746402432,0.34943081164799994,0.48350034517400003,0.5705304008550001,6.108290330678001,40.497511301055,0.28686758085900005,0.026395999504,0.09914665928500001,0.028489047715000004,1.42523287447,0.0,0.0,0.0,0.0,0.0,0.0,0.0,0.0,0.0,0.920459,66947070.454586126,103.302336,108.46745279999999,113.6325696,118.7976864,123.9628032,129.12792,134.29303679999998,139.4581536,144.6232704,149.7883872,154.953504,160.1186208,165.2837376,170.4488544,175.61397119999998,180.779088,185.9442048,191.1093216,196.2744384,201.4395552,206.604672
SF11C46897412282051210,19,,2019-05-19T19:00:00-0700,0.040008,0.040009,0.045701,0.051191,0.35787206632799995,0.422289057016,4.288913500582,41.948711057726,0.206581356541,0.042825038482000005,0.070087284794,0.027431381078,1.007504563982,0.083821175522,0.09890900952100001,0.8266979652,18.994479156431,0.04398309397,0.027863627906000003,0.013890364629000002,0.011283618243000003,0.199674036552,0.274050890806,0.323380047495,3.4622155353819997,22.954231901295,0.162598262571,0.014961410575999999,0.056196920165,0.016147762835,0.80783052743,0.0,0.0,0.0,0.0,0.0,0.0,0.0,0.0,0.0,0.954548,38255468.83119207,59.360663,62.32869615,65.29672930000001,68.26476245,71.2327956,74.20082875,77.1688619,80.13689505,83.1049282,86.07296135,89.04099450000001,92.00902765000001,94.9770608,97.94509395,100.9131271,103.88116025000001,106.8491934,109.81722655,112.78525970000001,115.75329285000001,118.721326
SF11C46897412282051210,20,,2019-05-19T20:00:00-0700,0.005701,0.005703,0.006417,0.048089,0.050428336476,0.059505439722,0.603978918894,5.930593946291999,0.029100337196999997,0.006072534894,0.009870733548,0.0038757506760000006,0.141891773094,0.011948115773999998,0.014098779807,0.1178399484,2.7075286717769997,0.006269478989999999,0.003971763102,0.0019799732430000002,0.0016083999810000001,0.028462121783999997,0.038480220702,0.045406659915,0.486138970494,3.2230652745149997,0.022830858207,0.002100771792,0.007890760305,0.0022673506950000003,0.11342965131,0.0,0.0,0.0,0.0,0.0,0.0,0.0,0.0,0.0,0.995575,5451270.441077434,8.513007,8.93865735,9.3643077,9.78995805,10.2156084,10.64125875,11.0669091,11.49255945,11.9182098,12.343860150000001,12.769510499999999,13.19516085,13.6208112,14.04646155,14.4721119,14.89776225,15.323412600000001,15.749062949999999,16.1747133,16.60036365,17.026014
SF11C46897412282051210,21,,2019-05-19T21:00:00-0700,0.005701,0.005701,0.006081,0.045185,0.048409286743999996,0.057122961064,0.5784829113419999,5.760881784854,0.027902693880999998,0.00596114369,0.009456871746,0.0037564660619999997,0.135942511158,0.011943925658,0.014093835469000001,0.11779862280000002,2.706579161459,0.00626728033,0.003970370234,0.001979278881,0.0016078359270000001,0.028452140328,0.036465361085999994,0.043029125594999995,0.46068428854199994,3.054302623395,0.021635413551,0.001990773456,0.0074775928649999995,0.002148630135,0.10749037082999999,0.0,0.0,0.0,0.0,0.0,0.0,0.0,0.0,0.0,0.998896,5451270.441077434,8.513007,8.93865735,9.3643077,9.78995805,10.2156084,10.64125875,11.0669091,11.49255945,11.9182098,12.343860150000001,12.769510499999999,13.19516085,13.6208112,14.04646155,14.4721119,14.89776225,15.323412600000001,15.749062949999999,16.1747133,16.60036365,17.026014
SF11C46897412282051210,22,,2019-05-19T22:00:00-0700,0.005701,0.005701,0.005723,0.042456,0.046262501796,0.054589754854,0.5513615537859999,5.581069198244,0.026628976063,0.0058439430819999996,0.009016651676,0.003629972132,0.129614349218,0.011943925658,0.014093835469000001,0.11779862280000002,2.706579161459,0.00626728033,0.003970370234,0.001979278881,0.0016078359270000001,0.028452140328,0.034318576138,0.040495919384999995,0.43356293098599996,2.8744900367849997,0.020361695733,0.0018735728479999999,0.007037372795,0.002022136205,0.10116220889,0.0,0.0,0.0,0.0,0.0,0.0,0.0,0.0,0.0,0.998896,5451270.441077434,8.513007,8.93865735,9.3643077,9.78995805,10.2156084,10.64125875,11.0669091,11.49255945,11.9182098,12.343860150000001,12.769510499999999,13.19516085,13.6208112,14.04646155,14.4721119,14.89776225,15.323412600000001,15.749062949999999,16.1747133,16.60036365,17.026014
SF11C46897412282051210,23,,2019-05-19T23:00:00-0700,0.005701,0.005701,0.005277,0.039885,0.043588015519999995,0.051433861084,0.517573493814,5.3570568696739995,0.025042165597,0.005697933386,0.008468221086,0.003472384722,0.121730661438,0.011943925658,0.014093835469000001,0.11779862280000002,2.706579161459,0.00626728033,0.003970370234,0.001979278881,0.0016078359270000001,0.028452140328,0.031644089862,0.037340025614999994,0.39977487101399994,2.6504777082149995,0.018774885267,0.001727563152,0.006488942205,0.0018645487949999998,0.09327852111,0.0,0.0,0.0,0.0,0.0,0.0,0.0,0.0,0.0,0.998896,5451270.441077434,8.513007,8.93865735,9.3643077,9.78995805,10.2156084,10.64125875,11.0669091,11.49255945,11.9182098,12.343860150000001,12.769510499999999,13.19516085,13.6208112,14.04646155,14.4721119,14.89776225,15.323412600000001,15.749062949999999,16.1747133,16.60036365,17.026014
SF11C46897512282051210,0,,2019-05-19T00:00:00-0700,0.005701,0.005698,0.004753,0.000329,0.062504405502,0.07375520324200001,0.672350345485,11.282482425452,0.034181184674,0.015173433582999999,0.011151541072,0.006887219913,0.16030336728,0.04233289214,0.049952816144000003,0.41751398704399995,9.592936281698,0.02221314018,0.014072196753999998,0.007015166774,0.005698660968,0.10084300457,0.020171513361999998,0.023802387098,0.254836358441,1.6895461437540003,0.011968044494000001,0.0011012368290000002,0.0041363742980000005,0.001188558945,0.059460362710000006,0.0,0.0,0.0,0.0,0.0,0.0,0.0,0.0,0.0,0.91627,15364628.79031208,8.803987,10.20890605,11.6138251,13.01874415,14.4236632,15.82858225,17.2335013,18.63842035,20.0433394,21.44825845,22.8531775,24.25809655,25.6630156,27.06793465,28.4728537,29.877772750000002,31.282691800000002,32.68761085,34.0925299,35.497448950000006,36.902368
SF11C46897512282051210,1,,2019-05-19T01:00:00-0700,0.005701,0.005701,0.00417,0.000594,0.06005246861,0.070861917548,0.641312098868,11.080294440761001,0.03272488707,0.015045765583,0.010647869483,0.006744432366000001,0.153063090365,0.04235518043,0.049979116328000006,0.417733808378,9.597986967701,0.02222483541,0.014079605773,0.007018860263,0.005701661316000001,0.100896098465,0.01769728818,0.02088280122,0.22357829049,1.48230747306,0.01050005166,0.0009661598100000001,0.00362900922,0.0010427710499999999,0.0521669919,0.0,0.0,0.0,0.0,0.0,0.0,0.0,0.0,0.0,0.91627,15364628.79031208,8.803987,10.3366172,11.869247399999999,13.4018776,14.9345078,16.467138,17.999768200000002,19.5323984,21.0650286,22.5976588,24.130289,25.6629192,27.195549400000004,28.728179600000004,30.260809800000004,31.793440000000004,33.326070200000004,34.858700400000004,36.3913306,37.9239608,39.456591
SF11C46897512282051210,2,,2019-05-19T02:00:00-0700,0.005701,0.005701,0.003479,0.000794,0.057119896396,0.06740148214200001,0.604263514041,10.834665072923,0.030984950452,0.01488566572,0.010046515677,0.006571637451,0.144418631995,0.04235518043,0.049979116328000006,0.417733808378,9.597986967701,0.02222483541,0.014079605773,0.007018860263,0.005701661316000001,0.100896098465,0.014764715965999998,0.017422365813999998,0.18652970566299998,1.236678105222,0.008760115042,0.000806059947,0.003027655414,0.000869976135,0.043522533530000004,0.0,0.0,0.0,0.0,0.0,0.0,0.0,0.0,0.0,0.94418,15364628.79031208,8.803987,9.90396325,11.0039395,12.103915749999999,13.203892,14.30386825,15.4038445,16.50382075,17.603797,18.70377325,19.803749500000002,20.90372575,22.003702,23.10367825,24.2036545,25.30363075,26.403607,27.503583250000002,28.603559500000003,29.70353575,30.803512
SF11C46897512282051210,3,,2019-05-19T03:00:00-0700,0.005701,0.005701,0.003028,0.000948,0.055205873142,0.06514293457600001,0.580082744494,10.674348365405,0.029849333354,0.014781172177,0.009654025711,0.006458858136000001,0.138776590425,0.04235518043,0.049979116328000006,0.417733808378,9.597986967701,0.02222483541,0.014079605773,0.007018860263,0.005701661316000001,0.100896098465,0.012850692711999998,0.015163818248,0.162348936116,1.076361397704,0.007624497944,0.000701566404,0.002635165448,0.0007571968199999999,0.03788049196,0.0,0.0,0.0,0.0,0.0,0.0,0.0,0.0,0.0,0.958135,15364628.79031208,8.803987,9.656192449999999,10.5083979,11.36060335,12.2128088,13.06501425,13.9172197,14.76942515,15.6216306,16.473836050000003,17.326041500000002,18.178246950000002,19.0304524,19.88265785,20.7348633,21.58706875,22.4392742,23.29147965,24.143685100000003,24.995890550000002,25.848096
SF11C46897512282051210,4,,2019-05-19T04:00:00-0700,0.005701,0.005701,0.002734,0.001072,0.053958150666,0.063670621972,0.564319670776,10.569840356513001,0.029109041942,0.014713054435,0.009398167507,0.006385339026000001,0.13509862984499998,0.04235518043,0.049979116328000006,0.417733808378,9.597986967701,0.02222483541,0.014079605773,0.007018860263,0.005701661316000001,0.100896098465,0.011602970235999998,0.013691505643999999,0.14658586239799998,0.971853388812,0.006884206532,0.000633448662,0.0023793072439999997,0.0006836777099999999,0.03420253138,0.0,0.0,0.0,0.0,0.0,0.0,0.0,0.0,0.0,0.966508,15364628.79031208,8.803987,9.4922027,10.180418399999999,10.8686341,11.5568498,12.245065499999999,12.9332812,13.6214969,14.309712600000001,14.9979283,15.686144,16.3743597,17.0625754,17.7507911,18.4390068,19.127222500000002,19.815438200000003,20.503653900000003,21.1918696,21.8800853,22.568301
SF11C46897512282051210,5,,2019-05-19T05:00:00-0700,0.005701,0.005701,0.002543,0.001174,0.053147555452,0.06271411956600001,0.554079034449,10.501945697675001,0.028628104324000002,0.014668801072,0.009231946701,0.006337576611000001,0.132709206475,0.04235518043,0.049979116328000006,0.417733808378,9.597986967701,0.02222483541,0.014079605773,0.007018860263,0.005701661316000001,0.100896098465,0.010792375021999999,0.012735003238,0.136345226071,0.9039587299740001,0.006403268914,0.000589195299,0.002213086438,0.0006359152949999999,0.03181310801,0.0,0.0,0.0,0.0,0.0,0.0,0.0,0.0,0.0,0.97209,15364628.79031208,8.803987,9.37409345,9.9441999,10.51430635,11.084412799999999,11.65451925,12.2246257,12.794732150000002,13.3648386,13.93494505,14.5050515,15.075157950000001,15.645264400000002,16.21537085,16.785477300000004,17.35558375,17.925690200000002,18.495796650000003,19.0659031,19.636009550000004,20.206116
SF11C46897512282051210,6,,2019-05-19T06:00:00-0700,0.005701,0.005701,0.002419,0.00126,0.052621305156,0.06209314418200001,0.547430663221,10.457867489843,0.028315872572000002,0.014640071139999999,0.009124033717000001,0.006306568551000001,0.131157957795,0.04235518043,0.049979116328000006,0.417733808378,9.597986967701,0.02222483541,0.014079605773,0.007018860263,0.005701661316000001,0.100896098465,0.010266124726,0.012114027854,0.129696854843,0.8598805221420001,0.006091037162,0.0005604653670000001,0.002105173454,0.0006049072349999999,0.030261859330000005,0.0,0.0,0.0,0.0,0.0,0.0,0.0,0.0,0.0,0.976077,15364628.79031208,8.803987,9.284144549999999,9.7643021,10.24445965,10.724617199999999,11.204774749999999,11.6849323,12.16508985,12.645247399999999,13.12540495,13.6055625,14.085720049999999,14.5658776,15.04603515,15.5261927,16.00635025,16.4865078,16.96666535,17.4468229,17.926980450000002,18.407138
SF11C46897512282051210,7,,2019-05-19T07:00:00-0700,0.005701,0.005701,0.002337,0.001334,0.052273300928,0.06168249917000001,0.543034159667,10.428718997567001,0.028109396736000002,0.014621072313999998,0.009052671905,0.006286063221000001,0.13013213205500002,0.04235518043,0.049979116328000006,0.417733808378,9.597986967701,0.02222483541,0.014079605773,0.007018860263,0.005701661316000001,0.100896098465,0.009918120498,0.011703382842000001,0.125300351289,0.830732029866,0.005884561326,0.000541466541,0.002033811642,0.000584401905,0.029236033590000002,0.0,0.0,0.0,0.0,0.0,0.0,0.0,0.0,0.0,0.979067,15364628.79031208,8.803987,9.212859049999999,9.6217311,10.03060315,10.4394752,10.84834725,11.2572193,11.66609135,12.0749634,12.48383545,12.8927075,13.30157955,13.7104516,14.119323650000002,14.528195700000001,14.93706775,15.3459398,15.754811850000001,16.163683900000002,16.57255595,16.981428
SF11C46897512282051210,8,,2019-05-19T08:00:00-0700,0.005701,0.005701,0.002186,0.001393,0.051632463874,0.060926311404000004,0.53493815922,10.375043115449001,0.027729179038000002,0.014586086671,0.008921261739,0.006248303406,0.128243111485,0.04235518043,0.049979116328000006,0.417733808378,9.597986967701,0.02222483541,0.014079605773,0.007018860263,0.005701661316000001,0.100896098465,0.009277283443999999,0.010947195076,0.117204350842,0.777056147748,0.005504343628,0.000506480898,0.001902401476,0.0005466420899999999,0.02734701302,0.0,0.0,0.0,0.0,0.0,0.0,0.0,0.0,0.0,0.981393,15364628.79031208,8.803987,9.15420075,9.5044145,9.85462825,10.204842,10.55505575,10.9052695,11.25548325,11.605697,11.95591075,12.3061245,12.65633825,13.006552,13.35676575,13.7069795,14.05719325,14.407407,14.75762075,15.1078345,15.45804825,15.808262
SF11C46897512282051210,9,,2019-05-19T09:00:00-0700,0.005701,0.005701,0.002869,0.001495,0.054531084455999995,0.064346683882,0.571557816871,10.617828727943001,0.029448971672,0.01474433299,0.009515653417,0.006419097801000001,0.136787489295,0.04235518043,0.049979116328000006,0.417733808378,9.597986967701,0.02222483541,0.014079605773,0.007018860263,0.005701661316000001,0.100896098465,0.012175904025999999,0.014367567554,0.153824008493,1.019841760242,0.007224136262,0.000664727217,0.002496793154,0.0007174364849999999,0.03589139083,0.0,0.0,0.0,0.0,0.0,0.0,0.0,0.0,0.0,0.983254,15364628.79031208,8.803987,9.10888035,9.4137737,9.718667049999999,10.0235604,10.32845375,10.6333471,10.93824045,11.243133799999999,11.54802715,11.8529205,12.15781385,12.4627072,12.767600550000001,13.072493900000001,13.37738725,13.6822806,13.98717395,14.2920673,14.59696065,14.901854
SF11C46897512282051210,10,,2019-05-19T10:00:00-0700,0.020004,0.019995,0.012404,0.00225,0.201193458266,0.237408296224,2.130160777498,38.072064870867,0.109181955142,0.05225503160699999,0.035411883649,0.02309912568,0.509045718455,0.14855145285,0.17529072636,1.4651091911099998,33.662822209995,0.07794870795,0.049381111634999995,0.024617104185,0.01999731942,0.353870810175,0.052642005416,0.062117569864,0.665051586388,4.409242660872001,0.031233247192,0.002873919972,0.010794779463999999,0.0031018062599999997,0.15517490828000002,0.0,0.0,0.0,0.0,0.0,0.0,0.0,0.0,0.0,0.901939,53912302.10864811,30.806742,33.8534226,36.9001032,39.9467838,42.9934644,46.040144999999995,49.0868256,52.1335062,55.1801868,58.226867399999996,61.273548,64.32022860000001,67.3669092,70.4135898,73.4602704,76.50695099999999,79.55363159999999,82.60031219999999,85.64699279999999,88.6936734,91.740354
SF11C46897512282051210,11,,2019-05-19T11:00:00-0700,0.040008,0.039996,0.029255,0.004118,0.42130435655,0.497139172918,4.499191091623,77.735003615586,0.22958483785,0.10555522002299998,0.074701227178,0.047316291111,1.0738299059899998,0.29714748228,0.350634053088,2.9306580248879994,67.33574579199599,0.15592080636,0.09877704130799998,0.049241595347999996,0.040000639536,0.7078478081399999,0.12415687426999998,0.14650511983,1.568533066735,10.39925782359,0.07366403149,0.006778178715,0.02545963183,0.007315651574999999,0.36598209785,0.0,0.0,0.0,0.0,0.0,0.0,0.0,0.0,0.0,0.698666,107824604.21729621,61.376219,71.99820315,82.6201873,93.24217145,103.8641556,114.48613975,125.1081239,135.73010804999998,146.3520922,156.97407635,167.5960605,178.21804465,188.8400288,199.46201294999997,210.08399709999998,220.70598124999998,231.32796539999998,241.94994954999999,252.5719337,263.19391785,273.815902
SF11C46897512282051210,12,,2019-05-19T12:00:00-0700,0.070014,0.069996,0.05838,0.007871,0.7677924168,0.905995110168,8.258967431748,138.594910444836,0.41987382959999997,0.186393468648,0.136982614428,0.084602914236,1.9691246447400002,0.52003038228,0.613635893088,5.128871364888,117.842605821996,0.27287310636,0.172867231308,0.086176485348,0.070004119536,1.23878675814,0.24776203451999998,0.29235921708,3.1300960668599997,20.75230462284,0.14700072324,0.01352623734,0.05080612908,0.014598794699999999,0.7303378866000001,0.0,0.0,0.0,0.0,0.0,0.0,0.0,0.0,0.0,0.644382,188693057.38026837,106.789559,122.6831615,138.576764,154.4703665,170.363969,186.25757149999998,202.151174,218.0447765,233.938379,249.83198149999998,265.725584,281.6191865,297.512789,313.4063915,329.29999399999997,345.1935965,361.087199,376.9808015,392.87440399999997,408.7680065,424.661609
SF11C46897512282051210,13,,2019-05-19T13:00:00-0700,0.10002,0.100002,0.092554,0.013728,1.135752777376,1.34018836322,12.289890078493997,201.259683737574,0.6228995837119999,0.26841635326799995,0.20366536169,0.12315811624199999,2.92768891471,0.74295785886,0.876690333456,7.327524347555999,168.35956722400198,0.38984879682,0.24697223934599996,0.123118762326,0.100013600232,1.76983189593,0.39279491851599996,0.463498029764,4.962365730937999,32.900116513572,0.23305078689199998,0.021444113922,0.080546599364,0.023144516009999998,1.1578570187800001,0.0,0.0,0.0,0.0,0.0,0.0,0.0,0.0,0.0,0.668988,269561510.5432405,151.679272,169.371656,187.06403999999998,204.75642399999998,222.44880799999999,240.141192,257.833576,275.52595999999994,293.218344,310.91072799999995,328.603112,346.29549599999996,363.98787999999996,381.68026399999997,399.3726479999999,417.065032,434.7574159999999,452.4498,470.14218399999993,487.834568,505.52695199999994
SF11C46897512282051210,14,,2019-05-19T14:00:00-0700,0.130026,0.130008,0.130483,0.021803,1.519649185222,1.793186153102,16.522140418474997,265.259244694902,0.8353804203140001,0.351309245103,0.273615957782,0.162652312323,3.93322849753,0.9658853354400001,1.139744773824,9.526177330224,218.87652862600802,0.5068244872800001,0.321077247384,0.160061039304,0.13002308092800002,2.3008770337200004,0.5537638497819999,0.653441379278,6.995963088250999,46.382716068894,0.328555933034,0.030231997719,0.11355491847799999,0.03262923139499999,1.6323514638099998,0.0,0.0,0.0,0.0,0.0,0.0,0.0,0.0,0.0,0.703836,350429963.70621264,196.051395,214.0027779,231.9541608,249.9055437,267.8569266,285.8083095,303.75969240000006,321.71107530000006,339.66245820000006,357.61384110000006,375.56522400000006,393.51660690000006,411.46798980000005,429.41937270000005,447.37075560000005,465.32213850000005,483.27352140000005,501.22490430000005,519.1762872,537.1276701,555.079053
SF11C46897512282051210,15,,2019-05-19T15:00:00-0700,0.160032,0.160014,0.170658,0.032097,1.913077513752,2.2574316100200003,20.874812063117997,330.05718996505794,1.053516680424,0.43472251941599993,0.34552117131,0.20270815439399997,4.96686569757,1.1888128120199999,1.402799214192,11.724830312891998,269.39349002801396,0.62380017774,0.3951822554219999,0.197003316282,0.16003256162399998,2.8319221715099996,0.724264701732,0.854632395828,9.149981750225999,60.66369993704401,0.429716502684,0.039540263994,0.148517855028,0.04267559277,2.1349435260600003,0.0,0.0,0.0,0.0,0.0,0.0,0.0,0.0,0.0,0.736568,431298416.86918485,239.911896,257.28631635,274.66073670000003,292.03515705,309.4095774,326.78399775,344.1584181,361.53283845,378.9072588,396.28167915000006,413.65609950000004,431.03051985,448.40494020000006,465.77936055000004,483.1537809,500.52820125000005,517.9026216,535.27704195,552.6514623,570.0258826500001,587.4003030000001
SF11C46897512282051210,16,,2019-05-19T16:00:00-0700,0.170034,0.170028,0.189165,0.042959,2.06601868245,2.4379022002740003,22.600845081788997,353.49505236199803,1.1391559471500001,0.463741767189,0.37395605045400004,0.21735126897300003,5.37561698457,1.2632111240400001,1.490589228384,12.458593925784,286.25267990602805,0.6628388554800001,0.419913560844,0.20933218256400002,0.17004772324800002,3.00914959302,0.80280755841,0.94731297189,10.142251156004999,67.24237245597,0.47631709166999997,0.043828206345,0.16462386789,0.047303545725,2.36646739155,0.0,0.0,0.0,0.0,0.0,0.0,0.0,0.0,0.0,0.783801,458254567.9235088,254.419391,268.7974898,283.17558859999997,297.5536874,311.9317862,326.309885,340.6879838,355.06608259999996,369.4441814,383.82228019999997,398.200379,412.5784778,426.95657659999995,441.3346754,455.71277419999996,470.090873,484.46897179999996,498.84707059999994,513.2251693999999,527.6032682,541.981367
SF11C46897512282051210,17,,2019-05-19T17:00:00-0700,0.120024,0.120054,0.136933,0.049455,1.4730701423019998,1.7382228782899998,16.138595767913,250.79384628304797,0.812816734274,0.328220539911,0.26697417698,0.154310076909,3.8377529054199995,0.89193278922,1.052480763312,8.796810144012,202.11835246805398,0.46801971414,0.29649412234199995,0.147806042802,0.120067926264,2.1247114901099997,0.581137353082,0.685742114978,7.341785623900999,48.675493814994,0.344797020134,0.031726417569,0.119168134178,0.034242150645,1.71304141531,0.0,0.0,0.0,0.0,0.0,0.0,0.0,0.0,0.0,0.858978,323473812.6518886,181.317828,189.28803069999998,197.2582334,205.22843609999998,213.1986388,221.16884149999998,229.1390442,237.1092469,245.07944959999998,253.0496523,261.019855,268.99005769999997,276.9602604,284.9304631,292.90066579999996,300.8708685,308.8410712,316.81127389999995,324.7814766,332.7516793,340.721882
SF11C46897512282051210,18,,2019-05-19T18:00:00-0700,0.070014,0.070044,0.080552,0.051603,0.8622459775279999,1.017450318064,9.451256241375999,146.55718935678,0.475890004936,0.19164911014799998,0.156337248004,0.090195360984,2.2473474191,0.52038699492,0.614056696032,5.132388506231999,117.92341679804399,0.27306023004,0.172985775612,0.08623558117199999,0.070052125104,1.23963626046,0.34185898260799996,0.40339362203199997,4.318867735144,28.633772558736002,0.202829774896,0.018663334536,0.070101666832,0.02014323588,1.00771115864,0.0,0.0,0.0,0.0,0.0,0.0,0.0,0.0,0.0,0.917737,188693057.38026837,106.789559,110.37624455,113.9629301,117.54961564999999,121.13630119999999,124.72298674999999,128.3096723,131.89635785,135.48304339999999,139.06972895,142.65641449999998,146.24310005,149.82978559999998,153.41647115,157.0031567,160.58984225,164.1765278,167.76321335,171.3498989,174.93658445,178.52327
SF11C46897512282051210,19,,2019-05-19T19:00:00-0700,0.040008,0.040026,0.045653,0.051191,0.49111959714199993,0.579521161426,5.3805827839689995,83.61449799198,0.27099192135399996,0.10942861202699998,0.08900878393600001,0.051446860461,1.2795009728,0.29737036518,0.350897054928,2.9328562382279997,67.386252652026,0.15603775866,0.09885113149799998,0.049278530238,0.040030643016,0.7083787470899999,0.19374923196199997,0.228624106498,2.447726545741,16.228245339954,0.114954162694,0.010577480529,0.039730253698,0.011416217445,0.57112222571,0.0,0.0,0.0,0.0,0.0,0.0,0.0,0.0,0.0,0.952993,107824604.21729621,61.376219,62.86647985,64.3567407,65.84700155,67.3372624,68.82752325,70.3177841,71.80804495,73.29830580000001,74.78856665,76.2788275,77.76908835,79.2593492,80.74961005,82.2398709,83.73013175,85.2203926,86.71065345,88.20091430000001,89.69117515,91.181436
SF11C46897512282051210,20,,2019-05-19T20:00:00-0700,0.005701,0.005722,0.006363,0.048089,0.069515477762,0.082028268974,0.7604305103269999,11.895193676456,0.038328723294,0.015605731464999998,0.012582217244,0.007313827347,0.18086933113999998,0.042511198459999996,0.050163217616,0.4192725577159999,9.633341769722,0.02230670202,0.014131468905999998,0.0070447146859999995,0.005722663752,0.10126775572999999,0.027004279301999997,0.031865051357999996,0.34115795261099996,2.261851906734,0.016022021274,0.001474262559,0.005537502558,0.0015911635949999998,0.07960157541,0.0,0.0,0.0,0.0,0.0,0.0,0.0,0.0,0.0,0.995267,15364628.79031208,8.803987,9.24418635,9.6843857,10.12458505,10.564784399999999,11.00498375,11.4451831,11.88538245,12.325581799999998,12.765781149999999,13.205980499999999,13.64617985,14.0863792,14.52657855,14.9667779,15.406977249999999,15.8471766,16.287375949999998,16.727575299999998,17.16777465,17.607974
SF11C46897512282051210,21,,2019-05-19T21:00:00-0700,0.005701,0.005701,0.006081,0.045185,0.068162664704,0.08043194947400001,0.7437720780349999,11.759596498559,0.037536781248,0.015488530906,0.012310947809,0.007222306581,0.176969834135,0.04235518043,0.049979116328000006,0.417733808378,9.597986967701,0.02222483541,0.014079605773,0.007018860263,0.005701661316000001,0.100896098465,0.025807484273999995,0.030452833146,0.32603826965699995,2.161609530858,0.015311945837999998,0.001408925133,0.0052920875459999996,0.0015206452649999997,0.07607373567,0.0,0.0,0.0,0.0,0.0,0.0,0.0,0.0,0.0,0.998819,15364628.79031208,8.803987,9.24418635,9.6843857,10.12458505,10.564784399999999,11.00498375,11.4451831,11.88538245,12.325581799999998,12.765781149999999,13.205980499999999,13.64617985,14.0863792,14.52657855,14.9667779,15.406977249999999,15.8471766,16.287375949999998,16.727575299999998,17.16777465,17.607974
SF11C46897512282051210,22,,2019-05-19T22:00:00-0700,0.005701,0.005701,0.005722,0.042456,0.066639085218,0.07863412558,0.724523971012,11.631982977497001,0.036632819966,0.015405353119,0.011998522315,0.007132533246000001,0.172478719005,0.04235518043,0.049979116328000006,0.417733808378,9.597986967701,0.02222483541,0.014079605773,0.007018860263,0.005701661316000001,0.100896098465,0.024283904787999997,0.028655009252,0.30679016263399994,2.033996009796,0.014407984555999998,0.001325747346,0.004979662052,0.0014308719299999998,0.07158262054,0.0,0.0,0.0,0.0,0.0,0.0,0.0,0.0,0.0,0.998819,15364628.79031208,8.803987,9.24418635,9.6843857,10.12458505,10.564784399999999,11.00498375,11.4451831,11.88538245,12.325581799999998,12.765781149999999,13.205980499999999,13.64617985,14.0863792,14.52657855,14.9667779,15.406977249999999,15.8471766,16.287375949999998,16.727575299999998,17.16777465,17.607974
SF11C46897512282051210,23,,2019-05-19T23:00:00-0700,0.005701,0.005701,0.005277,0.039885,0.064750525688,0.07640562521000001,0.700664896847,11.473799086487,0.035512310856,0.015302249734,0.011611253945,0.007021254321,0.166911737855,0.04235518043,0.049979116328000006,0.417733808378,9.597986967701,0.02222483541,0.014079605773,0.007018860263,0.005701661316000001,0.100896098465,0.022395345257999997,0.026426508882,0.28293108846899995,1.875812118786,0.013287475445999999,0.0012226439609999999,0.004592393681999999,0.0013195930049999997,0.06601563938999999,0.0,0.0,0.0,0.0,0.0,0.0,0.0,0.0,0.0,0.998819,15364628.79031208,8.803987,9.24418635,9.6843857,10.12458505,10.564784399999999,11.00498375,11.4451831,11.88538245,12.325581799999998,12.765781149999999,13.205980499999999,13.64617985,14.0863792,14.52657855,14.9667779,15.406977249999999,15.8471766,16.287375949999998,16.727575299999998,17.16777465,17.607974
SF11C46897612282051210,0,,2019-05-19T00:00:00-0700,0.005701,0.005698,0.004753,0.000329,0.058389046548,0.06889907196200001,0.631999715781,10.337658382023,0.03202763186,0.013781581072,0.010472938889,0.006326734456,0.150548498996,0.038131751042,0.044995464976,0.376079635316,8.6409272565,0.020008692241999998,0.012675662538000001,0.006318973738,0.0051331230719999996,0.090835276686,0.020257295506,0.023903606986000005,0.25592008046500003,1.696731125523,0.012018939618000001,0.001105918534,0.004153965151000001,0.0011936113840000002,0.05971322231,0.0,0.0,0.0,0.0,0.0,0.0,0.0,0.0,0.0,0.91627,13935735.086186774,8.803987,10.102714599999999,11.4014422,12.7001698,13.9988974,15.297625,16.5963526,17.895080200000002,19.193807800000002,20.4925354,21.791263,23.0899906,24.3887182,25.6874458,26.986173400000002,28.284901,29.5836286,30.8823562,32.181083799999996,33.4798114,34.778539
SF11C46897612282051210,1,,2019-05-19T01:00:00-0700,0.005701,0.005701,0.00417,0.000594,0.055924375769,0.065990760652,0.6008067252920001,10.13408785872,0.030563930849000002,0.013652603541000001,0.009966743071000001,0.006183029424,0.143271937407,0.038151827429,0.045019155112000005,0.37627764144200004,8.64547670925,0.020019226829,0.012682336281000002,0.006322300681000001,0.005135825664,0.090883101507,0.01777254834,0.02097160554,0.22452908385,1.48861114947,0.01054470402,0.00097026726,0.00364444239,0.00104720376,0.0523888359,0.0,0.0,0.0,0.0,0.0,0.0,0.0,0.0,0.0,0.91627,13935735.086186774,8.803987,10.22225855,11.6405301,13.05880165,14.4770732,15.89534475,17.3136163,18.73188785,20.1501594,21.56843095,22.9867025,24.40497405,25.8232456,27.24151715,28.6597887,30.07806025,31.4963318,32.91460335,34.3328749,35.75114645,37.169418
SF11C46897612282051210,2,,2019-05-19T02:00:00-0700,0.005701,0.005701,0.003479,0.000794,0.052979332387,0.06251560971,0.563600586937,9.887413924838999,0.028816595003000003,0.013491823043000001,0.009362831874000001,0.006009499976,0.134590717837,0.038151827429,0.045019155112000005,0.37627764144200004,8.64547670925,0.020019226829,0.012682336281000002,0.006322300681000001,0.005135825664,0.090883101507,0.014827504957999999,0.017496454598000002,0.187322945495,1.2419372155889998,0.008797368174,0.000809486762,0.003040531193,0.000873674312,0.04370761633,0.0,0.0,0.0,0.0,0.0,0.0,0.0,0.0,0.0,0.94418,13935735.086186774,8.803987,9.813935599999999,10.823884199999998,11.8338328,12.8437814,13.853729999999999,14.8636786,15.8736272,16.8835758,17.893524399999997,18.903472999999998,19.9134216,20.9233702,21.9333188,22.9432674,23.953215999999998,24.9631646,25.9731132,26.983061799999998,27.9930104,29.002958999999997
SF11C46897612282051210,3,,2019-05-19T03:00:00-0700,0.005701,0.005701,0.003028,0.000948,0.051057169485,0.060247457648000005,0.539316985782,9.726415452798,0.027676148597000003,0.013386885265000002,0.008968672757000001,0.005896241248,0.128924683067,0.038151827429,0.045019155112000005,0.37627764144200004,8.64547670925,0.020019226829,0.012682336281000002,0.006322300681000001,0.005135825664,0.090883101507,0.012905342055999998,0.015228302536,0.16303934434,1.080938743548,0.007656921768,0.0007045489839999999,0.002646372076,0.000760415584,0.038041581559999996,0.0,0.0,0.0,0.0,0.0,0.0,0.0,0.0,0.0,0.958135,13935735.086186774,8.803987,9.580240799999999,10.3564946,11.1327484,11.9090022,12.685255999999999,13.4615098,14.237763600000001,15.0140174,15.7902712,16.566525,17.3427788,18.1190326,18.8952864,19.671540200000003,20.447794000000002,21.2240478,22.0003016,22.7765554,23.552809200000002,24.329063
SF11C46897612282051210,4,,2019-05-19T04:00:00-0700,0.005701,0.005701,0.002734,0.001072,0.049804140897,0.05876888402000001,0.5234868777120001,9.621463012044,0.026932709033,0.013318477933000002,0.008711726459,0.005822409616,0.125231081687,0.038151827429,0.045019155112000005,0.37627764144200004,8.64547670925,0.020019226829,0.012682336281000002,0.006322300681000001,0.005135825664,0.090883101507,0.011652313467999999,0.013749728908,0.14720923627,0.9759863027939999,0.006913482204,0.000636141652,0.002389425778,0.000686583952,0.034347980179999994,0.0,0.0,0.0,0.0,0.0,0.0,0.0,0.0,0.0,0.966508,13935735.086186774,8.803987,9.42565825,10.0473295,10.669000749999999,11.290671999999999,11.91234325,12.5340145,13.15568575,13.777356999999999,14.39902825,15.0206995,15.64237075,16.264042,16.885713250000002,17.5073845,18.12905575,18.750726999999998,19.37239825,19.994069500000002,20.61574075,21.237412
SF11C46897612282051210,5,,2019-05-19T05:00:00-0700,0.005701,0.005701,0.002543,0.001174,0.048990098515000004,0.05780831407800001,0.5132026918570001,9.553279623663,0.026449726187000002,0.013274036435000003,0.008544798762,0.005774444168,0.122831497117,0.038151827429,0.045019155112000005,0.37627764144200004,8.64547670925,0.020019226829,0.012682336281000002,0.006322300681000001,0.005135825664,0.090883101507,0.010838271086,0.012789158966000002,0.136925050415,0.907802914413,0.006430499358,0.000591700154,0.0022224980810000004,0.000638618504,0.03194839561,0.0,0.0,0.0,0.0,0.0,0.0,0.0,0.0,0.0,0.97209,13935735.086186774,8.803987,9.3143809,9.8247748,10.3351687,10.8455626,11.3559565,11.8663504,12.3767443,12.887138199999999,13.3975321,13.907926,14.4183199,14.9287138,15.439107700000001,15.949501600000001,16.459895500000002,16.9702894,17.480683300000003,17.9910772,18.5014711,19.011865
SF11C46897612282051210,6,,2019-05-19T06:00:00-0700,0.005701,0.005701,0.002419,0.00126,0.048461610267,0.057184697990000005,0.506526047637,9.509013968379,0.026136166643000003,0.013245184363000002,0.008436426854000001,0.005743304296,0.121273651637,0.038151827429,0.045019155112000005,0.37627764144200004,8.64547670925,0.020019226829,0.012682336281000002,0.006322300681000001,0.005135825664,0.090883101507,0.010309782838000001,0.012165542878000002,0.130248406195,0.863537259129,0.006116939814,0.000562848082,0.002114126173,0.0006074786320000001,0.03039055013,0.0,0.0,0.0,0.0,0.0,0.0,0.0,0.0,0.0,0.976077,13935735.086186774,8.803987,9.22966975,9.6553525,10.08103525,10.506718,10.93240075,11.3580835,11.78376625,12.209449,12.63513175,13.0608145,13.48649725,13.91218,14.33786275,14.7635455,15.18922825,15.614911,16.04059375,16.4662765,16.89195925,17.317642
SF11C46897612282051210,7,,2019-05-19T07:00:00-0700,0.005701,0.005701,0.002337,0.001334,0.048112126103,0.056772306706,0.5021108474270001,9.479741518916999,0.025928812751,0.013226104767000002,0.008364761560000001,0.0057227118,0.120243463497,0.038151827429,0.045019155112000005,0.37627764144200004,8.64547670925,0.020019226829,0.012682336281000002,0.006322300681000001,0.005135825664,0.090883101507,0.009960298674,0.011753151594000002,0.125833205985,0.834264809667,0.005909585922000001,0.000543768486,0.0020424608790000002,0.0005868861360000001,0.02936036199,0.0,0.0,0.0,0.0,0.0,0.0,0.0,0.0,0.0,0.979067,13935735.086186774,8.803987,9.1625558,9.5211246,9.879693399999999,10.2382622,10.596831,10.955399799999999,11.313968599999999,11.6725374,12.0311062,12.389675,12.7482438,13.1068126,13.4653814,13.823950199999999,14.182519,14.5410878,14.8996566,15.2582254,15.6167942,15.975363
SF11C46897612282051210,8,,2019-05-19T08:00:00-0700,0.005701,0.005701,0.002186,0.001393,0.047468563801,0.056012903244000004,0.493980417772,9.425837374176,0.025546978145000003,0.013190970389000002,0.008232792543,0.005684791472,0.118346409727,0.038151827429,0.045019155112000005,0.37627764144200004,8.64547670925,0.020019226829,0.012682336281000002,0.006322300681000001,0.005135825664,0.090883101507,0.009316736372,0.010993748132,0.11770277633,0.780360664926,0.0055277513160000005,0.000508634108,0.001910491862,0.000548965808,0.02746330822,0.0,0.0,0.0,0.0,0.0,0.0,0.0,0.0,0.0,0.981393,13935735.086186774,8.803987,9.107291,9.410594999999999,9.713899,10.017203,10.320507,10.623811,10.927115,11.230419,11.533723,11.837026999999999,12.140331,12.443635,12.746939000000001,13.050243,13.353547,13.656851,13.960155,14.263459000000001,14.566763000000002,14.870067
SF11C46897612282051210,9,,2019-05-19T09:00:00-0700,0.005701,0.005701,0.002869,0.001495,0.050379511167,0.05944782089,0.530755804887,9.669655459329,0.027274084343,0.013349889463000001,0.008829712004000002,0.005856311896,0.126927123137,0.038151827429,0.045019155112000005,0.37627764144200004,8.64547670925,0.020019226829,0.012682336281000002,0.006322300681000001,0.005135825664,0.090883101507,0.012227683738,0.014428665778000001,0.154478163445,1.024178750079,0.0072548575140000005,0.000667553182,0.002507411323,0.000720486232,0.03604402163,0.0,0.0,0.0,0.0,0.0,0.0,0.0,0.0,0.0,0.983254,13935735.086186774,8.803987,9.0650107,9.3260344,9.5870581,9.8480818,10.1091055,10.3701292,10.6311529,10.892176599999999,11.1532003,11.414224,11.6752477,11.9362714,12.1972951,12.4583188,12.7193425,12.9803662,13.241389900000001,13.5024136,13.7634373,14.024461
SF11C46897612282051210,10,,2019-05-19T10:00:00-0700,0.020004,0.019997,0.012404,0.00225,0.18668837642100003,0.220292275312,1.987722631494,34.753129000014,0.10158611463700001,0.047371084169,0.033016979725000006,0.021129569120000004,0.474619116259,0.13382250361300002,0.157910549864,1.319842833874,30.32513554725,0.070220045413,0.044484946257,0.022176293057,0.018014577408000002,0.318784315179,0.052865872808,0.062381725448000004,0.66787979762,4.427993452764,0.031366069224,0.002886137912,0.010840686668000001,0.0031149917120000003,0.15583480108,0.0,0.0,0.0,0.0,0.0,0.0,0.0,0.0,0.0,0.901939,48898516.86793198,30.806742,33.585732300000004,36.3647226,39.1437129,41.9227032,44.701693500000005,47.4806838,50.2596741,53.0386644,55.817654700000006,58.596645,61.3756353,64.1546256,66.9336159,69.71260620000001,72.4915965,75.2705868,78.04957710000001,80.8285674,83.6075577,86.386548
SF11C46897612282051210,11,,2019-05-19T11:00:00-0700,0.040008,0.039998,0.029255,0.004118,0.392356644252,0.462980820886,4.215153116691,71.099818848705,0.214431430972,0.095785785728,0.06992492662300001,0.043379507912,1.005170860636,0.267671775742,0.31585268657599996,2.639949675916,60.656337031499994,0.14045413694199999,0.088978790838,0.044357022038,0.036032758272,0.6376323967859999,0.12468486850999999,0.14712813431000002,1.575203440775,10.443481817204999,0.07397729403,0.00680699489,0.025567904585000002,0.0073467496400000006,0.36753846385,0.0,0.0,0.0,0.0,0.0,0.0,0.0,0.0,0.0,0.698666,97797033.73586395,61.376219,71.2049592,81.0336994,90.8624396,100.69117980000001,110.51992000000001,120.34866020000001,130.1774004,140.0061406,149.8348808,159.663621,169.49236120000003,179.32110140000003,189.14984160000003,198.97858180000003,208.80732200000003,218.63606220000003,228.46480240000002,238.29354260000002,248.12228280000002,257.951023
SF11C46897612282051210,12,,2019-05-19T12:00:00-0700,0.070014,0.069999,0.058379,0.007871,0.7172537526290002,0.8463593916859999,7.763430267953,126.99258012723901,0.393426846045,0.169301954381,0.12864888051200002,0.07772018064800001,1.849327687723,0.4684423378710001,0.552761943288,4.620076937958,106.15238101575001,0.24580351847100002,0.155718445419,0.07762756101900001,0.06305957913600001,1.1158965483930001,0.248811414758,0.293597448398,3.143353329995,20.840199111489,0.147623327574,0.013583508962,0.051021319493000004,0.014660601512000002,0.7334311393299999,0.0,0.0,0.0,0.0,0.0,0.0,0.0,0.0,0.0,0.644382,171144809.03776193,106.789559,121.4616073,136.1336556,150.8057039,165.4777522,180.1498005,194.8218488,209.4938971,224.1659454,238.8379937,253.510042,268.1820903,282.8541386,297.52618689999997,312.1982352,326.8702835,341.5423318,356.21438009999997,370.8864284,385.55847669999997,400.230525
SF11C46897612282051210,13,,2019-05-19T13:00:00-0700,0.10002,0.100005,0.092554,0.013728,1.063711693753,1.255179743308,11.58400299358,184.69603531766398,0.585212312769,0.244004502517,0.191792786623,0.113333805232,2.757021299615,0.669246360645,0.78971068356,6.60053421021,151.65600742125,0.351170457645,0.222469222905,0.110903644905,0.09009090432,1.594240408035,0.39446533310799997,0.465469059748,4.98346878337,33.040027896413996,0.234041855124,0.021535279612,0.080889141718,0.023242900912,1.16278089158,0.0,0.0,0.0,0.0,0.0,0.0,0.0,0.0,0.0,0.668988,244492584.33965987,151.679272,167.92667975,184.17408749999998,200.42149525,216.668903,232.91631075,249.16371850000002,265.41112625,281.65853400000003,297.90594175,314.1533495,330.40075724999997,346.648165,362.89557275000004,379.1429805,395.39038825,411.637796,427.88520374999996,444.13261150000005,460.38001925000003,476.627427
SF11C46897612282051210,14,,2019-05-19T14:00:00-0700,0.130026,0.130011,0.130483,0.021803,1.426169190385,1.682879569078,15.606705738576998,243.73959752370297,0.786490541817,0.31958052386499997,0.258217564852,0.14989016432799998,3.7118774270869994,0.870050383419,1.026659423832,8.580991482462,197.15963382674997,0.45653739681899996,0.289220000391,0.144179728791,0.11712222950399999,2.0725842676769997,0.5561188069659999,0.656220145246,7.025714256114999,46.579963696952994,0.329953144998,0.030360523473999996,0.114037836061,0.032767934824,1.6392931594099998,0.0,0.0,0.0,0.0,0.0,0.0,0.0,0.0,0.0,0.703836,317840359.6415579,196.051395,212.4248427,228.7982904,245.17173810000003,261.5451858,277.9186335,294.2920812,310.6655289,327.0389766,343.4124243,359.78587200000004,376.1593197,392.5327674,408.9062151,425.2796628,441.6531105,458.0265582,474.4000059,490.7734536,507.1469013,523.520349
SF11C46897612282051210,15,,2019-05-19T15:00:00-0700,0.160032,0.160017,0.170658,0.032097,1.7981991435090001,2.1218748927,19.750341894204,303.584939260128,0.993448244541,0.395679140001,0.326605272963,0.18701055691199997,4.694950658979,1.070854406193,1.263608164104,10.561448754714,242.66326023225,0.5619043359929999,0.355970777877,0.177455812677,0.14415355468799998,2.5509281273189996,0.727344737316,0.8582667285960001,9.18889313949,60.921679027878,0.431543908548,0.039708362124,0.149149460286,0.042857002224000004,2.14402253166,0.0,0.0,0.0,0.0,0.0,0.0,0.0,0.0,0.0,0.736568,391188134.9434558,239.911896,255.62391200000002,271.335928,287.04794400000003,302.75996,318.471976,334.183992,349.896008,365.608024,381.32003999999995,397.032056,412.74407199999996,428.45608799999997,444.16810399999997,459.88012,475.592136,491.30415199999993,507.01616799999994,522.7281839999999,538.4402,554.152216
SF11C46897612282051210,16,,2019-05-19T16:00:00-0700,0.170034,0.170029,0.189165,0.042959,1.9440776100710002,2.2940114743780002,21.407643488543002,325.37462862226505,1.075404434831,0.42225781671900003,0.353882898004,0.20067763317600001,5.087066466153,1.1378560017410002,1.342670044648,11.222261199218002,257.84630054325004,0.597061764341,0.37824328284900005,0.18855893044900002,0.153173005056,2.710535496603,0.80622160833,0.95134142973,10.185382289325,67.528328079015,0.47834267049,0.04401453387,0.165323967555,0.04750462812,2.3765309695499997,0.0,0.0,0.0,0.0,0.0,0.0,0.0,0.0,0.0,0.783801,415637393.3774218,254.419391,267.268494,280.117597,292.9667,305.815803,318.664906,331.514009,344.363112,357.212215,370.061318,382.91042100000004,395.75952400000006,408.60862700000007,421.45773,434.30683300000004,447.155936,460.005039,472.854142,485.70324500000004,498.55234800000005,511.40145100000007
SF11C46897612282051210,17,,2019-05-19T17:00:00-0700,0.120024,0.120049,0.136933,0.049455,1.386992114187,1.636650619034,15.296486583423,230.93490946215297,0.767818843619,0.29892002104300003,0.25280698328,0.14253553276,3.634100229653,0.803383394321,0.947992378888,7.923479140058,182.05241772825,0.421555544921,0.26705872446900003,0.133132060069,0.108147822336,1.913773978743,0.5836087198659999,0.6886582401460001,7.373007443365,48.882491733902995,0.346263298698,0.031861296574,0.11967492321100001,0.034387710424000004,1.72032625091,0.0,0.0,0.0,0.0,0.0,0.0,0.0,0.0,0.0,0.858978,293391101.2075919,181.317828,188.3283231,195.3388182,202.3493133,209.3598084,216.3703035,223.3807986,230.3912937,237.40178880000002,244.4122839,251.422779,258.4332741,265.4437692,272.45426430000003,279.46475940000005,286.4752545,293.4857496,300.49624470000003,307.5067398,314.51723490000006,321.52773
SF11C46897612282051210,18,,2019-05-19T18:00:00-0700,0.070014,0.070039,0.080552,0.051603,0.812022808135,0.9581868691920001,8.959951255198,134.968581227982,0.44963630534300003,0.174550106915,0.14807171004300002,0.08332447635200001,2.1285307377129996,0.46871002303100007,0.5530778117680001,4.622717019638,106.21304038575,0.245943979631,0.15580742865900002,0.07767192025900001,0.063095613696,1.116534212673,0.343312785104,0.405109057424,4.3372342355599995,28.755540842231998,0.203692325712,0.018742678255999998,0.07039978978400001,0.020228862656,1.0119965250399998,0.0,0.0,0.0,0.0,0.0,0.0,0.0,0.0,0.0,0.917737,171144809.03776193,106.789559,109.87360195,112.95764489999999,116.04168784999999,119.1257308,122.20977375,125.2938167,128.37785965,131.4619026,134.54594555,137.6299885,140.71403145,143.7980744,146.88211735,149.96616029999998,153.05020324999998,156.1342462,159.21828914999998,162.3023321,165.38637505,168.470418
SF11C46897612282051210,19,,2019-05-19T19:00:00-0700,0.040008,0.040023,0.045653,0.051191,0.46241225627300003,0.545646437162,5.0997355219310005,76.99150688517301,0.255984940185,0.09965685409700001,0.08428396201400001,0.047520026456,1.211581902271,0.26783907896700004,0.316050104376,2.6415997269660005,60.694249137750006,0.140541925167,0.08903440536300002,0.044384746563000003,0.036055279872,0.638030936961,0.194573177306,0.229596332786,2.458135794965,16.297257747423,0.115443015018,0.010622448734,0.039899215451,0.011464746584,0.5735509653099999,0.0,0.0,0.0,0.0,0.0,0.0,0.0,0.0,0.0,0.952993,97797033.73586395,61.376219,62.60957055,63.842922099999996,65.07627365,66.3096252,67.54297675,68.7763283,70.00967985,71.2430314,72.47638295,73.7097345,74.94308605,76.1764376,77.40978915,78.6431407,79.87649225,81.1098438,82.34319535,83.5765469,84.80989844999999,86.04325
SF11C46897612282051210,20,,2019-05-19T20:00:00-0700,0.005701,0.005718,0.006363,0.048089,0.065384712348,0.07715395702200001,0.7200084436709999,10.942727623532999,0.0361690791,0.014200684272,0.011902205379,0.006749067815999999,0.171094195836,0.038265593622,0.045153399216,0.377399676156,8.6712569415,0.020078922822,0.012720154158000001,0.006341153358,0.005151140352,0.091154108826,0.027119118725999997,0.032000557806,0.34260876751499997,2.2714706820329997,0.016090156278,0.0014805301139999998,0.005561052021,0.001597927464,0.07994008701,0.0,0.0,0.0,0.0,0.0,0.0,0.0,0.0,0.0,0.995267,13935735.086186774,8.803987,9.24418635,9.6843857,10.12458505,10.564784399999999,11.00498375,11.4451831,11.88538245,12.325581799999998,12.765781149999999,13.205980499999999,13.64617985,14.0863792,14.52657855,14.9667779,15.406977249999999,15.8471766,16.287375949999998,16.727575299999998,17.16777465,17.607974
SF11C46897612282051210,21,,2019-05-19T21:00:00-0700,0.005701,0.005701,0.006081,0.045185,0.064069061591,0.07560148923400001,0.7037024277470001,10.816278723621,0.035396288015,0.014097251199000002,0.011636894008000002,0.006662935032,0.167280346377,0.038151827429,0.045019155112000005,0.37627764144200004,8.64547670925,0.020019226829,0.012682336281000002,0.006322300681000001,0.005135825664,0.090883101507,0.025917234161999998,0.030582334122,0.327424786305,2.1708020143709996,0.015377061186,0.001414914918,0.005314593327,0.001527109368,0.07639724486999999,0.0,0.0,0.0,0.0,0.0,0.0,0.0,0.0,0.0,0.998819,13935735.086186774,8.803987,9.24418635,9.6843857,10.12458505,10.564784399999999,11.00498375,11.4451831,11.88538245,12.325581799999998,12.765781149999999,13.205980499999999,13.64617985,14.0863792,14.52657855,14.9667779,15.406977249999999,15.8471766,16.287375949999998,16.727575299999998,17.16777465,17.607974
SF11C46897612282051210,22,,2019-05-19T22:00:00-0700,0.005701,0.005701,0.005722,0.042456,0.062539002873,0.073796020076,0.6843724658520001,10.688122511951999,0.034488482561,0.014013719797000002,0.011323139855,0.00657278008,0.162770132447,0.038151827429,0.045019155112000005,0.37627764144200004,8.64547670925,0.020019226829,0.012682336281000002,0.006322300681000001,0.005135825664,0.090883101507,0.024387175443999997,0.028776864964,0.30809482440999997,2.042645802702,0.014469255731999999,0.001331383516,0.005000839174,0.001436954416,0.07188703093999999,0.0,0.0,0.0,0.0,0.0,0.0,0.0,0.0,0.0,0.998819,13935735.086186774,8.803987,9.24418635,9.6843857,10.12458505,10.564784399999999,11.00498375,11.4451831,11.88538245,12.325581799999998,12.765781149999999,13.205980499999999,13.64617985,14.0863792,14.52657855,14.9667779,15.406977249999999,15.8471766,16.287375949999998,16.727575299999998,17.16777465,17.607974
SF11C46897612282051210,23,,2019-05-19T23:00:00-0700,0.005701,0.005701,0.005277,0.039885,0.060642411982999994,0.071558042986,0.660411928127,10.529265926456999,0.033363208391,0.013910178087000001,0.01093422454,0.00646102812,0.157179477297,0.038151827429,0.045019155112000005,0.37627764144200004,8.64547670925,0.020019226829,0.012682336281000002,0.006322300681000001,0.005135825664,0.090883101507,0.022490584553999996,0.026538887874,0.28413428668499996,1.8837892172069999,0.013343981562,0.001227841806,0.004611923859,0.001325202456,0.06629637578999999,0.0,0.0,0.0,0.0,0.0,0.0,0.0,0.0,0.0,0.998819,13935735.086186774,8.803987,9.24418635,9.6843857,10.12458505,10.564784399999999,11.00498375,11.4451831,11.88538245,12.325581799999998,12.765781149999999,13.205980499999999,13.64617985,14.0863792,14.52657855,14.9667779,15.406977249999999,15.8471766,16.287375949999998,16.727575299999998,17.16777465,17.607974
SF11C46897712282051210,0,,2019-05-19T00:00:00-0700,0.005701,0.005698,0.004753,0.000329,0.06007732705800001,0.07089124931,0.648080227774,10.749643734088,0.032899398049,0.014399992018999998,0.010744614167,0.006569584602,0.154453804302,0.040025902994,0.047230568154,0.39476098415599997,9.070155955476,0.021002605778,0.013305314329999998,0.006632865162,0.0053881028740000005,0.09534742602,0.020051424064,0.023660681156,0.253319243618,1.6794877786120002,0.011896792271000002,0.001094677689,0.004111749005,0.001181481728,0.059106378282,0.0,0.0,0.0,0.0,0.0,0.0,0.0,0.0,0.0,0.91627,14572213.982108176,8.803987,10.150637049999998,11.4972871,12.843937149999999,14.1905872,15.537237249999999,16.883887299999998,18.23053735,19.5771874,20.923837449999997,22.270487499999998,23.617137549999995,24.963787599999996,26.310437649999997,27.657087699999998,29.003737749999996,30.350387799999996,31.697037849999997,33.043687899999995,34.390337949999996,35.736988
SF11C46897712282051210,1,,2019-05-19T01:00:00-0700,0.005701,0.005701,0.00417,0.000594,0.057638905613,0.068013911913,0.6172160900420001,10.548414258042001,0.031451202851000004,0.014272724794999999,0.010243761819,0.006427501633,0.14725405347,0.040046976653,0.04725543507300001,0.394968826022,9.074931397362,0.021013663661,0.013312319585,0.0066363573690000005,0.005390939713,0.09539762649,0.017591928960000003,0.02075847684,0.22224726402,1.4734828606800001,0.010437539190000001,0.00096040521,0.00360740445,0.00103656192,0.05185642698,0.0,0.0,0.0,0.0,0.0,0.0,0.0,0.0,0.0,0.91627,14572213.982108176,8.803987,10.27394015,11.7438933,13.213846449999998,14.683799599999999,16.15375275,17.623705899999997,19.09365905,20.563612199999998,22.033565349999996,23.5035185,24.973471649999997,26.443424799999995,27.913377949999997,29.383331099999996,30.853284249999998,32.3232374,33.79319054999999,35.2631437,36.733096849999995,38.20305
SF11C46897712282051210,2,,2019-05-19T02:00:00-0700,0.005701,0.005701,0.003479,0.000794,0.054723792204999996,0.06457407798100001,0.580388066196,10.304247194078,0.029721625014,0.014113578512,0.009645988084,0.006255735617,0.13866105801599998,0.040046976653,0.04725543507300001,0.394968826022,9.074931397362,0.021013663661,0.013312319585,0.0066363573690000005,0.005390939713,0.09539762649,0.014676815552,0.017318642908,0.185419240174,1.229315796716,0.008707961353000001,0.000801258927,0.003009630715,0.000864795904,0.043263431526,0.0,0.0,0.0,0.0,0.0,0.0,0.0,0.0,0.0,0.94418,14572213.982108176,8.803987,9.854688249999999,10.905389499999998,11.95609075,13.006791999999999,14.057493249999998,15.1081945,16.15889575,17.209597,18.260298249999998,19.310999499999998,20.361700749999997,21.412402,22.463103249999996,23.5138045,24.56450575,25.615206999999998,26.665908249999998,27.716609499999997,28.767310749999996,29.818011999999996
SF11C46897712282051210,3,,2019-05-19T03:00:00-0700,0.005701,0.005701,0.003028,0.000948,0.052821163917,0.062328976529000005,0.55635125179,10.144884899074,0.028592768857,0.014009707348999999,0.009255834749,0.006143627841,0.133052605122,0.040046976653,0.04725543507300001,0.394968826022,9.074931397362,0.021013663661,0.013312319585,0.0066363573690000005,0.005390939713,0.09539762649,0.012774187264,0.015073541456,0.161382425768,1.0699535017119999,0.007579105196,0.0006973877639999999,0.00261947738,0.000752688128,0.037654978632,0.0,0.0,0.0,0.0,0.0,0.0,0.0,0.0,0.0,0.958135,14572213.982108176,8.803987,9.614657699999999,10.4253284,11.235999099999999,12.0466698,12.8573405,13.668011199999999,14.478681899999998,15.289352599999999,16.1000233,16.910694,17.7213647,18.532035399999998,19.3427061,20.153376799999997,20.9640475,21.7747182,22.585388899999998,23.3960596,24.206730299999997,25.017401
SF11C46897712282051210,4,,2019-05-19T04:00:00-0700,0.005701,0.005701,0.002734,0.001072,0.051580869645,0.06086542924100001,0.540682020226,10.040999057098,0.027856884799,0.013941995326999999,0.009001499759000001,0.006070546497,0.129396540486,0.040046976653,0.04725543507300001,0.394968826022,9.074931397362,0.021013663661,0.013312319585,0.0066363573690000005,0.005390939713,0.09539762649,0.011533892992,0.013609994168,0.145713194204,0.966067659736,0.006843221138,0.000629675742,0.00236514239,0.0006796067839999999,0.033998913995999996,0.0,0.0,0.0,0.0,0.0,0.0,0.0,0.0,0.0,0.966508,14572213.982108176,8.803987,9.455832599999999,10.107678199999999,10.7595238,11.4113694,12.063215,12.7150606,13.366906199999999,14.0187518,14.670597399999998,15.322443,15.9742886,16.6261342,17.277979799999997,17.9298254,18.581671,19.2335166,19.8853622,20.537207799999997,21.1890534,21.840899
SF11C46897712282051210,5,,2019-05-19T05:00:00-0700,0.005701,0.005701,0.002543,0.001174,0.050775100237,0.05991462130900001,0.5305023493800001,9.973508595134,0.027378810462,0.013898005544,0.008836268524000001,0.006023068481,0.127021342032,0.040046976653,0.04725543507300001,0.394968826022,9.074931397362,0.021013663661,0.013312319585,0.0066363573690000005,0.005390939713,0.09539762649,0.010728123584,0.012659186236,0.135533523358,0.8985771977720001,0.006365146801000001,0.000585685959,0.002199911155,0.000632128768,0.031623715542000004,0.0,0.0,0.0,0.0,0.0,0.0,0.0,0.0,0.0,0.97209,14572213.982108176,8.803987,9.341469049999999,9.8789511,10.41643315,10.953915199999999,11.491397249999999,12.0288793,12.56636135,13.103843399999999,13.64132545,14.1788075,14.716289549999999,15.2537716,15.79125365,16.3287357,16.86621775,17.4036998,17.94118185,18.4786639,19.016145950000002,19.553628
SF11C46897712282051210,6,,2019-05-19T06:00:00-0700,0.005701,0.005701,0.002419,0.00126,0.050251982925,0.05929734286100001,0.523893557836,9.929692797838001,0.027068437594,0.013869446732,0.008728997984,0.005992245057,0.125479328376,0.040046976653,0.04725543507300001,0.394968826022,9.074931397362,0.021013663661,0.013312319585,0.0066363573690000005,0.005390939713,0.09539762649,0.010205006272000001,0.012041907788000001,0.12892473181400002,0.854761400476,0.0060547739330000004,0.000557127147,0.002092640615,0.000601305344,0.030081701886,0.0,0.0,0.0,0.0,0.0,0.0,0.0,0.0,0.0,0.976077,14572213.982108176,8.803987,9.2543887,9.7047904,10.1551921,10.6055938,11.0559955,11.5063972,11.9567989,12.4072006,12.8576023,13.308004,13.7584057,14.208807400000001,14.659209100000002,15.109610800000002,15.560012500000001,16.0104142,16.4608159,16.9112176,17.3616193,17.812021
SF11C46897712282051210,7,,2019-05-19T07:00:00-0700,0.005701,0.005701,0.002337,0.001334,0.049906050509,0.05888914259700001,0.5195232279440001,9.900717835110001,0.02686319102,0.013850561066,0.008658061014,0.005971861825,0.124459609668,0.040046976653,0.04725543507300001,0.394968826022,9.074931397362,0.021013663661,0.013312319585,0.0066363573690000005,0.005390939713,0.09539762649,0.009859073856000001,0.011633707524,0.12455440192200001,0.8257864377480001,0.005849527359000001,0.000538241481,0.002021703645,0.000580922112,0.029061983178,0.0,0.0,0.0,0.0,0.0,0.0,0.0,0.0,0.0,0.979067,14572213.982108176,8.803987,9.18538605,9.566785099999999,9.94818415,10.3295832,10.71098225,11.0923813,11.47378035,11.8551794,12.23657845,12.6179775,12.999376550000001,13.3807756,13.76217465,14.143573700000001,14.52497275,14.9063718,15.287770850000001,15.6691699,16.05056895,16.431968
SF11C46897712282051210,8,,2019-05-19T08:00:00-0700,0.005701,0.005701,0.002186,0.001393,0.049269028621,0.05813745674500001,0.5114754253380001,9.847361501306,0.026485236963,0.013815783803,0.008527433179,0.005934326849,0.12258183497399999,0.040046976653,0.04725543507300001,0.394968826022,9.074931397362,0.021013663661,0.013312319585,0.0066363573690000005,0.005390939713,0.09539762649,0.009222051968,0.010882021672,0.116506599316,0.772430103944,0.005471573302,0.000503464218,0.0018910758099999999,0.000543387136,0.027184208484,0.0,0.0,0.0,0.0,0.0,0.0,0.0,0.0,0.0,0.981393,14572213.982108176,8.803987,9.1285882,9.4531894,9.7777906,10.1023918,10.426993,10.7515942,11.0761954,11.4007966,11.7253978,12.049999,12.3746002,12.6992014,13.0238026,13.3484038,13.673005,13.9976062,14.3222074,14.6468086,14.9714098,15.296011
SF11C46897712282051210,9,,2019-05-19T09:00:00-0700,0.005701,0.005701,0.002869,0.001495,0.052150392525,0.061537466261000005,0.5478770755360001,10.088701739638001,0.028194790744,0.013973087581999999,0.009118286234,0.006104104257,0.131075345676,0.040046976653,0.04725543507300001,0.394968826022,9.074931397362,0.021013663661,0.013312319585,0.0066363573690000005,0.005390939713,0.09539762649,0.012103415872000001,0.014282031188,0.152908249514,1.013770342276,0.007181127083000001,0.000660767997,0.002481928865,0.000713164544,0.035677719186000004,0.0,0.0,0.0,0.0,0.0,0.0,0.0,0.0,0.0,0.983254,14572213.982108176,8.803987,9.08489715,9.3658073,9.646717449999999,9.9276276,10.20853775,10.4894479,10.77035805,11.051268199999999,11.33217835,11.6130885,11.89399865,12.1749088,12.455818950000001,12.736729100000002,13.01763925,13.2985494,13.579459550000001,13.8603697,14.14127985,14.42219
SF11C46897712282051210,10,,2019-05-19T10:00:00-0700,0.020004,0.019996,0.012404,0.00225,0.19279156774,0.227494061116,2.0464276587359995,36.212905126567996,0.104751774984,0.04954916211199999,0.034007238064,0.021991814252,0.488853974016,0.140462961788,0.165746304108,1.3853353175119998,31.829911984151998,0.073704476156,0.046692359659999995,0.023276723724,0.018908477548,0.33460286604,0.052328605952,0.061747757008,0.661092341224,4.382993142416,0.031047298828000003,0.002856802452,0.01073051434,0.003083336704,0.154251107976,0.0,0.0,0.0,0.0,0.0,0.0,0.0,0.0,0.0,0.901939,51131830.99422767,30.806742,33.7068828,36.6070236,39.5071644,42.407305199999996,45.307446,48.2075868,51.107727600000004,54.0078684,56.908009199999995,59.80815,62.7082908,65.6084316,68.50857239999999,71.4087132,74.308854,77.2089948,80.1091356,83.0092764,85.90941720000001,88.809558
SF11C46897712282051210,11,,2019-05-19T11:00:00-0700,0.040008,0.039997,0.029256,0.004118,0.404382982469,0.477171942393,4.3302654688699995,74.005484374338,0.220655354909,0.10013443187299999,0.071868194553,0.045094022617,1.0331051375940001,0.280961046341,0.331534053081,2.7710170381339996,63.667783038113996,0.147427382117,0.09339639474499999,0.046559267793,0.037821683161,0.66928939953,0.12342193612800001,0.145637889312,1.559248430736,10.337701336224,0.07322797279200001,0.006738037128,0.02530892676,0.007272339456,0.363815738064,0.0,0.0,0.0,0.0,0.0,0.0,0.0,0.0,0.0,0.698666,102263661.98845534,61.376219,71.56344695,81.75067489999999,91.93790285,102.1251308,112.31235874999999,122.49958669999998,132.68681465,142.8740426,153.06127055,163.24849849999998,173.43572644999998,183.62295439999997,193.81018234999996,203.99741029999998,214.18463824999998,224.37186619999997,234.55909414999996,244.74632209999996,254.93355004999998,265.120778
SF11C46897712282051210,12,,2019-05-19T12:00:00-0700,0.070014,0.069998,0.05838,0.007871,0.737991666334,0.8708302078140001,7.960966675036,132.05255376159602,0.40413544673800006,0.17689695277,0.131986164162,0.08070288565400001,1.8973008107400002,0.49170466089400006,0.5802115320540001,4.849504978756,111.423793712076,0.258009898078,0.16345127983,0.08148250186200001,0.06619101877400001,1.1713108330200002,0.24628700544,0.29061867576,3.11146169628,20.62876004952,0.14612554866000002,0.01344567294,0.0505036623,0.01451186688,0.7259899777200001,0.0,0.0,0.0,0.0,0.0,0.0,0.0,0.0,0.0,0.644382,178961408.47979683,106.789559,122.01294905,137.2363391,152.45972915,167.6831192,182.90650925,198.1298993,213.35328935,228.5766794,243.80006945,259.0234595,274.24684955,289.4702396,304.69362965000005,319.91701969999997,335.14040975,350.36379980000004,365.58718985,380.8105799,396.03396995,411.25736
SF11C46897712282051210,13,,2019-05-19T13:00:00-0700,0.10002,0.100004,0.092554,0.013728,1.092939847364,1.2896690807,11.861162649611998,191.892015898864,0.600274153722,0.254834229742,0.196478633366,0.11757178555600001,2.824379901036,0.702483398212,0.828930455892,6.928339322487999,159.187763455848,0.36861084384399995,0.23351784033999998,0.116411556276,0.094565082452,1.6734159339599999,0.390456449152,0.460738624808,4.932823327124,32.704252443016,0.23166330987800002,0.021316389401999997,0.08006707709,0.023006703104,1.150963967076,0.0,0.0,0.0,0.0,0.0,0.0,0.0,0.0,0.0,0.668988,255659154.97113833,151.679272,168.5779905,185.476709,202.3754275,219.274146,236.1728645,253.071583,269.9703015,286.86902,303.7677385,320.66645700000004,337.5651755,354.463894,371.3626125,388.26133100000004,405.1600495,422.058768,438.95748649999996,455.85620500000005,472.7549235,489.653642
SF11C46897712282051210,14,,2019-05-19T14:00:00-0700,0.130026,0.13001,0.130484,0.021803,1.4637334205219998,1.727205516898,15.961541051923998,253.05867267035597,0.8058141549979999,0.33363656234199995,0.26422036183,0.155374336914,3.7981670823959996,0.9132621355299999,1.07764937973,9.007173666219998,206.95173319961998,0.47921178960999994,0.30358440084999994,0.15134061069,0.12293914613,2.1755210348999996,0.5504712849919999,0.649556137168,6.954367385704,46.106939470735995,0.32660236538799997,0.030052161491999997,0.11287975113999998,0.032435190784,1.6226460474959998,0.0,0.0,0.0,0.0,0.0,0.0,0.0,0.0,0.0,0.703836,332356901.4624798,196.051395,213.13528415000002,230.21917330000002,247.30306245000003,264.38695160000003,281.47084075000004,298.5547299,315.63861905,332.7225082,349.80639735,366.8902865,383.97417565,401.0580648,418.14195395,435.2258431,452.30973225,469.39362140000003,486.47751055000003,503.56139970000004,520.64528885,537.729178
SF11C46897712282051210,15,,2019-05-19T15:00:00-0700,0.160032,0.160016,0.170659,0.032097,1.8439979482400002,2.175917679836,20.181570559205998,315.018607384828,1.016973406989,0.412955947627,0.333904206119,0.193734941392,4.799872172285999,1.124040872848,1.326368303568,11.086008009951998,254.715702943392,0.589812735376,0.37365096136,0.186269665104,0.151313209808,2.6776261358399998,0.719957075392,0.849549376268,9.095562549254,60.302904441436006,0.42716067161300003,0.039304986267,0.147634541015,0.042421731584,2.122246036446,0.0,0.0,0.0,0.0,0.0,0.0,0.0,0.0,0.0,0.736568,409054647.95382136,239.911896,256.37169485000004,272.8314937,289.29129255000004,305.7510914,322.21089025000003,338.6706891,355.13048795000003,371.59028680000006,388.05008565,404.5098845,420.96968335,437.42948220000005,453.88928105,470.34907990000005,486.8088787500001,503.26867760000005,519.72847645,536.1882753,552.6480741500001,569.107873
SF11C46897712282051210,16,,2019-05-19T16:00:00-0700,0.170034,0.170029,0.189166,0.042959,1.9924100562450002,2.3510439748490004,21.861639565234,337.49694833276203,1.1002040850310002,0.440599556423,0.36157015711100005,0.20780376039300003,5.197570145814,1.1943777220370002,1.4093657902170003,11.779714878038,270.65453614489803,0.6267202628690001,0.39703216746500003,0.19792548800100002,0.16078163277700003,2.8451785712100004,0.798032334208,0.941678184632,10.081924687196,66.842412187864,0.473483822162,0.043567388958,0.16364466911,0.047022127616,2.352391574604,0.0,0.0,0.0,0.0,0.0,0.0,0.0,0.0,0.0,0.783801,434620563.4509351,254.419391,267.95580995,281.4922289,295.02864784999997,308.5650668,322.10148575,335.63790470000004,349.17432365,362.7107426,376.24716155,389.78358049999997,403.31999945,416.85641840000005,430.39283735000004,443.9292563,457.46567525,471.0020942,484.53851315,498.0749321,511.61135105000005,525.14777
SF11C46897712282051210,17,,2019-05-19T17:00:00-0700,0.120024,0.120051,0.136932,0.049455,1.420977997419,1.6767541140870001,15.615232497713999,239.48421888219,0.785245058535,0.311866509051,0.258205466739,0.147559795095,3.711702965598,0.843304612203,0.9950994976230001,8.317207951721999,191.098857952062,0.442503304011,0.280329289335,0.139747647519,0.11352178626300001,2.00887220799,0.577673385216,0.6816546164639999,7.298024545992,48.385360930128,0.342741754524,0.031537219716,0.11845781922,0.034038008832,1.702830757608,0.0,0.0,0.0,0.0,0.0,0.0,0.0,0.0,0.0,0.858978,306790985.965366,181.317828,188.7594957,196.20116339999998,203.6428311,211.0844988,218.5261665,225.9678342,233.4095019,240.8511696,248.2928373,255.734505,263.1761727,270.6178404,278.0595081,285.5011758,292.9428435,300.3845112,307.8261789,315.2678466,322.7095143,330.151182
SF11C46897712282051210,18,,2019-05-19T18:00:00-0700,0.070014,0.070041,0.080551,0.051603,0.8318262537610001,0.981555024545,9.145587010507999,139.955195647846,0.459788111258,0.182103630948,0.15121601866400003,0.08625472550900001,2.173729905384,0.49200671667300006,0.5805679578930001,4.852484045502,111.49224171244201,0.25816839440100003,0.163551688485,0.08153255682900001,0.06623168013300001,1.1720303730900001,0.339819537088,0.40098706665199996,4.293102965006,28.462953935404,0.201619716857,0.018551942462999998,0.069683461835,0.020023045375999998,1.0016995322939999,0.0,0.0,0.0,0.0,0.0,0.0,0.0,0.0,0.0,0.917737,178961408.47979683,106.789559,110.09938405,113.4092091,116.71903415,120.0288592,123.33868425,126.6485093,129.95833435,133.2681594,136.57798445,139.8878095,143.19763455,146.5074596,149.81728465,153.1271097,156.43693475,159.7467598,163.05658485,166.3664099,169.67623495,172.98606
SF11C46897712282051210,19,,2019-05-19T19:00:00-0700,0.040008,0.040024,0.045653,0.051191,0.473746472536,0.5590208633079999,5.206042133945999,79.84239583729999,0.26179668163500003,0.103973921429,0.086084423161,0.04919545484,1.2374633766419998,0.281150709272,0.331757855352,2.7728876149279995,63.710762015087994,0.147526903064,0.09345944204,0.046590697656,0.037847214712,0.6697412037599999,0.19259576326400002,0.227263007956,2.433154519018,16.131633822212,0.11426977857100001,0.010514479388999999,0.039493725505,0.011348240128,0.567722172882,0.0,0.0,0.0,0.0,0.0,0.0,0.0,0.0,0.0,0.952993,102263661.98845534,61.376219,62.72497715,64.0737353,65.42249345,66.7712516,68.12000975,69.4687679,70.81752605,72.1662842,73.51504235,74.8638005,76.21255865,77.5613168,78.91007495,80.2588331,81.60759125,82.9563494,84.30510755,85.6538657,87.00262384999999,88.351382
SF11C46897712282051210,20,,2019-05-19T20:00:00-0700,0.005701,0.00572,0.006362,0.048089,0.067019736216,0.079083292384,0.7353588014119999,11.353208946488,0.037007827454,0.014821937506000001,0.01216214545,0.006990346872,0.17483081182799998,0.04018044316,0.047412925560000006,0.39628515783999996,9.10517586264,0.02108369692,0.0133566862,0.00665847468,0.00540890636,0.0957155628,0.026839293056,0.031670366824,0.339073643572,2.248033083848,0.015924130534,0.0014652513059999997,0.00550367077,0.0015814405119999998,0.07911524902799999,0.0,0.0,0.0,0.0,0.0,0.0,0.0,0.0,0.0,0.995267,14572213.982108176,8.803987,9.24418635,9.6843857,10.12458505,10.564784399999999,11.00498375,11.4451831,11.88538245,12.325581799999998,12.765781149999999,13.205980499999999,13.64617985,14.0863792,14.52657855,14.9667779,15.406977249999999,15.8471766,16.287375949999998,16.727575299999998,17.16777465,17.607974
SF11C46897712282051210,21,,2019-05-19T21:00:00-0700,0.005701,0.005701,0.006081,0.045185,0.065700818381,0.077526969285,0.7190660952079999,11.223672230886,0.036234449227999996,0.014712852937999999,0.011896939254,0.006902530369,0.171018473604,0.040046976653,0.04725543507300001,0.394968826022,9.074931397362,0.021013663661,0.013312319585,0.0066363573690000005,0.005390939713,0.09539762649,0.025653841728,0.030271534211999997,0.32409726918599996,2.1487408335239997,0.015220785567,0.001400533353,0.005260581885,0.001511590656,0.075620847114,0.0,0.0,0.0,0.0,0.0,0.0,0.0,0.0,0.0,0.998819,14572213.982108176,8.803987,9.24418635,9.6843857,10.12458505,10.564784399999999,11.00498375,11.4451831,11.88538245,12.325581799999998,12.765781149999999,13.205980499999999,13.64617985,14.0863792,14.52657855,14.9667779,15.406977249999999,15.8471766,16.287375949999998,16.727575299999998,17.16777465,17.607974
SF11C46897712282051210,22,,2019-05-19T22:00:00-0700,0.005701,0.005701,0.005722,0.042456,0.064186309389,0.075739848617,0.699932577754,11.09681843065,0.035335869715,0.014630170570999999,0.011586373739,0.006813291585,0.16655409535799998,0.040046976653,0.04725543507300001,0.394968826022,9.074931397362,0.021013663661,0.013312319585,0.0066363573690000005,0.005390939713,0.09539762649,0.024139332736,0.028484413543999998,0.30496375173199997,2.021887033288,0.014322206054000001,0.001317850986,0.00495001637,0.0014223518719999999,0.07115646886799999,0.0,0.0,0.0,0.0,0.0,0.0,0.0,0.0,0.0,0.998819,14572213.982108176,8.803987,9.24418635,9.6843857,10.12458505,10.564784399999999,11.00498375,11.4451831,11.88538245,12.325581799999998,12.765781149999999,13.205980499999999,13.64617985,14.0863792,14.52657855,14.9667779,15.406977249999999,15.8471766,16.287375949999998,16.727575299999998,17.16777465,17.607974
SF11C46897712282051210,23,,2019-05-19T23:00:00-0700,0.005701,0.005701,0.005277,0.039885,0.062308993229,0.07352461547700001,0.676215543584,10.939576254870001,0.0342220316,0.014527681285999999,0.011201410914,0.006702675265,0.161020256028,0.040046976653,0.04725543507300001,0.394968826022,9.074931397362,0.021013663661,0.013312319585,0.0066363573690000005,0.005390939713,0.09539762649,0.022262016576,0.026269180403999996,0.281246717562,1.864644857508,0.013208367939,0.0012153617009999999,0.0045650535449999995,0.0013117355519999998,0.065622629538,0.0,0.0,0.0,0.0,0.0,0.0,0.0,0.0,0.0,0.998819,14572213.982108176,8.803987,9.24418635,9.6843857,10.12458505,10.564784399999999,11.00498375,11.4451831,11.88538245,12.325581799999998,12.765781149999999,13.205980499999999,13.64617985,14.0863792,14.52657855,14.9667779,15.406977249999999,15.8471766,16.287375949999998,16.727575299999998,17.16777465,17.607974
SF11C46897812282051210,0,,2019-05-19T00:00:00-0700,0.005701,0.005697,0.004752,0.000329,0.037606267008,0.044375390621999994,0.404134996572,6.808291907418,0.020555722863,0.009168307569,0.006703872849,0.004154397606,0.09636819107399999,0.025610612831999998,0.030220522685999996,0.252588185244,5.803547812074,0.013438533663,0.008513420193,0.004244042817,0.003447585126,0.061008136146,0.011995654176,0.014154867936000001,0.151546811328,1.004744095344,0.0071171892,0.000654887376,0.002459830032,0.0007068124800000001,0.035360054928,0.0,0.0,0.0,0.0,0.0,0.0,0.0,0.0,0.0,0.951806,8872414.165545277,5.069826,5.7956339,6.5214418,7.2472497,7.973057600000001,8.6988655,9.4246734,10.1504813,10.8762892,11.602097100000002,12.327905000000001,13.0537129,13.7795208,14.5053287,15.2311366,15.956944500000002,16.682752400000002,17.4085603,18.1343682,18.8601761,19.585984
SF11C46897812282051210,1,,2019-05-19T01:00:00-0700,0.005701,0.005701,0.00417,0.000594,0.036155084116000005,0.042662995298,0.38575168733200005,6.689310937832,0.019693482429,0.009094077879,0.006405585631000001,0.004070251558,0.092080312548,0.025628594656000002,0.030241741238,0.25276553345200004,5.807622621842,0.013447969179000001,0.008519397669000001,0.004247022661,0.003450005758,0.061050971418000005,0.010526489460000002,0.012421254060000001,0.13298615388,0.8816883159900001,0.00624551325,0.00057468021,0.00215856297,0.0006202458,0.03102934113,0.0,0.0,0.0,0.0,0.0,0.0,0.0,0.0,0.0,0.951806,8872414.165545277,5.069826,5.8635961,6.6573662,7.4511363,8.2449064,9.038676500000001,9.8324466,10.6262167,11.4199868,12.2137569,13.007527,13.8012971,14.595067199999999,15.388837299999999,16.182607400000002,16.9763775,17.7701476,18.5639177,19.3576878,20.1514579,20.945228
SF11C46897812282051210,2,,2019-05-19T02:00:00-0700,0.005701,0.005701,0.003479,0.000794,0.034410766558,0.04060470116,0.36371489300800003,6.543208629355,0.018658554454,0.008998849096000001,0.0060478957,0.003967472218,0.086938520049,0.025628594656000002,0.030241741238,0.25276553345200004,5.807622621842,0.013447969179000001,0.008519397669000001,0.004247022661,0.003450005758,0.061050971418000005,0.008782171902,0.010362959922,0.110949359556,0.735586007513,0.0052105852749999996,0.00047945142699999996,0.001800873039,0.0005174664600000001,0.025887548631,0.0,0.0,0.0,0.0,0.0,0.0,0.0,0.0,0.0,0.967871,8872414.165545277,5.069826,5.63398725,6.1981485,6.76230975,7.326471,7.89063225,8.454793500000001,9.01895475,9.583116,10.14727725,10.7114385,11.275599750000001,11.839761,12.40392225,12.9680835,13.53224475,14.096406000000002,14.66056725,15.224728500000001,15.788889750000003,16.353051
SF11C46897812282051210,3,,2019-05-19T03:00:00-0700,0.005701,0.005701,0.003028,0.000948,0.033272290120000006,0.039261299342,0.349331978044,6.447850972158,0.017983080479,0.008936695433,0.005814439609,0.003900390478,0.08358258891,0.025628594656000002,0.030241741238,0.25276553345200004,5.807622621842,0.013447969179000001,0.008519397669000001,0.004247022661,0.003450005758,0.061050971418000005,0.007643695464000001,0.009019558104,0.09656644459199999,0.640228350316,0.004535111299999999,0.00041729776399999994,0.001567416948,0.00045038472,0.022531617492,0.0,0.0,0.0,0.0,0.0,0.0,0.0,0.0,0.0,0.975903,8872414.165545277,5.069826,5.50248385,5.9351417,6.36779955,6.8004574,7.23311525,7.6657731,8.098430950000001,8.5310888,8.963746650000001,9.3964045,9.829062350000001,10.2617202,10.694378050000001,11.1270359,11.559693750000001,11.9923516,12.425009450000001,12.8576673,13.290325150000001,13.722983
SF11C46897812282051210,4,,2019-05-19T04:00:00-0700,0.005701,0.005701,0.002734,0.001072,0.032530134748000004,0.03838555625,0.339955975828,6.38568877434,0.017542749329,0.008896178411,0.005662253155,0.003856660918,0.081394908744,0.025628594656000002,0.030241741238,0.25276553345200004,5.807622621842,0.013447969179000001,0.008519397669000001,0.004247022661,0.003450005758,0.061050971418000005,0.006901540092,0.008143815012,0.087190442376,0.578066152498,0.0040947801499999995,0.00037678074199999997,0.001415230494,0.00040665516,0.020343937325999997,0.0,0.0,0.0,0.0,0.0,0.0,0.0,0.0,0.0,0.980722,8872414.165545277,5.069826,5.4154394,5.7610528,6.1066662,6.4522796,6.797893,7.1435064,7.4891198,7.8347332000000005,8.1803466,8.52596,8.871573399999999,9.2171868,9.5628002,9.9084136,10.254027,10.5996404,10.9452538,11.290867200000001,11.6364806,11.982094
SF11C46897812282051210,5,,2019-05-19T05:00:00-0700,0.005701,0.005701,0.002543,0.001174,0.03204798619,0.037816621112,0.3338647635040001,6.345304489363,0.017256683854,0.008869856128000002,0.0055633837240000004,0.003828251578,0.07997366074500001,0.025628594656000002,0.030241741238,0.25276553345200004,5.807622621842,0.013447969179000001,0.008519397669000001,0.004247022661,0.003450005758,0.061050971418000005,0.0064193915340000005,0.0075748798740000005,0.08109923005200001,0.537681867521,0.0038087146750000003,0.000350458459,0.001316361063,0.00037824582000000007,0.018922689327,0.0,0.0,0.0,0.0,0.0,0.0,0.0,0.0,0.0,0.983935,8872414.165545277,5.069826,5.3527432,5.6356604,5.9185776,6.2014948,6.484412,6.767329200000001,7.050246400000001,7.333163600000001,7.616080800000001,7.898998000000001,8.1819152,8.4648324,8.7477496,9.0306668,9.313584,9.5965012,9.8794184,10.1623356,10.4452528,10.72817
SF11C46897812282051210,6,,2019-05-19T06:00:00-0700,0.005701,0.005701,0.002419,0.00126,0.031734968278,0.03744726008,0.32991025916800004,6.319086419535,0.017070965954,0.008852767316000001,0.00549919624,0.003809807818,0.079050965709,0.025628594656000002,0.030241741238,0.25276553345200004,5.807622621842,0.013447969179000001,0.008519397669000001,0.004247022661,0.003450005758,0.061050971418000005,0.006106373622000001,0.007205518842000001,0.077144725716,0.511463797693,0.0036229967750000002,0.000333369647,0.0012521735790000002,0.00035980206,0.017999994291,0.0,0.0,0.0,0.0,0.0,0.0,0.0,0.0,0.0,0.98623,8872414.165545277,5.069826,5.30499255,5.5401591,5.77532565,6.0104922,6.24565875,6.480825299999999,6.71599185,6.9511584,7.1863249499999995,7.4214915,7.65665805,7.8918246,8.126991149999998,8.3621577,8.59732425,8.832490799999999,9.06765735,9.3028239,9.537990449999999,9.773157
SF11C46897812282051210,7,,2019-05-19T07:00:00-0700,0.005701,0.005701,0.002337,0.001334,0.031527972562,0.037203005204,0.32729518372000005,6.301748663681001,0.016948152504000003,0.008841466650000001,0.005456749678,0.003797611138,0.078440796411,0.025628594656000002,0.030241741238,0.25276553345200004,5.807622621842,0.013447969179000001,0.008519397669000001,0.004247022661,0.003450005758,0.061050971418000005,0.005899377906000001,0.006961263966000001,0.074529650268,0.49412604183900005,0.003500183325,0.000322068981,0.001209727017,0.00034760538,0.017389824993,0.0,0.0,0.0,0.0,0.0,0.0,0.0,0.0,0.0,0.987952,8872414.165545277,5.069826,5.26714795,5.4644699,5.66179185,5.8591138,6.05643575,6.2537576999999995,6.4510796500000005,6.6484016,6.845723550000001,7.0430455,7.240367450000001,7.4376894,7.63501135,7.8323333,8.029655250000001,8.2269772,8.42429915,8.6216211,8.818943050000001,9.016265
SF11C46897812282051210,8,,2019-05-19T08:00:00-0700,0.005701,0.005701,0.002186,0.001393,0.031146797524000003,0.036753218786,0.32247961795600005,6.269821820584,0.016721996029,0.008820656887,0.005378585887,0.003775151398,0.077317191972,0.025628594656000002,0.030241741238,0.25276553345200004,5.807622621842,0.013447969179000001,0.008519397669000001,0.004247022661,0.003450005758,0.061050971418000005,0.005518202868000001,0.006511477548,0.069714084504,0.462199198742,0.00327402685,0.000301259218,0.001131563226,0.00032514564000000004,0.016266220554,0.0,0.0,0.0,0.0,0.0,0.0,0.0,0.0,0.0,0.98929,8872414.165545277,5.069826,5.2360102,5.4021944,5.5683786,5.7345628,5.900747,6.0669312,6.233115399999999,6.399299599999999,6.565483799999999,6.731667999999999,6.897852199999999,7.064036399999999,7.230220599999999,7.396404799999999,7.562588999999999,7.728773199999999,7.894957399999999,8.0611416,8.2273258,8.39351
SF11C46897812282051210,9,,2019-05-19T09:00:00-0700,0.005701,0.005701,0.002869,0.001495,0.032870920378000004,0.038787683180000004,0.344261282968,6.414232640685,0.017744942204,0.008914783166000001,0.00573213469,0.003876740818,0.08239945575900001,0.025628594656000002,0.030241741238,0.25276553345200004,5.807622621842,0.013447969179000001,0.008519397669000001,0.004247022661,0.003450005758,0.061050971418000005,0.0072423257220000006,0.008545941942,0.091495749516,0.606610018843,0.004296973025,0.00039538549699999996,0.0014851120290000001,0.00042673506000000006,0.021348484341,0.0,0.0,0.0,0.0,0.0,0.0,0.0,0.0,0.0,0.990361,8872414.165545277,5.069826,5.21191785,5.3540097,5.49610155,5.6381934,5.78028525,5.9223771,6.06446895,6.2065608,6.34865265,6.4907445,6.63283635,6.7749282,6.91702005,7.0591118999999996,7.2012037499999995,7.343295599999999,7.485387449999999,7.627479299999999,7.76957115,7.911663
SF11C46897812282051210,10,,2019-05-19T10:00:00-0700,0.020004,0.019995,0.012403,0.00225,0.121196006934,0.143011276164,1.282065461832,22.991396618731,0.06574206878,0.031589202794,0.021315796518,0.013944956429999999,0.30641464277700003,0.08988664271999999,0.10606623680999999,0.88651935474,20.368955327789998,0.047165785604999996,0.029879908155,0.014895495194999999,0.012100134209999999,0.21412281591000001,0.031309364214000004,0.036945039354,0.395546107092,2.622441290941,0.018576283175,0.001709294639,0.006420301323000001,0.0018448222200000003,0.092291826867,0.0,0.0,0.0,0.0,0.0,0.0,0.0,0.0,0.0,0.943558,31132042.267596513,17.761034,19.308131,20.855227999999997,22.402324999999998,23.949422,25.496519,27.043616,28.590712999999997,30.137809999999998,31.684907,33.232003999999996,34.779101,36.326198,37.873295,39.42039199999999,40.967489,42.514585999999994,44.061683,45.608779999999996,47.155877,48.702974
SF11C46897812282051210,11,,2019-05-19T11:00:00-0700,0.040008,0.039995,0.029254,0.004118,0.25364274657200003,0.299298413182,2.7062045063960003,46.928354286728,0.138157812755,0.063798869657,0.044937785009,0.02855453417,0.645980793516,0.17979576272,0.21215899681,1.77326039474,40.743004167790005,0.094343365605,0.05976728815500001,0.029794715195,0.02420329421,0.42829917591000005,0.073846983852,0.087139416372,0.932944111656,6.185350118938,0.04381444715,0.004031581502,0.015143069814,0.00435123996,0.217681617606,0.0,0.0,0.0,0.0,0.0,0.0,0.0,0.0,0.0,0.826556,62264084.535193026,35.443205,40.93858715,46.4339693,51.92935145,57.424733599999996,62.92011575,68.41549789999999,73.91088005,79.4062622,84.90164435,90.39702650000001,95.89240865,101.3877908,106.88317294999999,112.3785551,117.87393725000001,123.3693194,128.86470155,134.3600837,139.85546585,145.350848
SF11C46897812282051210,12,,2019-05-19T12:00:00-0700,0.070014,0.069994,0.058378,0.007871,0.462020751028,0.5451844315759999,4.96506998968,83.646272277114,0.25254156677600004,0.1126421111,0.082361646532,0.051040572772,1.183948900734,0.314654947264,0.371292832172,3.103327617688,71.303058725348,0.165107376726,0.104596863786,0.052142800233999996,0.042357429052,0.749553007092,0.14736580376400002,0.173891599404,1.8617423719919999,12.343213551766,0.08743419005,0.008045247314,0.030218846298,0.008683143720000001,0.434395893642,0.0,0.0,0.0,0.0,0.0,0.0,0.0,0.0,0.0,0.651839,108962147.93658781,61.819357,74.22920685,86.6390567,99.04890655,111.4587564,123.86860625,136.27845609999997,148.68830594999997,161.09815579999997,173.50800564999997,185.91785549999997,198.32770534999997,210.73755519999997,223.14740504999997,235.55725489999998,247.96710474999998,260.3769546,272.78680445,285.1966543,297.60650415,310.016354
SF11C46897812282051210,13,,2019-05-19T13:00:00-0700,0.10002,0.1,0.092552,0.013728,0.683178130576,0.8061501083360001,7.385296210528001,121.439073221944,0.37450534420000003,0.162191768776,0.122404809832,0.07428198448000001,1.7595694691280002,0.4495456,0.5304638,4.4337052,101.8702442,0.2358879,0.1494369,0.0744961,0.0605158,1.0708818000000002,0.233632530576,0.275686308336,2.951591010528,19.568829021943998,0.1386174442,0.012754868775999998,0.047908709832,0.01376618448,0.688687669128,0.0,0.0,0.0,0.0,0.0,0.0,0.0,0.0,0.0,0.668988,155660211.33798257,88.020029,102.30668555,116.59334209999999,130.87999865,145.16665519999998,159.45331174999998,173.7399683,188.02662484999996,202.3132814,216.59993794999997,230.88659449999997,245.17325104999998,259.45990759999995,273.74656415,288.03322069999996,302.31987725,316.60653379999997,330.89319034999994,345.1798468999999,359.46650345,373.75316
SF11C46897812282051210,14,,2019-05-19T14:00:00-0700,0.130026,0.130006,0.130481,0.021803,0.9138143993140002,1.078300871186,9.925273752196,160.025816523259,0.502093078999,0.21225891426700003,0.164391715087,0.098081914888,2.363131326717,0.5844362527360001,0.689634767828,5.764082782312,132.437429674652,0.306668423274,0.19427693621400002,0.096849399766,0.078674170948,1.3922105929080002,0.3293781465780001,0.38866610335800006,4.161190969884,27.588386848607,0.195424655725,0.017981978053,0.06754231532100001,0.019407743940000003,0.9709207338090001,0.0,0.0,0.0,0.0,0.0,0.0,0.0,0.0,0.0,0.703836,202358274.73937735,114.046389,128.86254490000002,143.6787008,158.4948567,173.31101260000003,188.1271685,202.94332440000002,217.7594803,232.57563620000002,247.39179210000003,262.207948,277.0241039,291.8402598,306.6564157,321.47257160000004,336.28872750000005,351.10488340000006,365.9210393000001,380.7371952000001,395.5533511,410.369507
SF11C46897812282051210,15,,2019-05-19T15:00:00-0700,0.160032,0.160012,0.170656,0.032097,1.1501203312000001,1.357141834664,12.536878848208,199.087445186136,0.633044704148,0.262635587756,0.207541242028,0.12221591533599999,2.9834058702,0.719326905472,0.8488057356559999,7.094460364623999,163.004615149304,0.377448946548,0.23911697242799998,0.119202699532,0.09683254189599999,1.713539385816,0.43079342572800006,0.508336099008,5.442418483584,36.082830036832,0.2555957576,0.023518615328,0.08833854249600001,0.025383373440000002,1.269866484384,0.0,0.0,0.0,0.0,0.0,0.0,0.0,0.0,0.0,0.736568,249056338.1407721,139.899595,154.6170156,169.3344362,184.0518568,198.7692774,213.486698,228.2041186,242.92153919999998,257.63895979999995,272.3563804,287.073801,301.7912216,316.50864219999994,331.22606279999997,345.9434834,360.66090399999996,375.3783245999999,390.09574519999995,404.8131658,419.53058639999995,434.2480069999999
SF11C46897812282051210,16,,2019-05-19T16:00:00-0700,0.170034,0.170027,0.189164,0.042959,1.241862770744,1.4653978969780002,13.5711560873,213.20300850064203,0.684388771633,0.280152336295,0.224582526071,0.13102945262600002,3.228374357682,0.7643488973120001,0.901931685226,7.538495940404,173.20692010593402,0.401073119733,0.254083077963,0.126663483947,0.102893199266,1.8207881980860003,0.477513873432,0.5634662117520001,6.032660146896,39.996088394708,0.2833156519,0.026069258332,0.097919042124,0.028136253360000002,1.407586159596,0.0,0.0,0.0,0.0,0.0,0.0,0.0,0.0,0.0,0.783801,264622359.27457035,148.479051,161.08814745,173.6972439,186.30634035,198.9154368,211.52453325,224.1336297,236.74272615,249.3518226,261.96091905,274.57001549999995,287.17911195,299.78820840000003,312.39730484999995,325.0064013,337.61549775,350.22459419999996,362.83369065,375.4427871,388.05188354999996,400.66098
SF11C46897812282051210,17,,2019-05-19T17:00:00-0700,0.120024,0.120057,0.136936,0.049455,0.8853837093600001,1.044752652414,9.690021885468,151.255565611186,0.488292406703,0.198281020001,0.16032147075300002,0.093021314646,2.30462152593,0.539710960992,0.636858924366,5.322973451964,122.302359079194,0.283199936103,0.179409459033,0.089437782777,0.072653454006,1.285668562626,0.34567274836800005,0.40789372804800006,4.367048433504,28.953206531992002,0.2050924706,0.018871560968,0.070883687976,0.020367860640000002,1.018952963304,0.0,0.0,0.0,0.0,0.0,0.0,0.0,0.0,0.0,0.868512,186792253.60557908,105.390232,112.19668425,119.0031365,125.80958874999999,132.616041,139.42249325,146.2289455,153.03539775,159.84185,166.64830225,173.45475449999998,180.26120674999999,187.067659,193.87411125,200.6805635,207.48701574999998,214.293468,221.09992025,227.90637249999997,234.71282474999998,241.519277
SF11C46897812282051210,18,,2019-05-19T18:00:00-0700,0.070014,0.070047,0.080555,0.051603,0.518241254022,0.6115246064759999,5.674670197464,88.389280720859,0.285881634688,0.115777591558,0.093880853922,0.054371253125999996,1.349537498841,0.314893206432,0.37157397798599995,3.105677481444,71.357049954774,0.165232397313,0.104676065343,0.052182283167,0.042389502425999995,0.750120574446,0.20334804759000003,0.23995062849,2.56899271602,17.032230766085,0.120649237375,0.011101526215,0.041698570755000004,0.011981750700000002,0.599416924395,0.0,0.0,0.0,0.0,0.0,0.0,0.0,0.0,0.0,0.929029,108962147.93658781,61.819357,64.76768475,67.71601249999999,70.66434025,73.612668,76.56099574999999,79.5093235,82.45765125,85.405979,88.35430674999999,91.3026345,94.25096224999999,97.19928999999999,100.14761775,103.0959455,106.04427325,108.992601,111.94092874999998,114.88925649999999,117.83758424999999,120.785912
SF11C46897812282051210,19,,2019-05-19T19:00:00-0700,0.040008,0.040028,0.045656,0.051191,0.295195288496,0.348330398872,3.23074650104,50.429945510208,0.16280134121200002,0.06610859266,0.053452716404,0.031014137864,0.7683829262880001,0.17994411276800001,0.212334049864,1.774723517456,40.776621348376004,0.094421208612,0.05981660233200001,0.029819298908,0.024223264424,0.42865256690400005,0.11525117572800002,0.135996349008,1.456022983584,9.653324161832,0.0683801326,0.0062919903279999995,0.023633417496000002,0.006790873440000001,0.33973035938400004,0.0,0.0,0.0,0.0,0.0,0.0,0.0,0.0,0.0,0.961921,62264084.535193026,35.443205,36.64125965,37.8393143,39.03736895,40.2354236,41.43347825,42.631532899999996,43.82958755,45.0276422,46.22569685,47.423751499999995,48.62180615,49.8198608,51.01791545,52.2159701,53.414024749999996,54.6120794,55.81013405,57.0081887,58.206243349999994,59.404298
SF11C46897812282051210,20,,2019-05-19T20:00:00-0700,0.005701,0.005724,0.006366,0.048089,0.041801925852,0.0493262667,0.456804435672,7.17705465321,0.023036740745999998,0.009431085714,0.00755945937,0.004410803232,0.108667246806,0.025731990144,0.030363747912,0.253785285648,5.831052778008,0.013502223395999999,0.008553768156000001,0.004264156764,0.003463924392,0.061297274232,0.016069935708000003,0.018962518788000003,0.203019150024,1.346001875202,0.00953451735,0.000877317558,0.003295302606,0.0009468788400000001,0.047369972574,0.0,0.0,0.0,0.0,0.0,0.0,0.0,0.0,0.0,0.997759,8872414.165545277,5.069826,5.3233173,5.5768086,5.8302999,6.0837912,6.3372825,6.5907738,6.844265099999999,7.0977564,7.3512477,7.6047389999999995,7.8582303,8.1117216,8.3652129,8.6187042,8.8721955,9.1256868,9.3791781,9.6326694,9.8861607,10.139651999999998
SF11C46897812282051210,21,,2019-05-19T21:00:00-0700,0.005701,0.005701,0.006081,0.045185,0.040979094034000005,0.048355325396,0.44669570173600004,7.093365223649,0.022555634903999998,0.009357438522000001,0.007394797582,0.004354493698,0.106300233627,0.025628594656000002,0.030241741238,0.25276553345200004,5.807622621842,0.013447969179000001,0.008519397669000001,0.004247022661,0.003450005758,0.061050971418000005,0.015350499378,0.018113584158,0.19393016828399998,1.285742601807,0.009107665724999998,0.0008380408529999999,0.003147774921,0.00090448794,0.045249262208999996,0.0,0.0,0.0,0.0,0.0,0.0,0.0,0.0,0.0,0.999444,8872414.165545277,5.069826,5.3233173,5.5768086,5.8302999,6.0837912,6.3372825,6.5907738,6.844265099999999,7.0977564,7.3512477,7.6047389999999995,7.8582303,8.1117216,8.3652129,8.6187042,8.8721955,9.1256868,9.3791781,9.6326694,9.8861607,10.139651999999998
SF11C46897812282051210,22,,2019-05-19T22:00:00-0700,0.005701,0.005701,0.005722,0.042456,0.040072856692,0.047285965634000005,0.43524677386,7.017459682776,0.022017951629,0.009307963655000001,0.0072089644629999994,0.004301096038,0.10362888267600001,0.025628594656000002,0.030241741238,0.25276553345200004,5.807622621842,0.013447969179000001,0.008519397669000001,0.004247022661,0.003450005758,0.061050971418000005,0.014444262036000001,0.017044224396,0.18248124040799998,1.209837060934,0.00856998245,0.0007885659859999999,0.002961941802,0.0008510902800000001,0.042577911258,0.0,0.0,0.0,0.0,0.0,0.0,0.0,0.0,0.0,0.999447,8872414.165545277,5.069826,5.3233173,5.5768086,5.8302999,6.0837912,6.3372825,6.5907738,6.844265099999999,7.0977564,7.3512477,7.6047389999999995,7.8582303,8.1117216,8.3652129,8.6187042,8.8721955,9.1256868,9.3791781,9.6326694,9.8861607,10.139651999999998
SF11C46897812282051210,23,,2019-05-19T23:00:00-0700,0.005701,0.005701,0.005277,0.039885,0.038949526282000005,0.045960436124,0.42105520588,6.923370641861,0.021351464004000002,0.009246636870000002,0.006978614217999999,0.004234906738,0.10031759807099999,0.025628594656000002,0.030241741238,0.25276553345200004,5.807622621842,0.013447969179000001,0.008519397669000001,0.004247022661,0.003450005758,0.061050971418000005,0.013320931626,0.015718694886,0.168289672428,1.115748020019,0.007903494825,0.0007272392009999999,0.0027315915569999997,0.00078490098,0.03926662665299999,0.0,0.0,0.0,0.0,0.0,0.0,0.0,0.0,0.0,0.99945,8872414.165545277,5.069826,5.3233173,5.5768086,5.8302999,6.0837912,6.3372825,6.5907738,6.844265099999999,7.0977564,7.3512477,7.6047389999999995,7.8582303,8.1117216,8.3652129,8.6187042,8.8721955,9.1256868,9.3791781,9.6326694,9.8861607,10.139651999999998
